3379	-nan	0	0
3378	-nan	0	0
3377	-nan	0	0
3376	-nan	0	0
3375	-nan	0	0
3374	-nan	0	0
3373	-nan	0	0
3372	-nan	0	0
3371	-nan	0	0
3370	-nan	0	0
3369	-nan	0	0
3368	-nan	0	0
3367	-nan	0	0
3366	-nan	0	0
3365	-nan	0	0
3364	-nan	0	0
3363	-nan	0	0
3362	-nan	0	0
3361	-nan	0	0
3360	-nan	0	0
3359	-nan	0	0
3358	-nan	0	0
3357	-nan	0	0
3356	-nan	0	0
3355	-nan	0	0
3354	-nan	0	0
3353	-nan	0	0
3352	-nan	0	0
3351	-nan	0	0
3350	-nan	0	0
3349	-nan	0	0
3348	-nan	0	0
3347	-nan	0	0
3346	-nan	0	0
3345	-nan	0	0
3344	-nan	0	0
3343	-nan	0	0
3342	-nan	0	0
3341	-nan	0	0
3340	-nan	0	0
3339	-nan	0	0
3338	-nan	0	0
3337	-nan	0	0
3336	-nan	0	0
3335	-nan	0	0
3334	-nan	0	0
3333	-nan	0	0
3332	-nan	0	0
3331	-nan	0	0
3330	-nan	0	0
3329	-nan	0	0
3328	-nan	0	0
3327	-nan	0	0
3326	-nan	0	0
3325	-nan	0	0
3324	-nan	0	0
3323	-nan	0	0
3322	-nan	0	0
3321	-nan	0	0
3320	-nan	0	0
3319	-nan	0	0
3318	-nan	0	0
3317	-nan	0	0
3316	-nan	0	0
3315	-nan	0	0
3314	-nan	0	0
3313	-nan	0	0
3312	-nan	0	0
3311	-nan	0	0
3310	-nan	0	0
3309	-nan	0	0
3308	-nan	0	0
3307	-nan	0	0
3306	-nan	0	0
3305	-nan	0	0
3304	-nan	0	0
3303	-nan	0	0
3302	-nan	0	0
3301	-nan	0	0
3300	-nan	0	0
3299	-nan	0	0
3298	-nan	0	0
3297	-nan	0	0
3296	-nan	0	0
3295	-nan	0	0
3294	-nan	0	0
3293	-nan	0	0
3292	-nan	0	0
3291	-nan	0	0
3290	-nan	0	0
3289	-nan	0	0
3288	-nan	0	0
3287	-nan	0	0
3286	-nan	0	0
3285	-nan	0	0
3284	-nan	0	0
3283	-nan	0	0
3282	-nan	0	0
3281	-nan	0	0
3280	-nan	0	0
3279	-nan	0	0
3278	-nan	0	0
3277	-nan	0	0
3276	-nan	0	0
3275	-nan	0	0
3274	-nan	0	0
3273	-nan	0	0
3272	-nan	0	0
3271	-nan	0	0
3270	-nan	0	0
3269	-nan	0	0
3268	-nan	0	0
3267	-nan	0	0
3266	-nan	0	0
3265	-nan	0	0
3264	-nan	0	0
3263	-nan	0	0
3262	-nan	0	0
3261	-nan	0	0
3260	-nan	0	0
3259	-nan	0	0
3258	-nan	0	0
3257	-nan	0	0
3256	-nan	0	0
3255	-nan	0	0
3254	-nan	0	0
3253	-nan	0	0
3252	-nan	0	0
3251	-nan	0	0
3250	-nan	0	0
3249	-nan	0	0
3248	-nan	0	0
3247	-nan	0	0
3246	-nan	0	0
3245	-nan	0	0
3244	-nan	0	0
3243	-nan	0	0
3242	-nan	0	0
3241	-nan	0	0
3240	-nan	0	0
3239	-nan	0	0
3238	-nan	0	0
3237	-nan	0	0
3236	-nan	0	0
3235	-nan	0	0
3234	-nan	0	0
3233	-nan	0	0
3232	-nan	0	0
3231	-nan	0	0
3230	-nan	0	0
3229	-nan	0	0
3228	-nan	0	0
3227	-nan	0	0
3226	-nan	0	0
3225	-nan	0	0
3224	-nan	0	0
3223	-nan	0	0
3222	-nan	0	0
3221	-nan	0	0
3220	-nan	0	0
3219	-nan	0	0
3218	-nan	0	0
3217	-nan	0	0
3216	-nan	0	0
3215	-nan	0	0
3214	-nan	0	0
3213	-nan	0	0
3212	-nan	0	0
3211	-nan	0	0
3210	-nan	0	0
3209	-nan	0	0
3208	-nan	0	0
3207	-nan	0	0
3206	-nan	0	0
3205	-nan	0	0
3204	-nan	0	0
3203	-nan	0	0
3202	-nan	0	0
3201	-nan	0	0
3200	-nan	0	0
3199	-nan	0	0
3198	-nan	0	0
3197	-nan	0	0
3196	-nan	0	0
3195	-nan	0	0
3194	-nan	0	0
3193	-nan	0	0
3192	-nan	0	0
3191	-nan	0	0
3190	-nan	0	0
3189	-nan	0	0
3188	-nan	0	0
3187	-nan	0	0
3186	-nan	0	0
3185	-nan	0	0
3184	-nan	0	0
3183	-nan	0	0
3182	-nan	0	0
3181	-nan	0	0
3180	-nan	0	0
3179	-nan	0	0
3178	-nan	0	0
3177	-nan	0	0
3176	-nan	0	0
3175	-nan	0	0
3174	-nan	0	0
3173	-nan	0	0
3172	-nan	0	0
3171	-nan	0	0
3170	-nan	0	0
3169	-nan	0	0
3168	-nan	0	0
3167	-nan	0	0
3166	-nan	0	0
3165	-nan	0	0
3164	-nan	0	0
3163	-nan	0	0
3162	-nan	0	0
3161	-nan	0	0
3160	-nan	0	0
3159	-nan	0	0
3158	-nan	0	0
3157	-nan	0	0
3156	-nan	0	0
3155	-nan	0	0
3154	-nan	0	0
3153	-nan	0	0
3152	-nan	0	0
3151	-nan	0	0
3150	-nan	0	0
3149	-nan	0	0
3148	-nan	0	0
3147	-nan	0	0
3146	-nan	0	0
3145	-nan	0	0
3144	-nan	0	0
3143	-nan	0	0
3142	-nan	0	0
3141	-nan	0	0
3140	-nan	0	0
3139	-nan	0	0
3138	-nan	0	0
3137	-nan	0	0
3136	-nan	0	0
3135	-nan	0	0
3134	-nan	0	0
3133	-nan	0	0
3132	-nan	0	0
3131	-nan	0	0
3130	-nan	0	0
3129	-nan	0	0
3128	-nan	0	0
3127	-nan	0	0
3126	-nan	0	0
3125	-nan	0	0
3124	-nan	0	0
3123	-nan	0	0
3122	-nan	0	0
3121	-nan	0	0
3120	-nan	0	0
3119	-nan	0	0
3118	-nan	0	0
3117	-nan	0	0
3116	-nan	0	0
3115	-nan	0	0
3114	-nan	0	0
3113	-nan	0	0
3112	-nan	0	0
3111	-nan	0	0
3110	-nan	0	0
3109	-nan	0	0
3108	-nan	0	0
3107	-nan	0	0
3106	-nan	0	0
3105	-nan	0	0
3104	-nan	0	0
3103	-nan	0	0
3102	-nan	0	0
3101	-nan	0	0
3100	-nan	0	0
3099	-nan	0	0
3098	-nan	0	0
3097	-nan	0	0
3096	-nan	0	0
3095	-nan	0	0
3094	-nan	0	0
3093	-nan	0	0
3092	-nan	0	0
3091	-nan	0	0
3090	-nan	0	0
3089	-nan	0	0
3088	-nan	0	0
3087	-nan	0	0
3086	-nan	0	0
3085	-nan	0	0
3084	-nan	0	0
3083	-nan	0	0
3082	-nan	0	0
3081	-nan	0	0
3080	-nan	0	0
3079	-nan	0	0
3078	-nan	0	0
3077	-19.8541	0	0
3076	-19.8824	0	0
3075	-19.9106	0	0
3074	-19.9389	0	0
3073	-19.9672	0	0
3072	-19.9956	0	0
3071	-20.024	0	0
3070	-20.0524	0	0
3069	-20.0809	0	0
3068	-20.1094	0	0
3067	-20.138	0	0
3066	-19.6278	0	0
3065	-19.6559	0	0
3064	-19.6841	0	0
3063	-19.7123	0	0
3062	-19.7405	0	0
3061	-19.7688	0	0
3060	-19.7971	0	0
3059	-19.8254	0	0
3058	-19.8538	0	0
3057	-19.8822	0	0
3056	-19.9107	0	0
3055	-19.9392	0	0
3054	-19.9677	0	0
3053	-19.9962	0	0
3052	-20.0248	0	0
3051	-19.5177	0	0
3050	-19.5459	0	0
3049	-19.5741	0	0
3048	-19.6023	0	0
3047	-19.6306	0	0
3046	-19.6589	0	0
3045	-19.6872	0	0
3044	-19.7156	0	0
3043	-19.7441	0	0
3042	-19.7725	0	0
3041	-19.801	0	0
3040	-19.8295	0	0
3039	-19.8581	0	0
3038	-19.8867	0	0
3037	-19.9153	0	0
3036	-19.944	0	0
3035	-19.44	0	0
3034	-19.4682	0	0
3033	-19.4965	0	0
3032	-19.5247	0	0
3031	-19.5531	0	0
3030	-19.5814	0	0
3029	-19.6098	0	0
3028	-19.6382	0	0
3027	-19.6667	0	0
3026	-19.6952	0	0
3025	-19.7238	0	0
3024	-19.7523	0	0
3023	-19.7809	0	0
3022	-19.8096	0	0
3021	-19.8383	0	0
3020	-19.3382	0	0
3019	-19.3665	0	0
3018	-19.3947	0	0
3017	-19.423	0	0
3016	-19.4514	0	0
3015	-19.4798	0	0
3014	-19.5082	0	0
3013	-19.5366	0	0
3012	-19.5651	0	0
3011	-19.5936	0	0
3010	-19.6222	0	0
3009	-19.6508	0	0
3008	-19.6794	0	0
3007	-19.7081	0	0
3006	-19.7368	0	0
3005	-19.2409	0	0
3004	-19.2692	0	0
3003	-19.2974	0	0
3002	-19.3257	0	0
3001	-19.3541	0	0
3000	-19.3824	0	0
2999	-19.4108	0	0
2998	-19.4393	0	0
2997	-19.4678	0	0
2996	-19.4963	0	0
2995	-19.5248	0	0
2994	-19.5534	0	0
2993	-19.5821	0	0
2992	-19.6107	0	0
2991	-19.6394	0	0
2990	-19.1479	0	0
2989	-19.1761	0	0
2988	-19.2044	0	0
2987	-19.2327	0	0
2986	-19.2611	0	0
2985	-19.2895	0	0
2984	-19.3179	0	0
2983	-19.3463	0	0
2982	-19.3748	0	0
2981	-19.4034	0	0
2980	-19.4319	0	0
2979	-19.4605	0	0
2978	-19.4892	0	0
2977	-19.5178	0	0
2976	-19.5466	0	0
2975	-19.0592	0	0
2974	-19.0874	0	0
2973	-19.1157	0	0
2972	-19.144	0	0
2971	-19.1724	0	0
2970	-19.2008	0	0
2969	-19.2292	0	0
2968	-19.2576	0	0
2967	-19.2861	0	0
2966	-19.3147	0	0
2965	-19.3433	0	0
2964	-19.3719	0	0
2963	-19.4005	0	0
2962	-19.4292	0	0
2961	-19.4579	0	0
2960	-18.9749	0	0
2959	-19.0032	0	0
2958	-19.0314	0	0
2957	-19.0597	0	0
2956	-19.0881	0	0
2955	-19.1165	0	0
2954	-19.1449	0	0
2953	-19.1734	0	0
2952	-19.2019	0	0
2951	-19.2304	0	0
2950	-19.259	0	0
2949	-19.2876	0	0
2948	-19.3162	0	0
2947	-19.3449	0	0
2946	-19.3736	0	0
2945	-18.8946	0	0
2944	-18.9229	0	0
2943	-18.9512	0	0
2942	-18.9795	0	0
2941	-19.0079	0	0
2940	-19.0363	0	0
2939	-19.0648	0	0
2938	-19.0933	0	0
2937	-19.1218	0	0
2936	-19.1504	0	0
2935	-19.179	0	0
2934	-19.2077	0	0
2933	-19.2363	0	0
2932	-19.2651	0	0
2931	-18.7906	0	0
2930	-18.8188	0	0
2929	-18.8471	0	0
2928	-18.8754	0	0
2927	-18.9037	0	0
2926	-18.9321	0	0
2925	-18.9605	0	0
2924	-18.989	0	0
2923	-19.0174	0	0
2922	-19.046	0	0
2921	-19.0745	0	0
2920	-19.1031	0	0
2919	-19.1318	0	0
2918	-19.1604	0	0
2917	-19.1892	0	0
2916	-18.7187	0	0
2915	-18.747	0	0
2914	-18.7753	0	0
2913	-18.8036	0	0
2912	-18.832	0	0
2911	-18.8604	0	0
2910	-18.8888	0	0
2909	-18.9173	0	0
2908	-18.9459	0	0
2907	-18.9744	0	0
2906	-19.003	0	0
2905	-19.0317	0	0
2904	-19.0604	0	0
2903	-19.0891	0	0
2902	-18.6229	0	0
2901	-18.6511	0	0
2900	-18.6794	0	0
2899	-18.7077	0	0
2898	-18.736	0	0
2897	-18.7644	0	0
2896	-18.7928	0	0
2895	-18.8213	0	0
2894	-18.8498	0	0
2893	-18.8783	0	0
2892	-18.9069	0	0
2891	-18.9355	0	0
2890	-18.9642	0	0
2889	-18.9929	0	0
2888	-18.5307	0	0
2887	-18.559	0	0
2886	-18.5873	0	0
2885	-18.6156	0	0
2884	-18.644	0	0
2883	-18.6724	0	0
2882	-18.7008	0	0
2881	-18.7293	0	0
2880	-18.7578	0	0
2879	-18.7864	0	0
2878	-18.815	0	0
2877	-18.8436	0	0
2876	-18.8723	0	0
2875	-18.901	0	0
2874	-18.4432	0	0
2873	-18.4714	0	0
2872	-18.4996	0	0
2871	-18.5279	0	0
2870	-18.5562	0	0
2869	-18.5845	0	0
2868	-18.6129	0	0
2867	-18.6413	0	0
2866	-18.6698	0	0
2865	-18.6983	0	0
2864	-18.7269	0	0
2863	-18.7554	0	0
2862	-18.7841	0	0
2861	-18.8127	0	0
2860	-18.3587	0	0
2859	-18.387	0	0
2858	-18.4153	0	0
2857	-18.4436	0	0
2856	-18.472	0	0
2855	-18.5004	0	0
2854	-18.5289	0	0
2853	-18.5574	0	0
2852	-18.5859	0	0
2851	-18.6145	0	0
2850	-18.6431	0	0
2849	-18.6717	0	0
2848	-18.7004	0	0
2847	-18.2507	0	0
2846	-18.2789	0	0
2845	-18.3071	0	0
2844	-18.3353	0	0
2843	-18.3636	0	0
2842	-18.3919	0	0
2841	-18.4203	0	0
2840	-18.4487	0	0
2839	-18.4771	0	0
2838	-18.5056	0	0
2837	-18.5341	0	0
2836	-18.5627	0	0
2835	-18.5913	0	0
2834	-18.6199	0	0
2833	-18.174	0	0
2832	-18.2022	0	0
2831	-18.2305	0	0
2830	-18.2588	0	0
2829	-18.2872	0	0
2828	-18.3155	0	0
2827	-18.344	0	0
2826	-18.3724	0	0
2825	-18.4009	0	0
2824	-18.4295	0	0
2823	-18.4581	0	0
2822	-18.4867	0	0
2821	-18.5153	0	0
2820	-18.0732	0	0
2819	-18.1014	0	0
2818	-18.1296	0	0
2817	-18.1579	0	0
2816	-18.1861	0	0
2815	-18.2145	0	0
2814	-18.2428	0	0
2813	-18.2713	0	0
2812	-18.2997	0	0
2811	-18.3282	0	0
2810	-18.3567	0	0
2809	-18.3853	0	0
2808	-18.4139	0	0
2807	-17.9761	0	0
2806	-18.0042	0	0
2805	-18.0324	0	0
2804	-18.0607	0	0
2803	-18.0889	0	0
2802	-18.1172	0	0
2801	-18.1456	0	0
2800	-18.174	0	0
2799	-18.2024	0	0
2798	-18.2309	0	0
2797	-18.2594	0	0
2796	-18.288	0	0
2795	-18.3166	0	0
2794	-18.3453	0	0
2793	-17.9102	0	0
2792	-17.9385	0	0
2791	-17.9667	0	0
2790	-17.995	0	0
2789	-18.0234	0	0
2788	-18.0517	0	0
2787	-18.0802	0	0
2786	-18.1086	0	0
2785	-18.1371	0	0
2784	-18.1657	0	0
2783	-18.1942	0	0
2782	-18.2229	0	0
2781	-18.2515	0	0
2780	-17.8208	0	0
2779	-17.849	0	0
2778	-17.8771	0	0
2777	-17.9053	0	0
2776	-17.9336	0	0
2775	-20.1976	0	0
2774	-20.2268	0	0
2773	-20.256	0	0
2772	-20.2852	0	0
2771	-20.3145	0	0
2770	-20.3439	0	0
2769	-20.3733	0	0
2768	-20.4027	0	0
2767	-19.9895	0	0
2766	-20.0185	0	0
2765	-20.0476	0	0
2764	-20.0768	0	0
2763	-20.106	0	0
2762	-20.1352	0	0
2761	-20.1644	0	0
2760	-20.1937	0	0
2759	-20.2231	0	0
2758	-20.2525	0	0
2757	-20.2819	0	0
2756	-20.3114	0	0
2755	-19.9009	0	0
2754	-19.93	0	0
2753	-19.9591	0	0
2752	-19.9882	0	0
2751	-20.0174	0	0
2750	-20.0466	0	0
2749	-20.0759	0	0
2748	-20.1052	0	0
2747	-20.1345	0	0
2746	-20.1639	0	0
2745	-20.1933	0	0
2744	-20.2228	0	0
2743	-20.2523	0	0
2742	-19.8443	0	0
2741	-19.8735	0	0
2740	-19.9026	0	0
2739	-19.9319	0	0
2738	-19.9611	0	0
2737	-19.9904	0	0
2736	-20.0197	0	0
2735	-20.0491	0	0
2734	-20.0785	0	0
2733	-20.108	0	0
2732	-20.1375	0	0
2731	-20.167	0	0
2730	-20.1966	0	0
2729	-19.7905	0	0
2728	-19.8198	0	0
2727	-19.849	0	0
2726	-19.8783	0	0
2725	-19.9077	0	0
2724	-19.9371	0	0
2723	-19.9665	0	0
2722	-19.996	0	0
2721	-20.0255	0	0
2720	-20.055	0	0
2719	-20.0846	0	0
2718	-20.1143	0	0
2717	-19.7107	0	0
2716	-19.74	0	0
2715	-19.7693	0	0
2714	-19.7986	0	0
2713	-19.8279	0	0
2712	-19.8573	0	0
2711	-19.8868	0	0
2710	-19.9163	0	0
2709	-19.9458	0	0
2708	-19.9754	0	0
2707	-20.005	0	0
2706	-20.0346	0	0
2705	-19.6336	0	0
2704	-19.6629	0	0
2703	-19.6922	0	0
2702	-19.7216	0	0
2701	-19.751	0	0
2700	-19.7805	0	0
2699	-19.81	0	0
2698	-19.8395	0	0
2697	-19.8691	0	0
2696	-19.8987	0	0
2695	-19.9284	0	0
2694	-19.9581	0	0
2693	-19.9879	0	0
2692	-19.5881	0	0
2691	-19.6175	0	0
2690	-19.647	0	0
2689	-19.6765	0	0
2688	-19.706	0	0
2687	-19.7356	0	0
2686	-19.7653	0	0
2685	-19.7949	0	0
2684	-19.8247	0	0
2683	-19.8544	0	0
2682	-19.8842	0	0
2681	-19.9141	0	0
2680	-19.5164	0	0
2679	-19.5458	0	0
2678	-19.5753	0	0
2677	-19.6048	0	0
2676	-19.6344	0	0
2675	-19.664	0	0
2674	-19.6936	0	0
2673	-19.7233	0	0
2672	-19.7531	0	0
2671	-19.7829	0	0
2670	-19.8127	0	0
2669	-19.8426	0	0
2668	-19.4475	0	0
2667	-19.477	0	0
2666	-19.5065	0	0
2665	-19.5361	0	0
2664	-19.5657	0	0
2663	-19.5954	0	0
2662	-19.6251	0	0
2661	-19.6548	0	0
2660	-19.6846	0	0
2659	-19.7144	0	0
2658	-19.7443	0	0
2657	-19.7742	0	0
2656	-19.3809	0	0
2655	-19.4105	0	0
2654	-19.4401	0	0
2653	-19.4698	0	0
2652	-19.4995	0	0
2651	-19.5293	0	0
2650	-19.5591	0	0
2649	-19.5889	0	0
2648	-19.6188	0	0
2647	-19.6488	0	0
2646	-19.6788	0	0
2645	-19.2877	0	0
2644	-19.3173	0	0
2643	-19.3469	0	0
2642	-19.3766	0	0
2641	-19.4063	0	0
2640	-19.4361	0	0
2639	-19.4659	0	0
2638	-19.4957	0	0
2637	-19.5256	0	0
2636	-19.5555	0	0
2635	-19.5855	0	0
2634	-19.6155	0	0
2633	-19.2271	0	0
2632	-19.2567	0	0
2631	-19.2864	0	0
2630	-19.3161	0	0
2629	-19.3459	0	0
2628	-19.3757	0	0
2627	-19.4055	0	0
2626	-19.4354	0	0
2625	-19.4653	0	0
2624	-19.4953	0	0
2623	-19.5253	0	0
2622	-19.5553	0	0
2621	-19.1686	0	0
2620	-19.1983	0	0
2619	-19.2281	0	0
2618	-19.258	0	0
2617	-19.2878	0	0
2616	-19.3178	0	0
2615	-19.3477	0	0
2614	-19.3777	0	0
2613	-19.4078	0	0
2612	-19.4379	0	0
2611	-19.468	0	0
2610	-19.0831	0	0
2609	-19.1129	0	0
2608	-19.1427	0	0
2607	-19.1725	0	0
2606	-19.2024	0	0
2605	-19.2323	0	0
2604	-19.2623	0	0
2603	-19.2924	0	0
2602	-19.3224	0	0
2601	-19.3525	0	0
2600	-19.3827	0	0
2599	-19.4129	0	0
2598	-19.0307	0	0
2597	-19.0604	0	0
2596	-19.0903	0	0
2595	-19.1201	0	0
2594	-19.15	0	0
2593	-19.18	0	0
2592	-19.21	0	0
2591	-19.24	0	0
2590	-19.2701	0	0
2589	-19.3002	0	0
2588	-19.3304	0	0
2587	-18.9507	0	0
2586	-18.9806	0	0
2585	-19.0105	0	0
2584	-19.0404	0	0
2583	-19.0704	0	0
2582	-19.1004	0	0
2581	-19.1305	0	0
2580	-19.1606	0	0
2579	-19.1908	0	0
2578	-19.221	0	0
2577	-19.2512	0	0
2576	-18.873	0	0
2575	-18.9029	0	0
2574	-18.9329	0	0
2573	-18.9629	0	0
2572	-18.993	0	0
2571	-19.023	0	0
2570	-19.0532	0	0
2569	-19.0834	0	0
2568	-19.1136	0	0
2567	-19.1439	0	0
2566	-19.1742	0	0
2565	-18.7985	0	0
2564	-18.8284	0	0
2563	-18.8583	0	0
2562	-18.8883	0	0
2561	-18.9183	0	0
2560	-18.9484	0	0
2559	-18.9785	0	0
2558	-19.0087	0	0
2557	-19.0389	0	0
2556	-19.0692	0	0
2555	-19.0995	0	0
2554	-18.7266	0	0
2553	-18.7565	0	0
2552	-18.7865	0	0
2551	-18.8165	0	0
2550	-18.8466	0	0
2549	-18.8767	0	0
2548	-18.9068	0	0
2547	-18.937	0	0
2546	-18.9673	0	0
2545	-18.9976	0	0
2544	-19.0279	0	0
2543	-18.6572	0	0
2542	-18.6871	0	0
2541	-18.7172	0	0
2540	-18.7472	0	0
2539	-18.7774	0	0
2538	-18.8075	0	0
2537	-18.8377	0	0
2536	-18.868	0	0
2535	-18.8983	0	0
2534	-18.9286	0	0
2533	-18.959	0	0
2532	-18.5902	0	0
2531	-18.6203	0	0
2530	-18.6504	0	0
2529	-18.6805	0	0
2528	-18.7106	0	0
2527	-18.7409	0	0
2526	-18.7711	0	0
2525	-18.8014	0	0
2524	-18.8318	0	0
2523	-18.8622	0	0
2522	-18.4956	0	0
2521	-18.5257	0	0
2520	-18.5558	0	0
2519	-18.5859	0	0
2518	-18.6161	0	0
2517	-18.6464	0	0
2516	-18.6766	0	0
2515	-18.707	0	0
2514	-18.7374	0	0
2513	-18.7678	0	0
2512	-18.7983	0	0
2511	-18.4359	0	0
2510	-18.4657	0	0
2509	-18.4957	0	0
2508	-18.5256	0	0
2507	-18.5556	0	0
2506	-18.5857	0	0
2505	-18.6158	0	0
2504	-18.646	0	0
2503	-18.6762	0	0
2502	-18.7064	0	0
2501	-18.7367	0	0
2500	-18.3787	0	0
2499	-18.4087	0	0
2498	-18.4386	0	0
2497	-18.4686	0	0
2496	-18.4987	0	0
2495	-18.5288	0	0
2494	-18.559	0	0
2493	-18.5892	0	0
2492	-18.6194	0	0
2491	-18.6497	0	0
2490	-18.2913	0	0
2489	-18.3216	0	0
2488	-18.3518	0	0
2487	-18.3821	0	0
2486	-18.4125	0	0
2485	-18.4429	0	0
2484	-18.4734	0	0
2483	-18.5039	0	0
2482	-18.5344	0	0
2481	-18.565	0	0
2480	-18.2107	0	0
2479	-18.2405	0	0
2478	-18.2703	0	0
2477	-18.3002	0	0
2476	-18.3302	0	0
2475	-18.3601	0	0
2474	-18.3902	0	0
2473	-20.1276	0	0
2472	-20.1595	0	0
2471	-20.1914	0	0
2470	-20.2234	0	0
2469	-19.8632	0	0
2468	-19.8948	0	0
2467	-19.9266	0	0
2466	-19.9583	0	0
2465	-19.9902	0	0
2464	-20.022	0	0
2463	-20.054	0	0
2462	-20.0859	0	0
2461	-20.118	0	0
2460	-20.15	0	0
2459	-19.7914	0	0
2458	-19.8231	0	0
2457	-19.8549	0	0
2456	-19.8867	0	0
2455	-19.9185	0	0
2454	-19.9505	0	0
2453	-19.9824	0	0
2452	-20.0144	0	0
2451	-20.0465	0	0
2450	-20.0786	0	0
2449	-19.7214	0	0
2448	-19.7532	0	0
2447	-19.7851	0	0
2446	-19.817	0	0
2445	-19.849	0	0
2444	-19.881	0	0
2443	-19.9131	0	0
2442	-19.9452	0	0
2441	-19.9774	0	0
2440	-20.0096	0	0
2439	-19.6529	0	0
2438	-19.6849	0	0
2437	-19.7169	0	0
2436	-19.7489	0	0
2435	-19.781	0	0
2434	-19.8132	0	0
2433	-19.8454	0	0
2432	-19.8777	0	0
2431	-19.91	0	0
2430	-19.9423	0	0
2429	-19.5863	0	0
2428	-19.6183	0	0
2427	-19.6504	0	0
2426	-19.6826	0	0
2425	-19.7148	0	0
2424	-19.7471	0	0
2423	-19.7794	0	0
2422	-19.8118	0	0
2421	-19.8442	0	0
2420	-19.8766	0	0
2419	-19.522	0	0
2418	-19.5542	0	0
2417	-19.5863	0	0
2416	-19.6185	0	0
2415	-19.6508	0	0
2414	-19.6831	0	0
2413	-19.7155	0	0
2412	-19.7479	0	0
2411	-19.7803	0	0
2410	-19.8129	0	0
2409	-19.4598	0	0
2408	-19.492	0	0
2407	-19.5243	0	0
2406	-19.5566	0	0
2405	-19.5889	0	0
2404	-19.6213	0	0
2403	-19.6538	0	0
2402	-19.6863	0	0
2401	-19.7189	0	0
2400	-19.367	0	0
2399	-19.3993	0	0
2398	-19.4316	0	0
2397	-19.464	0	0
2396	-19.4965	0	0
2395	-19.529	0	0
2394	-19.5615	0	0
2393	-19.5941	0	0
2392	-19.6267	0	0
2391	-19.6594	0	0
2390	-19.3081	0	0
2389	-19.3405	0	0
2388	-19.373	0	0
2387	-19.4055	0	0
2386	-19.4381	0	0
2385	-19.4707	0	0
2384	-19.5034	0	0
2383	-19.5361	0	0
2382	-19.5689	0	0
2381	-19.6018	0	0
2380	-19.2514	0	0
2379	-19.2839	0	0
2378	-19.3165	0	0
2377	-19.3491	0	0
2376	-19.3817	0	0
2375	-19.4144	0	0
2374	-19.4472	0	0
2373	-19.48	0	0
2372	-19.5129	0	0
2371	-19.1644	0	0
2370	-19.1969	0	0
2369	-19.2295	0	0
2368	-19.2622	0	0
2367	-19.2948	0	0
2366	-19.3276	0	0
2365	-19.3604	0	0
2364	-19.3932	0	0
2363	-19.4261	0	0
2362	-19.08	0	0
2361	-19.1125	0	0
2360	-19.1451	0	0
2359	-19.1777	0	0
2358	-19.2104	0	0
2357	-19.2431	0	0
2356	-19.2759	0	0
2355	-19.3087	0	0
2354	-19.3416	0	0
2353	-19.3745	0	0
2352	-19.0304	0	0
2351	-19.063	0	0
2350	-19.0956	0	0
2349	-19.1283	0	0
2348	-19.1611	0	0
2347	-19.1939	0	0
2346	-19.2267	0	0
2345	-19.2596	0	0
2344	-19.2926	0	0
2343	-18.9502	0	0
2342	-18.9829	0	0
2341	-19.0156	0	0
2340	-19.0483	0	0
2339	-19.0811	0	0
2338	-19.114	0	0
2337	-19.1469	0	0
2336	-19.1798	0	0
2335	-19.2129	0	0
2334	-18.8711	0	0
2333	-18.9039	0	0
2332	-18.9368	0	0
2331	-18.9697	0	0
2330	-19.0026	0	0
2329	-19.0356	0	0
2328	-19.0687	0	0
2327	-19.1018	0	0
2326	-19.135	0	0
2325	-18.7944	0	0
2324	-18.8272	0	0
2323	-18.86	0	0
2322	-18.8929	0	0
2321	-18.9259	0	0
2320	-18.9589	0	0
2319	-18.992	0	0
2318	-19.0251	0	0
2317	-19.0583	0	0
2316	-18.7231	0	0
2315	-18.7556	0	0
2314	-18.7881	0	0
2313	-18.8207	0	0
2312	-18.8533	0	0
2311	-18.886	0	0
2310	-18.9187	0	0
2309	-18.9515	0	0
2308	-18.9843	0	0
2307	-18.6539	0	0
2306	-18.6864	0	0
2305	-18.719	0	0
2304	-18.7516	0	0
2303	-18.7843	0	0
2302	-18.817	0	0
2301	-18.8498	0	0
2300	-18.8827	0	0
2299	-18.9156	0	0
2298	-18.5863	0	0
2297	-18.6189	0	0
2296	-18.6516	0	0
2295	-18.6843	0	0
2294	-18.7171	0	0
2293	-18.7499	0	0
2292	-18.7828	0	0
2291	-18.8158	0	0
2290	-18.8488	0	0
2289	-18.5156	0	0
2288	-18.5489	0	0
2287	-18.5822	0	0
2286	-18.6156	0	0
2285	-18.6491	0	0
2284	-18.6826	0	0
2283	-18.7162	0	0
2282	-18.7498	0	0
2281	-18.7835	0	0
2280	-18.4531	0	0
2279	-18.4857	0	0
2278	-18.5183	0	0
2277	-18.5509	0	0
2276	-18.5836	0	0
2275	-18.6164	0	0
2274	-18.6492	0	0
2273	-18.6821	0	0
2272	-18.3659	0	0
2271	-18.3979	0	0
2270	-18.4298	0	0
2269	-18.4619	0	0
2268	-18.494	0	0
2267	-18.5261	0	0
2266	-18.5583	0	0
2265	-18.5906	0	0
2264	-18.6229	0	0
2263	-18.3124	0	0
2262	-18.3444	0	0
2261	-18.3766	0	0
2260	-18.4088	0	0
2259	-18.441	0	0
2258	-18.4733	0	0
2257	-18.5056	0	0
2256	-18.538	0	0
2255	-18.5705	0	0
2254	-18.2573	0	0
2253	-18.2899	0	0
2252	-18.3225	0	0
2251	-18.3552	0	0
2250	-18.388	0	0
2249	-18.4208	0	0
2248	-18.4537	0	0
2247	-18.4866	0	0
2246	-18.1623	0	0
2245	-18.1961	0	0
2244	-18.2299	0	0
2243	-18.2637	0	0
2242	-18.2976	0	0
2241	-18.3316	0	0
2240	-18.3656	0	0
2239	-18.3997	0	0
2238	-18.4338	0	0
2237	-18.1252	0	0
2236	-18.156	0	0
2235	-18.1867	0	0
2234	-18.2175	0	0
2233	-18.2484	0	0
2232	-18.2793	0	0
2231	-18.3103	0	0
2230	-18.3413	0	0
2229	-18.0655	0	0
2228	-18.0956	0	0
2227	-18.1258	0	0
2226	-18.1559	0	0
2225	-18.1862	0	0
2224	-18.2165	0	0
2223	-18.2468	0	0
2222	-18.2772	0	0
2221	-18.0086	0	0
2220	-18.0387	0	0
2219	-18.0688	0	0
2218	-18.099	0	0
2217	-18.1292	0	0
2216	-18.1594	0	0
2215	-18.1898	0	0
2214	-18.2201	0	0
2213	-17.9331	0	0
2212	-17.9656	0	0
2211	-17.9983	0	0
2210	-18.031	0	0
2209	-18.0637	0	0
2208	-18.0965	0	0
2207	-18.1294	0	0
2206	-18.1623	0	0
2205	-18.1953	0	0
2204	-17.8907	0	0
2203	-17.9234	0	0
2202	-17.9562	0	0
2201	-17.9891	0	0
2200	-18.022	0	0
2199	-18.055	0	0
2198	-18.088	0	0
2197	-18.1211	0	0
2196	-17.8681	0	0
2195	-17.894	0	0
2194	-17.92	0	0
2193	-17.946	0	0
2192	-17.9721	0	0
2191	-17.9982	0	0
2190	-18.0244	0	0
2189	-18.0506	0	0
2188	-17.8539	0	0
2187	-17.8798	0	0
2186	-17.9057	0	0
2185	-17.9316	0	0
2184	-17.9576	0	0
2183	-17.9836	0	0
2182	-18.0096	0	0
2181	-18.0357	0	0
2180	-17.8462	0	0
2179	-17.8714	0	0
2178	-17.8967	0	0
2177	-17.922	0	0
2176	-17.9474	0	0
2175	-17.9728	0	0
2174	-17.9983	0	0
2173	-18.0238	0	0
2172	-17.784	0	0
2171	-18.8497	0	0
2170	-18.8853	0	0
2169	-18.9211	0	0
2168	-18.9568	0	0
2167	-18.9927	0	0
2166	-19.0286	0	0
2165	-19.0646	0	0
2164	-18.7392	0	0
2163	-18.7751	0	0
2162	-18.811	0	0
2161	-18.847	0	0
2160	-18.883	0	0
2159	-18.9192	0	0
2158	-18.9553	0	0
2157	-18.9916	0	0
2156	-18.6682	0	0
2155	-18.7038	0	0
2154	-18.7395	0	0
2153	-18.7752	0	0
2152	-18.811	0	0
2151	-18.8469	0	0
2150	-18.8828	0	0
2149	-18.5672	0	0
2148	-18.6023	0	0
2147	-18.6376	0	0
2146	-18.6728	0	0
2145	-18.7082	0	0
2144	-18.7435	0	0
2143	-18.779	0	0
2142	-18.8145	0	0
2141	-18.5027	0	0
2140	-18.538	0	0
2139	-18.5734	0	0
2138	-18.6089	0	0
2137	-18.6444	0	0
2136	-18.68	0	0
2135	-18.7156	0	0
2134	-18.7513	0	0
2133	-18.4396	0	0
2132	-18.475	0	0
2131	-18.5105	0	0
2130	-18.5461	0	0
2129	-18.5818	0	0
2128	-18.6175	0	0
2127	-18.6532	0	0
2126	-18.3395	0	0
2125	-18.3754	0	0
2124	-18.4114	0	0
2123	-18.4474	0	0
2122	-18.4835	0	0
2121	-18.5196	0	0
2120	-18.5559	0	0
2119	-18.5921	0	0
2118	-18.2735	0	0
2117	-18.3099	0	0
2116	-18.3464	0	0
2115	-18.383	0	0
2114	-18.4197	0	0
2113	-18.4564	0	0
2112	-18.4932	0	0
2111	-18.1876	0	0
2110	-18.222	0	0
2109	-18.2565	0	0
2108	-18.2911	0	0
2107	-18.3257	0	0
2106	-18.3604	0	0
2105	-18.3951	0	0
2104	-18.4299	0	0
2103	-18.1405	0	0
2102	-18.1748	0	0
2101	-18.2092	0	0
2100	-18.2436	0	0
2099	-18.2781	0	0
2098	-18.3127	0	0
2097	-18.3473	0	0
2096	-18.0604	0	0
2095	-18.0948	0	0
2094	-18.1293	0	0
2093	-18.1638	0	0
2092	-18.1984	0	0
2091	-18.233	0	0
2090	-18.2677	0	0
2089	-18.3025	0	0
2088	-18.0139	0	0
2087	-18.0488	0	0
2086	-18.0837	0	0
2085	-18.1187	0	0
2084	-18.1537	0	0
2083	-18.1889	0	0
2082	-18.224	0	0
2081	-17.9244	0	0
2080	-17.9607	0	0
2079	-17.9972	0	0
2078	-18.0336	0	0
2077	-18.0702	0	0
2076	-18.1068	0	0
2075	-18.1435	0	0
2074	-17.8333	0	0
2073	-17.8699	0	0
2072	-17.9066	0	0
2071	-17.9434	0	0
2070	-17.9803	0	0
2069	-18.0172	0	0
2068	-18.0542	0	0
2067	-17.7822	0	0
2066	-17.8134	0	0
2065	-17.8446	0	0
2064	-17.8758	0	0
2063	-17.9072	0	0
2062	-17.9385	0	0
2061	-17.97	0	0
2060	-17.7306	0	0
2059	-17.7624	0	0
2058	-17.7942	0	0
2057	-17.8262	0	0
2056	-17.8581	0	0
2055	-17.8902	0	0
2054	-17.9223	0	0
2053	-17.9544	0	0
2052	-17.7128	0	0
2051	-17.7446	0	0
2050	-17.7764	0	0
2049	-17.8084	0	0
2048	-17.8403	0	0
2047	-17.8724	0	0
2046	-17.9045	0	0
2045	-17.6593	0	0
2044	-17.692	0	0
2043	-17.7249	0	0
2042	-17.7577	0	0
2041	-17.7906	0	0
2040	-17.8236	0	0
2039	-17.8567	0	0
2038	-17.5805	0	0
2037	-17.6175	0	0
2036	-17.6547	0	0
2035	-17.6919	0	0
2034	-17.7292	0	0
2033	-17.7666	0	0
2032	-17.804	0	0
2031	-17.513	0	0
2030	-17.5479	0	0
2029	-17.5827	0	0
2028	-17.6177	0	0
2027	-17.6527	0	0
2026	-17.6878	0	0
2025	-17.4918	0	0
2024	-17.5153	0	0
2023	-17.5388	0	0
2022	-17.5623	0	0
2021	-17.5859	0	0
2020	-17.6096	0	0
2019	-17.6333	0	0
2018	-17.4917	0	0
2017	-17.5174	0	0
2016	-17.5432	0	0
2015	-17.569	0	0
2014	-17.5949	0	0
2013	-17.6208	0	0
2012	-17.6468	0	0
2011	-17.4945	0	0
2010	-17.52	0	0
2009	-17.5456	0	0
2008	-17.5712	0	0
2007	-17.5968	0	0
2006	-17.6225	0	0
2005	-17.6483	0	0
2004	-17.4874	0	0
2003	-17.5149	0	0
2002	-17.5423	0	0
2001	-17.5698	0	0
2000	-17.5974	0	0
1999	-17.625	0	0
1998	-17.6526	0	0
1997	-17.4187	0	0
1996	-17.4569	0	0
1995	-17.4952	0	0
1994	-17.5337	0	0
1993	-17.5721	0	0
1992	-17.6107	0	0
1991	-17.3576	0	0
1990	-17.3878	0	0
1989	-17.4181	0	0
1988	-17.4485	0	0
1987	-17.4789	0	0
1986	-17.5094	0	0
1985	-17.54	0	0
1984	-17.4528	0	0
1983	-17.4636	0	0
1982	-17.4744	0	0
1981	-17.4852	0	0
1980	-17.4959	0	0
1979	-17.5067	0	0
1978	-17.509	0	0
1977	-17.525	0	0
1976	-17.5411	0	0
1975	-17.5572	0	0
1974	-17.5733	0	0
1973	-17.5894	0	0
1972	-17.6055	0	0
1971	-17.5808	0	0
1970	-17.5966	0	0
1969	-17.6124	0	0
1968	-17.6283	0	0
1967	-17.6441	0	0
1966	-17.66	0	0
1965	-17.6758	0	0
1964	-17.6364	0	0
1963	-17.6555	0	0
1962	-17.6745	0	0
1961	-17.6936	0	0
1960	-17.7126	0	0
1959	-17.7318	0	0
1958	-17.5503	0	0
1957	-17.59	0	0
1956	-17.6299	0	0
1955	-17.6698	0	0
1954	-17.7098	0	0
1953	-17.7498	0	0
1952	-17.52	0	0
1951	-17.5478	0	0
1950	-17.5757	0	0
1949	-17.6037	0	0
1948	-17.6316	0	0
1947	-17.6597	0	0
1946	-17.6878	0	0
1945	-17.6775	0	0
1944	-17.6783	0	0
1943	-17.6791	0	0
1942	-17.6798	0	0
1941	-17.6805	0	0
1940	-17.6812	0	0
1939	-17.7868	0	0
1938	-17.7964	0	0
1937	-17.806	0	0
1936	-17.8156	0	0
1935	-17.8252	0	0
1934	-17.8348	0	0
1933	-17.8882	0	0
1932	-17.8982	0	0
1931	-17.9082	0	0
1930	-17.9182	0	0
1929	-17.9282	0	0
1928	-17.9382	0	0
1927	-17.9482	0	0
1926	-17.9822	0	0
1925	-17.9956	0	0
1924	-18.0091	0	0
1923	-18.0226	0	0
1922	-18.0361	0	0
1921	-18.0496	0	0
1920	-17.9099	0	0
1919	-17.9512	0	0
1918	-17.9926	0	0
1917	-18.034	0	0
1916	-18.0756	0	0
1915	-18.1172	0	0
1914	-17.8424	0	0
1913	-17.8788	0	0
1912	-17.9153	0	0
1911	-17.9518	0	0
1910	-17.9885	0	0
1909	-18.0251	0	0
1908	-17.9269	0	0
1907	-17.9378	0	0
1906	-17.9486	0	0
1905	-17.9594	0	0
1904	-17.9703	0	0
1903	-17.9811	0	0
1902	-17.973	0	0
1901	-17.993	0	0
1900	-18.013	0	0
1899	-18.0329	0	0
1898	-18.053	0	0
1897	-18.073	0	0
1896	-18.0069	0	0
1895	-18.0286	0	0
1894	-18.0504	0	0
1893	-18.0721	0	0
1892	-18.0939	0	0
1891	-18.1158	0	0
1890	-18.0334	0	0
1889	-18.0565	0	0
1888	-18.0798	0	0
1887	-18.103	0	0
1886	-18.1263	0	0
1885	-18.1496	0	0
1884	-17.9294	0	0
1883	-17.9756	0	0
1882	-18.0219	0	0
1881	-18.0683	0	0
1880	-18.1147	0	0
1879	-18.1613	0	0
1878	-17.7909	0	0
1877	-17.8426	0	0
1876	-17.8945	0	0
1875	-17.9465	0	0
1874	-17.9986	0	0
1873	-18.0508	0	0
1872	-17.7372	0	0
1871	-17.7736	0	0
1870	-17.8101	0	0
1869	-17.8467	0	0
1868	-16.9559	0	0
1867	-16.98	0	0
1866	-16.8734	0	0
1865	-16.8973	0	0
1864	-16.9213	0	0
1863	-16.9453	0	0
1862	-16.9693	0	0
1861	-16.9934	0	0
1860	-16.8822	0	0
1859	-16.9073	0	0
1858	-16.9325	0	0
1857	-16.9577	0	0
1856	-16.983	0	0
1855	-17.0083	0	0
1854	-16.836	0	0
1853	-16.8726	0	0
1852	-16.9093	0	0
1851	-16.9461	0	0
1850	-16.983	0	0
1849	-16.7377	0	0
1848	-16.7759	0	0
1847	-16.8141	0	0
1846	-16.8524	0	0
1845	-16.8908	0	0
1844	-16.9293	0	0
1843	-16.7762	0	0
1842	-16.7956	0	0
1841	-16.815	0	0
1840	-16.8345	0	0
1839	-16.854	0	0
1838	-16.8735	0	0
1837	-16.8634	0	0
1836	-16.8738	0	0
1835	-16.8842	0	0
1834	-16.8946	0	0
1833	-16.905	0	0
1832	-16.9312	0	0
1831	-16.9442	0	0
1830	-16.9572	0	0
1829	-16.9702	0	0
1828	-16.9832	0	0
1827	-16.9962	0	0
1826	-17.0081	0	0
1825	-17.0217	0	0
1824	-17.0353	0	0
1823	-17.0488	0	0
1822	-17.0624	0	0
1821	-17.076	0	0
1820	-17.0812	0	0
1819	-17.0958	0	0
1818	-17.1104	0	0
1817	-17.1251	0	0
1816	-17.1397	0	0
1815	-17.0457	0	0
1814	-17.0787	0	0
1813	-17.1117	0	0
1812	-17.1448	0	0
1811	-17.1779	0	0
1810	-17.2111	0	0
1809	-16.9904	0	0
1808	-17.0314	0	0
1807	-17.0725	0	0
1806	-17.1136	0	0
1805	-17.1549	0	0
1804	-17.0009	0	0
1803	-17.0205	0	0
1802	-17.0402	0	0
1801	-17.0598	0	0
1800	-17.0795	0	0
1799	-17.0992	0	0
1798	-17.1054	0	0
1797	-17.1129	0	0
1796	-17.1203	0	0
1795	-17.1278	0	0
1794	-17.1353	0	0
1793	-17.1895	0	0
1792	-17.2008	0	0
1791	-17.2122	0	0
1790	-17.2235	0	0
1789	-17.2349	0	0
1788	-17.259	0	0
1787	-17.2726	0	0
1786	-17.2863	0	0
1785	-17.2999	0	0
1784	-17.3136	0	0
1783	-17.3272	0	0
1782	-17.3413	0	0
1781	-17.3551	0	0
1780	-17.3689	0	0
1779	-17.3827	0	0
1778	-17.3965	0	0
1777	-17.3208	0	0
1776	-17.3534	0	0
1775	-17.3859	0	0
1774	-17.4186	0	0
1773	-17.4513	0	0
1772	-17.2033	0	0
1771	-17.2523	0	0
1770	-17.3013	0	0
1769	-17.3504	0	0
1768	-17.3997	0	0
1767	-17.449	0	0
1766	-17.1743	0	0
1765	-17.2125	0	0
1764	-17.2508	0	0
1763	-17.2893	0	0
1762	-17.3277	0	0
1761	-17.1649	0	0
1760	-17.191	0	0
1759	-17.2172	0	0
1758	-17.2435	0	0
1757	-17.2698	0	0
1756	-17.1531	0	0
1755	-17.1826	0	0
1754	-17.2121	0	0
1753	-17.2416	0	0
1752	-17.2713	0	0
1751	-17.1264	0	0
1750	-17.1587	0	0
1749	-17.1912	0	0
1748	-17.2236	0	0
1747	-17.2562	0	0
1746	-17.1007	0	0
1745	-17.1328	0	0
1744	-17.165	0	0
1743	-17.1972	0	0
1742	-17.2295	0	0
1741	-17.0265	0	0
1740	-17.0687	0	0
1739	-17.111	0	0
1738	-17.1535	0	0
1737	-17.196	0	0
1736	-16.8731	0	0
1735	-16.931	0	0
1734	-16.9891	0	0
1733	-17.0473	0	0
1732	-17.1056	0	0
1731	-16.7143	0	0
1730	-16.7732	0	0
1729	-16.8322	0	0
1728	-16.8914	0	0
1727	-16.9506	0	0
1726	-16.5969	0	0
1725	-16.6478	0	0
1724	-16.6988	0	0
1723	-16.75	0	0
1722	-16.8013	0	0
1721	-16.4743	0	0
1720	-16.5267	0	0
1719	-16.5792	0	0
1718	-16.6318	0	0
1717	-16.6846	0	0
1716	-16.3424	0	0
1715	-16.397	0	0
1714	-16.4518	0	0
1713	-16.5068	0	0
1712	-16.5618	0	0
1711	-16.2126	0	0
1710	-16.2672	0	0
1709	-16.3219	0	0
1708	-16.3767	0	0
1707	-16.4316	0	0
1706	-16.0677	0	0
1705	-16.1259	0	0
1704	-16.1843	0	0
1703	-16.2428	0	0
1702	-16.3015	0	0
1701	-15.8863	0	0
1700	-15.953	0	0
1699	-16.0198	0	0
1698	-16.0869	0	0
1697	-16.154	0	0
1696	-15.688	0	0
1695	-15.7586	0	0
1694	-15.8294	0	0
1693	-15.9003	0	0
1692	-15.9714	0	0
1691	-15.4979	0	0
1690	-15.5666	0	0
1689	-15.6355	0	0
1688	-15.7045	0	0
1687	-15.7738	0	0
1686	-15.3136	0	0
1685	-15.3816	0	0
1684	-15.4498	0	0
1683	-15.5181	0	0
1682	-15.0623	0	0
1681	-15.1305	0	0
1680	-15.1989	0	0
1679	-15.2674	0	0
1678	-15.3361	0	0
1677	-14.879	0	0
1676	-14.9477	0	0
1675	-15.0165	0	0
1674	-15.0855	0	0
1673	-15.1547	0	0
1672	-14.6888	0	0
1671	-14.7597	0	0
1670	-14.8308	0	0
1669	-14.9021	0	0
1668	-14.4217	0	0
1667	-14.494	0	0
1666	-14.5665	0	0
1665	-14.6392	0	0
1664	-14.712	0	0
1663	-14.2137	0	0
1662	-14.2893	0	0
1661	-14.3652	0	0
1660	-14.4412	0	0
1659	-14.5174	0	0
1658	-13.9995	0	0
1657	-14.0773	0	0
1656	-14.1552	0	0
1655	-14.2334	0	0
1654	-13.7157	0	0
1653	-13.7917	0	0
1652	-13.868	0	0
1651	-13.9445	0	0
1650	-14.0212	0	0
1649	-13.511	0	0
1648	-13.5872	0	0
1647	-13.6635	0	0
1646	-13.7401	0	0
1645	-13.2305	0	0
1644	-13.307	0	0
1643	-13.3836	0	0
1642	-13.4604	0	0
1641	-13.5374	0	0
1640	-13.0295	0	0
1639	-13.1056	0	0
1638	-13.182	0	0
1637	-13.2585	0	0
1636	-12.7621	0	0
1635	-12.8364	0	0
1634	-12.9109	0	0
1633	-12.9855	0	0
1632	-13.0604	0	0
1631	-12.5599	0	0
1630	-12.6373	0	0
1629	-12.7148	0	0
1628	-12.7926	0	0
1627	-12.2727	0	0
1626	-12.3521	0	0
1625	-12.4318	0	0
1624	-12.5116	0	0
1623	-12.5917	0	0
1622	-12.0762	0	0
1621	-12.1529	0	0
1620	-12.2298	0	0
1619	-12.3069	0	0
1618	-11.7942	0	0
1617	-11.8735	0	0
1616	-11.953	0	0
1615	-12.0327	0	0
1614	-12.1126	0	0
1613	-11.5859	0	0
1612	-11.6669	0	0
1611	-11.7481	0	0
1610	-11.8295	0	0
1609	-11.3065	0	0
1608	-11.3853	0	0
1607	-11.4642	0	0
1606	-11.5433	0	0
1605	-11.0348	0	0
1604	-11.1125	0	0
1603	-11.1904	0	0
1602	-11.2685	0	0
1601	-11.3468	0	0
1600	-10.8376	0	0
1599	-10.9169	0	0
1598	-10.9966	0	0
1597	-11.0764	0	0
1596	-10.5672	0	0
1595	-10.6453	0	0
1594	-10.7235	0	0
1593	-10.8019	0	0
1592	-10.3125	0	0
1591	-10.3872	0	0
1590	-10.4621	0	0
1589	-10.5372	0	0
1588	-10.0501	0	0
1587	-10.1275	0	0
1586	-10.205	0	0
1585	-10.2828	0	0
1584	-10.3607	0	0
1583	-9.85983	0	0
1582	-9.93909	0	0
1581	-10.0186	0	0
1580	-10.0983	0	0
1579	-9.60451	0	0
1578	-9.68015	0	0
1577	-9.75599	0	0
1576	-9.83204	0	0
1575	-9.34552	0	0
1574	-9.42338	0	0
1573	-9.50145	0	0
1572	-9.57974	0	0
1571	-9.0782	0	0
1570	-9.15823	0	0
1569	-9.23847	0	0
1568	-9.31895	0	0
1567	-8.82559	0	0
1566	-13.7394	0	0
1565	-13.8144	0	0
1564	-13.8897	0	0
1563	-13.4473	0	0
1562	-13.5234	0	0
1561	-13.5996	0	0
1560	-13.6761	0	0
1559	-13.2387	0	0
1558	-13.3129	0	0
1557	-13.3874	0	0
1556	-13.462	0	0
1555	-13.5369	0	0
1554	-13.1016	0	0
1553	-13.1774	0	0
1552	-13.2535	0	0
1551	-13.3297	0	0
1550	-12.8844	0	0
1549	-12.9621	0	0
1548	-13.0401	0	0
1547	-13.1183	0	0
1546	-12.6692	0	0
1545	-12.7462	0	0
1544	-12.8235	0	0
1543	-12.9009	0	0
1542	-12.4449	0	0
1541	-12.5256	0	0
1540	-12.6064	0	0
1539	-12.6875	0	0
1538	-12.2121	0	0
1537	-12.295	0	0
1536	-12.3781	0	0
1535	-12.4615	0	0
1534	-11.9819	0	0
1533	-12.0638	0	0
1532	-12.146	0	0
1531	-12.2284	0	0
1530	-11.7551	0	0
1529	-11.8367	0	0
1528	-11.9185	0	0
1527	-11.45	0	0
1526	-11.531	0	0
1525	-11.6124	0	0
1524	-11.6939	0	0
1523	-11.2258	0	0
1522	-11.3074	0	0
1521	-11.3892	0	0
1520	-11.4713	0	0
1519	-11.003	0	0
1518	-11.0847	0	0
1517	-11.1665	0	0
1516	-11.2487	0	0
1515	-10.7939	0	0
1514	-10.8721	0	0
1513	-10.9504	0	0
1512	-11.029	0	0
1511	-10.5812	0	0
1510	-10.6612	0	0
1509	-10.7415	0	0
1508	-10.822	0	0
1507	-10.3571	0	0
1506	-10.4411	0	0
1505	-10.5253	0	0
1504	-10.6097	0	0
1503	-10.1416	0	0
1502	-10.2224	0	0
1501	-10.3033	0	0
1500	-9.85305	0	0
1499	-9.93262	0	0
1498	-10.0124	0	0
1497	-10.0924	0	0
1496	-9.63187	0	0
1495	-9.71578	0	0
1494	-9.79993	0	0
1493	-9.88432	0	0
1492	-9.40913	0	0
1491	-9.49385	0	0
1490	-9.57882	0	0
1489	-9.66403	0	0
1488	-9.19469	0	0
1487	-9.27692	0	0
1486	-9.35939	0	0
1485	-8.90348	0	0
1484	-8.9849	0	0
1483	-9.06655	0	0
1482	-9.14845	0	0
1481	-8.69214	0	0
1480	-8.77471	0	0
1479	-8.85753	0	0
1478	-8.94059	0	0
1477	-8.48252	0	0
1476	-8.56497	0	0
1475	-8.64766	0	0
1474	-8.20241	0	0
1473	-8.28171	0	0
1472	-8.36124	0	0
1471	-8.44101	0	0
1470	-8.01521	0	0
1469	-8.09138	0	0
1468	-8.16778	0	0
1467	-8.2444	0	0
1466	-7.82103	0	0
1465	-7.90059	0	0
1464	-7.98039	0	0
1463	-7.54437	0	0
1462	-7.62455	0	0
1461	-7.70498	0	0
1460	-7.78565	0	0
1459	-7.36174	0	0
1458	-7.43729	0	0
1457	-7.51306	0	0
1456	-7.09927	0	0
1455	-7.17682	0	0
1454	-7.25461	0	0
1453	-7.33263	0	0
1452	-6.90123	0	0
1451	-6.98324	0	0
1450	-7.06551	0	0
1449	-6.63598	0	0
1448	-6.71371	0	0
1447	-6.79168	0	0
1446	-6.86989	0	0
1445	-6.4534	0	0
1444	-6.53083	0	0
1443	-6.60851	0	0
1442	-6.18884	0	0
1441	-6.2679	0	0
1440	-6.34719	0	0
1439	-6.42673	0	0
1438	-6.00274	0	0
1437	-6.08216	0	0
1436	-6.16182	0	0
1435	-5.74388	0	0
1434	-5.82156	0	0
1433	-5.89949	0	0
1432	-5.97765	0	0
1431	-5.57086	0	0
1430	-5.64643	0	0
1429	-5.72225	0	0
1428	-5.34682	0	0
1427	-5.415	0	0
1426	-5.4834	0	0
1425	-5.55201	0	0
1424	-5.18473	0	0
1423	-5.25786	0	0
1422	-5.33122	0	0
1421	-4.94623	0	0
1420	-5.02034	0	0
1419	-5.09468	0	0
1418	-4.72489	0	0
1417	-4.79374	0	0
1416	-4.86282	0	0
1415	-4.93211	0	0
1414	-4.57326	0	0
1413	-4.64317	0	0
1412	-4.71329	0	0
1411	-4.33894	0	0
1410	-4.41341	0	0
1409	-4.48812	0	0
1408	-4.11735	0	0
1407	-4.18718	0	0
1406	-4.25724	0	0
1405	-4.32752	0	0
1404	-3.9698	0	0
1403	-4.03914	0	0
1402	-4.1087	0	0
1401	-3.74703	0	0
1400	-3.81873	0	0
1399	-3.89065	0	0
1398	-3.52344	0	0
1397	-3.59509	0	0
1396	-3.66696	0	0
1395	-3.73907	0	0
1394	-3.37552	0	0
1393	-3.44603	0	0
1392	-3.51676	0	0
1391	-3.16381	0	0
1390	-3.2322	0	0
1389	-3.30081	0	0
1388	-2.98717	0	0
1387	-3.04425	0	0
1386	-3.10151	0	0
1385	-2.81459	0	0
1384	-2.87271	0	0
1383	-2.93103	0	0
1382	-2.98953	0	0
1381	-2.69222	0	0
1380	-2.75409	0	0
1379	-2.81617	0	0
1378	-2.51796	0	0
1377	-2.57593	0	0
1376	-2.6341	0	0
1375	-2.35894	0	0
1374	-2.41271	0	0
1373	-2.46665	0	0
1372	-2.19161	0	0
1371	-2.24965	0	0
1370	-2.30788	0	0
1369	-2.0294	0	0
1368	-2.08511	0	0
1367	-2.14099	0	0
1366	-1.8671	0	0
1365	-1.92331	0	0
1364	-1.97971	0	0
1363	-2.0363	0	0
1362	-1.76509	0	0
1361	-1.81982	0	0
1360	-1.87473	0	0
1359	-1.61054	0	0
1358	-1.66471	0	0
1357	-1.71906	0	0
1356	-1.45535	0	0
1355	-1.5103	0	0
1354	-1.56542	0	0
1353	-1.30173	0	0
1352	-1.35601	0	0
1351	-1.41047	0	0
1350	-1.181	0	0
1349	-1.22232	0	0
1348	-1.26378	0	0
1347	-1.07236	0	0
1346	-1.11253	0	0
1345	-1.15284	0	0
1344	-0.95605	0	0
1343	-0.999737	0	0
1342	-1.04357	0	0
1341	-0.840518	0	0
1340	-0.883335	0	0
1339	-0.926295	0	0
1338	-0.74197	0	0
1337	-0.778448	0	0
1336	-0.815049	0	0
1335	-0.639799	0	0
1334	-0.679129	0	0
1333	-0.718592	0	0
1332	-0.534148	0	0
1331	-0.574523	0	0
1330	-0.615035	0	0
1329	-0.426892	0	0
1328	-0.467918	0	0
1327	-0.509084	0	0
1326	-0.31805	0	0
1325	-0.359816	0	0
1324	-0.401723	0	0
1323	-0.223594	0	0
1322	-0.259222	0	0
1321	-0.294967	0	0
1320	-0.137814	0	0
1319	-0.171322	0	0
1318	-0.20494	0	0
1317	-0.0501523	0	0
1316	-0.0853614	0	0
1315	-0.120688	0	0
1314	0.0197794	0	0
1313	-0.00639743	0	0
1312	-0.0326609	0	0
1311	0.0758052	0	0
1310	0.0530839	0	0
1309	0.156436	0	0
1308	0.131906	0	0
1307	0.107294	0	0
1306	0.21738	0	0
1305	0.191574	0	0
1304	0.16568	0	0
1303	0.264546	0	0
1302	0.24417	0	0
1301	0.223724	0	0
1300	0.30264	0	0
1299	0.285536	0	0
1298	0.268376	0	0
1297	0.347607	0	0
1296	0.326609	0	0
1295	0.305539	0	0
1294	0.402964	0	0
1293	0.377495	0	0
1292	0.490058	0	0
1291	0.463353	0	0
1290	0.436551	0	0
1289	0.549012	0	0
1288	0.523193	0	0
1287	0.497282	0	0
1286	0.598863	0	0
1285	0.576837	0	0
1284	0.554734	0	0
1283	0.635713	0	0
1282	0.61938	0	0
1281	0.60299	0	0
1280	0.662592	0	0
1279	0.650141	0	0
1278	0.690151	0	0
1277	0.681202	0	0
1276	0.67222	0	0
1275	0.707129	0	0
1274	0.697365	0	0
1273	0.687567	0	0
1272	0.73062	0	0
1271	0.717534	0	0
1270	0.761473	0	0
1269	0.751067	0	0
1268	0.740621	0	0
1267	0.769983	0	0
1266	0.763734	0	0
1265	0.757459	0	0
1264	0.0630251	0	0
1263	0.0198482	0	0
1262	-0.0234812	0	0
1261	0.155676	0	0
1260	0.113142	0	0
1259	0.293174	0	0
1258	0.249337	0	0
1257	0.205345	0	0
1256	0.381795	0	0
1255	0.340908	0	0
1254	0.487184	0	0
1253	0.455008	0	0
1252	0.422716	0	0
1251	0.551662	0	0
1250	0.520703	0	0
1249	0.489632	0	0
1248	0.615159	0	0
1247	0.584504	0	0
1246	0.70966	0	0
1245	0.67872	0	0
1244	0.647668	0	0
1243	0.769334	0	0
1242	0.740238	0	0
1241	0.711036	0	0
1240	0.826181	0	0
1239	0.798427	0	0
1238	0.919638	0	0
1237	0.887413	0	0
1236	0.855068	0	0
1235	0.984086	0	0
1234	0.952286	0	0
1233	1.08048	0	0
1232	1.04844	0	0
1231	1.01628	0	0
1230	1.14509	0	0
1229	1.11285	0	0
1228	1.22533	0	0
1227	1.20004	0	0
1226	1.17465	0	0
1225	1.26729	0	0
1224	1.24617	0	0
1223	1.3352	0	0
1222	1.31167	0	0
1221	1.28806	0	0
1220	1.3712	0	0
1219	1.35283	0	0
1218	1.41634	0	0
1217	1.40153	0	0
1216	1.38666	0	0
1215	1.44286	0	0
1214	1.42881	0	0
1213	1.482	0	0
1212	1.46847	0	0
1211	1.45488	0	0
1210	1.50727	0	0
1209	1.49364	0	0
1208	1.54082	0	0
1207	1.52958	0	0
1206	1.51829	0	0
1205	1.55632	0	0
1204	1.54814	0	0
1203	1.58332	0	0
1202	1.57309	0	0
1201	1.56282	0	0
1200	1.61279	0	0
1199	1.59494	0	0
1198	1.66402	0	0
1197	1.64553	0	0
1196	1.71122	0	0
1195	1.69475	0	0
1194	1.67822	0	0
1193	1.73814	0	0
1192	1.72323	0	0
1191	1.77165	0	0
1190	1.76067	0	0
1189	1.74965	0	0
1188	1.78522	0	0
1187	1.77852	0	0
1186	1.79947	0	0
1185	1.79531	0	0
1184	1.80787	0	0
1183	1.80531	0	0
1182	1.80272	0	0
1181	1.81263	0	0
1180	1.81011	0	0
1179	1.82241	0	0
1178	1.81844	0	0
1177	1.83289	0	0
1176	1.8292	0	0
1175	1.82548	0	0
1174	1.83441	0	0
1173	1.83435	0	0
1172	1.83034	0	0
1171	1.8331	0	0
1170	1.82108	0	0
1169	1.82516	0	0
1168	1.81265	0	0
1167	1.81602	0	0
1166	1.8194	0	0
1165	1.81964	0	0
1164	1.81541	0	0
1163	1.84005	0	0
1162	1.83079	0	0
1161	1.85946	0	0
1160	1.85242	0	0
1159	1.84535	0	0
1158	1.86641	0	0
1157	1.86268	0	0
1156	1.86613	0	0
1155	1.869	0	0
1154	1.84949	0	0
1153	1.85809	0	0
1152	1.83939	0	0
1151	1.84288	0	0
1150	1.84636	0	0
1149	1.83741	0	0
1148	1.83897	0	0
1147	1.83112	0	0
1146	1.83488	0	0
1145	1.82174	0	0
1144	1.82609	0	0
1143	1.80982	0	0
1142	1.81532	0	0
1141	1.79798	0	0
1140	1.80314	0	0
1139	1.80831	0	0
1138	1.79259	0	0
1137	1.79681	0	0
1136	1.78257	0	0
1135	1.78724	0	0
1134	1.76987	0	0
1133	1.77607	0	0
1132	1.76145	0	0
1131	1.76431	0	0
1130	1.76336	0	0
1129	1.76168	0	0
1128	1.76611	0	0
1127	1.76519	0	0
1126	1.7664	0	0
1125	1.76656	0	0
1124	1.76671	0	0
1123	1.76586	0	0
1122	1.76668	0	0
1121	1.76148	0	0
1120	1.76467	0	0
1119	1.7552	0	0
1118	1.75813	0	0
1117	1.75065	0	0
1116	1.75255	0	0
1115	1.74274	0	0
1114	1.74735	0	0
1113	1.73837	0	0
1112	1.73974	0	0
1111	1.73935	0	0
1110	1.7386	0	0
1109	1.73364	0	0
1108	1.7373	0	0
1107	1.72479	0	0
1106	1.72926	0	0
1105	1.71646	0	0
1104	1.72052	0	0
1103	1.71222	0	0
1102	1.71417	0	0
1101	1.71456	0	0
1100	1.7133	0	0
1099	1.72229	0	0
1098	1.71851	0	0
1097	1.72843	0	0
1096	1.72562	0	0
1095	1.72979	0	0
1094	1.72937	0	0
1093	1.72979	0	0
1092	1.72998	0	0
1091	1.73	0	0
1090	1.73007	0	0
1089	1.73186	0	0
1088	1.73109	0	0
1087	1.73505	0	0
1086	1.7336	0	0
1085	1.73883	0	0
1084	1.73708	0	0
1083	1.74317	0	0
1082	1.74112	0	0
1081	1.74792	0	0
1080	1.74565	0	0
1079	1.74865	0	0
1078	1.74868	0	0
1077	1.75267	0	0
1076	1.75057	0	0
1075	1.76371	0	0
1074	1.75756	0	0
1073	1.76336	0	0
1072	1.7651	0	0
1071	1.75327	0	0
1070	1.75996	0	0
1069	1.74566	0	0
1068	1.74931	0	0
1067	1.74262	0	0
1066	1.74382	0	0
1065	1.74027	0	0
1064	1.74194	0	0
1063	1.73662	0	0
1062	1.73921	0	0
1061	1.73139	0	0
1060	1.71677	0	0
1059	1.72304	0	0
1058	1.70145	0	0
1057	1.71033	0	0
1056	1.68489	0	0
1055	1.69455	0	0
1054	1.66871	0	0
1053	1.67809	0	0
1052	1.65339	0	0
1051	1.66222	0	0
1050	1.63666	0	0
1049	1.6469	0	0
1048	1.61758	0	0
1047	1.62946	0	0
1046	1.59708	0	0
1045	1.55968	0	0
1044	1.57453	0	0
1043	1.53075	0	0
1042	1.54822	0	0
1041	1.50642	0	0
1040	1.52025	0	0
1039	1.48124	0	0
1038	1.49688	0	0
1037	1.44865	0	0
1036	1.38669	0	0
1035	1.41055	0	0
1034	1.34799	0	0
1033	1.37161	0	0
1032	1.30856	0	0
1031	1.33286	0	0
1030	1.26673	0	0
1029	1.29318	0	0
1028	1.22289	0	0
1027	1.14867	0	0
1026	1.17754	0	0
1025	1.09698	0	0
1024	1.12975	0	0
1023	1.04239	0	0
1022	1.07742	0	0
1021	0.986617	0	0
1020	0.892918	0	0
1019	0.929806	0	0
1018	0.833678	0	0
1017	0.871656	0	0
1016	0.772857	0	0
1015	0.812371	0	0
1014	0.709526	0	0
1013	0.59981	0	0
1012	0.64374	0	0
1011	0.528983	0	0
1010	0.57574	0	0
1009	0.458089	0	0
1008	0.343006	0	0
1007	0.388317	0	0
1006	0.268403	0	0
1005	0.318046	0	0
1004	0.190833	0	0
1003	0.243451	0	0
1002	0.112061	0	0
1001	-0.0218887	0	0
1000	0.0325789	0	0
999	-0.104266	0	0
998	-0.047987	0	0
997	-0.188408	0	0
996	-0.333931	0	0
995	-0.274124	0	0
994	-0.42272	0	0
993	-0.361092	0	0
992	-0.513344	0	0
991	-0.670174	0	0
990	-0.605357	0	0
989	-0.763751	0	0
988	-0.697943	0	0
987	-0.858099	0	0
986	-1.02182	0	0
985	-0.953345	0	0
984	-1.11995	0	0
983	-1.29173	0	0
982	-1.21946	0	0
981	-1.39571	0	0
980	-1.32051	0	0
979	-1.50057	0	0
978	-1.6808	0	0
977	-1.60534	0	0
976	-1.78559	0	0
975	-1.97117	0	0
974	-1.89184	0	0
973	-2.08007	0	0
972	-1.99968	0	0
971	-2.18905	0	0
970	-2.38078	0	0
969	-2.29835	0	0
968	-2.4923	0	0
967	-2.68917	0	0
966	-2.60432	0	0
965	-2.80348	0	0
964	-3.00657	0	0
963	-2.91852	0	0
962	0.46609	0	0
961	0.517644	0	0
960	0.404589	0	0
959	0.287456	0	0
958	0.342304	0	0
957	0.223071	0	0
956	0.100675	0	0
955	0.158177	0	0
954	0.0321369	0	0
953	-0.0999805	0	0
952	-0.0375364	0	0
951	-0.171688	0	0
950	-0.308137	0	0
949	-0.243664	0	0
948	-0.381321	0	0
947	-0.521085	0	0
946	-0.454726	0	0
945	-0.59636	0	0
944	-0.741083	0	0
943	-0.671971	0	0
942	-0.818571	0	0
941	-0.968676	0	0
940	-0.896454	0	0
939	-1.04692	0	0
938	-1.19591	0	0
937	-1.12463	0	0
936	-1.27574	0	0
935	-1.43302	0	0
934	-1.35632	0	0
933	-1.51497	0	0
932	-1.6748	0	0
931	-1.59672	0	0
930	-1.75824	0	0
929	-1.92226	0	0
928	-1.84182	0	0
927	-2.00679	0	0
926	-2.17351	0	0
925	-2.34338	0	0
924	-2.25937	0	0
923	-2.43117	0	0
922	-2.60457	0	0
921	-2.51877	0	0
920	-2.69246	0	0
919	-2.86749	0	0
918	-2.78007	0	0
917	-2.95609	0	0
916	-3.13346	0	0
915	-3.31326	0	0
914	-3.22282	0	0
913	-3.40416	0	0
912	-3.58762	0	0
911	-3.49485	0	0
910	-3.67889	0	0
909	-3.86254	0	0
908	-4.04777	0	0
907	-3.95345	0	0
906	-4.14021	0	0
905	-4.32828	0	0
904	-4.5168	0	0
903	-4.42061	0	0
902	-4.6098	0	0
901	-4.80042	0	0
900	-4.70241	0	0
899	-4.89363	0	0
898	-5.08575	0	0
897	-5.27914	0	0
896	-5.17905	0	0
895	-5.37316	0	0
894	-5.56819	0	0
893	-5.7635	0	0
892	-5.66202	0	0
891	-5.85747	0	0
890	-6.05329	0	0
889	-6.25032	0	0
888	-6.14706	0	0
887	-6.34498	0	0
886	-6.54443	0	0
885	-6.74438	0	0
884	-6.63911	0	0
883	-6.83884	0	0
882	-7.03733	0	0
881	-7.23604	0	0
880	-7.43592	0	0
879	-7.33005	0	0
878	-7.52999	0	0
877	-7.72961	0	0
876	-7.92977	0	0
875	-7.82315	0	0
874	-8.02372	0	0
873	-8.225	0	0
872	-8.42696	0	0
871	-8.6295	0	0
870	-8.52087	0	0
869	-8.72353	0	0
868	-8.92621	0	0
867	-9.12832	0	0
866	-9.01959	0	0
865	-9.22116	0	0
864	-9.42086	0	0
863	-9.61931	0	0
862	-9.8173	0	0
861	-9.71059	0	0
860	-9.90847	0	0
859	-10.1063	0	0
858	-10.304	0	0
857	-10.5015	0	0
856	-10.6987	0	0
855	-10.5918	0	0
854	-10.7889	0	0
853	-10.9854	0	0
852	-11.1805	0	0
851	-11.3743	0	0
850	-11.2693	0	0
849	-11.4626	0	0
848	-11.6544	0	0
847	-11.8443	0	0
846	-12.0331	0	0
845	-12.2215	0	0
844	-12.1196	0	0
843	-12.3076	0	0
842	-12.4941	0	0
841	-12.6788	0	0
840	-12.8616	0	0
839	-13.0426	0	0
838	-12.9457	0	0
837	-13.126	0	0
836	-13.3045	0	0
835	-13.4807	0	0
834	-13.6551	0	0
833	-13.8281	0	0
832	-13.9992	0	0
831	-13.9091	0	0
830	-14.0794	0	0
829	-14.247	0	0
828	-14.4121	0	0
827	-14.5751	0	0
826	-14.736	0	0
825	-14.8946	0	0
824	-15.0508	0	0
823	-14.9715	0	0
822	-15.127	0	0
821	-15.28	0	0
820	-15.4306	0	0
819	-15.5791	0	0
818	-15.7254	0	0
817	-15.8691	0	0
816	-16.0096	0	0
815	-16.1466	0	0
814	-16.0824	0	0
813	-16.2185	0	0
812	-16.3515	0	0
811	-16.4814	0	0
810	-16.6084	0	0
809	-16.7325	0	0
808	-16.854	0	0
807	-16.9727	0	0
806	-17.0885	0	0
805	-17.2012	0	0
804	-17.3108	0	0
803	-17.2693	0	0
802	-17.3782	0	0
801	-17.484	0	0
800	-17.5861	0	0
799	-17.6844	0	0
798	-17.7795	0	0
797	-17.8717	0	0
796	-17.9607	0	0
795	-18.0464	0	0
794	-18.129	0	0
793	-18.2084	0	0
792	-18.2844	0	0
791	-18.3572	0	0
790	-18.427	0	0
789	-18.4937	0	0
788	-18.5574	0	0
787	-18.6178	0	0
786	-18.6746	0	0
785	-18.7273	0	0
784	-18.7378	0	0
783	-18.7904	0	0
782	-18.84	0	0
781	-18.8868	0	0
780	-18.9307	0	0
779	-18.9714	0	0
778	-19.0091	0	0
777	-19.0443	0	0
776	-19.0771	0	0
775	-19.1065	0	0
774	-19.132	0	0
773	-19.1539	0	0
772	-19.1727	0	0
771	-19.1886	0	0
770	-19.2015	0	0
769	-19.2116	0	0
768	-19.2189	0	0
767	-19.2236	0	0
766	-19.2258	0	0
765	-19.2254	0	0
764	-19.2224	0	0
763	-19.2168	0	0
762	-19.2088	0	0
761	-19.1982	0	0
760	-19.1849	0	0
759	-19.0615	0	0
758	-19.0382	0	0
757	-19.012	0	0
756	-18.9833	0	0
755	-18.9525	0	0
754	-18.9198	0	0
753	-18.8853	0	0
752	-18.8491	0	0
751	-18.8111	0	0
750	-18.771	0	0
749	-18.7288	0	0
748	-18.6842	0	0
747	-18.6376	0	0
746	-18.5892	0	0
745	-18.5391	0	0
744	-18.4872	0	0
743	-18.4336	0	0
742	-18.1842	0	0
741	-18.1245	0	0
740	-18.0637	0	0
739	-18.0018	0	0
738	-17.9389	0	0
737	-17.8748	0	0
736	-17.8095	0	0
735	-17.7425	0	0
734	-17.6741	0	0
733	-17.6047	0	0
732	-17.5345	0	0
731	-17.2281	0	0
730	-17.153	0	0
729	-17.0788	0	0
728	-17.006	0	0
727	-16.9335	0	0
726	-16.8602	0	0
725	-16.7846	0	0
724	-16.7064	0	0
723	-16.3669	0	0
722	-16.284	0	0
721	-16.2006	0	0
720	-16.1167	0	0
719	-16.0323	0	0
718	-15.9476	0	0
717	-15.5933	0	0
716	-15.5075	0	0
715	-15.4215	0	0
714	-15.3355	0	0
713	-15.2494	0	0
712	-15.1632	0	0
711	-14.7981	0	0
710	-14.7098	0	0
709	-14.6217	0	0
708	-14.5339	0	0
707	-14.4464	0	0
706	-14.3591	0	0
705	-13.9889	0	0
704	-13.9011	0	0
703	-13.8136	0	0
702	-13.7263	0	0
701	-13.3552	0	0
700	-13.2679	0	0
699	-13.1809	0	0
698	-13.0943	0	0
697	-13.0081	0	0
696	-12.6398	0	0
695	-12.5547	0	0
694	-12.4701	0	0
693	-12.3859	0	0
692	-12.0231	0	0
691	-11.9408	0	0
690	-11.8589	0	0
689	-11.7775	0	0
688	-11.4225	0	0
687	-11.3427	0	0
686	-11.2637	0	0
685	-11.1859	0	0
684	-10.8582	0	0
683	-10.7876	0	0
682	-10.7154	0	0
681	-10.6415	0	0
680	-10.2962	0	0
679	-10.2218	0	0
678	-10.1484	0	0
677	-9.81743	0	0
676	-9.74622	0	0
675	-9.67551	0	0
674	-9.35215	0	0
673	-9.28428	0	0
672	-9.21704	0	0
671	-8.90482	0	0
670	-8.84017	0	0
669	-8.77619	0	0
668	-8.47444	0	0
667	-8.41209	0	0
666	-8.35019	0	0
665	-8.05502	0	0
664	-7.99567	0	0
663	-7.93689	0	0
662	-7.65353	0	0
661	-7.59782	0	0
660	-7.54267	0	0
659	-8.59351	0	0
658	-8.5417	0	0
657	-8.49037	0	0
656	-8.22303	0	0
655	-8.17306	0	0
654	-7.91134	0	0
653	-7.86351	0	0
652	-7.81614	0	0
651	-7.56306	0	0
650	-7.51742	0	0
649	-7.27074	0	0
648	-7.22725	0	0
647	-7.1842	0	0
646	-6.94747	0	0
645	-6.90606	0	0
644	-6.67525	0	0
643	-6.63775	0	0
642	-6.43357	0	0
641	-6.39981	0	0
640	-6.18595	0	0
639	-6.14852	0	0
638	-6.11138	0	0
637	-5.89816	0	0
636	-5.86404	0	0
635	-5.6596	0	0
634	-5.62698	0	0
633	-5.42831	0	0
632	-5.39729	0	0
631	-5.20553	0	0
630	-5.1763	0	0
629	-4.9922	0	0
628	-4.96471	0	0
627	-nan	0	0
626	-nan	0	0
625	-nan	0	0
624	-nan	0	0
623	-nan	0	0
622	-nan	0	0
621	-nan	0	0
620	-nan	0	0
619	-nan	0	0
618	-nan	0	0
617	-nan	0	0
616	39439.1	0	0
615	39324.1	0	0
614	39208.5	0	0
613	39092.2	0	0
612	38975.1	0	0
611	38857.3	0	0
610	38738.7	0	0
609	38619.4	0	0
608	38499.4	0	0
607	38378.7	0	0
606	38257.2	0	0
605	38135	0	0
604	38012	0	0
603	37888.3	0	0
602	37763.8	0	0
601	37638.6	0	0
600	37512.6	0	0
599	37385.9	0	0
598	37258.4	0	0
597	37130.2	0	0
596	37001.2	0	0
595	36871.4	0	0
594	36740.9	0	0
593	36609.6	0	0
592	36477.6	0	0
591	36344.8	0	0
590	36211.2	0	0
589	36076.9	0	0
588	35941.8	0	0
587	35805.9	0	0
586	35669.2	0	0
585	35531.8	0	0
584	35393.6	0	0
583	35254.6	0	0
582	35114.8	0	0
581	34974.3	0	0
580	34832.9	0	0
579	34690.8	0	0
578	34547.9	0	0
577	34404.2	0	0
576	34259.8	0	0
575	34114.5	0	0
574	33968.5	0	0
573	33821.7	0	0
572	33674	0	0
571	33525.6	0	0
570	33376.4	0	0
569	33226.5	0	0
568	33075.7	0	0
567	32924.1	0	0
566	32771.8	0	0
565	32618.6	0	0
564	32464.6	0	0
563	32309.9	0	0
562	32154.4	0	0
561	31998	0	0
560	31840.9	0	0
559	31683	0	0
558	31524.3	0	0
557	31364.8	0	0
556	31204.5	0	0
555	31043.4	0	0
554	30881.5	0	0
553	30718.9	0	0
552	30555.4	0	0
551	30391.1	0	0
550	30226.1	0	0
549	30060.3	0	0
548	29893.6	0	0
547	29726.2	0	0
546	29558	0	0
545	29389.1	0	0
544	29219.3	0	0
543	29048.7	0	0
542	28877.4	0	0
541	28705.3	0	0
540	28532.4	0	0
539	28358.8	0	0
538	28184.3	0	0
537	28009.1	0	0
536	27833.2	0	0
535	27656.4	0	0
534	27478.9	0	0
533	27300.6	0	0
532	27121.6	0	0
531	26941.8	0	0
530	26761.3	0	0
529	26580	0	0
528	26397.9	0	0
527	26215.2	0	0
526	26031.6	0	0
525	25847.4	0	0
524	25662.4	0	0
523	25476.6	0	0
522	25290.2	0	0
521	25103	0	0
520	24915.1	0	0
519	24726.5	0	0
518	24537.2	0	0
517	24347.2	0	0
516	24156.5	0	0
515	23965.1	0	0
514	23773	0	0
513	23580.2	0	0
512	23386.8	0	0
511	23192.7	0	0
510	22997.9	0	0
509	22802.5	0	0
508	22606.4	0	0
507	22409.7	0	0
