4379	-nan	0	0
4378	-nan	0	0
4377	-nan	0	0
4376	-nan	0	0
4375	-nan	0	0
4374	-nan	0	0
4373	-nan	0	0
4372	-nan	0	0
4371	-nan	0	0
4370	-nan	0	0
4369	-nan	0	0
4368	-nan	0	0
4367	-nan	0	0
4366	-nan	0	0
4365	-nan	0	0
4364	-nan	0	0
4363	-nan	0	0
4362	-nan	0	0
4361	-nan	0	0
4360	-nan	0	0
4359	-nan	0	0
4358	-nan	0	0
4357	-nan	0	0
4356	-nan	0	0
4355	-nan	0	0
4354	-nan	0	0
4353	-nan	0	0
4352	-nan	0	0
4351	-nan	0	0
4350	-nan	0	0
4349	-nan	0	0
4348	-nan	0	0
4347	-nan	0	0
4346	-nan	0	0
4345	-nan	0	0
4344	-nan	0	0
4343	-nan	0	0
4342	-nan	0	0
4341	-nan	0	0
4340	-nan	0	0
4339	-nan	0	0
4338	-nan	0	0
4337	-nan	0	0
4336	-nan	0	0
4335	-nan	0	0
4334	-nan	0	0
4333	-nan	0	0
4332	-nan	0	0
4331	-nan	0	0
4330	-nan	0	0
4329	-nan	0	0
4328	-nan	0	0
4327	-nan	0	0
4326	-nan	0	0
4325	-nan	0	0
4324	-nan	0	0
4323	-nan	0	0
4322	-nan	0	0
4321	-nan	0	0
4320	-nan	0	0
4319	-nan	0	0
4318	-nan	0	0
4317	-nan	0	0
4316	-nan	0	0
4315	-nan	0	0
4314	-nan	0	0
4313	-nan	0	0
4312	-nan	0	0
4311	-nan	0	0
4310	-nan	0	0
4309	-nan	0	0
4308	-nan	0	0
4307	-nan	0	0
4306	-nan	0	0
4305	-nan	0	0
4304	-nan	0	0
4303	-nan	0	0
4302	-nan	0	0
4301	-nan	0	0
4300	-nan	0	0
4299	-nan	0	0
4298	-nan	0	0
4297	-nan	0	0
4296	-nan	0	0
4295	-nan	0	0
4294	-nan	0	0
4293	-nan	0	0
4292	-nan	0	0
4291	-nan	0	0
4290	-nan	0	0
4289	-nan	0	0
4288	-nan	0	0
4287	-nan	0	0
4286	-nan	0	0
4285	-nan	0	0
4284	-nan	0	0
4283	-nan	0	0
4282	-nan	0	0
4281	-nan	0	0
4280	-nan	0	0
4279	-nan	0	0
4278	-nan	0	0
4277	-nan	0	0
4276	-nan	0	0
4275	-nan	0	0
4274	-nan	0	0
4273	-nan	0	0
4272	-nan	0	0
4271	-nan	0	0
4270	-nan	0	0
4269	-nan	0	0
4268	-nan	0	0
4267	-nan	0	0
4266	-nan	0	0
4265	-nan	0	0
4264	-nan	0	0
4263	-nan	0	0
4262	-nan	0	0
4261	-nan	0	0
4260	-nan	0	0
4259	-nan	0	0
4258	-nan	0	0
4257	-nan	0	0
4256	-nan	0	0
4255	-nan	0	0
4254	-nan	0	0
4253	-nan	0	0
4252	-nan	0	0
4251	-nan	0	0
4250	-nan	0	0
4249	-nan	0	0
4248	-nan	0	0
4247	-nan	0	0
4246	-nan	0	0
4245	-nan	0	0
4244	-nan	0	0
4243	-nan	0	0
4242	-nan	0	0
4241	-nan	0	0
4240	-nan	0	0
4239	-nan	0	0
4238	-nan	0	0
4237	-nan	0	0
4236	-nan	0	0
4235	-nan	0	0
4234	-nan	0	0
4233	-nan	0	0
4232	-nan	0	0
4231	-nan	0	0
4230	-nan	0	0
4229	-nan	0	0
4228	-nan	0	0
4227	-nan	0	0
4226	-nan	0	0
4225	-nan	0	0
4224	-nan	0	0
4223	-nan	0	0
4222	-nan	0	0
4221	-nan	0	0
4220	-nan	0	0
4219	-nan	0	0
4218	-nan	0	0
4217	-nan	0	0
4216	-nan	0	0
4215	-nan	0	0
4214	-nan	0	0
4213	-nan	0	0
4212	-nan	0	0
4211	-nan	0	0
4210	-nan	0	0
4209	-nan	0	0
4208	-nan	0	0
4207	-nan	0	0
4206	-nan	0	0
4205	-nan	0	0
4204	-nan	0	0
4203	-nan	0	0
4202	-nan	0	0
4201	-nan	0	0
4200	-nan	0	0
4199	-nan	0	0
4198	-nan	0	0
4197	-nan	0	0
4196	-nan	0	0
4195	-nan	0	0
4194	-nan	0	0
4193	-nan	0	0
4192	-nan	0	0
4191	-nan	0	0
4190	-nan	0	0
4189	-nan	0	0
4188	-nan	0	0
4187	-nan	0	0
4186	-nan	0	0
4185	-nan	0	0
4184	-nan	0	0
4183	-nan	0	0
4182	-nan	0	0
4181	-nan	0	0
4180	-nan	0	0
4179	-nan	0	0
4178	-nan	0	0
4177	-nan	0	0
4176	-nan	0	0
4175	-nan	0	0
4174	-nan	0	0
4173	-nan	0	0
4172	-nan	0	0
4171	-nan	0	0
4170	-nan	0	0
4169	-nan	0	0
4168	-nan	0	0
4167	-nan	0	0
4166	-nan	0	0
4165	-nan	0	0
4164	-nan	0	0
4163	-nan	0	0
4162	-nan	0	0
4161	-nan	0	0
4160	-nan	0	0
4159	-nan	0	0
4158	-nan	0	0
4157	-nan	0	0
4156	-nan	0	0
4155	-nan	0	0
4154	-nan	0	0
4153	-nan	0	0
4152	-nan	0	0
4151	-nan	0	0
4150	-nan	0	0
4149	-nan	0	0
4148	-nan	0	0
4147	-nan	0	0
4146	-11.847	0	0
4145	-11.8592	0	0
4144	-11.6029	0	0
4143	-11.6165	0	0
4142	-11.6301	0	0
4141	-11.6437	0	0
4140	-11.6573	0	0
4139	-11.671	0	0
4138	-11.6846	0	0
4137	-11.6983	0	0
4136	-11.712	0	0
4135	-11.7257	0	0
4134	-11.7394	0	0
4133	-11.7531	0	0
4132	-11.7668	0	0
4131	-11.7806	0	0
4130	-11.7943	0	0
4129	-11.8081	0	0
4128	-11.8219	0	0
4127	-11.5325	0	0
4126	-11.5466	0	0
4125	-11.5608	0	0
4124	-11.5749	0	0
4123	-11.589	0	0
4122	-11.6032	0	0
4121	-11.6173	0	0
4120	-11.6315	0	0
4119	-11.6457	0	0
4118	-11.6599	0	0
4117	-11.6741	0	0
4116	-11.6884	0	0
4115	-11.7026	0	0
4114	-11.7169	0	0
4113	-11.7311	0	0
4112	-11.7454	0	0
4111	-11.7597	0	0
4110	-11.462	0	0
4109	-11.4762	0	0
4108	-11.4905	0	0
4107	-11.5047	0	0
4106	-11.519	0	0
4105	-11.5333	0	0
4104	-11.5476	0	0
4103	-11.5619	0	0
4102	-11.5762	0	0
4101	-11.5905	0	0
4100	-11.6049	0	0
4099	-11.6192	0	0
4098	-11.6336	0	0
4097	-11.648	0	0
4096	-11.6624	0	0
4095	-11.6768	0	0
4094	-11.6912	0	0
4093	-11.3927	0	0
4092	-11.407	0	0
4091	-11.4213	0	0
4090	-11.4356	0	0
4089	-11.4499	0	0
4088	-11.4642	0	0
4087	-11.4785	0	0
4086	-11.4929	0	0
4085	-11.5073	0	0
4084	-11.5216	0	0
4083	-11.536	0	0
4082	-11.5504	0	0
4081	-11.5649	0	0
4080	-11.5793	0	0
4079	-11.5937	0	0
4078	-11.6082	0	0
4077	-11.6227	0	0
4076	-11.325	0	0
4075	-11.3393	0	0
4074	-11.3536	0	0
4073	-11.368	0	0
4072	-11.3823	0	0
4071	-11.3966	0	0
4070	-11.411	0	0
4069	-11.4254	0	0
4068	-11.4398	0	0
4067	-11.4542	0	0
4066	-11.4686	0	0
4065	-11.483	0	0
4064	-11.4975	0	0
4063	-11.5119	0	0
4062	-11.5264	0	0
4061	-11.5409	0	0
4060	-11.2451	0	0
4059	-11.2593	0	0
4058	-11.2736	0	0
4057	-11.2879	0	0
4056	-11.3023	0	0
4055	-11.3166	0	0
4054	-11.3309	0	0
4053	-11.3453	0	0
4052	-11.3597	0	0
4051	-11.3741	0	0
4050	-11.3885	0	0
4049	-11.4029	0	0
4048	-11.4173	0	0
4047	-11.4318	0	0
4046	-11.4462	0	0
4045	-11.4607	0	0
4044	-11.4752	0	0
4043	-11.1814	0	0
4042	-11.1956	0	0
4041	-11.2099	0	0
4040	-11.2242	0	0
4039	-11.2385	0	0
4038	-11.2529	0	0
4037	-11.2672	0	0
4036	-11.2816	0	0
4035	-11.2959	0	0
4034	-11.3103	0	0
4033	-11.3247	0	0
4032	-11.3392	0	0
4031	-11.3536	0	0
4030	-11.368	0	0
4029	-11.3825	0	0
4028	-11.397	0	0
4027	-11.1057	0	0
4026	-11.1199	0	0
4025	-11.1342	0	0
4024	-11.1484	0	0
4023	-11.1627	0	0
4022	-11.177	0	0
4021	-11.1913	0	0
4020	-11.2056	0	0
4019	-11.22	0	0
4018	-11.2343	0	0
4017	-11.2487	0	0
4016	-11.2631	0	0
4015	-11.2775	0	0
4014	-11.2919	0	0
4013	-11.3063	0	0
4012	-11.3208	0	0
4011	-11.0322	0	0
4010	-11.0464	0	0
4009	-11.0606	0	0
4008	-11.0749	0	0
4007	-11.0891	0	0
4006	-11.1034	0	0
4005	-11.1177	0	0
4004	-11.132	0	0
4003	-11.1463	0	0
4002	-11.1606	0	0
4001	-11.1749	0	0
4000	-11.1893	0	0
3999	-11.2037	0	0
3998	-11.218	0	0
3997	-11.2324	0	0
3996	-11.2469	0	0
3995	-10.9611	0	0
3994	-10.9753	0	0
3993	-10.9895	0	0
3992	-11.0037	0	0
3991	-11.0179	0	0
3990	-11.0321	0	0
3989	-11.0463	0	0
3988	-11.0606	0	0
3987	-11.0748	0	0
3986	-11.0891	0	0
3985	-11.1034	0	0
3984	-11.1177	0	0
3983	-11.1321	0	0
3982	-11.1464	0	0
3981	-11.1608	0	0
3980	-11.1751	0	0
3979	-10.8923	0	0
3978	-10.9064	0	0
3977	-10.9206	0	0
3976	-10.9348	0	0
3975	-10.9489	0	0
3974	-10.9631	0	0
3973	-10.9773	0	0
3972	-10.9915	0	0
3971	-11.0058	0	0
3970	-11.02	0	0
3969	-11.0343	0	0
3968	-11.0485	0	0
3967	-11.0628	0	0
3966	-11.0771	0	0
3965	-11.0915	0	0
3964	-11.1058	0	0
3963	-10.8258	0	0
3962	-10.8399	0	0
3961	-10.854	0	0
3960	-10.8681	0	0
3959	-10.8822	0	0
3958	-10.8964	0	0
3957	-10.9106	0	0
3956	-10.9247	0	0
3955	-10.9389	0	0
3954	-10.9531	0	0
3953	-10.9674	0	0
3952	-10.9816	0	0
3951	-10.9959	0	0
3950	-11.0101	0	0
3949	-11.0244	0	0
3948	-10.7476	0	0
3947	-10.7616	0	0
3946	-10.7757	0	0
3945	-10.7897	0	0
3944	-10.8038	0	0
3943	-10.8179	0	0
3942	-10.832	0	0
3941	-10.8461	0	0
3940	-10.8603	0	0
3939	-10.8744	0	0
3938	-10.8886	0	0
3937	-10.9028	0	0
3936	-10.917	0	0
3935	-10.9312	0	0
3934	-10.9454	0	0
3933	-10.9596	0	0
3932	-10.6855	0	0
3931	-10.6995	0	0
3930	-10.7136	0	0
3929	-10.7276	0	0
3928	-10.7417	0	0
3927	-10.7557	0	0
3926	-10.7698	0	0
3925	-10.7839	0	0
3924	-10.798	0	0
3923	-10.8121	0	0
3922	-10.8263	0	0
3921	-10.8404	0	0
3920	-10.8546	0	0
3919	-10.8688	0	0
3918	-10.883	0	0
3917	-10.6119	0	0
3916	-10.6259	0	0
3915	-10.6398	0	0
3914	-10.6538	0	0
3913	-11.7544	0	0
3912	-11.7682	0	0
3911	-11.7821	0	0
3910	-11.796	0	0
3909	-11.81	0	0
3908	-11.8239	0	0
3907	-11.8379	0	0
3906	-11.8518	0	0
3905	-11.8658	0	0
3904	-11.8798	0	0
3903	-11.8938	0	0
3902	-11.9078	0	0
3901	-11.6574	0	0
3900	-11.6712	0	0
3899	-11.6851	0	0
3898	-11.699	0	0
3897	-11.7128	0	0
3896	-11.7267	0	0
3895	-11.7406	0	0
3894	-11.7546	0	0
3893	-11.7685	0	0
3892	-11.7825	0	0
3891	-11.7964	0	0
3890	-11.8104	0	0
3889	-11.8244	0	0
3888	-11.8384	0	0
3887	-11.8524	0	0
3886	-11.6036	0	0
3885	-11.6174	0	0
3884	-11.6313	0	0
3883	-11.6451	0	0
3882	-11.659	0	0
3881	-11.6729	0	0
3880	-11.6868	0	0
3879	-11.7008	0	0
3878	-11.7147	0	0
3877	-11.7287	0	0
3876	-11.7426	0	0
3875	-11.7566	0	0
3874	-11.7706	0	0
3873	-11.7846	0	0
3872	-11.7986	0	0
3871	-11.5514	0	0
3870	-11.5652	0	0
3869	-11.5791	0	0
3868	-11.593	0	0
3867	-11.6068	0	0
3866	-11.6207	0	0
3865	-11.6346	0	0
3864	-11.6486	0	0
3863	-11.6625	0	0
3862	-11.6765	0	0
3861	-11.6904	0	0
3860	-11.7044	0	0
3859	-11.7184	0	0
3858	-11.7324	0	0
3857	-11.7464	0	0
3856	-11.5008	0	0
3855	-11.5147	0	0
3854	-11.5285	0	0
3853	-11.5424	0	0
3852	-11.5563	0	0
3851	-11.5702	0	0
3850	-11.5841	0	0
3849	-11.598	0	0
3848	-11.6119	0	0
3847	-11.6259	0	0
3846	-11.6399	0	0
3845	-11.6539	0	0
3844	-11.6679	0	0
3843	-11.6819	0	0
3842	-11.438	0	0
3841	-11.4519	0	0
3840	-11.4657	0	0
3839	-11.4796	0	0
3838	-11.4934	0	0
3837	-11.5073	0	0
3836	-11.5212	0	0
3835	-11.5351	0	0
3834	-11.549	0	0
3833	-11.563	0	0
3832	-11.5769	0	0
3831	-11.5909	0	0
3830	-11.6049	0	0
3829	-11.6189	0	0
3828	-11.6329	0	0
3827	-11.3907	0	0
3826	-11.4046	0	0
3825	-11.4184	0	0
3824	-11.4322	0	0
3823	-11.4461	0	0
3822	-11.46	0	0
3821	-11.4739	0	0
3820	-11.4878	0	0
3819	-11.5017	0	0
3818	-11.5157	0	0
3817	-11.5296	0	0
3816	-11.5436	0	0
3815	-11.5576	0	0
3814	-11.5715	0	0
3813	-11.5856	0	0
3812	-11.345	0	0
3811	-11.3588	0	0
3810	-11.3727	0	0
3809	-11.3865	0	0
3808	-11.4004	0	0
3807	-11.4143	0	0
3806	-11.4282	0	0
3805	-11.4421	0	0
3804	-11.456	0	0
3803	-11.4699	0	0
3802	-11.4839	0	0
3801	-11.4979	0	0
3800	-11.5119	0	0
3799	-11.5259	0	0
3798	-11.287	0	0
3797	-11.3008	0	0
3796	-11.3146	0	0
3795	-11.3285	0	0
3794	-11.3423	0	0
3793	-11.3562	0	0
3792	-11.3701	0	0
3791	-11.384	0	0
3790	-11.3979	0	0
3789	-11.4119	0	0
3788	-11.4258	0	0
3787	-11.4398	0	0
3786	-11.4537	0	0
3785	-11.4677	0	0
3784	-11.4817	0	0
3783	-11.2443	0	0
3782	-11.2582	0	0
3781	-11.272	0	0
3780	-11.2858	0	0
3779	-11.2997	0	0
3778	-11.3136	0	0
3777	-11.3275	0	0
3776	-11.3414	0	0
3775	-11.3553	0	0
3774	-11.3693	0	0
3773	-11.3832	0	0
3772	-11.3972	0	0
3771	-11.4112	0	0
3770	-11.4252	0	0
3769	-11.1895	0	0
3768	-11.2033	0	0
3767	-11.2171	0	0
3766	-11.2309	0	0
3765	-11.2448	0	0
3764	-11.2587	0	0
3763	-11.2725	0	0
3762	-11.2864	0	0
3761	-11.3003	0	0
3760	-11.3143	0	0
3759	-11.3282	0	0
3758	-11.3422	0	0
3757	-11.3561	0	0
3756	-11.3701	0	0
3755	-11.1361	0	0
3754	-11.1499	0	0
3753	-11.1637	0	0
3752	-11.1776	0	0
3751	-11.1914	0	0
3750	-11.2053	0	0
3749	-11.2191	0	0
3748	-11.233	0	0
3747	-11.2469	0	0
3746	-11.2609	0	0
3745	-11.2748	0	0
3744	-11.2887	0	0
3743	-11.3027	0	0
3742	-11.3167	0	0
3741	-11.0841	0	0
3740	-11.0979	0	0
3739	-11.1117	0	0
3738	-11.1256	0	0
3737	-11.1394	0	0
3736	-11.1533	0	0
3735	-11.1672	0	0
3734	-11.1811	0	0
3733	-11.195	0	0
3732	-11.2089	0	0
3731	-11.2228	0	0
3730	-11.2368	0	0
3729	-11.2508	0	0
3728	-11.2648	0	0
3727	-11.0338	0	0
3726	-11.0476	0	0
3725	-11.0614	0	0
3724	-11.0752	0	0
3723	-11.089	0	0
3722	-11.1029	0	0
3721	-11.1167	0	0
3720	-11.1306	0	0
3719	-11.1445	0	0
3718	-11.1584	0	0
3717	-11.1723	0	0
3716	-11.1863	0	0
3715	-11.2002	0	0
3714	-11.2142	0	0
3713	-10.985	0	0
3712	-10.9988	0	0
3711	-11.0126	0	0
3710	-11.0264	0	0
3709	-11.0402	0	0
3708	-11.054	0	0
3707	-11.0679	0	0
3706	-11.0818	0	0
3705	-11.0957	0	0
3704	-11.1096	0	0
3703	-11.1235	0	0
3702	-11.1374	0	0
3701	-11.1514	0	0
3700	-10.9238	0	0
3699	-10.9375	0	0
3698	-10.9513	0	0
3697	-10.9651	0	0
3696	-10.9789	0	0
3695	-10.9928	0	0
3694	-11.0066	0	0
3693	-11.0205	0	0
3692	-11.0343	0	0
3691	-11.0482	0	0
3690	-11.0621	0	0
3689	-11.0761	0	0
3688	-11.09	0	0
3687	-11.104	0	0
3686	-10.8779	0	0
3685	-10.8916	0	0
3684	-10.9054	0	0
3683	-10.9192	0	0
3682	-10.933	0	0
3681	-10.9468	0	0
3680	-11.7465	0	0
3679	-11.7605	0	0
3678	-11.7745	0	0
3677	-11.7885	0	0
3676	-11.8025	0	0
3675	-11.8166	0	0
3674	-11.8306	0	0
3673	-11.8447	0	0
3672	-11.6265	0	0
3671	-11.6404	0	0
3670	-11.6543	0	0
3669	-11.6683	0	0
3668	-11.6822	0	0
3667	-11.6962	0	0
3666	-11.7102	0	0
3665	-11.7242	0	0
3664	-11.7382	0	0
3663	-11.7522	0	0
3662	-11.7663	0	0
3661	-11.7803	0	0
3660	-11.7944	0	0
3659	-11.5772	0	0
3658	-11.5912	0	0
3657	-11.6051	0	0
3656	-11.6191	0	0
3655	-11.6331	0	0
3654	-11.647	0	0
3653	-11.6611	0	0
3652	-11.6751	0	0
3651	-11.6891	0	0
3650	-11.7032	0	0
3649	-11.7172	0	0
3648	-11.7313	0	0
3647	-11.7454	0	0
3646	-11.5292	0	0
3645	-11.5431	0	0
3644	-11.5571	0	0
3643	-11.571	0	0
3642	-11.585	0	0
3641	-11.599	0	0
3640	-11.613	0	0
3639	-11.6271	0	0
3638	-11.6411	0	0
3637	-11.6552	0	0
3636	-11.6693	0	0
3635	-11.6834	0	0
3634	-11.6975	0	0
3633	-11.7116	0	0
3632	-11.4963	0	0
3631	-11.5103	0	0
3630	-11.5242	0	0
3629	-11.5382	0	0
3628	-11.5522	0	0
3627	-11.5663	0	0
3626	-11.5803	0	0
3625	-11.5944	0	0
3624	-11.6084	0	0
3623	-11.6225	0	0
3622	-11.6366	0	0
3621	-11.6507	0	0
3620	-11.6649	0	0
3619	-11.4507	0	0
3618	-11.4647	0	0
3617	-11.4787	0	0
3616	-11.4927	0	0
3615	-11.5067	0	0
3614	-11.5207	0	0
3613	-11.5348	0	0
3612	-11.5488	0	0
3611	-11.5629	0	0
3610	-11.577	0	0
3609	-11.5911	0	0
3608	-11.6052	0	0
3607	-11.6194	0	0
3606	-11.4064	0	0
3605	-11.4204	0	0
3604	-11.4344	0	0
3603	-11.4484	0	0
3602	-11.4624	0	0
3601	-11.4764	0	0
3600	-11.4905	0	0
3599	-11.5045	0	0
3598	-11.5186	0	0
3597	-11.5327	0	0
3596	-11.5468	0	0
3595	-11.561	0	0
3594	-11.5751	0	0
3593	-11.3632	0	0
3592	-11.3772	0	0
3591	-11.3912	0	0
3590	-11.4053	0	0
3589	-11.4193	0	0
3588	-11.4333	0	0
3587	-11.4474	0	0
3586	-11.4615	0	0
3585	-11.4756	0	0
3584	-11.4897	0	0
3583	-11.5038	0	0
3582	-11.518	0	0
3581	-11.5321	0	0
3580	-11.3212	0	0
3579	-11.3352	0	0
3578	-11.3492	0	0
3577	-11.3633	0	0
3576	-11.3773	0	0
3575	-11.3914	0	0
3574	-11.4055	0	0
3573	-11.4196	0	0
3572	-11.4337	0	0
3571	-11.4478	0	0
3570	-11.462	0	0
3569	-11.4761	0	0
3568	-11.2664	0	0
3567	-11.2804	0	0
3566	-11.2944	0	0
3565	-11.3084	0	0
3564	-11.3225	0	0
3563	-11.3365	0	0
3562	-11.3506	0	0
3561	-11.3647	0	0
3560	-11.3788	0	0
3559	-11.393	0	0
3558	-11.4071	0	0
3557	-11.4213	0	0
3556	-11.4355	0	0
3555	-11.2268	0	0
3554	-11.2408	0	0
3553	-11.2548	0	0
3552	-11.2689	0	0
3551	-11.2829	0	0
3550	-11.297	0	0
3549	-11.3111	0	0
3548	-11.3252	0	0
3547	-11.3393	0	0
3546	-11.3534	0	0
3545	-11.3676	0	0
3544	-11.3818	0	0
3543	-11.396	0	0
3542	-11.1884	0	0
3541	-11.2024	0	0
3540	-11.2164	0	0
3539	-11.2305	0	0
3538	-11.2446	0	0
3537	-11.2587	0	0
3536	-11.2728	0	0
3535	-11.2869	0	0
3534	-11.301	0	0
3533	-11.3152	0	0
3532	-11.3293	0	0
3531	-11.3435	0	0
3530	-11.1371	0	0
3529	-11.1511	0	0
3528	-11.1652	0	0
3527	-11.1792	0	0
3526	-11.1933	0	0
3525	-11.2074	0	0
3524	-11.2215	0	0
3523	-11.2356	0	0
3522	-11.2498	0	0
3521	-11.2639	0	0
3520	-11.2781	0	0
3519	-11.2923	0	0
3518	-11.3065	0	0
3517	-11.1009	0	0
3516	-11.1149	0	0
3515	-11.129	0	0
3514	-11.1431	0	0
3513	-11.1572	0	0
3512	-11.1713	0	0
3511	-11.1854	0	0
3510	-11.1996	0	0
3509	-11.2137	0	0
3508	-11.2279	0	0
3507	-11.2421	0	0
3506	-11.2563	0	0
3505	-11.0517	0	0
3504	-11.0658	0	0
3503	-11.0799	0	0
3502	-11.094	0	0
3501	-11.1081	0	0
3500	-11.1222	0	0
3499	-11.1363	0	0
3498	-11.1505	0	0
3497	-11.1646	0	0
3496	-11.1788	0	0
3495	-11.193	0	0
3494	-11.2073	0	0
3493	-11.0037	0	0
3492	-11.0178	0	0
3491	-11.0318	0	0
3490	-11.0459	0	0
3489	-11.06	0	0
3488	-11.0742	0	0
3487	-11.0883	0	0
3486	-11.1025	0	0
3485	-11.1166	0	0
3484	-11.1308	0	0
3483	-11.145	0	0
3482	-11.1593	0	0
3481	-10.9566	0	0
3480	-10.9707	0	0
3479	-10.9848	0	0
3478	-10.9989	0	0
3477	-11.013	0	0
3476	-11.0272	0	0
3475	-11.0413	0	0
3474	-11.0555	0	0
3473	-11.0697	0	0
3472	-11.0839	0	0
3471	-11.0982	0	0
3470	-11.1124	0	0
3469	-10.9106	0	0
3468	-10.9247	0	0
3467	-10.9388	0	0
3466	-10.9529	0	0
3465	-10.9671	0	0
3464	-10.9812	0	0
3463	-10.9954	0	0
3462	-11.0096	0	0
3461	-11.0238	0	0
3460	-11.038	0	0
3459	-11.0522	0	0
3458	-11.0665	0	0
3457	-10.8658	0	0
3456	-10.8799	0	0
3455	-10.894	0	0
3454	-10.9081	0	0
3453	-10.9223	0	0
3452	-10.9364	0	0
3451	-10.9506	0	0
3450	-10.9648	0	0
3449	-10.979	0	0
3448	-10.9932	0	0
3447	-11.6255	0	0
3446	-11.6399	0	0
3445	-11.443	0	0
3444	-11.4573	0	0
3443	-11.4717	0	0
3442	-11.486	0	0
3441	-11.5004	0	0
3440	-11.5147	0	0
3439	-11.5291	0	0
3438	-11.5435	0	0
3437	-11.5579	0	0
3436	-11.5724	0	0
3435	-11.5868	0	0
3434	-11.6013	0	0
3433	-11.405	0	0
3432	-11.4194	0	0
3431	-11.4337	0	0
3430	-11.4481	0	0
3429	-11.4625	0	0
3428	-11.4768	0	0
3427	-11.4913	0	0
3426	-11.5057	0	0
3425	-11.5201	0	0
3424	-11.5346	0	0
3423	-11.5491	0	0
3422	-11.5636	0	0
3421	-11.3678	0	0
3420	-11.3822	0	0
3419	-11.3966	0	0
3418	-11.411	0	0
3417	-11.4254	0	0
3416	-11.4398	0	0
3415	-11.4543	0	0
3414	-11.4688	0	0
3413	-11.4833	0	0
3412	-11.4978	0	0
3411	-11.5123	0	0
3410	-11.3171	0	0
3409	-11.3314	0	0
3408	-11.3459	0	0
3407	-11.3603	0	0
3406	-11.3747	0	0
3405	-11.3892	0	0
3404	-11.4037	0	0
3403	-11.4182	0	0
3402	-11.4327	0	0
3401	-11.4472	0	0
3400	-11.4617	0	0
3399	-11.4763	0	0
3398	-11.2817	0	0
3397	-11.2961	0	0
3396	-11.3105	0	0
3395	-11.3249	0	0
3394	-11.3394	0	0
3393	-11.3539	0	0
3392	-11.3684	0	0
3391	-11.3829	0	0
3390	-11.3974	0	0
3389	-11.412	0	0
3388	-11.4266	0	0
3387	-11.2327	0	0
3386	-11.2472	0	0
3385	-11.2616	0	0
3384	-11.2761	0	0
3383	-11.2906	0	0
3382	-11.3051	0	0
3381	-11.3196	0	0
3380	-11.3341	0	0
3379	-11.3487	0	0
3378	-11.3632	0	0
3377	-11.3778	0	0
3376	-11.3924	0	0
3375	-11.1991	0	0
3374	-11.2136	0	0
3373	-11.2281	0	0
3372	-11.2426	0	0
3371	-11.2571	0	0
3370	-11.2716	0	0
3369	-11.2862	0	0
3368	-11.3007	0	0
3367	-11.3153	0	0
3366	-11.3299	0	0
3365	-11.3445	0	0
3364	-11.1518	0	0
3363	-11.1663	0	0
3362	-11.1808	0	0
3361	-11.1953	0	0
3360	-11.2099	0	0
3359	-11.2244	0	0
3358	-11.239	0	0
3357	-11.2536	0	0
3356	-11.2682	0	0
3355	-11.2828	0	0
3354	-11.2975	0	0
3353	-11.1052	0	0
3352	-11.1197	0	0
3351	-11.1343	0	0
3350	-11.1488	0	0
3349	-11.1634	0	0
3348	-11.178	0	0
3347	-11.1926	0	0
3346	-11.2072	0	0
3345	-11.2219	0	0
3344	-11.2365	0	0
3343	-11.2512	0	0
3342	-11.2659	0	0
3341	-11.0741	0	0
3340	-11.0886	0	0
3339	-11.1032	0	0
3338	-11.1178	0	0
3337	-11.1324	0	0
3336	-11.147	0	0
3335	-11.1617	0	0
3334	-11.1763	0	0
3333	-11.191	0	0
3332	-11.2057	0	0
3331	-11.2204	0	0
3330	-11.0293	0	0
3329	-11.0438	0	0
3328	-11.0584	0	0
3327	-11.073	0	0
3326	-11.0877	0	0
3325	-11.1023	0	0
3324	-11.117	0	0
3323	-11.1317	0	0
3322	-11.1464	0	0
3321	-11.1611	0	0
3320	-11.1758	0	0
3319	-10.9852	0	0
3318	-10.9998	0	0
3317	-11.0144	0	0
3316	-11.0291	0	0
3315	-11.0437	0	0
3314	-11.0584	0	0
3313	-11.0731	0	0
3312	-11.0878	0	0
3311	-11.1026	0	0
3310	-11.1173	0	0
3309	-11.1321	0	0
3308	-10.9419	0	0
3307	-10.9566	0	0
3306	-10.9712	0	0
3305	-10.9859	0	0
3304	-11.0006	0	0
3303	-11.0153	0	0
3302	-11.03	0	0
3301	-11.0447	0	0
3300	-11.0595	0	0
3299	-11.0743	0	0
3298	-11.0891	0	0
3297	-10.8996	0	0
3296	-10.9142	0	0
3295	-10.9289	0	0
3294	-10.9436	0	0
3293	-10.9583	0	0
3292	-10.973	0	0
3291	-10.9877	0	0
3290	-11.0025	0	0
3289	-11.0173	0	0
3288	-11.0321	0	0
3287	-11.0469	0	0
3286	-10.8582	0	0
3285	-10.8728	0	0
3284	-10.8875	0	0
3283	-10.9022	0	0
3282	-10.9169	0	0
3281	-10.9317	0	0
3280	-10.9464	0	0
3279	-10.9612	0	0
3278	-10.976	0	0
3277	-10.9908	0	0
3276	-10.803	0	0
3275	-10.8177	0	0
3274	-10.8324	0	0
3273	-10.8471	0	0
3272	-10.8618	0	0
3271	-10.8765	0	0
3270	-10.8913	0	0
3269	-10.9061	0	0
3268	-10.9208	0	0
3267	-10.9357	0	0
3266	-10.9505	0	0
3265	-10.7634	0	0
3264	-10.7781	0	0
3263	-10.7928	0	0
3262	-10.8075	0	0
3261	-10.8222	0	0
3260	-10.837	0	0
3259	-10.8518	0	0
3258	-10.8666	0	0
3257	-10.8814	0	0
3256	-10.8962	0	0
3255	-10.9111	0	0
3254	-10.7243	0	0
3253	-10.7391	0	0
3252	-10.7538	0	0
3251	-10.7686	0	0
3250	-10.7834	0	0
3249	-10.7982	0	0
3248	-10.8131	0	0
3247	-10.8279	0	0
3246	-10.8428	0	0
3245	-10.8577	0	0
3244	-10.6715	0	0
3243	-10.6862	0	0
3242	-10.701	0	0
3241	-10.7158	0	0
3240	-10.7306	0	0
3239	-10.7454	0	0
3238	-10.7602	0	0
3237	-10.7751	0	0
3236	-10.7899	0	0
3235	-10.8048	0	0
3234	-10.8197	0	0
3233	-10.6345	0	0
3232	-10.6492	0	0
3231	-10.664	0	0
3230	-10.6788	0	0
3229	-10.6936	0	0
3228	-10.7084	0	0
3227	-10.7232	0	0
3226	-10.738	0	0
3225	-10.7529	0	0
3224	-10.7678	0	0
3223	-10.5838	0	0
3222	-10.5986	0	0
3221	-10.6133	0	0
3220	-10.6281	0	0
3219	-10.6428	0	0
3218	-10.6577	0	0
3217	-10.6725	0	0
3216	-10.6873	0	0
3215	-10.7022	0	0
3214	-10.717	0	0
3213	-11.0509	0	0
3212	-11.0659	0	0
3211	-11.0809	0	0
3210	-11.096	0	0
3209	-11.111	0	0
3208	-11.1261	0	0
3207	-11.1412	0	0
3206	-11.1563	0	0
3205	-11.1714	0	0
3204	-11.1865	0	0
3203	-11.2017	0	0
3202	-11.0194	0	0
3201	-11.0344	0	0
3200	-11.0495	0	0
3199	-11.0646	0	0
3198	-11.0797	0	0
3197	-11.0948	0	0
3196	-11.11	0	0
3195	-11.1252	0	0
3194	-11.1404	0	0
3193	-11.1556	0	0
3192	-10.9736	0	0
3191	-10.9887	0	0
3190	-11.0038	0	0
3189	-11.0189	0	0
3188	-11.034	0	0
3187	-11.0491	0	0
3186	-11.0643	0	0
3185	-11.0795	0	0
3184	-11.0947	0	0
3183	-11.1099	0	0
3182	-10.9287	0	0
3181	-10.9438	0	0
3180	-10.9589	0	0
3179	-10.974	0	0
3178	-10.9892	0	0
3177	-11.0043	0	0
3176	-11.0195	0	0
3175	-11.0347	0	0
3174	-11.0499	0	0
3173	-11.0651	0	0
3172	-10.8845	0	0
3171	-10.8996	0	0
3170	-10.9148	0	0
3169	-10.9299	0	0
3168	-10.9451	0	0
3167	-10.9603	0	0
3166	-10.9755	0	0
3165	-10.9907	0	0
3164	-11.006	0	0
3163	-11.0212	0	0
3162	-10.8409	0	0
3161	-10.8561	0	0
3160	-10.8712	0	0
3159	-10.8864	0	0
3158	-10.9016	0	0
3157	-10.9169	0	0
3156	-10.9321	0	0
3155	-10.9474	0	0
3154	-10.9626	0	0
3153	-10.9779	0	0
3152	-10.7981	0	0
3151	-10.8132	0	0
3150	-10.8284	0	0
3149	-10.8436	0	0
3148	-10.8589	0	0
3147	-10.8741	0	0
3146	-10.8894	0	0
3145	-10.9047	0	0
3144	-10.92	0	0
3143	-10.9353	0	0
3142	-10.7559	0	0
3141	-10.7711	0	0
3140	-10.7863	0	0
3139	-10.8016	0	0
3138	-10.8168	0	0
3137	-10.8321	0	0
3136	-10.8474	0	0
3135	-10.8627	0	0
3134	-10.8781	0	0
3133	-10.8934	0	0
3132	-10.7145	0	0
3131	-10.7297	0	0
3130	-10.745	0	0
3129	-10.7603	0	0
3128	-10.7755	0	0
3127	-10.7909	0	0
3126	-10.8062	0	0
3125	-10.8215	0	0
3124	-10.8369	0	0
3123	-10.8523	0	0
3122	-10.6738	0	0
3121	-10.6891	0	0
3120	-10.7044	0	0
3119	-10.7197	0	0
3118	-10.735	0	0
3117	-10.7503	0	0
3116	-10.7657	0	0
3115	-10.7811	0	0
3114	-10.7964	0	0
3113	-10.6186	0	0
3112	-10.6338	0	0
3111	-10.6491	0	0
3110	-10.6644	0	0
3109	-10.6798	0	0
3108	-10.6951	0	0
3107	-10.7105	0	0
3106	-10.7259	0	0
3105	-10.7413	0	0
3104	-10.7567	0	0
3103	-10.5792	0	0
3102	-10.5945	0	0
3101	-10.6098	0	0
3100	-10.6252	0	0
3099	-10.6406	0	0
3098	-10.656	0	0
3097	-10.6714	0	0
3096	-10.6868	0	0
3095	-10.7023	0	0
3094	-10.7177	0	0
3093	-10.5404	0	0
3092	-10.5558	0	0
3091	-10.5712	0	0
3090	-10.5866	0	0
3089	-10.602	0	0
3088	-10.6174	0	0
3087	-10.6329	0	0
3086	-10.6484	0	0
3085	-10.6639	0	0
3084	-10.4871	0	0
3083	-10.5024	0	0
3082	-10.5178	0	0
3081	-10.5332	0	0
3080	-10.5487	0	0
3079	-10.5641	0	0
3078	-10.5796	0	0
3077	-10.5951	0	0
3076	-10.6106	0	0
3075	-10.6261	0	0
3074	-10.4498	0	0
3073	-10.4652	0	0
3072	-10.4806	0	0
3071	-10.496	0	0
3070	-10.5115	0	0
3069	-10.527	0	0
3068	-10.5425	0	0
3067	-10.558	0	0
3066	-10.5736	0	0
3065	-10.3979	0	0
3064	-10.4133	0	0
3063	-10.4287	0	0
3062	-10.4441	0	0
3061	-10.4596	0	0
3060	-10.4751	0	0
3059	-10.4906	0	0
3058	-10.5061	0	0
3057	-10.5217	0	0
3056	-10.3466	0	0
3055	-10.362	0	0
3054	-10.3774	0	0
3053	-10.3929	0	0
3052	-10.4084	0	0
3051	-10.4239	0	0
3050	-10.4395	0	0
3049	-10.455	0	0
3048	-10.4706	0	0
3047	-10.4862	0	0
3046	-10.3114	0	0
3045	-10.3268	0	0
3044	-10.3423	0	0
3043	-10.3578	0	0
3042	-10.3734	0	0
3041	-10.3889	0	0
3040	-10.4045	0	0
3039	-10.4201	0	0
3038	-10.4357	0	0
3037	-10.2613	0	0
3036	-10.2768	0	0
3035	-10.2923	0	0
3034	-10.3079	0	0
3033	-10.3234	0	0
3032	-10.339	0	0
3031	-10.3546	0	0
3030	-10.3702	0	0
3029	-10.3859	0	0
3028	-10.2119	0	0
3027	-10.2275	0	0
3026	-10.243	0	0
3025	-10.2586	0	0
3024	-10.2741	0	0
3023	-10.2897	0	0
3022	-10.3054	0	0
3021	-10.321	0	0
3020	-10.3367	0	0
3019	-10.1632	0	0
3018	-10.1787	0	0
3017	-10.1943	0	0
3016	-10.2099	0	0
3015	-10.2255	0	0
3014	-10.2411	0	0
3013	-10.2567	0	0
3012	-10.2724	0	0
3011	-10.2881	0	0
3010	-10.1153	0	0
3009	-10.1309	0	0
3008	-10.1464	0	0
3007	-10.162	0	0
3006	-10.1776	0	0
3005	-10.1932	0	0
3004	-10.2089	0	0
3003	-10.2245	0	0
3002	-10.2402	0	0
3001	-10.0683	0	0
3000	-10.0838	0	0
2999	-10.0994	0	0
2998	-10.115	0	0
2997	-10.1306	0	0
2996	-10.1462	0	0
2995	-10.1618	0	0
2994	-10.1775	0	0
2993	-10.1932	0	0
2992	-10.022	0	0
2991	-10.0375	0	0
2990	-10.0531	0	0
2989	-10.0687	0	0
2988	-10.0843	0	0
2987	-10.0999	0	0
2986	-10.1156	0	0
2985	-10.1313	0	0
2984	-10.147	0	0
2983	-9.97649	0	0
2982	-9.99204	0	0
2981	-10.0076	0	0
2980	-10.4704	0	0
2979	-10.4863	0	0
2978	-10.5022	0	0
2977	-10.5181	0	0
2976	-10.5341	0	0
2975	-10.5501	0	0
2974	-10.3796	0	0
2973	-10.3955	0	0
2972	-10.4114	0	0
2971	-10.4273	0	0
2970	-10.4432	0	0
2969	-10.4592	0	0
2968	-10.4752	0	0
2967	-10.4912	0	0
2966	-10.5072	0	0
2965	-10.3371	0	0
2964	-10.353	0	0
2963	-10.3689	0	0
2962	-10.3848	0	0
2961	-10.4008	0	0
2960	-10.4168	0	0
2959	-10.4328	0	0
2958	-10.4488	0	0
2957	-10.4649	0	0
2956	-10.2951	0	0
2955	-10.3111	0	0
2954	-10.327	0	0
2953	-10.343	0	0
2952	-10.359	0	0
2951	-10.375	0	0
2950	-10.3911	0	0
2949	-10.4072	0	0
2948	-10.2378	0	0
2947	-10.2538	0	0
2946	-10.2697	0	0
2945	-10.2857	0	0
2944	-10.3018	0	0
2943	-10.3178	0	0
2942	-10.3339	0	0
2941	-10.35	0	0
2940	-10.3661	0	0
2939	-10.1969	0	0
2938	-10.2129	0	0
2937	-10.2289	0	0
2936	-10.245	0	0
2935	-10.2611	0	0
2934	-10.2771	0	0
2933	-10.2933	0	0
2932	-10.3094	0	0
2931	-10.3255	0	0
2930	-10.1567	0	0
2929	-10.1727	0	0
2928	-10.1888	0	0
2927	-10.2049	0	0
2926	-10.221	0	0
2925	-10.2371	0	0
2924	-10.2532	0	0
2923	-10.2694	0	0
2922	-10.1012	0	0
2921	-10.1172	0	0
2920	-10.1333	0	0
2919	-10.1494	0	0
2918	-10.1655	0	0
2917	-10.1816	0	0
2916	-10.1977	0	0
2915	-10.2139	0	0
2914	-10.2301	0	0
2913	-10.0626	0	0
2912	-10.0786	0	0
2911	-10.0947	0	0
2910	-10.1108	0	0
2909	-10.1269	0	0
2908	-10.143	0	0
2907	-10.1591	0	0
2906	-10.1753	0	0
2905	-10.0089	0	0
2904	-10.0249	0	0
2903	-10.0409	0	0
2902	-10.057	0	0
2901	-10.073	0	0
2900	-10.0891	0	0
2899	-10.1053	0	0
2898	-10.1214	0	0
2897	-10.1376	0	0
2896	-9.97195	0	0
2895	-9.98797	0	0
2894	-10.004	0	0
2893	-10.0201	0	0
2892	-10.0362	0	0
2891	-10.0523	0	0
2890	-10.0684	0	0
2889	-10.0846	0	0
2888	-9.91967	0	0
2887	-9.93571	0	0
2886	-9.95176	0	0
2885	-9.96784	0	0
2884	-9.98395	0	0
2883	-10.0001	0	0
2882	-10.0162	0	0
2881	-10.0324	0	0
2880	-9.86791	0	0
2879	-9.88397	0	0
2878	-9.90005	0	0
2877	-9.91616	0	0
2876	-9.93229	0	0
2875	-9.94844	0	0
2874	-9.96461	0	0
2873	-9.9808	0	0
2872	-9.81662	0	0
2871	-9.83271	0	0
2870	-9.84882	0	0
2869	-9.86495	0	0
2868	-9.88111	0	0
2867	-9.89729	0	0
2866	-9.9135	0	0
2865	-9.92972	0	0
2864	-9.94597	0	0
2863	-9.78205	0	0
2862	-9.79817	0	0
2861	-9.81432	0	0
2860	-9.83049	0	0
2859	-9.84668	0	0
2858	-9.86289	0	0
2857	-9.87913	0	0
2856	-9.89539	0	0
2855	-9.73199	0	0
2854	-9.74813	0	0
2853	-9.76429	0	0
2852	-9.78048	0	0
2851	-9.79669	0	0
2850	-9.81292	0	0
2849	-9.82917	0	0
2848	-9.84545	0	0
2847	-9.68261	0	0
2846	-9.69876	0	0
2845	-9.71492	0	0
2844	-9.73112	0	0
2843	-9.74733	0	0
2842	-9.76357	0	0
2841	-9.77983	0	0
2840	-9.79611	0	0
2839	-9.6342	0	0
2838	-9.65031	0	0
2837	-9.66645	0	0
2836	-9.68261	0	0
2835	-9.6988	0	0
2834	-9.71501	0	0
2833	-9.73124	0	0
2832	-9.74749	0	0
2831	-9.58621	0	0
2830	-9.60237	0	0
2829	-9.61855	0	0
2828	-9.63476	0	0
2827	-9.65099	0	0
2826	-9.66724	0	0
2825	-9.68351	0	0
2824	-9.69981	0	0
2823	-9.53864	0	0
2822	-9.55484	0	0
2821	-9.57106	0	0
2820	-9.5873	0	0
2819	-9.60357	0	0
2818	-9.61987	0	0
2817	-9.63618	0	0
2816	-9.65252	0	0
2815	-9.49156	0	0
2814	-9.50779	0	0
2813	-9.52404	0	0
2812	-9.54032	0	0
2811	-9.55662	0	0
2810	-9.57294	0	0
2809	-9.58929	0	0
2808	-9.60566	0	0
2807	-9.44465	0	0
2806	-9.46096	0	0
2805	-9.47729	0	0
2804	-9.49364	0	0
2803	-9.51002	0	0
2802	-9.52642	0	0
2801	-9.54285	0	0
2800	-9.5593	0	0
2799	-9.39821	0	0
2798	-9.41455	0	0
2797	-9.43091	0	0
2796	-9.4473	0	0
2795	-9.46372	0	0
2794	-9.48015	0	0
2793	-9.49661	0	0
2792	-9.5131	0	0
2791	-9.35239	0	0
2790	-9.36874	0	0
2789	-9.38513	0	0
2788	-9.40153	0	0
2787	-9.41796	0	0
2786	-9.43441	0	0
2785	-9.45089	0	0
2784	-9.29204	0	0
2783	-9.30823	0	0
2782	-9.32445	0	0
2781	-9.34069	0	0
2780	-9.35696	0	0
2779	-9.37325	0	0
2778	-9.38956	0	0
2777	-9.4059	0	0
2776	-9.24928	0	0
2775	-9.2654	0	0
2774	-9.28155	0	0
2773	-9.29772	0	0
2772	-9.31391	0	0
2771	-9.33013	0	0
2770	-9.34637	0	0
2769	-9.36264	0	0
2768	-9.20699	0	0
2767	-9.22316	0	0
2766	-9.23934	0	0
2765	-9.25556	0	0
2764	-9.27179	0	0
2763	-9.28805	0	0
2762	-9.30433	0	0
2761	-9.14903	0	0
2760	-9.16521	0	0
2759	-9.18141	0	0
2758	-9.19763	0	0
2757	-9.21388	0	0
2756	-9.23015	0	0
2755	-9.24645	0	0
2754	-9.26277	0	0
2753	-9.10746	0	0
2752	-9.12371	0	0
2751	-9.13998	0	0
2750	-9.15628	0	0
2749	-9.1726	0	0
2748	-9.18894	0	0
2747	-9.59067	0	0
2746	-9.60753	0	0
2745	-9.44877	0	0
2744	-9.46554	0	0
2743	-9.48233	0	0
2742	-9.49915	0	0
2741	-9.51599	0	0
2740	-9.53286	0	0
2739	-9.54975	0	0
2738	-9.39137	0	0
2737	-9.40814	0	0
2736	-9.42494	0	0
2735	-9.44175	0	0
2734	-9.4586	0	0
2733	-9.47547	0	0
2732	-9.49236	0	0
2731	-9.50928	0	0
2730	-9.35153	0	0
2729	-9.3683	0	0
2728	-9.38509	0	0
2727	-9.4019	0	0
2726	-9.41874	0	0
2725	-9.4356	0	0
2724	-9.45249	0	0
2723	-9.29573	0	0
2722	-9.31247	0	0
2721	-9.32923	0	0
2720	-9.34602	0	0
2719	-9.36284	0	0
2718	-9.37968	0	0
2717	-9.39655	0	0
2716	-9.24083	0	0
2715	-9.25753	0	0
2714	-9.27426	0	0
2713	-9.29101	0	0
2712	-9.30778	0	0
2711	-9.32459	0	0
2710	-9.34141	0	0
2709	-9.35826	0	0
2708	-9.20366	0	0
2707	-9.22033	0	0
2706	-9.23702	0	0
2705	-9.25373	0	0
2704	-9.27047	0	0
2703	-9.28724	0	0
2702	-9.30403	0	0
2701	-9.15024	0	0
2700	-9.16693	0	0
2699	-9.18366	0	0
2698	-9.20041	0	0
2697	-9.21718	0	0
2696	-9.23398	0	0
2695	-9.25081	0	0
2694	-9.09718	0	0
2693	-9.11391	0	0
2692	-9.13066	0	0
2691	-9.14744	0	0
2690	-9.16425	0	0
2689	-9.18108	0	0
2688	-9.19793	0	0
2687	-9.21481	0	0
2686	-9.06124	0	0
2685	-9.07803	0	0
2684	-9.09484	0	0
2683	-9.11168	0	0
2682	-9.12854	0	0
2681	-9.14543	0	0
2680	-9.16235	0	0
2679	-9.00881	0	0
2678	-9.02565	0	0
2677	-9.04251	0	0
2676	-9.0594	0	0
2675	-9.07632	0	0
2674	-9.09326	0	0
2673	-9.11023	0	0
2672	-8.9564	0	0
2671	-8.97332	0	0
2670	-8.99027	0	0
2669	-9.00724	0	0
2668	-9.02424	0	0
2667	-9.04127	0	0
2666	-9.05832	0	0
2665	-8.90468	0	0
2664	-8.92158	0	0
2663	-8.93851	0	0
2662	-8.95547	0	0
2661	-8.97245	0	0
2660	-8.98945	0	0
2659	-9.00648	0	0
2658	-8.85352	0	0
2657	-8.87043	0	0
2656	-8.88737	0	0
2655	-8.90434	0	0
2654	-8.92133	0	0
2653	-8.93835	0	0
2652	-8.95539	0	0
2651	-8.80535	0	0
2650	-8.82191	0	0
2649	-8.83849	0	0
2648	-8.85509	0	0
2647	-8.87173	0	0
2646	-8.88838	0	0
2645	-8.90507	0	0
2644	-8.75809	0	0
2643	-8.77463	0	0
2642	-8.79119	0	0
2641	-8.80777	0	0
2640	-8.82439	0	0
2639	-8.84102	0	0
2638	-8.85769	0	0
2637	-8.71135	0	0
2636	-8.72791	0	0
2635	-8.74448	0	0
2634	-8.76109	0	0
2633	-8.77771	0	0
2632	-8.79437	0	0
2631	-8.81105	0	0
2630	-8.66511	0	0
2629	-8.68168	0	0
2628	-8.69828	0	0
2627	-8.7149	0	0
2626	-8.73155	0	0
2625	-8.74822	0	0
2624	-8.76492	0	0
2623	-8.61951	0	0
2622	-8.63607	0	0
2621	-8.65266	0	0
2620	-8.66928	0	0
2619	-8.68592	0	0
2618	-8.70259	0	0
2617	-8.71929	0	0
2616	-8.57317	0	0
2615	-8.58995	0	0
2614	-8.60677	0	0
2613	-8.62361	0	0
2612	-8.64048	0	0
2611	-8.65737	0	0
2610	-8.67429	0	0
2609	-8.52624	0	0
2608	-8.54321	0	0
2607	-8.56021	0	0
2606	-8.57723	0	0
2605	-8.59429	0	0
2604	-8.61136	0	0
2603	-8.46216	0	0
2602	-8.47921	0	0
2601	-8.49628	0	0
2600	-8.51339	0	0
2599	-8.53052	0	0
2598	-8.54768	0	0
2597	-8.56487	0	0
2596	-8.41814	0	0
2595	-8.43481	0	0
2594	-8.45149	0	0
2593	-8.46821	0	0
2592	-8.48495	0	0
2591	-8.50171	0	0
2590	-8.51851	0	0
2589	-8.37917	0	0
2588	-8.39511	0	0
2587	-8.41107	0	0
2586	-8.42706	0	0
2585	-8.44308	0	0
2584	-8.45912	0	0
2583	-8.47519	0	0
2582	-8.34068	0	0
2581	-8.35669	0	0
2580	-8.37273	0	0
2579	-8.38879	0	0
2578	-8.40487	0	0
2577	-8.42098	0	0
2576	-8.287	0	0
2575	-8.30295	0	0
2574	-8.31893	0	0
2573	-8.33493	0	0
2572	-8.35095	0	0
2571	-8.367	0	0
2570	-8.38308	0	0
2569	-8.24964	0	0
2568	-8.26564	0	0
2567	-8.28166	0	0
2566	-8.29771	0	0
2565	-8.31378	0	0
2564	-8.32988	0	0
2563	-8.19749	0	0
2562	-8.21337	0	0
2561	-8.22928	0	0
2560	-8.24521	0	0
2559	-8.26116	0	0
2558	-8.27714	0	0
2557	-8.29315	0	0
2556	-8.1573	0	0
2555	-8.17395	0	0
2554	-8.19063	0	0
2553	-8.20734	0	0
2552	-8.22408	0	0
2551	-8.24084	0	0
2550	-8.09904	0	0
2549	-8.11598	0	0
2548	-8.13293	0	0
2547	-8.14992	0	0
2546	-8.16693	0	0
2545	-8.18397	0	0
2544	-8.20104	0	0
2543	-8.05647	0	0
2542	-8.07369	0	0
2541	-8.09094	0	0
2540	-8.10822	0	0
2539	-8.12553	0	0
2538	-8.14286	0	0
2537	-8.01005	0	0
2536	-8.02522	0	0
2535	-8.04041	0	0
2534	-8.05563	0	0
2533	-8.07088	0	0
2532	-8.08614	0	0
2531	-8.10144	0	0
2530	-7.98557	0	0
2529	-7.99986	0	0
2528	-8.01418	0	0
2527	-8.02852	0	0
2526	-8.04289	0	0
2525	-8.05727	0	0
2524	-7.94685	0	0
2523	-7.96124	0	0
2522	-7.97565	0	0
2521	-7.99008	0	0
2520	-8.00453	0	0
2519	-8.01901	0	0
2518	-7.90898	0	0
2517	-7.9233	0	0
2516	-7.93763	0	0
2515	-7.95199	0	0
2514	-8.21459	0	0
2513	-8.2315	0	0
2512	-8.24843	0	0
2511	-8.11194	0	0
2510	-8.12876	0	0
2509	-8.14561	0	0
2508	-8.16248	0	0
2507	-8.17939	0	0
2506	-8.19632	0	0
2505	-8.06028	0	0
2504	-8.07711	0	0
2503	-8.09397	0	0
2502	-8.11085	0	0
2501	-8.12776	0	0
2500	-8.1447	0	0
2499	-8.00847	0	0
2498	-8.02541	0	0
2497	-8.04237	0	0
2496	-8.05935	0	0
2495	-8.07637	0	0
2494	-8.09341	0	0
2493	-8.11048	0	0
2492	-7.9717	0	0
2491	-7.9891	0	0
2490	-8.00653	0	0
2489	-8.02399	0	0
2488	-8.04148	0	0
2487	-8.059	0	0
2486	-7.91803	0	0
2485	-7.93542	0	0
2484	-7.95284	0	0
2483	-7.97029	0	0
2482	-7.98777	0	0
2481	-8.00528	0	0
2480	-7.86519	0	0
2479	-7.88252	0	0
2478	-7.89988	0	0
2477	-7.91727	0	0
2476	-7.93469	0	0
2475	-7.95214	0	0
2474	-7.81838	0	0
2473	-7.83475	0	0
2472	-7.85114	0	0
2471	-7.86757	0	0
2470	-7.88401	0	0
2469	-7.90049	0	0
2468	-7.77522	0	0
2467	-7.79114	0	0
2466	-7.80708	0	0
2465	-7.82304	0	0
2464	-7.83903	0	0
2463	-7.85505	0	0
2462	-7.73289	0	0
2461	-7.74878	0	0
2460	-7.76469	0	0
2459	-7.78063	0	0
2458	-7.79659	0	0
2457	-7.81258	0	0
2456	-7.69137	0	0
2455	-7.7072	0	0
2454	-7.72306	0	0
2453	-7.73894	0	0
2452	-7.75484	0	0
2451	-7.77078	0	0
2450	-7.65041	0	0
2449	-7.66623	0	0
2448	-7.68207	0	0
2447	-7.69794	0	0
2446	-7.71384	0	0
2445	-7.72976	0	0
2444	-7.61029	0	0
2443	-7.62605	0	0
2442	-7.64183	0	0
2441	-7.65763	0	0
2440	-7.67346	0	0
2439	-7.68932	0	0
2438	-7.56757	0	0
2437	-7.58387	0	0
2436	-7.6002	0	0
2435	-7.61655	0	0
2434	-7.63293	0	0
2433	-7.64934	0	0
2432	-7.51959	0	0
2431	-7.5369	0	0
2430	-7.55423	0	0
2429	-7.5716	0	0
2428	-7.589	0	0
2427	-7.60642	0	0
2426	-7.47123	0	0
2425	-7.48865	0	0
2424	-7.5061	0	0
2423	-7.52357	0	0
2422	-7.54108	0	0
2421	-7.55862	0	0
2420	-7.4294	0	0
2419	-7.44567	0	0
2418	-7.46197	0	0
2417	-7.47829	0	0
2416	-7.49464	0	0
2415	-7.51102	0	0
2414	-7.39893	0	0
2413	-7.41316	0	0
2412	-7.42742	0	0
2411	-7.4417	0	0
2410	-7.456	0	0
2409	-7.47033	0	0
2408	-7.37253	0	0
2407	-7.38626	0	0
2406	-7.40002	0	0
2405	-7.4138	0	0
2404	-7.4276	0	0
2403	-7.33288	0	0
2402	-7.34665	0	0
2401	-7.36045	0	0
2400	-7.37427	0	0
2399	-7.38811	0	0
2398	-7.40198	0	0
2397	-7.30777	0	0
2396	-7.32147	0	0
2395	-7.3352	0	0
2394	-7.34895	0	0
2393	-7.36272	0	0
2392	-7.37651	0	0
2391	-7.28329	0	0
2390	-7.29696	0	0
2389	-7.31065	0	0
2388	-7.32436	0	0
2387	-7.3381	0	0
2386	-7.35186	0	0
2385	-7.26013	0	0
2384	-7.27362	0	0
2383	-7.28713	0	0
2382	-7.30065	0	0
2381	-7.31421	0	0
2380	-7.21604	0	0
2379	-7.231	0	0
2378	-7.24598	0	0
2377	-7.26099	0	0
2376	-7.27603	0	0
2375	-7.29109	0	0
2374	-7.17371	0	0
2373	-7.19112	0	0
2372	-7.20855	0	0
2371	-7.22602	0	0
2370	-7.24351	0	0
2369	-7.11394	0	0
2368	-7.13129	0	0
2367	-7.14867	0	0
2366	-7.16608	0	0
2365	-7.18352	0	0
2364	-7.201	0	0
2363	-7.09213	0	0
2362	-7.10558	0	0
2361	-7.11906	0	0
2360	-7.13255	0	0
2359	-7.14607	0	0
2358	-7.15961	0	0
2357	-7.08799	0	0
2356	-7.09779	0	0
2355	-7.10761	0	0
2354	-7.11745	0	0
2353	-7.12729	0	0
2352	-7.07876	0	0
2351	-7.08803	0	0
2350	-7.0973	0	0
2349	-7.10659	0	0
2348	-7.11589	0	0
2347	-7.12521	0	0
2346	-7.07892	0	0
2345	-7.08833	0	0
2344	-7.09775	0	0
2343	-7.10719	0	0
2342	-7.11665	0	0
2341	-7.07044	0	0
2340	-7.07975	0	0
2339	-7.08907	0	0
2338	-7.09841	0	0
2337	-7.10776	0	0
2336	-7.11713	0	0
2335	-7.07127	0	0
2334	-7.08067	0	0
2333	-7.09009	0	0
2332	-7.09953	0	0
2331	-7.10897	0	0
2330	-7.06433	0	0
2329	-7.07346	0	0
2328	-7.08261	0	0
2327	-7.09177	0	0
2326	-7.10094	0	0
2325	-7.0436	0	0
2324	-7.05539	0	0
2323	-7.06719	0	0
2322	-7.07901	0	0
2321	-7.09085	0	0
2320	-7.1027	0	0
2319	-7.00335	0	0
2318	-7.02156	0	0
2317	-7.0398	0	0
2316	-7.05808	0	0
2315	-7.07639	0	0
2314	-6.94976	0	0
2313	-6.96708	0	0
2312	-6.98443	0	0
2311	-7.00181	0	0
2310	-7.01923	0	0
2309	-7.03667	0	0
2308	-6.94877	0	0
2307	-6.95832	0	0
2306	-6.9679	0	0
2305	-6.97748	0	0
2304	-6.98708	0	0
2303	-6.9659	0	0
2302	-6.97006	0	0
2301	-6.97423	0	0
2300	-6.9784	0	0
2299	-6.98257	0	0
2298	-6.99049	0	0
2297	-6.9942	0	0
2296	-6.99791	0	0
2295	-7.00162	0	0
2294	-7.00534	0	0
2293	-7.01295	0	0
2292	-7.01717	0	0
2291	-7.02138	0	0
2290	-7.02561	0	0
2289	-7.02983	0	0
2288	-7.03406	0	0
2287	-7.03953	0	0
2286	-7.04379	0	0
2285	-7.04805	0	0
2284	-7.05232	0	0
2283	-7.05658	0	0
2282	-7.06062	0	0
2281	-7.0652	0	0
2280	-6.69007	0	0
2279	-6.70243	0	0
2278	-6.71481	0	0
2277	-6.6409	0	0
2276	-6.65347	0	0
2275	-6.66606	0	0
2274	-6.67866	0	0
2273	-6.69129	0	0
2272	-6.60573	0	0
2271	-6.62049	0	0
2270	-6.63528	0	0
2269	-6.6501	0	0
2268	-6.66494	0	0
2267	-6.55658	0	0
2266	-6.574	0	0
2265	-6.59145	0	0
2264	-6.60894	0	0
2263	-6.62645	0	0
2262	-6.644	0	0
2261	-6.52586	0	0
2260	-6.54301	0	0
2259	-6.56019	0	0
2258	-6.5774	0	0
2257	-6.59464	0	0
2256	-6.48797	0	0
2255	-6.50286	0	0
2254	-6.51777	0	0
2253	-6.53272	0	0
2252	-6.54769	0	0
2251	-6.48407	0	0
2250	-6.49161	0	0
2249	-6.49915	0	0
2248	-6.50671	0	0
2247	-6.51428	0	0
2246	-6.48855	0	0
2245	-6.49567	0	0
2244	-6.50281	0	0
2243	-6.50996	0	0
2242	-6.51711	0	0
2241	-6.49209	0	0
2240	-6.49956	0	0
2239	-6.50705	0	0
2238	-6.51455	0	0
2237	-6.52206	0	0
2236	-6.49653	0	0
2235	-6.50379	0	0
2234	-6.51107	0	0
2233	-6.51836	0	0
2232	-6.52566	0	0
2231	-6.50091	0	0
2230	-6.50828	0	0
2229	-6.51567	0	0
2228	-6.52306	0	0
2227	-6.53047	0	0
2226	-6.50666	0	0
2225	-6.51375	0	0
2224	-6.52086	0	0
2223	-6.52797	0	0
2222	-6.53509	0	0
2221	-6.51026	0	0
2220	-6.51798	0	0
2219	-6.52572	0	0
2218	-6.53346	0	0
2217	-6.54122	0	0
2216	-6.49599	0	0
2215	-6.50809	0	0
2214	-6.52022	0	0
2213	-6.53236	0	0
2212	-6.54453	0	0
2211	-6.45548	0	0
2210	-6.47348	0	0
2209	-6.49152	0	0
2208	-6.50959	0	0
2207	-6.39506	0	0
2206	-6.41244	0	0
2205	-6.42984	0	0
2204	-6.44728	0	0
2203	-6.46476	0	0
2202	-6.3795	0	0
2201	-6.39112	0	0
2200	-6.40276	0	0
2199	-6.41442	0	0
2198	-6.42609	0	0
2197	-6.41098	0	0
2196	-6.41215	0	0
2195	-6.41332	0	0
2194	-6.41449	0	0
2193	-6.41565	0	0
2192	-6.44112	0	0
2191	-6.44327	0	0
2190	-6.44542	0	0
2189	-6.44756	0	0
2188	-6.4497	0	0
2187	-6.4689	0	0
2186	-6.47159	0	0
2185	-6.47427	0	0
2184	-6.47696	0	0
2183	-6.49348	0	0
2182	-6.49624	0	0
2181	-6.49901	0	0
2180	-6.50178	0	0
2179	-6.50455	0	0
2178	-6.51892	0	0
2177	-6.52215	0	0
2176	-6.52537	0	0
2175	-6.52859	0	0
2174	-6.53182	0	0
2173	-6.54482	0	0
2172	-6.54798	0	0
2171	-6.55114	0	0
2170	-6.5543	0	0
2169	-6.55746	0	0
2168	-6.56698	0	0
2167	-6.57117	0	0
2166	-6.57535	0	0
2165	-6.57955	0	0
2164	-6.55697	0	0
2163	-6.56726	0	0
2162	-6.57756	0	0
2161	-6.58788	0	0
2160	-6.59821	0	0
2159	-6.51092	0	0
2158	-6.53114	0	0
2157	-6.5514	0	0
2156	-6.5717	0	0
2155	-6.59204	0	0
2154	-6.46256	0	0
2153	-6.48309	0	0
2152	-6.50367	0	0
2151	-6.52428	0	0
2150	-6.42829	0	0
2149	-6.44102	0	0
2148	-6.45376	0	0
2147	-6.46653	0	0
2146	-6.47932	0	0
2145	-6.45094	0	0
2144	-6.45434	0	0
2143	-6.45773	0	0
2142	-6.46113	0	0
2141	-6.46519	0	0
2140	-6.47016	0	0
2139	-6.47513	0	0
2138	-6.48011	0	0
2137	-6.4851	0	0
2136	-6.4801	0	0
2135	-6.48594	0	0
2134	-6.49179	0	0
2133	-6.49764	0	0
2132	-6.5035	0	0
2131	-6.49405	0	0
2130	-6.50021	0	0
2129	-6.50639	0	0
2128	-6.51257	0	0
2127	-6.49861	0	0
2126	-6.50557	0	0
2125	-6.51254	0	0
2124	-6.51951	0	0
2123	-6.5265	0	0
2122	-6.50832	0	0
2121	-6.51565	0	0
2120	-6.52299	0	0
2119	-6.53034	0	0
2118	-6.50764	0	0
2117	-6.51574	0	0
2116	-6.52384	0	0
2115	-6.53196	0	0
2114	-6.54009	0	0
2113	-6.49695	0	0
2112	-6.51	0	0
2111	-6.52307	0	0
2110	-6.53617	0	0
2109	-6.43089	0	0
2108	-6.4541	0	0
2107	-6.47736	0	0
2106	-6.50067	0	0
2105	-6.52402	0	0
2104	-6.36795	0	0
2103	-6.39454	0	0
2102	-6.42118	0	0
2101	-6.44787	0	0
2100	-6.30284	0	0
2099	-6.32279	0	0
2098	-6.34277	0	0
2097	-6.36279	0	0
2096	-6.26824	0	0
2095	-6.28258	0	0
2094	-6.29696	0	0
2093	-6.31136	0	0
2092	-6.32578	0	0
2091	-6.24674	0	0
2090	-6.26244	0	0
2089	-6.27818	0	0
2088	-6.29394	0	0
2087	-6.20728	0	0
2086	-6.22358	0	0
2085	-6.23991	0	0
2084	-6.25627	0	0
2083	-6.16669	0	0
2082	-6.18321	0	0
2081	-6.19977	0	0
2080	-6.21635	0	0
2079	-6.23296	0	0
2078	-6.14069	0	0
2077	-6.15784	0	0
2076	-6.17503	0	0
2075	-6.19225	0	0
2074	-6.09642	0	0
2073	-6.11393	0	0
2072	-6.13148	0	0
2071	-6.14906	0	0
2070	-6.05263	0	0
2069	-6.07003	0	0
2068	-6.08747	0	0
2067	-6.10494	0	0
2066	-6.12244	0	0
2065	-6.01915	0	0
2064	-6.0388	0	0
2063	-6.05848	0	0
2062	-6.0782	0	0
2061	-5.94464	0	0
2060	-5.97021	0	0
2059	-5.99584	0	0
2058	-6.02152	0	0
2057	-5.84826	0	0
2056	-5.87826	0	0
2055	-5.90831	0	0
2054	-5.93843	0	0
2053	-5.76406	0	0
2052	-5.79043	0	0
2051	-5.81685	0	0
2050	-5.84333	0	0
2049	-5.86987	0	0
2048	-5.71775	0	0
2047	-5.85279	0	0
2046	-5.86038	0	0
2045	-5.86798	0	0
2044	-5.84493	0	0
2043	-5.85274	0	0
2042	-5.86056	0	0
2041	-5.86839	0	0
2040	-5.84188	0	0
2039	-5.85046	0	0
2038	-5.85906	0	0
2037	-5.86768	0	0
2036	-5.8367	0	0
2035	-5.84575	0	0
2034	-5.85482	0	0
2033	-5.86391	0	0
2032	-5.82936	0	0
2031	-5.83896	0	0
2030	-5.84858	0	0
2029	-5.85822	0	0
2028	-5.81934	0	0
2027	-5.82962	0	0
2026	-5.83992	0	0
2025	-5.85024	0	0
2024	-5.80978	0	0
2023	-5.81995	0	0
2022	-5.83013	0	0
2021	-5.84034	0	0
2020	-5.78675	0	0
2019	-5.80031	0	0
2018	-5.8139	0	0
2017	-5.82752	0	0
2016	-5.84116	0	0
2015	-5.754	0	0
2014	-5.77508	0	0
2013	-5.7962	0	0
2012	-5.81737	0	0
2011	-5.67724	0	0
2010	-5.70569	0	0
2009	-5.7342	0	0
2008	-5.76276	0	0
2007	-5.60501	0	0
2006	-5.62987	0	0
2005	-5.65479	0	0
2004	-5.67975	0	0
2003	-5.55262	0	0
2002	-5.57234	0	0
2001	-5.5921	0	0
2000	-5.6119	0	0
1999	-5.50861	0	0
1998	-5.52721	0	0
1997	-5.54584	0	0
1996	-5.56452	0	0
1995	-5.4651	0	0
1994	-5.48395	0	0
1993	-5.50283	0	0
1992	-5.52176	0	0
1991	-5.41994	0	0
1990	-5.43936	0	0
1989	-5.45882	0	0
1988	-5.47831	0	0
1987	-5.37407	0	0
1986	-5.39367	0	0
1985	-5.41331	0	0
1984	-5.30751	0	0
1983	-5.3274	0	0
1982	-5.34733	0	0
1981	-5.3673	0	0
1980	-5.25892	0	0
1979	-5.27931	0	0
1978	-5.29975	0	0
1977	-5.32022	0	0
1976	-5.21273	0	0
1975	-5.23257	0	0
1974	-5.25245	0	0
1973	-5.27236	0	0
1972	-5.16292	0	0
1971	-5.18386	0	0
1970	-5.20485	0	0
1969	-5.22588	0	0
1968	-5.09881	0	0
1967	-5.12391	0	0
1966	-5.14907	0	0
1965	-5.17428	0	0
1964	-5.01831	0	0
1963	-5.04811	0	0
1962	-5.07799	0	0
1961	-5.10792	0	0
1960	-4.94048	0	0
1959	-4.96897	0	0
1958	-4.99753	0	0
1957	-5.02616	0	0
1956	-4.87238	0	0
1955	-4.89798	0	0
1954	-4.92362	0	0
1953	-4.78089	0	0
1952	-4.80649	0	0
1951	-4.83215	0	0
1950	-4.85786	0	0
1949	-4.71533	0	0
1948	-4.74093	0	0
1947	-4.76659	0	0
1946	-4.7923	0	0
1945	-4.64859	0	0
1944	-4.67466	0	0
1943	-4.70079	0	0
1942	-4.72698	0	0
1941	-4.58019	0	0
1940	-4.60689	0	0
1939	-4.63364	0	0
1938	-4.66046	0	0
1937	-4.51126	0	0
1936	-4.53818	0	0
1935	-4.56517	0	0
1934	-4.41617	0	0
1933	-4.44291	0	0
1932	-4.46971	0	0
1931	-4.49656	0	0
1930	-4.34838	0	0
1929	-4.37511	0	0
1928	-4.40189	0	0
1927	-4.42874	0	0
1926	-4.27934	0	0
1925	-4.30662	0	0
1924	-4.33396	0	0
1923	-4.17799	0	0
1922	-4.20663	0	0
1921	-4.23535	0	0
1920	-4.26412	0	0
1919	-4.09771	0	0
1918	-4.12843	0	0
1917	-4.15923	0	0
1916	-4.1901	0	0
1915	-4.01915	0	0
1914	-4.04943	0	0
1913	-4.07979	0	0
1912	-3.91884	0	0
1911	-3.94689	0	0
1910	-3.97501	0	0
1909	-4.0032	0	0
1908	-3.84927	0	0
1907	-3.87707	0	0
1906	-3.90493	0	0
1905	-3.93286	0	0
1904	-3.77915	0	0
1903	-3.80728	0	0
1902	-3.83547	0	0
1901	-3.67854	0	0
1900	-3.70737	0	0
1899	-3.73628	0	0
1898	-3.76525	0	0
1897	-3.60736	0	0
1896	-3.63596	0	0
1895	-3.66462	0	0
1894	-3.69335	0	0
1893	-3.53847	0	0
1892	-3.56637	0	0
1891	-3.59434	0	0
1890	-3.44114	0	0
1889	-3.46939	0	0
1888	-3.49772	0	0
1887	-3.52611	0	0
1886	-3.36886	0	0
1885	-3.39828	0	0
1884	-3.42777	0	0
1883	-3.26494	0	0
1882	-3.29499	0	0
1881	-3.32511	0	0
1880	-3.3553	0	0
1879	-3.18916	0	0
1878	-3.21985	0	0
1877	-3.2506	0	0
1876	-3.08167	0	0
1875	-3.1127	0	0
1874	-3.1438	0	0
1873	-3.17497	0	0
1872	-3.00461	0	0
1871	-3.0359	0	0
1870	-3.06727	0	0
1869	-2.89855	0	0
1868	-2.92922	0	0
1867	-2.95997	0	0
1866	-2.99079	0	0
1865	-2.82452	0	0
1864	-2.85499	0	0
1863	-2.88553	0	0
1862	-2.71998	0	0
1861	-2.75056	0	0
1860	-2.7812	0	0
1859	-2.81192	0	0
1858	-2.64675	0	0
1857	-2.67716	0	0
1856	-2.70766	0	0
1855	-2.55135	0	0
1854	-2.57923	0	0
1853	-2.60718	0	0
1852	-2.6352	0	0
1851	-2.48859	0	0
1850	-2.51548	0	0
1849	-2.54244	0	0
1848	-2.39655	0	0
1847	-2.42444	0	0
1846	-2.45239	0	0
1845	-2.29744	0	0
1844	-2.32723	0	0
1843	-2.35709	0	0
1842	-2.38702	0	0
1841	-2.22782	0	0
1840	-2.25754	0	0
1839	-2.28733	0	0
1838	-2.13852	0	0
1837	-2.16509	0	0
1836	-2.19174	0	0
1835	-2.21845	0	0
1834	-2.07729	0	0
1833	-2.10422	0	0
1832	-2.13122	0	0
1831	-1.98144	0	0
1830	-2.01117	0	0
1829	-2.04097	0	0
1828	-1.87942	0	0
1827	-1.91037	0	0
1826	-1.9414	0	0
1825	-1.97251	0	0
1824	-1.80918	0	0
1823	-1.83969	0	0
1822	-1.87027	0	0
1821	-1.71014	0	0
1820	-1.74017	0	0
1819	-1.77027	0	0
1818	-1.61279	0	0
1817	-1.64247	0	0
1816	-1.67221	0	0
1815	-1.70203	0	0
1814	-2.7623	0	0
1813	-2.7905	0	0
1812	-2.81877	0	0
1811	-2.67849	0	0
1810	-2.70596	0	0
1809	-2.73351	0	0
1808	-2.59581	0	0
1807	-2.6232	0	0
1806	-2.65065	0	0
1805	-2.5098	0	0
1804	-2.53833	0	0
1803	-2.56693	0	0
1802	-2.5956	0	0
1801	-2.45014	0	0
1800	-2.47956	0	0
1799	-2.50906	0	0
1798	-2.3587	0	0
1797	-2.3891	0	0
1796	-2.41958	0	0
1795	-2.26746	0	0
1794	-2.29757	0	0
1793	-2.32775	0	0
1792	-2.17592	0	0
1791	-2.20626	0	0
1790	-2.23668	0	0
1789	-2.26717	0	0
1788	-2.11474	0	0
1787	-2.14521	0	0
1786	-2.17575	0	0
1785	-2.02478	0	0
1784	-2.05467	0	0
1783	-2.08463	0	0
1782	-1.93535	0	0
1781	-1.96534	0	0
1780	-1.9954	0	0
1779	-1.84573	0	0
1778	-1.87584	0	0
1777	-1.90603	0	0
1776	-1.75701	0	0
1775	-1.78686	0	0
1774	-1.81678	0	0
1773	-1.67725	0	0
1772	-1.70422	0	0
1771	-1.73126	0	0
1770	-1.60356	0	0
1769	-1.62892	0	0
1768	-1.65435	0	0
1767	-1.67984	0	0
1766	-1.55355	0	0
1765	-1.57992	0	0
1764	-1.60635	0	0
1763	-1.47366	0	0
1762	-1.50164	0	0
1761	-1.5297	0	0
1760	-1.3902	0	0
1759	-1.41915	0	0
1758	-1.44818	0	0
1757	-1.31331	0	0
1756	-1.33943	0	0
1755	-1.36562	0	0
1754	-1.24457	0	0
1753	-1.26833	0	0
1752	-1.29217	0	0
1751	-1.17166	0	0
1750	-1.19759	0	0
1749	-1.2236	0	0
1748	-1.0898	0	0
1747	-1.11874	0	0
1746	-1.14776	0	0
1745	-1.00606	0	0
1744	-1.0353	0	0
1743	-1.06462	0	0
1742	-0.924627	0	0
1741	-0.953075	0	0
1740	-0.981597	0	0
1739	-0.844461	0	0
1738	-0.872623	0	0
1737	-0.900859	0	0
1736	-0.765328	0	0
1735	-0.793227	0	0
1734	-0.821199	0	0
1733	-0.687135	0	0
1732	-0.714798	0	0
1731	-0.742535	0	0
1730	-0.610324	0	0
1729	-0.637585	0	0
1728	-0.664918	0	0
1727	-0.534944	0	0
1726	-0.561793	0	0
1725	-0.588714	0	0
1724	-0.457869	0	0
1723	-0.485462	0	0
1722	-0.513128	0	0
1721	-0.380859	0	0
1720	-0.40844	0	0
1719	-0.436095	0	0
1718	-0.317513	0	0
1717	-0.339911	0	0
1716	-0.36237	0	0
1715	-0.258814	0	0
1714	-0.280079	0	0
1713	-0.301403	0	0
1712	-0.194969	0	0
1711	-0.218564	0	0
1710	-0.242223	0	0
1709	-0.127911	0	0
1708	-0.152538	0	0
1707	-0.177231	0	0
1706	-0.0597908	0	0
1705	-0.0847549	0	0
1704	-0.109787	0	0
1703	0.00128951	0	0
1702	-0.0204284	0	0
1701	-0.0422059	0	0
1700	0.0549241	0	0
1699	0.0357475	0	0
1698	0.0165182	0	0
1697	0.112184	0	0
1696	0.0900794	0	0
1695	0.198258	0	0
1694	0.174604	0	0
1693	0.150886	0	0
1692	0.260142	0	0
1691	0.237198	0	0
1690	0.214191	0	0
1689	0.320033	0	0
1688	0.297792	0	0
1687	0.27549	0	0
1686	0.381561	0	0
1685	0.358476	0	0
1684	0.335327	0	0
1683	0.442722	0	0
1682	0.419857	0	0
1681	0.39693	0	0
1680	0.502817	0	0
1679	0.48034	0	0
1678	0.584301	0	0
1677	0.562096	0	0
1676	0.539829	0	0
1675	0.640702	0	0
1674	0.619472	0	0
1673	0.598184	0	0
1672	0.697995	0	0
1671	0.676305	0	0
1670	0.654555	0	0
1669	0.754899	0	0
1668	0.733353	0	0
1667	0.711748	0	0
1666	0.802277	0	0
1665	0.785563	0	0
1664	0.863258	0	0
1663	0.846547	0	0
1662	0.829789	0	0
1661	0.913184	0	0
1660	0.894116	0	0
1659	0.874993	0	0
1658	0.962243	0	0
1657	0.943592	0	0
1656	0.924886	0	0
1655	1.01089	0	0
1654	0.992308	0	0
1653	1.07199	0	0
1652	1.05569	0	0
1651	1.03934	0	0
1650	1.11015	0	0
1649	1.09583	0	0
1648	1.08147	0	0
1647	1.15391	0	0
1646	1.13674	0	0
1645	1.11951	0	0
1644	1.19825	0	0
1643	1.18126	0	0
1642	1.25308	0	0
1641	1.23866	0	0
1640	1.2242	0	0
1639	1.28838	0	0
1638	1.2752	0	0
1637	1.26197	0	0
1636	1.32536	0	0
1635	1.31102	0	0
1634	1.37917	0	0
1633	1.36406	0	0
1632	1.3489	0	0
1631	1.41732	0	0
1630	1.40273	0	0
1629	1.3881	0	0
1628	1.45407	0	0
1627	1.44014	0	0
1626	1.50201	0	0
1625	1.48905	0	0
1624	1.47605	0	0
1623	1.53619	0	0
1622	1.52317	0	0
1621	1.51012	0	0
1620	1.57131	0	0
1619	1.55767	0	0
1618	1.61238	0	0
1617	1.60226	0	0
1616	1.59211	0	0
1615	1.63513	0	0
1614	1.62755	0	0
1613	1.66896	0	0
1612	1.6596	0	0
1611	1.6502	0	0
1610	1.69833	0	0
1609	1.68719	0	0
1608	1.67601	0	0
1607	1.72938	0	0
1606	1.71729	0	0
1605	1.77053	0	0
1604	1.75955	0	0
1603	1.74854	0	0
1602	1.79617	0	0
1601	1.78713	0	0
1600	1.83023	0	0
1599	1.82113	0	0
1598	1.81201	0	0
1597	1.85652	0	0
1596	1.84671	0	0
1595	1.89186	0	0
1594	1.88242	0	0
1593	1.87296	0	0
1592	1.91359	0	0
1591	1.90616	0	0
1590	1.93673	0	0
1589	1.93163	0	0
1588	1.92651	0	0
1587	1.95329	0	0
1586	1.94822	0	0
1585	1.97599	0	0
1584	1.97047	0	0
1583	1.96494	0	0
1582	1.9924	0	0
1581	1.60381	0	0
1580	1.65546	0	0
1579	1.64527	0	0
1578	1.63504	0	0
1577	1.68531	0	0
1576	1.67286	0	0
1575	1.73417	0	0
1574	1.71902	0	0
1573	1.70383	0	0
1572	1.76014	0	0
1571	1.74981	0	0
1570	1.79122	0	0
1569	1.78298	0	0
1568	1.77471	0	0
1567	1.81474	0	0
1566	1.80542	0	0
1565	1.84948	0	0
1564	1.83934	0	0
1563	1.82918	0	0
1562	1.87443	0	0
1561	1.86437	0	0
1560	1.9078	0	0
1559	1.89848	0	0
1558	1.88914	0	0
1557	1.93012	0	0
1556	1.92154	0	0
1555	1.95911	0	0
1554	1.95138	0	0
1553	1.98723	0	0
1552	1.97954	0	0
1551	1.97182	0	0
1550	2.00828	0	0
1549	2.00019	0	0
1548	2.0319	0	0
1547	2.02639	0	0
1546	2.02085	0	0
1545	2.04459	0	0
1544	2.04152	0	0
1543	2.06119	0	0
1542	2.05733	0	0
1541	2.08484	0	0
1540	2.07816	0	0
1539	2.07147	0	0
1538	2.10521	0	0
1537	2.09726	0	0
1536	2.13206	0	0
1535	2.12491	0	0
1534	2.15365	0	0
1533	2.14851	0	0
1532	2.14334	0	0
1531	2.16853	0	0
1530	2.16385	0	0
1529	2.18936	0	0
1528	2.18403	0	0
1527	2.21062	0	0
1526	2.2053	0	0
1525	2.19995	0	0
1524	2.2263	0	0
1523	2.22111	0	0
1522	2.2398	0	0
1521	2.23837	0	0
1520	2.24603	0	0
1519	2.2467	0	0
1518	2.24737	0	0
1517	2.25423	0	0
1516	2.25358	0	0
1515	2.26268	0	0
1514	2.26228	0	0
1513	2.27006	0	0
1512	2.27008	0	0
1511	2.2701	0	0
1510	2.27725	0	0
1509	2.27729	0	0
1508	2.28302	0	0
1507	2.28388	0	0
1506	2.28669	0	0
1505	2.28828	0	0
1504	2.28767	0	0
1503	2.29029	0	0
1502	2.29291	0	0
1501	2.2886	0	0
1500	2.29285	0	0
1499	2.28477	0	0
1498	2.28928	0	0
1497	2.28147	0	0
1496	2.28561	0	0
1495	2.27705	0	0
1494	2.28182	0	0
1493	2.2866	0	0
1492	2.27795	0	0
1491	2.28221	0	0
1490	2.27814	0	0
1489	2.28022	0	0
1488	2.28055	0	0
1487	2.28243	0	0
1486	2.28204	0	0
1485	2.28445	0	0
1484	2.28686	0	0
1483	2.28554	0	0
1482	2.28812	0	0
1481	2.28583	0	0
1480	2.28886	0	0
1479	2.28562	0	0
1478	2.2887	0	0
1477	2.28551	0	0
1476	2.28852	0	0
1475	2.28147	0	0
1474	2.28655	0	0
1473	2.27233	0	0
1472	2.27944	0	0
1471	2.28658	0	0
1470	2.26986	0	0
1469	2.27698	0	0
1468	2.26025	0	0
1467	2.26742	0	0
1466	2.25012	0	0
1465	2.25763	0	0
1464	2.23974	0	0
1463	2.24727	0	0
1462	2.2291	0	0
1461	2.23679	0	0
1460	2.21598	0	0
1459	2.22492	0	0
1458	2.20056	0	0
1457	2.21045	0	0
1456	2.22036	0	0
1455	2.19547	0	0
1454	2.20491	0	0
1453	2.18117	0	0
1452	2.1905	0	0
1451	2.16646	0	0
1450	2.17619	0	0
1449	2.15122	0	0
1448	2.16112	0	0
1447	2.13461	0	0
1446	2.14533	0	0
1445	2.11802	0	0
1444	2.12845	0	0
1443	2.10538	0	0
1442	2.11366	0	0
1441	2.09507	0	0
1440	2.10259	0	0
1439	2.0842	0	0
1438	2.09218	0	0
1437	2.07202	0	0
1436	2.08063	0	0
1435	2.0591	0	0
1434	2.06805	0	0
1433	2.04683	0	0
1432	2.05546	0	0
1431	2.06412	0	0
1430	2.04237	0	0
1429	2.05184	0	0
1428	2.02673	0	0
1427	2.0378	0	0
1426	2.00949	0	0
1425	2.02067	0	0
1424	1.99282	0	0
1423	2.00347	0	0
1422	1.97683	0	0
1421	1.98735	0	0
1420	1.96003	0	0
1419	1.97134	0	0
1418	1.94158	0	0
1417	1.95376	0	0
1416	1.92219	0	0
1415	1.93463	0	0
1414	1.90233	0	0
1413	1.91503	0	0
1412	1.88182	0	0
1411	1.89494	0	0
1410	1.86074	0	0
1409	1.87412	0	0
1408	1.83937	0	0
1407	1.85289	0	0
1406	1.81798	0	0
1405	1.83148	0	0
1404	1.79767	0	0
1403	1.81028	0	0
1402	1.77875	0	0
1401	1.79081	0	0
1400	1.76077	0	0
1399	1.77243	0	0
1398	1.74408	0	0
1397	1.71728	0	0
1396	1.72815	0	0
1395	1.69929	0	0
1394	1.71121	0	0
1393	1.68229	0	0
1392	1.69369	0	0
1391	1.66833	0	0
1390	1.67805	0	0
1389	1.65347	0	0
1388	1.66387	0	0
1387	1.6352	0	0
1386	1.64769	0	0
1385	1.61551	0	0
1384	1.62863	0	0
1383	1.59595	0	0
1382	1.60888	0	0
1381	1.57622	0	0
1380	1.5894	0	0
1379	1.55607	0	0
1378	1.56955	0	0
1377	1.53556	0	0
1376	1.54926	0	0
1375	1.51491	0	0
1374	1.52867	0	0
1373	1.49464	0	0
1372	1.46193	0	0
1371	1.475	0	0
1370	1.44072	0	0
1369	1.45493	0	0
1368	1.4175	0	0
1367	1.433	0	0
1366	1.39353	0	0
1365	1.40941	0	0
1364	1.36928	0	0
1363	1.38535	0	0
1362	1.34466	0	0
1361	1.36106	0	0
1360	1.31958	0	0
1359	1.27784	0	0
1358	1.29441	0	0
1357	1.25471	0	0
1356	1.27014	0	0
1355	1.23319	0	0
1354	1.24762	0	0
1353	1.21162	0	0
1352	1.22633	0	0
1351	1.18954	0	0
1350	1.20469	0	0
1349	1.16709	0	0
1348	1.12742	0	0
1347	1.59034	0	0
1346	1.55433	0	0
1345	1.56939	0	0
1344	1.53471	0	0
1343	1.5492	0	0
1342	1.51586	0	0
1341	1.52988	0	0
1340	1.49737	0	0
1339	1.46501	0	0
1338	1.47897	0	0
1337	1.44604	0	0
1336	1.46039	0	0
1335	1.42657	0	0
1334	1.44134	0	0
1333	1.40788	0	0
1332	1.42187	0	0
1331	1.39037	0	0
1330	1.35805	0	0
1329	1.37265	0	0
1328	1.3367	0	0
1327	1.35298	0	0
1326	1.3151	0	0
1325	1.33141	0	0
1324	1.29365	0	0
1323	1.25576	0	0
1322	1.27219	0	0
1321	1.23365	0	0
1320	1.25045	0	0
1319	1.21116	0	0
1318	1.22834	0	0
1317	1.1887	0	0
1316	1.14997	0	0
1315	1.1666	0	0
1314	1.1279	0	0
1313	1.14485	0	0
1312	1.10481	0	0
1311	1.06125	0	0
1310	1.08045	0	0
1309	1.03526	0	0
1308	1.05505	0	0
1307	1.00916	0	0
1306	1.02913	0	0
1305	0.982827	0	0
1304	0.935817	0	0
1303	0.956287	0	0
1302	0.909509	0	0
1301	0.929702	0	0
1300	0.883895	0	0
1299	0.839942	0	0
1298	0.858964	0	0
1297	0.815657	0	0
1296	0.83456	0	0
1295	0.791225	0	0
1294	0.747113	0	0
1293	0.766567	0	0
1292	0.721776	0	0
1291	0.741643	0	0
1290	0.69593	0	0
1289	0.648847	0	0
1288	0.66969	0	0
1287	0.623136	0	0
1286	0.643392	0	0
1285	0.598097	0	0
1284	0.55242	0	0
1283	0.572913	0	0
1282	0.525325	0	0
1281	0.546948	0	0
1280	0.498093	0	0
1279	0.449168	0	0
1278	0.47089	0	0
1277	0.421637	0	0
1276	0.443748	0	0
1275	0.393871	0	0
1274	0.3435	0	0
1273	0.365984	0	0
1272	0.31583	0	0
1271	0.266008	0	0
1270	0.288293	0	0
1269	0.238075	0	0
1268	0.260766	0	0
1267	0.20974	0	0
1266	0.156897	0	0
1265	0.180944	0	0
1264	0.12714	0	0
1263	0.0730858	0	0
1262	0.0974276	0	0
1261	0.0433839	0	0
1260	0.0678489	0	0
1259	0.0136324	0	0
1258	-0.0405569	0	0
1257	-0.0160664	0	0
1256	-0.0698259	0	0
1255	-0.12294	0	0
1254	-0.0988688	0	0
1253	-0.15193	0	0
1252	-0.127732	0	0
1251	-0.180961	0	0
1250	-0.23451	0	0
1249	-0.210029	0	0
1248	-0.263598	0	0
1247	-0.317134	0	0
1246	-0.292608	0	0
1245	-0.34616	0	0
1244	-0.399292	0	0
1243	-0.375013	0	0
1242	-0.427843	0	0
1241	-0.48132	0	0
1240	-0.456535	0	0
1239	-0.510877	0	0
1238	-0.565801	0	0
1237	-0.540426	0	0
1236	-0.595287	0	0
1235	-0.569904	0	0
1234	-0.624771	0	0
1233	-0.679869	0	0
1232	-0.654254	0	0
1231	-0.709219	0	0
1230	-0.763419	0	0
1229	-0.738337	0	0
1228	-0.79219	0	0
1227	-0.84593	0	0
1226	-0.820847	0	0
1225	-0.874707	0	0
1224	-0.929071	0	0
1223	-0.903491	0	0
1222	-0.958305	0	0
1221	-1.01365	0	0
1220	-0.9876	0	0
1219	-1.04294	0	0
1218	-1.09787	0	0
1217	-1.07208	0	0
1216	-1.12677	0	0
1215	-1.18106	0	0
1214	-1.23487	0	0
1213	-1.20955	0	0
1212	-1.26315	0	0
1211	-1.31652	0	0
1210	-1.29133	0	0
1209	-1.34456	0	0
1208	-1.39744	0	0
1207	-1.37246	0	0
1206	-1.42518	0	0
1205	-1.47766	0	0
1204	-1.45281	0	0
1203	-1.50497	0	0
1202	-1.55643	0	0
1201	-1.53209	0	0
1200	-1.58352	0	0
1199	-1.63555	0	0
1198	-1.68766	0	0
1197	-1.66284	0	0
1196	-1.71474	0	0
1195	-1.76623	0	0
1194	-1.74169	0	0
1193	-1.79293	0	0
1192	-1.84364	0	0
1191	-1.8195	0	0
1190	-1.86996	0	0
1189	-1.92017	0	0
1188	-1.97011	0	0
1187	-1.94626	0	0
1186	-1.99604	0	0
1185	-2.0456	0	0
1184	-2.02187	0	0
1183	-2.07143	0	0
1182	-2.12102	0	0
1181	-2.17018	0	0
1180	-2.14666	0	0
1179	-2.19539	0	0
1178	-2.24329	0	0
1177	-2.22047	0	0
1176	-2.26799	0	0
1175	-2.315	0	0
1174	-2.36164	0	0
1173	-2.33936	0	0
1172	-2.38582	0	0
1171	-2.43181	0	0
1170	-2.4773	0	0
1169	-2.45562	0	0
1168	-2.5009	0	0
1167	-2.54576	0	0
1166	-2.52441	0	0
1165	-2.56899	0	0
1164	-2.61292	0	0
1163	-2.65651	0	0
1162	-2.63578	0	0
1161	-2.67927	0	0
1160	-2.72239	0	0
1159	-2.76494	0	0
1158	-2.74483	0	0
1157	-2.78702	0	0
1156	-2.82836	0	0
1155	-2.86892	0	0
1154	-2.84995	0	0
1153	-2.89018	0	0
1152	-2.92979	0	0
1151	-2.96873	0	0
1150	-2.95068	0	0
1149	-2.9893	0	0
1148	-3.0273	0	0
1147	-3.06475	0	0
1146	-3.04754	0	0
1145	-3.08472	0	0
1144	-3.12123	0	0
1143	-3.15693	0	0
1142	-3.19184	0	0
1141	-3.17613	0	0
1140	-3.21068	0	0
1139	-3.24451	0	0
1138	-3.27775	0	0
1137	-3.26304	0	0
1136	-3.29601	0	0
1135	-3.32834	0	0
1134	-3.35991	0	0
1133	-3.34629	0	0
1132	-3.37747	0	0
1131	-3.40764	0	0
1130	-3.4368	0	0
1129	-3.46514	0	0
1128	-3.45352	0	0
1127	-3.48158	0	0
1126	-3.50906	0	0
1125	-3.53572	0	0
1124	-3.56144	0	0
1123	-3.55151	0	0
1122	-3.57684	0	0
1121	-3.60138	0	0
1120	-3.62521	0	0
1119	-3.64835	0	0
1118	-3.64008	0	0
1117	-3.66292	0	0
1116	-3.68503	0	0
1115	-3.70636	0	0
1114	-2.92895	0	0
1113	-2.91705	0	0
1112	-2.94299	0	0
1111	-2.96821	0	0
1110	-2.99267	0	0
1109	-3.01639	0	0
1108	-3.00619	0	0
1107	-3.02961	0	0
1106	-3.05228	0	0
1105	-3.07419	0	0
1104	-3.09547	0	0
1103	-3.08693	0	0
1102	-3.10802	0	0
1101	-3.1287	0	0
1100	-3.14879	0	0
1099	-3.16817	0	0
1098	-3.18685	0	0
1097	-3.18014	0	0
1096	-3.19855	0	0
1095	-3.21622	0	0
1094	-3.23317	0	0
1093	-3.24945	0	0
1092	-3.26507	0	0
1091	-3.26056	0	0
1090	-3.27593	0	0
1089	-3.29059	0	0
1088	-3.30448	0	0
1087	-3.31748	0	0
1086	-3.32964	0	0
1085	-3.34124	0	0
1084	-3.33965	0	0
1083	-3.35109	0	0
1082	-3.36207	0	0
1081	-3.37242	0	0
1080	-3.38209	0	0
1079	-3.39112	0	0
1078	-3.39955	0	0
1077	-3.40038	0	0
1076	-3.40862	0	0
1075	-3.41624	0	0
1074	-3.42323	0	0
1073	-3.4295	0	0
1072	-3.43506	0	0
1071	-3.43997	0	0
1070	-3.44361	0	0
1069	-3.44834	0	0
1068	-3.45242	0	0
1067	-3.45582	0	0
1066	-3.45851	0	0
1065	-3.46046	0	0
1064	-3.46168	0	0
1063	-3.46226	0	0
1062	-3.46226	0	0
1061	-3.46986	0	0
1060	-3.46973	0	0
1059	-3.46905	0	0
1058	-3.46782	0	0
1057	-3.46599	0	0
1056	-3.46355	0	0
1055	-3.4605	0	0
1054	-3.45695	0	0
1053	-3.45303	0	0
1052	-3.46398	0	0
1051	-3.46001	0	0
1050	-3.4557	0	0
1049	-3.45096	0	0
1048	-3.44569	0	0
1047	-3.43982	0	0
1046	-3.43333	0	0
1045	-3.42627	0	0
1044	-3.41875	0	0
1043	-3.41087	0	0
1042	-3.40263	0	0
1041	-3.39396	0	0
1040	-3.40923	0	0
1039	-3.40048	0	0
1038	-3.39117	0	0
1037	-3.38124	0	0
1036	-3.37067	0	0
1035	-3.35952	0	0
1034	-3.34791	0	0
1033	-3.33591	0	0
1032	-3.32357	0	0
1031	-3.31085	0	0
1030	-3.29774	0	0
1029	-3.28429	0	0
1028	-3.27054	0	0
1027	-3.25649	0	0
1026	-3.2421	0	0
1025	-3.22734	0	0
1024	-3.21225	0	0
1023	-3.23375	0	0
1022	-3.21866	0	0
1021	-3.20328	0	0
1020	-3.18761	0	0
1019	-3.17164	0	0
1018	-3.15535	0	0
1017	-3.13876	0	0
1016	-3.12188	0	0
1015	-3.10471	0	0
1014	-3.08728	0	0
1013	-3.06961	0	0
1012	-3.05173	0	0
1011	-3.03364	0	0
1010	-3.01534	0	0
1009	-2.99681	0	0
1008	-2.97809	0	0
1007	-2.95919	0	0
1006	-2.94013	0	0
1005	-2.92092	0	0
1004	-2.90158	0	0
1003	-2.8821	0	0
1002	-2.86246	0	0
1001	-2.84267	0	0
1000	-2.82278	0	0
999	-2.80281	0	0
998	-2.78274	0	0
997	-2.76257	0	0
996	-2.7423	0	0
995	-2.72195	0	0
994	-2.70154	0	0
993	-2.68107	0	0
992	-2.66053	0	0
991	-2.63992	0	0
990	-2.61922	0	0
989	-2.59843	0	0
988	-2.57756	0	0
987	-2.55662	0	0
986	-2.53562	0	0
985	-2.51459	0	0
984	-2.49356	0	0
983	-2.47259	0	0
982	-2.45168	0	0
981	-2.43082	0	0
980	-2.41	0	0
979	-2.38921	0	0
978	-2.36846	0	0
977	-2.298	0	0
976	-2.27743	0	0
975	-2.25701	0	0
974	-2.23681	0	0
973	-2.21686	0	0
972	-2.19712	0	0
971	-2.17747	0	0
970	-2.15778	0	0
969	-2.13792	0	0
968	-2.11785	0	0
967	-2.0976	0	0
966	-2.07725	0	0
965	-2.05691	0	0
964	-2.03665	0	0
963	-2.01655	0	0
962	-1.94815	0	0
961	-1.92866	0	0
960	-1.90926	0	0
959	-1.88997	0	0
958	-1.87079	0	0
957	-1.85174	0	0
956	-1.83284	0	0
955	-1.81408	0	0
954	-1.79547	0	0
953	-1.77698	0	0
952	-1.75861	0	0
951	-1.69478	0	0
950	-1.67686	0	0
949	-1.65904	0	0
948	-1.64135	0	0
947	-1.62377	0	0
946	-1.60631	0	0
945	-1.58897	0	0
944	-1.57174	0	0
943	-1.55468	0	0
942	-1.49503	0	0
941	-1.47864	0	0
940	-1.4624	0	0
939	-1.44629	0	0
938	-1.43032	0	0
937	-1.4145	0	0
936	-1.39884	0	0
935	-nan	0	0
934	-nan	0	0
933	-nan	0	0
932	-nan	0	0
931	-nan	0	0
930	-nan	0	0
929	-nan	0	0
928	7154.64	0	0
927	7010.1	0	0
926	6865.13	0	0
925	6719.71	0	0
924	6573.85	0	0
923	6427.56	0	0
922	6280.83	0	0
921	6133.65	0	0
920	5986.04	0	0
919	5837.99	0	0
918	5689.49	0	0
917	5540.56	0	0
916	5391.18	0	0
915	5241.36	0	0
914	5091.1	0	0
913	4940.4	0	0
912	4789.25	0	0
911	4637.67	0	0
910	4485.64	0	0
909	4333.16	0	0
908	4180.25	0	0
907	4026.89	0	0
906	3873.09	0	0
905	3718.84	0	0
904	3564.15	0	0
903	3409.02	0	0
902	3253.44	0	0
901	3097.42	0	0
900	2940.96	0	0
899	2784.05	0	0
898	2626.7	0	0
897	2468.9	0	0
896	2310.66	0	0
895	2151.98	0	0
894	1992.85	0	0
893	1833.28	0	0
892	1673.26	0	0
891	1512.8	0	0
890	1351.9	0	0
889	1190.55	0	0
888	1028.76	0	0
887	866.522	0	0
886	703.844	0	0
885	540.723	0	0
884	377.158	0	0
883	213.151	0	0
882	48.7018	0	0
881	39278.7	0	0
880	39163.1	0	0
879	39047.1	0	0
878	38930.7	0	0
877	38813.7	0	0
876	38696.3	0	0
875	38578.4	0	0
874	38460	0	0
873	38341.2	0	0
872	38221.8	0	0
871	38102	0	0
870	37981.7	0	0
869	37860.9	0	0
868	37739.6	0	0
867	37617.8	0	0
866	37495.6	0	0
865	37372.9	0	0
864	37249.6	0	0
863	37125.9	0	0
862	37001.7	0	0
861	36877	0	0
860	36751.8	0	0
859	36626.2	0	0
858	36500	0	0
857	36373.3	0	0
856	36246.2	0	0
855	36118.6	0	0
854	35990.4	0	0
853	35861.8	0	0
852	35732.6	0	0
851	35603	0	0
850	35472.9	0	0
849	35342.3	0	0
848	35211.1	0	0
847	35079.5	0	0
846	34947.4	0	0
845	34814.8	0	0
844	34681.7	0	0
843	34548	0	0
842	34413.9	0	0
841	34279.3	0	0
840	34144.1	0	0
839	34008.5	0	0
838	33872.4	0	0
837	33735.7	0	0
836	33598.6	0	0
835	33460.9	0	0
834	33322.8	0	0
833	33184.1	0	0
832	33044.9	0	0
831	32905.3	0	0
830	32765.1	0	0
829	32624.4	0	0
828	32483.2	0	0
827	32341.5	0	0
826	32199.2	0	0
825	32056.5	0	0
824	31913.3	0	0
823	31769.5	0	0
822	31625.3	0	0
821	31480.5	0	0
820	31335.2	0	0
819	31189.4	0	0
818	31043.1	0	0
817	30896.3	0	0
816	30749	0	0
815	30601.2	0	0
