5379	-nan	0	0
5378	-nan	0	0
5377	-nan	0	0
5376	-nan	0	0
5375	-nan	0	0
5374	-nan	0	0
5373	-nan	0	0
5372	-nan	0	0
5371	-nan	0	0
5370	-nan	0	0
5369	-nan	0	0
5368	-nan	0	0
5367	-nan	0	0
5366	-nan	0	0
5365	-nan	0	0
5364	-nan	0	0
5363	-nan	0	0
5362	-nan	0	0
5361	-nan	0	0
5360	-nan	0	0
5359	-nan	0	0
5358	-nan	0	0
5357	-nan	0	0
5356	-nan	0	0
5355	-nan	0	0
5354	-nan	0	0
5353	-nan	0	0
5352	-nan	0	0
5351	-nan	0	0
5350	-nan	0	0
5349	-nan	0	0
5348	-nan	0	0
5347	-nan	0	0
5346	-nan	0	0
5345	-nan	0	0
5344	-nan	0	0
5343	-nan	0	0
5342	-nan	0	0
5341	-nan	0	0
5340	-nan	0	0
5339	-nan	0	0
5338	-nan	0	0
5337	-nan	0	0
5336	-nan	0	0
5335	-nan	0	0
5334	-nan	0	0
5333	-nan	0	0
5332	-nan	0	0
5331	-nan	0	0
5330	-nan	0	0
5329	-nan	0	0
5328	-nan	0	0
5327	-nan	0	0
5326	-nan	0	0
5325	-nan	0	0
5324	-nan	0	0
5323	-nan	0	0
5322	-nan	0	0
5321	-nan	0	0
5320	-nan	0	0
5319	-nan	0	0
5318	-nan	0	0
5317	-nan	0	0
5316	-nan	0	0
5315	-nan	0	0
5314	-nan	0	0
5313	-nan	0	0
5312	-nan	0	0
5311	-nan	0	0
5310	-nan	0	0
5309	-nan	0	0
5308	-nan	0	0
5307	-nan	0	0
5306	-nan	0	0
5305	-nan	0	0
5304	-nan	0	0
5303	-nan	0	0
5302	-nan	0	0
5301	-nan	0	0
5300	-nan	0	0
5299	-nan	0	0
5298	-nan	0	0
5297	-nan	0	0
5296	-nan	0	0
5295	-nan	0	0
5294	-nan	0	0
5293	-nan	0	0
5292	-nan	0	0
5291	-nan	0	0
5290	-nan	0	0
5289	-nan	0	0
5288	-nan	0	0
5287	-nan	0	0
5286	-nan	0	0
5285	-nan	0	0
5284	-nan	0	0
5283	-nan	0	0
5282	-nan	0	0
5281	-nan	0	0
5280	-nan	0	0
5279	-nan	0	0
5278	-nan	0	0
5277	-nan	0	0
5276	-nan	0	0
5275	-nan	0	0
5274	-nan	0	0
5273	-nan	0	0
5272	-nan	0	0
5271	-nan	0	0
5270	-nan	0	0
5269	-nan	0	0
5268	-nan	0	0
5267	-nan	0	0
5266	-nan	0	0
5265	-nan	0	0
5264	-nan	0	0
5263	-nan	0	0
5262	-nan	0	0
5261	-nan	0	0
5260	-nan	0	0
5259	-nan	0	0
5258	-nan	0	0
5257	-nan	0	0
5256	-nan	0	0
5255	-nan	0	0
5254	-nan	0	0
5253	-nan	0	0
5252	-nan	0	0
5251	-nan	0	0
5250	-nan	0	0
5249	-nan	0	0
5248	-nan	0	0
5247	-nan	0	0
5246	-nan	0	0
5245	-nan	0	0
5244	-nan	0	0
5243	-nan	0	0
5242	-nan	0	0
5241	-nan	0	0
5240	-nan	0	0
5239	-nan	0	0
5238	-nan	0	0
5237	-nan	0	0
5236	-nan	0	0
5235	-nan	0	0
5234	-nan	0	0
5233	-nan	0	0
5232	-nan	0	0
5231	-nan	0	0
5230	-nan	0	0
5229	-nan	0	0
5228	-nan	0	0
5227	-nan	0	0
5226	-nan	0	0
5225	-nan	0	0
5224	-nan	0	0
5223	-nan	0	0
5222	-nan	0	0
5221	-nan	0	0
5220	-nan	0	0
5219	-nan	0	0
5218	-nan	0	0
5217	-nan	0	0
5216	-nan	0	0
5215	-nan	0	0
5214	-nan	0	0
5213	-nan	0	0
5212	-nan	0	0
5211	-nan	0	0
5210	-nan	0	0
5209	-nan	0	0
5208	-nan	0	0
5207	-nan	0	0
5206	-nan	0	0
5205	-nan	0	0
5204	-nan	0	0
5203	-nan	0	0
5202	-nan	0	0
5201	-nan	0	0
5200	-nan	0	0
5199	-nan	0	0
5198	-nan	0	0
5197	-nan	0	0
5196	-nan	0	0
5195	-nan	0	0
5194	-nan	0	0
5193	-nan	0	0
5192	-nan	0	0
5191	-nan	0	0
5190	-7.63809	0	0
5189	-7.6401	0	0
5188	-7.6421	0	0
5187	-7.64411	0	0
5186	-7.64611	0	0
5185	-7.64811	0	0
5184	-7.65012	0	0
5183	-7.65212	0	0
5182	-7.65411	0	0
5181	-7.65611	0	0
5180	-7.65811	0	0
5179	-7.6601	0	0
5178	-7.66209	0	0
5177	-7.63289	0	0
5176	-7.63798	0	0
5175	-7.64307	0	0
5174	-7.64817	0	0
5173	-7.65326	0	0
5172	-7.65836	0	0
5171	-7.66347	0	0
5170	-7.66857	0	0
5169	-7.67368	0	0
5168	-7.67879	0	0
5167	-7.6839	0	0
5166	-7.68902	0	0
5165	-7.69413	0	0
5164	-7.69925	0	0
5163	-7.70437	0	0
5162	-7.7095	0	0
5161	-7.71463	0	0
5160	-7.71975	0	0
5159	-7.60334	0	0
5158	-7.61049	0	0
5157	-7.61765	0	0
5156	-7.62481	0	0
5155	-7.63198	0	0
5154	-7.63915	0	0
5153	-7.64633	0	0
5152	-7.65351	0	0
5151	-7.66069	0	0
5150	-7.66789	0	0
5149	-7.67508	0	0
5148	-7.68229	0	0
5147	-7.68949	0	0
5146	-7.6967	0	0
5145	-7.70392	0	0
5144	-7.71114	0	0
5143	-7.71837	0	0
5142	-7.7256	0	0
5141	-7.55783	0	0
5140	-7.56599	0	0
5139	-7.57415	0	0
5138	-7.58231	0	0
5137	-7.59048	0	0
5136	-7.59866	0	0
5135	-7.60684	0	0
5134	-7.61503	0	0
5133	-7.62323	0	0
5132	-7.63143	0	0
5131	-7.63964	0	0
5130	-7.64785	0	0
5129	-7.65607	0	0
5128	-7.6643	0	0
5127	-7.67253	0	0
5126	-7.68077	0	0
5125	-7.68902	0	0
5124	-7.49952	0	0
5123	-7.50797	0	0
5122	-7.51643	0	0
5121	-7.5249	0	0
5120	-7.53338	0	0
5119	-7.54186	0	0
5118	-7.55035	0	0
5117	-7.55884	0	0
5116	-7.56734	0	0
5115	-7.57585	0	0
5114	-7.58436	0	0
5113	-7.59288	0	0
5112	-7.60141	0	0
5111	-7.60995	0	0
5110	-7.61849	0	0
5109	-7.62704	0	0
5108	-7.63559	0	0
5107	-7.44086	0	0
5106	-7.44937	0	0
5105	-7.45789	0	0
5104	-7.46641	0	0
5103	-7.47495	0	0
5102	-7.48348	0	0
5101	-7.49203	0	0
5100	-7.50058	0	0
5099	-7.50914	0	0
5098	-7.51771	0	0
5097	-7.52628	0	0
5096	-7.53486	0	0
5095	-7.54345	0	0
5094	-7.55204	0	0
5093	-7.56064	0	0
5092	-7.56925	0	0
5091	-7.57786	0	0
5090	-7.58648	0	0
5089	-7.39144	0	0
5088	-7.39997	0	0
5087	-7.4085	0	0
5086	-7.41704	0	0
5085	-7.42559	0	0
5084	-7.43414	0	0
5083	-7.44271	0	0
5082	-7.45127	0	0
5081	-7.45985	0	0
5080	-7.46843	0	0
5079	-7.47702	0	0
5078	-7.48562	0	0
5077	-7.49422	0	0
5076	-7.50283	0	0
5075	-7.51145	0	0
5074	-7.52007	0	0
5073	-7.5287	0	0
5072	-7.33453	0	0
5071	-7.34305	0	0
5070	-7.35157	0	0
5069	-7.3601	0	0
5068	-7.36864	0	0
5067	-7.37719	0	0
5066	-7.38574	0	0
5065	-7.3943	0	0
5064	-7.40287	0	0
5063	-7.41144	0	0
5062	-7.42002	0	0
5061	-7.42861	0	0
5060	-7.43721	0	0
5059	-7.44581	0	0
5058	-7.45442	0	0
5057	-7.46303	0	0
5056	-7.47166	0	0
5055	-7.27884	0	0
5054	-7.28734	0	0
5053	-7.29584	0	0
5052	-7.30436	0	0
5051	-7.31287	0	0
5050	-7.3214	0	0
5049	-7.32993	0	0
5048	-7.33847	0	0
5047	-7.34701	0	0
5046	-7.35557	0	0
5045	-7.36413	0	0
5044	-7.37269	0	0
5043	-7.38127	0	0
5042	-7.38985	0	0
5041	-7.39843	0	0
5040	-7.40703	0	0
5039	-7.41563	0	0
5038	-7.22442	0	0
5037	-7.23289	0	0
5036	-7.24137	0	0
5035	-7.24986	0	0
5034	-7.25835	0	0
5033	-7.26685	0	0
5032	-7.27536	0	0
5031	-7.28388	0	0
5030	-7.2924	0	0
5029	-7.30093	0	0
5028	-7.30946	0	0
5027	-7.31801	0	0
5026	-7.32656	0	0
5025	-7.33512	0	0
5024	-7.34368	0	0
5023	-7.35226	0	0
5022	-7.16299	0	0
5021	-7.17142	0	0
5020	-7.17986	0	0
5019	-7.1883	0	0
5018	-7.19675	0	0
5017	-7.20521	0	0
5016	-7.21368	0	0
5015	-7.22215	0	0
5014	-7.23063	0	0
5013	-7.23912	0	0
5012	-7.24761	0	0
5011	-7.25611	0	0
5010	-7.26462	0	0
5009	-7.27314	0	0
5008	-7.28166	0	0
5007	-7.29019	0	0
5006	-7.29873	0	0
5005	-7.11138	0	0
5004	-7.11978	0	0
5003	-7.12818	0	0
5002	-7.1366	0	0
5001	-7.14502	0	0
5000	-7.78058	0	0
4999	-7.78863	0	0
4998	-7.79669	0	0
4997	-7.80475	0	0
4996	-7.81283	0	0
4995	-7.8209	0	0
4994	-7.82899	0	0
4993	-7.83708	0	0
4992	-7.84518	0	0
4991	-7.85328	0	0
4990	-7.86139	0	0
4989	-7.69469	0	0
4988	-7.70273	0	0
4987	-7.71077	0	0
4986	-7.71883	0	0
4985	-7.72689	0	0
4984	-7.73495	0	0
4983	-7.74303	0	0
4982	-7.75111	0	0
4981	-7.75919	0	0
4980	-7.76728	0	0
4979	-7.77538	0	0
4978	-7.78349	0	0
4977	-7.7916	0	0
4976	-7.79972	0	0
4975	-7.80784	0	0
4974	-7.81597	0	0
4973	-7.82411	0	0
4972	-7.65778	0	0
4971	-7.66582	0	0
4970	-7.67388	0	0
4969	-7.68194	0	0
4968	-7.69	0	0
4967	-7.69808	0	0
4966	-7.70616	0	0
4965	-7.71424	0	0
4964	-7.72234	0	0
4963	-7.73044	0	0
4962	-7.73854	0	0
4961	-7.74666	0	0
4960	-7.75478	0	0
4959	-7.7629	0	0
4958	-7.77103	0	0
4957	-7.77917	0	0
4956	-7.61361	0	0
4955	-7.62165	0	0
4954	-7.62971	0	0
4953	-7.63777	0	0
4952	-7.64584	0	0
4951	-7.65391	0	0
4950	-7.66199	0	0
4949	-7.67008	0	0
4948	-7.67817	0	0
4947	-7.68627	0	0
4946	-7.69438	0	0
4945	-7.70249	0	0
4944	-7.71061	0	0
4943	-7.71874	0	0
4942	-7.72687	0	0
4941	-7.73501	0	0
4940	-7.57032	0	0
4939	-7.57836	0	0
4938	-7.58641	0	0
4937	-7.59447	0	0
4936	-7.60253	0	0
4935	-7.6106	0	0
4934	-7.61867	0	0
4933	-7.62675	0	0
4932	-7.63484	0	0
4931	-7.64293	0	0
4930	-7.65103	0	0
4929	-7.65914	0	0
4928	-7.66726	0	0
4927	-7.67538	0	0
4926	-7.6835	0	0
4925	-7.69164	0	0
4924	-7.69978	0	0
4923	-7.53599	0	0
4922	-7.54403	0	0
4921	-7.55207	0	0
4920	-7.56012	0	0
4919	-7.56818	0	0
4918	-7.57625	0	0
4917	-7.58432	0	0
4916	-7.5924	0	0
4915	-7.60049	0	0
4914	-7.60858	0	0
4913	-7.61668	0	0
4912	-7.62479	0	0
4911	-7.6329	0	0
4910	-7.64102	0	0
4909	-7.64915	0	0
4908	-7.65729	0	0
4907	-7.49458	0	0
4906	-7.50261	0	0
4905	-7.51065	0	0
4904	-7.51869	0	0
4903	-7.52673	0	0
4902	-7.53479	0	0
4901	-7.54285	0	0
4900	-7.55092	0	0
4899	-7.55899	0	0
4898	-7.56707	0	0
4897	-7.57516	0	0
4896	-7.58325	0	0
4895	-7.59135	0	0
4894	-7.59946	0	0
4893	-7.60758	0	0
4892	-7.44614	0	0
4891	-7.45415	0	0
4890	-7.46216	0	0
4889	-7.47018	0	0
4888	-7.47821	0	0
4887	-7.48625	0	0
4886	-7.49429	0	0
4885	-7.50234	0	0
4884	-7.5104	0	0
4883	-7.51846	0	0
4882	-7.52653	0	0
4881	-7.53461	0	0
4880	-7.54269	0	0
4879	-7.55078	0	0
4878	-7.55888	0	0
4877	-7.56698	0	0
4876	-7.40667	0	0
4875	-7.41467	0	0
4874	-7.42268	0	0
4873	-7.43069	0	0
4872	-7.4387	0	0
4871	-7.44673	0	0
4870	-7.45476	0	0
4869	-7.46279	0	0
4868	-7.47084	0	0
4867	-7.47889	0	0
4866	-7.48695	0	0
4865	-7.49501	0	0
4864	-7.50308	0	0
4863	-7.51116	0	0
4862	-7.51925	0	0
4861	-7.52734	0	0
4860	-7.36822	0	0
4859	-7.3762	0	0
4858	-7.38419	0	0
4857	-7.39218	0	0
4856	-7.40018	0	0
4855	-7.40819	0	0
4854	-7.41621	0	0
4853	-7.42423	0	0
4852	-7.43226	0	0
4851	-7.4403	0	0
4850	-7.44834	0	0
4849	-7.45639	0	0
4848	-7.46445	0	0
4847	-7.47251	0	0
4846	-7.48058	0	0
4845	-7.48866	0	0
4844	-7.33072	0	0
4843	-7.33868	0	0
4842	-7.34666	0	0
4841	-7.35464	0	0
4840	-7.36263	0	0
4839	-7.37063	0	0
4838	-7.37863	0	0
4837	-7.38665	0	0
4836	-7.39466	0	0
4835	-7.40269	0	0
4834	-7.41072	0	0
4833	-7.41876	0	0
4832	-7.4268	0	0
4831	-7.43485	0	0
4830	-7.44291	0	0
4829	-7.28623	0	0
4828	-7.29418	0	0
4827	-7.30213	0	0
4826	-7.3101	0	0
4825	-7.31807	0	0
4824	-7.32604	0	0
4823	-7.33403	0	0
4822	-7.34202	0	0
4821	-7.35002	0	0
4820	-7.35802	0	0
4819	-7.36603	0	0
4818	-7.37405	0	0
4817	-7.38208	0	0
4816	-7.39011	0	0
4815	-7.39815	0	0
4814	-7.24277	0	0
4813	-7.2507	0	0
4812	-7.25863	0	0
4811	-7.26657	0	0
4810	-7.7155	0	0
4809	-7.72338	0	0
4808	-7.73127	0	0
4807	-7.73916	0	0
4806	-7.74706	0	0
4805	-7.75497	0	0
4804	-7.76289	0	0
4803	-7.77081	0	0
4802	-7.77874	0	0
4801	-7.78667	0	0
4800	-7.79461	0	0
4799	-7.80256	0	0
4798	-7.65531	0	0
4797	-7.66317	0	0
4796	-7.67103	0	0
4795	-7.67891	0	0
4794	-7.68679	0	0
4793	-7.69467	0	0
4792	-7.70256	0	0
4791	-7.71046	0	0
4790	-7.71837	0	0
4789	-7.72628	0	0
4788	-7.7342	0	0
4787	-7.74213	0	0
4786	-7.75006	0	0
4785	-7.758	0	0
4784	-7.76594	0	0
4783	-7.61953	0	0
4782	-7.62739	0	0
4781	-7.63524	0	0
4780	-7.64311	0	0
4779	-7.65098	0	0
4778	-7.65886	0	0
4777	-7.66675	0	0
4776	-7.67464	0	0
4775	-7.68254	0	0
4774	-7.69045	0	0
4773	-7.69836	0	0
4772	-7.70628	0	0
4771	-7.71421	0	0
4770	-7.72214	0	0
4769	-7.73008	0	0
4768	-7.58454	0	0
4767	-7.59239	0	0
4766	-7.60025	0	0
4765	-7.60811	0	0
4764	-7.61597	0	0
4763	-7.62385	0	0
4762	-7.63173	0	0
4761	-7.63962	0	0
4760	-7.64751	0	0
4759	-7.65542	0	0
4758	-7.66332	0	0
4757	-7.67124	0	0
4756	-7.67916	0	0
4755	-7.68709	0	0
4754	-7.69503	0	0
4753	-7.55032	0	0
4752	-7.55816	0	0
4751	-7.56601	0	0
4750	-7.57387	0	0
4749	-7.58174	0	0
4748	-7.58961	0	0
4747	-7.59749	0	0
4746	-7.60537	0	0
4745	-7.61326	0	0
4744	-7.62116	0	0
4743	-7.62907	0	0
4742	-7.63698	0	0
4741	-7.6449	0	0
4740	-7.65282	0	0
4739	-7.66075	0	0
4738	-7.51684	0	0
4737	-7.52469	0	0
4736	-7.53253	0	0
4735	-7.54039	0	0
4734	-7.54825	0	0
4733	-7.55612	0	0
4732	-7.564	0	0
4731	-7.57188	0	0
4730	-7.57977	0	0
4729	-7.58766	0	0
4728	-7.59557	0	0
4727	-7.60348	0	0
4726	-7.61139	0	0
4725	-7.61932	0	0
4724	-7.62725	0	0
4723	-7.48415	0	0
4722	-7.49199	0	0
4721	-7.49983	0	0
4720	-7.50768	0	0
4719	-7.51554	0	0
4718	-7.52341	0	0
4717	-7.53128	0	0
4716	-7.53915	0	0
4715	-7.54704	0	0
4714	-7.55493	0	0
4713	-7.56283	0	0
4712	-7.57073	0	0
4711	-7.57864	0	0
4710	-7.58656	0	0
4709	-7.44444	0	0
4708	-7.45227	0	0
4707	-7.4601	0	0
4706	-7.46793	0	0
4705	-7.47578	0	0
4704	-7.48363	0	0
4703	-7.49149	0	0
4702	-7.49935	0	0
4701	-7.50722	0	0
4700	-7.5151	0	0
4699	-7.52299	0	0
4698	-7.53088	0	0
4697	-7.53878	0	0
4696	-7.54668	0	0
4695	-7.55459	0	0
4694	-7.4133	0	0
4693	-7.42113	0	0
4692	-7.42895	0	0
4691	-7.43679	0	0
4690	-7.44463	0	0
4689	-7.45248	0	0
4688	-7.46033	0	0
4687	-7.4682	0	0
4686	-7.47607	0	0
4685	-7.48394	0	0
4684	-7.49183	0	0
4683	-7.49972	0	0
4682	-7.50761	0	0
4681	-7.51552	0	0
4680	-7.52343	0	0
4679	-7.38291	0	0
4678	-7.39073	0	0
4677	-7.39856	0	0
4676	-7.40639	0	0
4675	-7.41423	0	0
4674	-7.42208	0	0
4673	-7.42993	0	0
4672	-7.43779	0	0
4671	-7.44566	0	0
4670	-7.45353	0	0
4669	-7.46141	0	0
4668	-7.4693	0	0
4667	-7.47719	0	0
4666	-7.4851	0	0
4665	-7.34549	0	0
4664	-7.3533	0	0
4663	-7.36111	0	0
4662	-7.36893	0	0
4661	-7.37676	0	0
4660	-7.3846	0	0
4659	-7.39244	0	0
4658	-7.40029	0	0
4657	-7.40814	0	0
4656	-7.416	0	0
4655	-7.42387	0	0
4654	-7.43175	0	0
4653	-7.43963	0	0
4652	-7.44752	0	0
4651	-7.30885	0	0
4650	-7.31664	0	0
4649	-7.32445	0	0
4648	-7.33226	0	0
4647	-7.34008	0	0
4646	-7.3479	0	0
4645	-7.35573	0	0
4644	-7.36357	0	0
4643	-7.37141	0	0
4642	-7.37927	0	0
4641	-7.38713	0	0
4640	-7.39499	0	0
4639	-7.40286	0	0
4638	-7.41074	0	0
4637	-7.41863	0	0
4636	-7.28062	0	0
4635	-7.28843	0	0
4634	-7.29624	0	0
4633	-7.30405	0	0
4632	-7.31188	0	0
4631	-7.31971	0	0
4630	-7.32755	0	0
4629	-7.33539	0	0
4628	-7.34325	0	0
4627	-7.35111	0	0
4626	-7.35897	0	0
4625	-7.36685	0	0
4624	-7.37473	0	0
4623	-7.38261	0	0
4622	-7.2453	0	0
4621	-7.2531	0	0
4620	-7.59465	0	0
4619	-7.60245	0	0
4618	-7.61025	0	0
4617	-7.61807	0	0
4616	-7.62589	0	0
4615	-7.63371	0	0
4614	-7.64155	0	0
4613	-7.64939	0	0
4612	-7.65724	0	0
4611	-7.66509	0	0
4610	-7.67295	0	0
4609	-7.68082	0	0
4608	-7.54812	0	0
4607	-7.55591	0	0
4606	-7.5637	0	0
4605	-7.5715	0	0
4604	-7.57931	0	0
4603	-7.58713	0	0
4602	-7.59495	0	0
4601	-7.60278	0	0
4600	-7.61062	0	0
4599	-7.61846	0	0
4598	-7.62631	0	0
4597	-7.63417	0	0
4596	-7.64203	0	0
4595	-7.6499	0	0
4594	-7.51779	0	0
4593	-7.52558	0	0
4592	-7.53338	0	0
4591	-7.54118	0	0
4590	-7.54899	0	0
4589	-7.55681	0	0
4588	-7.56464	0	0
4587	-7.57247	0	0
4586	-7.58031	0	0
4585	-7.58815	0	0
4584	-7.596	0	0
4583	-7.60386	0	0
4582	-7.61173	0	0
4581	-7.6196	0	0
4580	-7.48817	0	0
4579	-7.49595	0	0
4578	-7.50375	0	0
4577	-7.51155	0	0
4576	-7.51935	0	0
4575	-7.52717	0	0
4574	-7.53499	0	0
4573	-7.54282	0	0
4572	-7.55065	0	0
4571	-7.55849	0	0
4570	-7.56634	0	0
4569	-7.5742	0	0
4568	-7.58206	0	0
4567	-7.58993	0	0
4566	-7.45914	0	0
4565	-7.46693	0	0
4564	-7.47473	0	0
4563	-7.48253	0	0
4562	-7.49035	0	0
4561	-7.49816	0	0
4560	-7.50599	0	0
4559	-7.51382	0	0
4558	-7.52166	0	0
4557	-7.5295	0	0
4556	-7.53736	0	0
4555	-7.54522	0	0
4554	-7.55308	0	0
4553	-7.56096	0	0
4552	-7.43079	0	0
4551	-7.43858	0	0
4550	-7.44638	0	0
4549	-7.45418	0	0
4548	-7.46199	0	0
4547	-7.4698	0	0
4546	-7.47763	0	0
4545	-7.48546	0	0
4544	-7.49329	0	0
4543	-7.50114	0	0
4542	-7.50899	0	0
4541	-7.51685	0	0
4540	-7.52471	0	0
4539	-7.39529	0	0
4538	-7.40307	0	0
4537	-7.41086	0	0
4536	-7.41866	0	0
4535	-7.42646	0	0
4534	-7.43427	0	0
4533	-7.44209	0	0
4532	-7.44992	0	0
4531	-7.45775	0	0
4530	-7.46559	0	0
4529	-7.47344	0	0
4528	-7.48129	0	0
4527	-7.48915	0	0
4526	-7.49702	0	0
4525	-7.36819	0	0
4524	-7.37597	0	0
4523	-7.38377	0	0
4522	-7.39157	0	0
4521	-7.39937	0	0
4520	-7.40719	0	0
4519	-7.41501	0	0
4518	-7.42283	0	0
4517	-7.43067	0	0
4516	-7.43851	0	0
4515	-7.44636	0	0
4514	-7.45422	0	0
4513	-7.46208	0	0
4512	-7.33391	0	0
4511	-7.34169	0	0
4510	-7.34948	0	0
4509	-7.35728	0	0
4508	-7.36508	0	0
4507	-7.37289	0	0
4506	-7.38071	0	0
4505	-7.38854	0	0
4504	-7.39637	0	0
4503	-7.40421	0	0
4502	-7.41205	0	0
4501	-7.41991	0	0
4500	-7.42777	0	0
4499	-7.43564	0	0
4498	-7.30805	0	0
4497	-7.31583	0	0
4496	-7.32362	0	0
4495	-7.33142	0	0
4494	-7.33923	0	0
4493	-7.34704	0	0
4492	-7.35486	0	0
4491	-7.36269	0	0
4490	-7.37052	0	0
4489	-7.37836	0	0
4488	-7.38621	0	0
4487	-7.39406	0	0
4486	-7.40193	0	0
4485	-7.27501	0	0
4484	-7.28279	0	0
4483	-7.29058	0	0
4482	-7.29838	0	0
4481	-7.30618	0	0
4480	-7.31399	0	0
4479	-7.32181	0	0
4478	-7.32963	0	0
4477	-7.33746	0	0
4476	-7.3453	0	0
4475	-7.35314	0	0
4474	-7.361	0	0
4473	-7.36886	0	0
4472	-7.37672	0	0
4471	-7.25026	0	0
4470	-7.25806	0	0
4469	-7.26586	0	0
4468	-7.27367	0	0
4467	-7.28148	0	0
4466	-7.2893	0	0
4465	-7.29713	0	0
4464	-7.30497	0	0
4463	-7.31281	0	0
4462	-7.32066	0	0
4461	-7.32852	0	0
4460	-7.33638	0	0
4459	-7.34425	0	0
4458	-7.21834	0	0
4457	-7.22613	0	0
4456	-7.23393	0	0
4455	-7.24173	0	0
4454	-7.24954	0	0
4453	-7.25736	0	0
4452	-7.26519	0	0
4451	-7.27302	0	0
4450	-7.28086	0	0
4449	-7.28871	0	0
4448	-7.29656	0	0
4447	-7.30442	0	0
4446	-7.31229	0	0
4445	-7.187	0	0
4444	-7.19479	0	0
4443	-7.20259	0	0
4442	-7.21039	0	0
4441	-7.2182	0	0
4440	-7.22602	0	0
4439	-7.23384	0	0
4438	-7.24168	0	0
4437	-7.24952	0	0
4436	-7.25736	0	0
4435	-7.26522	0	0
4434	-7.27308	0	0
4433	-7.28095	0	0
4432	-7.1562	0	0
4431	-7.16399	0	0
4430	-7.43882	0	0
4429	-7.44664	0	0
4428	-7.45446	0	0
4427	-7.46229	0	0
4426	-7.47013	0	0
4425	-7.47798	0	0
4424	-7.48583	0	0
4423	-7.4937	0	0
4422	-7.50156	0	0
4421	-7.50944	0	0
4420	-7.51732	0	0
4419	-7.39545	0	0
4418	-7.40326	0	0
4417	-7.41108	0	0
4416	-7.4189	0	0
4415	-7.42673	0	0
4414	-7.43457	0	0
4413	-7.44242	0	0
4412	-7.45027	0	0
4411	-7.45813	0	0
4410	-7.466	0	0
4409	-7.47387	0	0
4408	-7.48175	0	0
4407	-7.48964	0	0
4406	-7.36821	0	0
4405	-7.37603	0	0
4404	-7.38385	0	0
4403	-7.39168	0	0
4402	-7.39952	0	0
4401	-7.40736	0	0
4400	-7.41521	0	0
4399	-7.42307	0	0
4398	-7.43094	0	0
4397	-7.43881	0	0
4396	-7.44669	0	0
4395	-7.45458	0	0
4394	-7.46248	0	0
4393	-7.34147	0	0
4392	-7.34929	0	0
4391	-7.35712	0	0
4390	-7.36496	0	0
4389	-7.3728	0	0
4388	-7.38066	0	0
4387	-7.38852	0	0
4386	-7.39638	0	0
4385	-7.40426	0	0
4384	-7.41214	0	0
4383	-7.42003	0	0
4382	-7.42792	0	0
4381	-7.30738	0	0
4380	-7.3152	0	0
4379	-7.32304	0	0
4378	-7.33088	0	0
4377	-7.33872	0	0
4376	-7.34658	0	0
4375	-7.35444	0	0
4374	-7.36231	0	0
4373	-7.37018	0	0
4372	-7.37807	0	0
4371	-7.38596	0	0
4370	-7.39386	0	0
4369	-7.40176	0	0
4368	-7.2816	0	0
4367	-7.28944	0	0
4366	-7.29728	0	0
4365	-7.30513	0	0
4364	-7.31298	0	0
4363	-7.32084	0	0
4362	-7.32871	0	0
4361	-7.33659	0	0
4360	-7.34448	0	0
4359	-7.35237	0	0
4358	-7.36027	0	0
4357	-7.36817	0	0
4356	-7.37609	0	0
4355	-7.2563	0	0
4354	-7.26414	0	0
4353	-7.27199	0	0
4352	-7.27985	0	0
4351	-7.28772	0	0
4350	-7.29559	0	0
4349	-7.30347	0	0
4348	-7.31136	0	0
4347	-7.31926	0	0
4346	-7.32716	0	0
4345	-7.33507	0	0
4344	-7.34299	0	0
4343	-7.22359	0	0
4342	-7.23144	0	0
4341	-7.2393	0	0
4340	-7.24716	0	0
4339	-7.25503	0	0
4338	-7.26291	0	0
4337	-7.2708	0	0
4336	-7.27869	0	0
4335	-7.2866	0	0
4334	-7.29451	0	0
4333	-7.30242	0	0
4332	-7.31035	0	0
4331	-7.31828	0	0
4330	-7.19914	0	0
4329	-7.207	0	0
4328	-7.21488	0	0
4327	-7.22276	0	0
4326	-7.23065	0	0
4325	-7.23854	0	0
4324	-7.24644	0	0
4323	-7.25435	0	0
4322	-7.26227	0	0
4321	-7.2702	0	0
4320	-7.27813	0	0
4319	-7.28607	0	0
4318	-7.16729	0	0
4317	-7.17516	0	0
4316	-7.18303	0	0
4315	-7.19092	0	0
4314	-7.19881	0	0
4313	-7.20671	0	0
4312	-7.21462	0	0
4311	-7.22253	0	0
4310	-7.23046	0	0
4309	-7.23839	0	0
4308	-7.24632	0	0
4307	-7.25427	0	0
4306	-7.13591	0	0
4305	-7.14379	0	0
4304	-7.15167	0	0
4303	-7.15955	0	0
4302	-7.16745	0	0
4301	-7.17535	0	0
4300	-7.18326	0	0
4299	-7.19118	0	0
4298	-7.1991	0	0
4297	-7.20704	0	0
4296	-7.21498	0	0
4295	-7.22292	0	0
4294	-7.23088	0	0
4293	-7.11285	0	0
4292	-7.12074	0	0
4291	-7.12863	0	0
4290	-7.13654	0	0
4289	-7.14445	0	0
4288	-7.15236	0	0
4287	-7.16029	0	0
4286	-7.16822	0	0
4285	-7.17616	0	0
4284	-7.1841	0	0
4283	-7.19206	0	0
4282	-7.20002	0	0
4281	-7.08237	0	0
4280	-7.09026	0	0
4279	-7.09816	0	0
4278	-7.10607	0	0
4277	-7.11398	0	0
4276	-7.1219	0	0
4275	-7.12983	0	0
4274	-7.13777	0	0
4273	-7.14572	0	0
4272	-7.15367	0	0
4271	-7.16163	0	0
4270	-7.16959	0	0
4269	-7.05232	0	0
4268	-7.06022	0	0
4267	-7.06813	0	0
4266	-7.07604	0	0
4265	-7.08396	0	0
4264	-7.09189	0	0
4263	-7.09983	0	0
4262	-7.10777	0	0
4261	-7.11572	0	0
4260	-7.12368	0	0
4259	-7.13165	0	0
4258	-7.13962	0	0
4257	-7.02269	0	0
4256	-7.0306	0	0
4255	-7.03851	0	0
4254	-7.04644	0	0
4253	-7.05437	0	0
4252	-7.0623	0	0
4251	-7.07025	0	0
4250	-7.0782	0	0
4249	-7.08616	0	0
4248	-7.09413	0	0
4247	-7.1021	0	0
4246	-7.11009	0	0
4245	-6.99356	0	0
4244	-7.00146	0	0
4243	-7.00938	0	0
4242	-7.01731	0	0
4241	-7.02524	0	0
4240	-7.25565	0	0
4239	-7.26362	0	0
4238	-7.27159	0	0
4237	-7.27958	0	0
4236	-7.28757	0	0
4235	-7.29557	0	0
4234	-7.30357	0	0
4233	-7.18906	0	0
4232	-7.197	0	0
4231	-7.20495	0	0
4230	-7.2129	0	0
4229	-7.22086	0	0
4228	-7.22883	0	0
4227	-7.2368	0	0
4226	-7.24479	0	0
4225	-7.25278	0	0
4224	-7.26078	0	0
4223	-7.26878	0	0
4222	-7.2768	0	0
4221	-7.16262	0	0
4220	-7.17057	0	0
4219	-7.17852	0	0
4218	-7.18649	0	0
4217	-7.19446	0	0
4216	-7.20244	0	0
4215	-7.21043	0	0
4214	-7.21842	0	0
4213	-7.22643	0	0
4212	-7.23444	0	0
4211	-7.24246	0	0
4210	-7.12863	0	0
4209	-7.13658	0	0
4208	-7.14455	0	0
4207	-7.15251	0	0
4206	-7.16049	0	0
4205	-7.16847	0	0
4204	-7.17646	0	0
4203	-7.18446	0	0
4202	-7.19247	0	0
4201	-7.20048	0	0
4200	-7.20851	0	0
4199	-7.21654	0	0
4198	-7.10301	0	0
4197	-7.11097	0	0
4196	-7.11894	0	0
4195	-7.12692	0	0
4194	-7.13491	0	0
4193	-7.1429	0	0
4192	-7.1509	0	0
4191	-7.15891	0	0
4190	-7.16693	0	0
4189	-7.17496	0	0
4188	-7.18299	0	0
4187	-7.19103	0	0
4186	-7.07779	0	0
4185	-7.08577	0	0
4184	-7.09375	0	0
4183	-7.10174	0	0
4182	-7.10974	0	0
4181	-7.11775	0	0
4180	-7.12576	0	0
4179	-7.13378	0	0
4178	-7.14181	0	0
4177	-7.14985	0	0
4176	-7.1579	0	0
4175	-7.04518	0	0
4174	-7.05315	0	0
4173	-7.06112	0	0
4172	-7.0691	0	0
4171	-7.07709	0	0
4170	-7.08508	0	0
4169	-7.09309	0	0
4168	-7.1011	0	0
4167	-7.10912	0	0
4166	-7.11714	0	0
4165	-7.12518	0	0
4164	-7.13322	0	0
4163	-7.02113	0	0
4162	-7.02909	0	0
4161	-7.03705	0	0
4160	-7.04503	0	0
4159	-7.05301	0	0
4158	-7.06101	0	0
4157	-7.06901	0	0
4156	-7.07701	0	0
4155	-7.08503	0	0
4154	-7.09305	0	0
4153	-7.10108	0	0
4152	-6.98938	0	0
4151	-6.99736	0	0
4150	-7.00535	0	0
4149	-7.01334	0	0
4148	-7.02134	0	0
4147	-7.02935	0	0
4146	-7.03736	0	0
4145	-7.04539	0	0
4144	-7.05342	0	0
4143	-7.06146	0	0
4142	-7.06951	0	0
4141	-7.07757	0	0
4140	-6.96587	0	0
4139	-6.97387	0	0
4138	-6.98188	0	0
4137	-6.9899	0	0
4136	-6.99793	0	0
4135	-7.00596	0	0
4134	-7.01401	0	0
4133	-7.02206	0	0
4132	-7.03012	0	0
4131	-7.03818	0	0
4130	-7.04626	0	0
4129	-6.93482	0	0
4128	-6.94283	0	0
4127	-6.95084	0	0
4126	-6.95885	0	0
4125	-6.96688	0	0
4124	-6.97491	0	0
4123	-6.98296	0	0
4122	-6.991	0	0
4121	-6.99906	0	0
4120	-7.00713	0	0
4119	-7.0152	0	0
4118	-6.90429	0	0
4117	-6.91229	0	0
4116	-6.92029	0	0
4115	-6.92831	0	0
4114	-6.93633	0	0
4113	-6.94436	0	0
4112	-6.9524	0	0
4111	-6.96044	0	0
4110	-6.9685	0	0
4109	-6.97656	0	0
4108	-6.98463	0	0
4107	-6.87408	0	0
4106	-6.88209	0	0
4105	-6.89011	0	0
4104	-6.89813	0	0
4103	-6.90617	0	0
4102	-6.91421	0	0
4101	-6.92226	0	0
4100	-6.93032	0	0
4099	-6.93839	0	0
4098	-6.94646	0	0
4097	-6.95454	0	0
4096	-6.96263	0	0
4095	-6.85222	0	0
4094	-6.86025	0	0
4093	-6.86829	0	0
4092	-6.87633	0	0
4091	-6.88439	0	0
4090	-6.89245	0	0
4089	-6.90052	0	0
4088	-6.9086	0	0
4087	-6.91668	0	0
4086	-6.92478	0	0
4085	-6.93288	0	0
4084	-6.82269	0	0
4083	-6.83073	0	0
4082	-6.83878	0	0
4081	-6.84683	0	0
4080	-6.8549	0	0
4079	-6.86297	0	0
4078	-6.87105	0	0
4077	-6.87914	0	0
4076	-6.88724	0	0
4075	-6.89535	0	0
4074	-6.90346	0	0
4073	-6.79353	0	0
4072	-6.80158	0	0
4071	-6.80964	0	0
4070	-6.8177	0	0
4069	-6.82577	0	0
4068	-6.83386	0	0
4067	-6.84195	0	0
4066	-6.85004	0	0
4065	-6.85815	0	0
4064	-6.86626	0	0
4063	-6.87439	0	0
4062	-6.76472	0	0
4061	-6.77278	0	0
4060	-6.78085	0	0
4059	-6.78893	0	0
4058	-6.79701	0	0
4057	-6.8051	0	0
4056	-6.81321	0	0
4055	-6.82131	0	0
4054	-6.82943	0	0
4053	-6.83756	0	0
4052	-6.72824	0	0
4051	-6.7363	0	0
4050	-6.93597	0	0
4049	-6.94407	0	0
4048	-6.95219	0	0
4047	-6.96031	0	0
4046	-6.96844	0	0
4045	-6.97658	0	0
4044	-6.98473	0	0
4043	-6.99289	0	0
4042	-7.00105	0	0
4041	-6.89308	0	0
4040	-6.90118	0	0
4039	-6.90929	0	0
4038	-6.9174	0	0
4037	-6.92553	0	0
4036	-6.93366	0	0
4035	-6.9418	0	0
4034	-6.94995	0	0
4033	-6.95811	0	0
4032	-6.96627	0	0
4031	-6.97445	0	0
4030	-6.86675	0	0
4029	-6.87486	0	0
4028	-6.88298	0	0
4027	-6.89111	0	0
4026	-6.89924	0	0
4025	-6.90739	0	0
4024	-6.91554	0	0
4023	-6.9237	0	0
4022	-6.93187	0	0
4021	-6.94004	0	0
4020	-6.94823	0	0
4019	-6.84079	0	0
4018	-6.84891	0	0
4017	-6.85704	0	0
4016	-6.86518	0	0
4015	-6.87333	0	0
4014	-6.88148	0	0
4013	-6.88964	0	0
4012	-6.89781	0	0
4011	-6.90599	0	0
4010	-6.91418	0	0
4009	-6.80704	0	0
4008	-6.81517	0	0
4007	-6.8233	0	0
4006	-6.83145	0	0
4005	-6.8396	0	0
4004	-6.84776	0	0
4003	-6.85593	0	0
4002	-6.86411	0	0
4001	-6.8723	0	0
4000	-6.88049	0	0
3999	-6.88869	0	0
3998	-6.78178	0	0
3997	-6.78991	0	0
3996	-6.79806	0	0
3995	-6.80622	0	0
3994	-6.81438	0	0
3993	-6.82256	0	0
3992	-6.83074	0	0
3991	-6.83893	0	0
3990	-6.84713	0	0
3989	-6.85533	0	0
3988	-6.86355	0	0
3987	-6.75686	0	0
3986	-6.76501	0	0
3985	-6.77317	0	0
3984	-6.78134	0	0
3983	-6.78952	0	0
3982	-6.79771	0	0
3981	-6.80591	0	0
3980	-6.81411	0	0
3979	-6.82232	0	0
3978	-6.83054	0	0
3977	-6.72412	0	0
3976	-6.73228	0	0
3975	-6.74045	0	0
3974	-6.74863	0	0
3973	-6.75681	0	0
3972	-6.76501	0	0
3971	-6.77321	0	0
3970	-6.78142	0	0
3969	-6.78964	0	0
3968	-6.79787	0	0
3967	-6.8061	0	0
3966	-6.69986	0	0
3965	-6.70804	0	0
3964	-6.71623	0	0
3963	-6.72442	0	0
3962	-6.73262	0	0
3961	-6.74083	0	0
3960	-6.74905	0	0
3959	-6.75728	0	0
3958	-6.76551	0	0
3957	-6.77376	0	0
3956	-6.66778	0	0
3955	-6.67597	0	0
3954	-6.68416	0	0
3953	-6.69236	0	0
3952	-6.70056	0	0
3951	-6.70878	0	0
3950	-6.71701	0	0
3949	-6.72524	0	0
3948	-6.73348	0	0
3947	-6.74173	0	0
3946	-6.63603	0	0
3945	-6.64422	0	0
3944	-6.65242	0	0
3943	-6.66062	0	0
3942	-6.66884	0	0
3941	-6.67706	0	0
3940	-6.68529	0	0
3939	-6.69353	0	0
3938	-6.70178	0	0
3937	-6.71004	0	0
3936	-6.71831	0	0
3935	-6.61281	0	0
3934	-6.62101	0	0
3933	-6.62922	0	0
3932	-6.63744	0	0
3931	-6.64567	0	0
3930	-6.65391	0	0
3929	-6.66216	0	0
3928	-6.67041	0	0
3927	-6.67868	0	0
3926	-6.68695	0	0
3925	-6.58176	0	0
3924	-6.58997	0	0
3923	-6.59818	0	0
3922	-6.60641	0	0
3921	-6.61464	0	0
3920	-6.62288	0	0
3919	-6.63113	0	0
3918	-6.63939	0	0
3917	-6.64766	0	0
3916	-6.65594	0	0
3915	-6.55111	0	0
3914	-6.55932	0	0
3913	-6.56754	0	0
3912	-6.57576	0	0
3911	-6.584	0	0
3910	-6.59224	0	0
3909	-6.60049	0	0
3908	-6.60875	0	0
3907	-6.61702	0	0
3906	-6.6253	0	0
3905	-6.52083	0	0
3904	-6.52904	0	0
3903	-6.53727	0	0
3902	-6.5455	0	0
3901	-6.55373	0	0
3900	-6.56198	0	0
3899	-6.57024	0	0
3898	-6.5785	0	0
3897	-6.58678	0	0
3896	-6.59506	0	0
3895	-6.4909	0	0
3894	-6.49912	0	0
3893	-6.50734	0	0
3892	-6.51558	0	0
3891	-6.52383	0	0
3890	-6.53208	0	0
3889	-6.54034	0	0
3888	-6.54861	0	0
3887	-6.55689	0	0
3886	-6.56518	0	0
3885	-6.46124	0	0
3884	-6.46948	0	0
3883	-6.47772	0	0
3882	-6.48597	0	0
3881	-6.49422	0	0
3880	-6.50249	0	0
3879	-6.51077	0	0
3878	-6.51905	0	0
3877	-6.52735	0	0
3876	-6.53565	0	0
3875	-6.43193	0	0
3874	-6.44017	0	0
3873	-6.44842	0	0
3872	-6.45667	0	0
3871	-6.46494	0	0
3870	-6.47321	0	0
3869	-6.4815	0	0
3868	-6.48979	0	0
3867	-6.49809	0	0
3866	-6.5064	0	0
3865	-6.403	0	0
3864	-6.41124	0	0
3863	-6.41949	0	0
3862	-6.42775	0	0
3861	-6.43602	0	0
3860	-6.61209	0	0
3859	-6.62042	0	0
3858	-6.62876	0	0
3857	-6.6371	0	0
3856	-6.64545	0	0
3855	-6.54302	0	0
3854	-6.55131	0	0
3853	-6.55961	0	0
3852	-6.56791	0	0
3851	-6.57622	0	0
3850	-6.58455	0	0
3849	-6.59288	0	0
3848	-6.60122	0	0
3847	-6.60957	0	0
3846	-6.61793	0	0
3845	-6.5158	0	0
3844	-6.5241	0	0
3843	-6.5324	0	0
3842	-6.54072	0	0
3841	-6.54904	0	0
3840	-6.55737	0	0
3839	-6.56571	0	0
3838	-6.57406	0	0
3837	-6.58241	0	0
3836	-6.59078	0	0
3835	-6.4888	0	0
3834	-6.49712	0	0
3833	-6.50545	0	0
3832	-6.51379	0	0
3831	-6.52213	0	0
3830	-6.53048	0	0
3829	-6.53885	0	0
3828	-6.54722	0	0
3827	-6.5556	0	0
3826	-6.45374	0	0
3825	-6.46207	0	0
3824	-6.4704	0	0
3823	-6.47875	0	0
3822	-6.4871	0	0
3821	-6.49546	0	0
3820	-6.50383	0	0
3819	-6.51221	0	0
3818	-6.5206	0	0
3817	-6.529	0	0
3816	-6.42746	0	0
3815	-6.43578	0	0
3814	-6.44411	0	0
3813	-6.45245	0	0
3812	-6.4608	0	0
3811	-6.46915	0	0
3810	-6.47752	0	0
3809	-6.4859	0	0
3808	-6.49428	0	0
3807	-6.50268	0	0
3806	-6.40166	0	0
3805	-6.40997	0	0
3804	-6.4183	0	0
3803	-6.42663	0	0
3802	-6.43497	0	0
3801	-6.44332	0	0
3800	-6.45168	0	0
3799	-6.46005	0	0
3798	-6.46843	0	0
3797	-6.36799	0	0
3796	-6.3763	0	0
3795	-6.38461	0	0
3794	-6.39294	0	0
3793	-6.40127	0	0
3792	-6.40961	0	0
3791	-6.41796	0	0
3790	-6.42632	0	0
3789	-6.43469	0	0
3788	-6.44307	0	0
3787	-6.34298	0	0
3786	-6.3513	0	0
3785	-6.35962	0	0
3784	-6.36795	0	0
3783	-6.37629	0	0
3782	-6.38465	0	0
3781	-6.393	0	0
3780	-6.40137	0	0
3779	-6.40975	0	0
3778	-6.30991	0	0
3777	-6.31824	0	0
3776	-6.32657	0	0
3775	-6.33492	0	0
3774	-6.34327	0	0
3773	-6.35163	0	0
3772	-6.36	0	0
3771	-6.36838	0	0
3770	-6.37677	0	0
3769	-6.38517	0	0
3768	-6.28547	0	0
3767	-6.29381	0	0
3766	-6.30216	0	0
3765	-6.31052	0	0
3764	-6.31888	0	0
3763	-6.32725	0	0
3762	-6.33564	0	0
3761	-6.34403	0	0
3760	-6.35243	0	0
3759	-6.253	0	0
3758	-6.26134	0	0
3757	-6.26969	0	0
3756	-6.27805	0	0
3755	-6.28643	0	0
3754	-6.29481	0	0
3753	-6.3032	0	0
3752	-6.3116	0	0
3751	-6.32001	0	0
3750	-6.22078	0	0
3749	-6.22914	0	0
3748	-6.2375	0	0
3747	-6.24587	0	0
3746	-6.25425	0	0
3745	-6.26264	0	0
3744	-6.27103	0	0
3743	-6.27944	0	0
3742	-6.28786	0	0
3741	-6.29628	0	0
3740	-6.19723	0	0
3739	-6.20559	0	0
3738	-6.21397	0	0
3737	-6.22236	0	0
3736	-6.23075	0	0
3735	-6.23915	0	0
3734	-6.24756	0	0
3733	-6.25599	0	0
3732	-6.26442	0	0
3731	-6.16559	0	0
3730	-6.17397	0	0
3729	-6.18235	0	0
3728	-6.19074	0	0
3727	-6.19915	0	0
3726	-6.20756	0	0
3725	-6.21598	0	0
3724	-6.22441	0	0
3723	-6.23285	0	0
3722	-6.1342	0	0
3721	-6.14259	0	0
3720	-6.15098	0	0
3719	-6.15939	0	0
3718	-6.1678	0	0
3717	-6.17622	0	0
3716	-6.18466	0	0
3715	-6.1931	0	0
3714	-6.20155	0	0
3713	-6.10313	0	0
3712	-6.11152	0	0
3711	-6.11991	0	0
3710	-6.12832	0	0
3709	-6.13674	0	0
3708	-6.14517	0	0
3707	-6.1536	0	0
3706	-6.16205	0	0
3705	-6.1705	0	0
3704	-6.07228	0	0
3703	-6.08068	0	0
3702	-6.0891	0	0
3701	-6.09752	0	0
3700	-6.10595	0	0
3699	-6.11439	0	0
3698	-6.12284	0	0
3697	-6.1313	0	0
3696	-6.13977	0	0
3695	-6.04166	0	0
3694	-6.05008	0	0
3693	-6.05851	0	0
3692	-6.06694	0	0
3691	-6.07539	0	0
3690	-6.08384	0	0
3689	-6.09231	0	0
3688	-6.10078	0	0
3687	-6.10926	0	0
3686	-6.01133	0	0
3685	-6.01976	0	0
3684	-6.02819	0	0
3683	-6.03663	0	0
3682	-6.04509	0	0
3681	-6.05355	0	0
3680	-6.06202	0	0
3679	-6.0705	0	0
3678	-6.07899	0	0
3677	-5.9813	0	0
3676	-5.98973	0	0
3675	-5.99817	0	0
3674	-6.00662	0	0
3673	-6.01508	0	0
3672	-6.02355	0	0
3671	-6.18149	0	0
3670	-6.19002	0	0
3669	-6.19857	0	0
3668	-6.10149	0	0
3667	-6.10997	0	0
3666	-6.11847	0	0
3665	-6.12698	0	0
3664	-6.13549	0	0
3663	-6.14401	0	0
3662	-6.15255	0	0
3661	-6.16109	0	0
3660	-6.16965	0	0
3659	-6.07278	0	0
3658	-6.08128	0	0
3657	-6.08978	0	0
3656	-6.09829	0	0
3655	-6.10681	0	0
3654	-6.11534	0	0
3653	-6.12388	0	0
3652	-6.13243	0	0
3651	-6.14099	0	0
3650	-6.04443	0	0
3649	-6.05292	0	0
3648	-6.06143	0	0
3647	-6.06994	0	0
3646	-6.07846	0	0
3645	-6.087	0	0
3644	-6.09554	0	0
3643	-6.10409	0	0
3642	-6.11265	0	0
3641	-6.01632	0	0
3640	-6.02483	0	0
3639	-6.03335	0	0
3638	-6.04188	0	0
3637	-6.05042	0	0
3636	-6.05896	0	0
3635	-6.06752	0	0
3634	-6.07609	0	0
3633	-6.08466	0	0
3632	-5.98845	0	0
3631	-5.99697	0	0
3630	-6.00551	0	0
3629	-6.01405	0	0
3628	-6.02261	0	0
3627	-6.03117	0	0
3626	-6.03975	0	0
3625	-6.04833	0	0
3624	-5.95231	0	0
3623	-5.96084	0	0
3622	-5.96938	0	0
3621	-5.97792	0	0
3620	-5.98648	0	0
3619	-5.99505	0	0
3618	-6.00362	0	0
3617	-6.01221	0	0
3616	-6.02081	0	0
3615	-5.92492	0	0
3614	-5.93346	0	0
3613	-5.94202	0	0
3612	-5.95058	0	0
3611	-5.95916	0	0
3610	-5.96774	0	0
3609	-5.97634	0	0
3608	-5.98494	0	0
3607	-5.99356	0	0
3606	-5.89785	0	0
3605	-5.9064	0	0
3604	-5.91496	0	0
3603	-5.92353	0	0
3602	-5.93211	0	0
3601	-5.9407	0	0
3600	-5.9493	0	0
3599	-5.95791	0	0
3598	-5.86273	0	0
3597	-5.87126	0	0
3596	-5.87979	0	0
3595	-5.88834	0	0
3594	-5.89689	0	0
3593	-5.90546	0	0
3592	-5.91403	0	0
3591	-5.92262	0	0
3590	-5.93121	0	0
3589	-5.83661	0	0
3588	-5.84512	0	0
3587	-5.85365	0	0
3586	-5.86218	0	0
3585	-5.87072	0	0
3584	-5.87928	0	0
3583	-5.88784	0	0
3582	-5.89642	0	0
3581	-5.80222	0	0
3580	-5.81074	0	0
3579	-5.81927	0	0
3578	-5.82781	0	0
3577	-5.83636	0	0
3576	-5.84492	0	0
3575	-5.85349	0	0
3574	-5.86207	0	0
3573	-5.87066	0	0
3572	-5.77657	0	0
3571	-5.78511	0	0
3570	-5.79366	0	0
3569	-5.80222	0	0
3568	-5.81079	0	0
3567	-5.81937	0	0
3566	-5.82796	0	0
3565	-5.83655	0	0
3564	-5.74257	0	0
3563	-5.75112	0	0
3562	-5.75969	0	0
3561	-5.76826	0	0
3560	-5.77684	0	0
3559	-5.78543	0	0
3558	-5.79404	0	0
3557	-5.80265	0	0
3556	-5.81127	0	0
3555	-5.71733	0	0
3554	-5.7259	0	0
3553	-5.73448	0	0
3552	-5.74308	0	0
3551	-5.75168	0	0
3550	-5.76029	0	0
3549	-5.76892	0	0
3548	-5.77755	0	0
3547	-5.6838	0	0
3546	-5.69238	0	0
3545	-5.70096	0	0
3544	-5.70955	0	0
3543	-5.71816	0	0
3542	-5.72677	0	0
3541	-5.7354	0	0
3540	-5.74403	0	0
3539	-5.65067	0	0
3538	-5.65923	0	0
3537	-5.6678	0	0
3536	-5.67638	0	0
3535	-5.68497	0	0
3534	-5.69358	0	0
3533	-5.70219	0	0
3532	-5.71081	0	0
3531	-5.71944	0	0
3530	-5.62644	0	0
3529	-5.63501	0	0
3528	-5.64358	0	0
3527	-5.65217	0	0
3526	-5.66076	0	0
3525	-5.66937	0	0
3524	-5.67798	0	0
3523	-5.68661	0	0
3522	-5.59398	0	0
3521	-5.60254	0	0
3520	-5.61111	0	0
3519	-5.61969	0	0
3518	-5.62829	0	0
3517	-5.63689	0	0
3516	-5.6455	0	0
3515	-5.65413	0	0
3514	-5.56181	0	0
3513	-5.57037	0	0
3512	-5.57894	0	0
3511	-5.58753	0	0
3510	-5.59612	0	0
3509	-5.60472	0	0
3508	-5.61333	0	0
3507	-5.62196	0	0
3506	-5.52997	0	0
3505	-5.53853	0	0
3504	-5.5471	0	0
3503	-5.55568	0	0
3502	-5.56426	0	0
3501	-5.57286	0	0
3500	-5.58147	0	0
3499	-5.59009	0	0
3498	-5.49841	0	0
3497	-5.50697	0	0
3496	-5.51554	0	0
3495	-5.52412	0	0
3494	-5.53272	0	0
3493	-5.54132	0	0
3492	-5.54993	0	0
3491	-5.55855	0	0
3490	-5.46716	0	0
3489	-5.47572	0	0
3488	-5.48429	0	0
3487	-5.49287	0	0
3486	-5.50146	0	0
3485	-5.51006	0	0
3484	-5.51867	0	0
3483	-5.52729	0	0
3482	-5.43623	0	0
3481	-5.58012	0	0
3480	-5.58875	0	0
3479	-5.59738	0	0
3478	-5.60604	0	0
3477	-5.6147	0	0
3476	-5.62337	0	0
3475	-5.63205	0	0
3474	-5.54127	0	0
3473	-5.54989	0	0
3472	-5.55853	0	0
3471	-5.56718	0	0
3470	-5.57583	0	0
3469	-5.5845	0	0
3468	-5.59318	0	0
3467	-5.60187	0	0
3466	-5.51124	0	0
3465	-5.51988	0	0
3464	-5.52853	0	0
3463	-5.53719	0	0
3462	-5.54586	0	0
3461	-5.55454	0	0
3460	-5.56323	0	0
3459	-5.57193	0	0
3458	-5.48144	0	0
3457	-5.49009	0	0
3456	-5.49875	0	0
3455	-5.50742	0	0
3454	-5.5161	0	0
3453	-5.52479	0	0
3452	-5.53349	0	0
3451	-5.5422	0	0
3450	-5.45192	0	0
3449	-5.46057	0	0
3448	-5.46923	0	0
3447	-5.47791	0	0
3446	-5.48659	0	0
3445	-5.49529	0	0
3444	-5.50399	0	0
3443	-5.51271	0	0
3442	-5.42269	0	0
3441	-5.43134	0	0
3440	-5.44	0	0
3439	-5.44868	0	0
3438	-5.45737	0	0
3437	-5.46606	0	0
3436	-5.47477	0	0
3435	-5.48349	0	0
3434	-5.39377	0	0
3433	-5.40242	0	0
3432	-5.41108	0	0
3431	-5.41976	0	0
3430	-5.42845	0	0
3429	-5.43714	0	0
3428	-5.44585	0	0
3427	-5.45457	0	0
3426	-5.36512	0	0
3425	-5.37378	0	0
3424	-5.38245	0	0
3423	-5.39113	0	0
3422	-5.39982	0	0
3421	-5.40852	0	0
3420	-5.41723	0	0
3419	-5.32811	0	0
3418	-5.33676	0	0
3417	-5.34542	0	0
3416	-5.3541	0	0
3415	-5.36278	0	0
3414	-5.37147	0	0
3413	-5.38018	0	0
3412	-5.38889	0	0
3411	-5.30002	0	0
3410	-5.30868	0	0
3409	-5.31735	0	0
3408	-5.32602	0	0
3407	-5.33471	0	0
3406	-5.34341	0	0
3405	-5.35212	0	0
3404	-5.36084	0	0
3403	-5.2722	0	0
3402	-5.28086	0	0
3401	-5.28953	0	0
3400	-5.29822	0	0
3399	-5.30691	0	0
3398	-5.31562	0	0
3397	-5.32433	0	0
3396	-5.23594	0	0
3395	-5.2446	0	0
3394	-5.25327	0	0
3393	-5.26196	0	0
3392	-5.27066	0	0
3391	-5.27936	0	0
3390	-5.28808	0	0
3389	-5.29681	0	0
3388	-5.20861	0	0
3387	-5.21728	0	0
3386	-5.22596	0	0
3385	-5.23465	0	0
3384	-5.24335	0	0
3383	-5.25206	0	0
3382	-5.26078	0	0
3381	-5.26951	0	0
3380	-5.18165	0	0
3379	-5.19031	0	0
3378	-5.19898	0	0
3377	-5.20767	0	0
3376	-5.21636	0	0
3375	-5.22506	0	0
3374	-5.23377	0	0
3373	-5.14644	0	0
3372	-5.15508	0	0
3371	-5.16373	0	0
3370	-5.17239	0	0
3369	-5.18106	0	0
3368	-5.18974	0	0
3367	-5.19843	0	0
3366	-5.20713	0	0
3365	-5.12019	0	0
3364	-5.12883	0	0
3363	-5.13748	0	0
3362	-5.14614	0	0
3361	-5.15481	0	0
3360	-5.16348	0	0
3359	-5.17218	0	0
3358	-5.08558	0	0
3357	-5.09421	0	0
3356	-5.10286	0	0
3355	-5.11151	0	0
3354	-5.12018	0	0
3353	-5.12885	0	0
3352	-5.13754	0	0
3351	-5.14624	0	0
3350	-5.05983	0	0
3349	-5.06847	0	0
3348	-5.07713	0	0
3347	-5.0858	0	0
3346	-5.09447	0	0
3345	-5.10316	0	0
3344	-5.11186	0	0
3343	-5.02569	0	0
3342	-5.03433	0	0
3341	-5.04299	0	0
3340	-5.05165	0	0
3339	-5.06032	0	0
3338	-5.06901	0	0
3337	-5.07771	0	0
3336	-4.99179	0	0
3335	-5.00043	0	0
3334	-5.00908	0	0
3333	-5.01775	0	0
3332	-5.02642	0	0
3331	-5.03511	0	0
3330	-5.0438	0	0
3329	-5.05251	0	0
3328	-4.96677	0	0
3327	-4.97543	0	0
3326	-4.98409	0	0
3325	-4.99276	0	0
3324	-5.00144	0	0
3323	-5.01014	0	0
3322	-5.01884	0	0
3321	-4.93334	0	0
3320	-4.94199	0	0
3319	-4.95065	0	0
3318	-4.95933	0	0
3317	-4.96801	0	0
3316	-4.97671	0	0
3315	-4.98542	0	0
3314	-4.90021	0	0
3313	-4.90886	0	0
3312	-4.91751	0	0
3311	-4.92617	0	0
3310	-4.93485	0	0
3309	-4.94353	0	0
3308	-4.95223	0	0
3307	-4.96094	0	0
3306	-4.87609	0	0
3305	-4.88473	0	0
3304	-4.89337	0	0
3303	-4.90203	0	0
3302	-4.91069	0	0
3301	-4.91937	0	0
3300	-4.92806	0	0
3299	-4.84368	0	0
3298	-4.8523	0	0
3297	-4.86093	0	0
3296	-4.86957	0	0
3295	-4.87823	0	0
3294	-4.88689	0	0
3293	-4.89556	0	0
3292	-4.81168	0	0
3291	-4.94204	0	0
3290	-4.95073	0	0
3289	-4.95942	0	0
3288	-4.96813	0	0
3287	-4.97685	0	0
3286	-4.98558	0	0
3285	-4.90186	0	0
3284	-4.91053	0	0
3283	-4.91921	0	0
3282	-4.92791	0	0
3281	-4.93661	0	0
3280	-4.94533	0	0
3279	-4.95406	0	0
3278	-4.87063	0	0
3277	-4.8793	0	0
3276	-4.88798	0	0
3275	-4.89667	0	0
3274	-4.90537	0	0
3273	-4.91408	0	0
3272	-4.9228	0	0
3271	-4.93153	0	0
3270	-4.84833	0	0
3269	-4.85701	0	0
3268	-4.86569	0	0
3267	-4.87439	0	0
3266	-4.8831	0	0
3265	-4.89182	0	0
3264	-4.90055	0	0
3263	-4.81767	0	0
3262	-4.82634	0	0
3261	-4.83501	0	0
3260	-4.8437	0	0
3259	-4.8524	0	0
3258	-4.86111	0	0
3257	-4.86983	0	0
3256	-4.78728	0	0
3255	-4.79594	0	0
3254	-4.80462	0	0
3253	-4.8133	0	0
3252	-4.822	0	0
3251	-4.8307	0	0
3250	-4.83942	0	0
3249	-4.75705	0	0
3248	-4.76572	0	0
3247	-4.77441	0	0
3246	-4.78311	0	0
3245	-4.79182	0	0
3244	-4.80054	0	0
3243	-4.80928	0	0
3242	-4.72699	0	0
3241	-4.73568	0	0
3240	-4.74437	0	0
3239	-4.75308	0	0
3238	-4.7618	0	0
3237	-4.77053	0	0
3236	-4.77927	0	0
3235	-4.69717	0	0
3234	-4.70585	0	0
3233	-4.71455	0	0
3232	-4.72326	0	0
3231	-4.73198	0	0
3230	-4.74072	0	0
3229	-4.65884	0	0
3228	-4.66753	0	0
3227	-4.67622	0	0
3226	-4.68493	0	0
3225	-4.69365	0	0
3224	-4.70238	0	0
3223	-4.71113	0	0
3222	-4.62945	0	0
3221	-4.63813	0	0
3220	-4.64683	0	0
3219	-4.65553	0	0
3218	-4.66425	0	0
3217	-4.67298	0	0
3216	-4.68173	0	0
3215	-4.60023	0	0
3214	-4.60893	0	0
3213	-4.61763	0	0
3212	-4.62635	0	0
3211	-4.63508	0	0
3210	-4.64382	0	0
3209	-4.65257	0	0
3208	-4.57128	0	0
3207	-4.57997	0	0
3206	-4.58867	0	0
3205	-4.59739	0	0
3204	-4.60611	0	0
3203	-4.61485	0	0
3202	-4.6236	0	0
3201	-4.54257	0	0
3200	-4.55126	0	0
3199	-4.55997	0	0
3198	-4.56868	0	0
3197	-4.57741	0	0
3196	-4.58615	0	0
3195	-4.5949	0	0
3194	-4.5142	0	0
3193	-4.52288	0	0
3192	-4.53157	0	0
3191	-4.54027	0	0
3190	-4.54898	0	0
3189	-4.5577	0	0
3188	-4.47753	0	0
3187	-4.48618	0	0
3186	-4.49484	0	0
3185	-4.50352	0	0
3184	-4.5122	0	0
3183	-4.52089	0	0
3182	-4.5296	0	0
3181	-4.4502	0	0
3180	-4.45878	0	0
3179	-4.46738	0	0
3178	-4.47598	0	0
3177	-4.4846	0	0
3176	-4.49322	0	0
3175	-4.50186	0	0
3174	-4.42325	0	0
3173	-4.43181	0	0
3172	-4.44038	0	0
3171	-4.44897	0	0
3170	-4.45756	0	0
3169	-4.46617	0	0
3168	-4.38801	0	0
3167	-4.39655	0	0
3166	-4.40511	0	0
3165	-4.41369	0	0
3164	-4.42227	0	0
3163	-4.43086	0	0
3162	-4.43947	0	0
3161	-4.36152	0	0
3160	-4.37008	0	0
3159	-4.37864	0	0
3158	-4.38722	0	0
3157	-4.39581	0	0
3156	-4.40441	0	0
3155	-4.41302	0	0
3154	-4.3353	0	0
3153	-4.34385	0	0
3152	-4.35241	0	0
3151	-4.36099	0	0
3150	-4.36957	0	0
3149	-4.37817	0	0
3148	-4.30075	0	0
3147	-4.30929	0	0
3146	-4.31785	0	0
3145	-4.32642	0	0
3144	-4.335	0	0
3143	-4.34359	0	0
3142	-4.3522	0	0
3141	-4.27487	0	0
3140	-4.28343	0	0
3139	-4.29201	0	0
3138	-4.3006	0	0
3137	-4.3092	0	0
3136	-4.31781	0	0
3135	-4.24043	0	0
3134	-4.24903	0	0
3133	-4.25763	0	0
3132	-4.26625	0	0
3131	-4.27487	0	0
3130	-4.28351	0	0
3129	-4.29216	0	0
3128	-4.21458	0	0
3127	-4.22321	0	0
3126	-4.23185	0	0
3125	-4.24051	0	0
3124	-4.24918	0	0
3123	-4.25786	0	0
3122	-4.18034	0	0
3121	-4.18896	0	0
3120	-4.19759	0	0
3119	-4.20624	0	0
3118	-4.21489	0	0
3117	-4.22356	0	0
3116	-4.23224	0	0
3115	-4.15494	0	0
3114	-4.16357	0	0
3113	-4.17221	0	0
3112	-4.18085	0	0
3111	-4.18952	0	0
3110	-4.19819	0	0
3109	-4.12114	0	0
3108	-4.12976	0	0
3107	-4.13839	0	0
3106	-4.14704	0	0
3105	-4.15569	0	0
3104	-4.16436	0	0
3103	-4.17304	0	0
3102	-4.09737	0	0
3101	-4.21149	0	0
3100	-4.22017	0	0
3099	-4.22887	0	0
3098	-4.23758	0	0
3097	-4.2463	0	0
3096	-4.16981	0	0
3095	-4.17847	0	0
3094	-4.18715	0	0
3093	-4.19583	0	0
3092	-4.20453	0	0
3091	-4.21323	0	0
3090	-4.13706	0	0
3089	-4.14571	0	0
3088	-4.15437	0	0
3087	-4.16305	0	0
3086	-4.17174	0	0
3085	-4.18044	0	0
3084	-4.18915	0	0
3083	-4.11362	0	0
3082	-4.12219	0	0
3081	-4.13078	0	0
3080	-4.13938	0	0
3079	-4.14799	0	0
3078	-4.15661	0	0
3077	-4.08209	0	0
3076	-4.09062	0	0
3075	-4.09916	0	0
3074	-4.1077	0	0
3073	-4.11627	0	0
3072	-4.12484	0	0
3071	-4.05088	0	0
3070	-4.05939	0	0
3069	-4.06791	0	0
3068	-4.07645	0	0
3067	-4.08499	0	0
3066	-4.09355	0	0
3065	-4.01991	0	0
3064	-4.02841	0	0
3063	-4.03692	0	0
3062	-4.04545	0	0
3061	-4.05399	0	0
3060	-4.06254	0	0
3059	-4.0711	0	0
3058	-3.99765	0	0
3057	-4.00616	0	0
3056	-4.01468	0	0
3055	-4.02321	0	0
3054	-4.03175	0	0
3053	-4.04031	0	0
3052	-3.96712	0	0
3051	-3.97562	0	0
3050	-3.98414	0	0
3049	-3.99266	0	0
3048	-4.00119	0	0
3047	-4.00974	0	0
3046	-3.9368	0	0
3045	-3.9453	0	0
3044	-3.95381	0	0
3043	-3.96233	0	0
3042	-3.97086	0	0
3041	-3.97941	0	0
3040	-3.90668	0	0
3039	-3.91517	0	0
3038	-3.92368	0	0
3037	-3.9322	0	0
3036	-3.94073	0	0
3035	-3.94927	0	0
3034	-3.87625	0	0
3033	-3.88483	0	0
3032	-3.89342	0	0
3031	-3.90203	0	0
3030	-3.91064	0	0
3029	-3.91927	0	0
3028	-3.84615	0	0
3027	-3.8547	0	0
3026	-3.86326	0	0
3025	-3.87183	0	0
3024	-3.88041	0	0
3023	-3.88901	0	0
3022	-3.81635	0	0
3021	-3.82488	0	0
3020	-3.83342	0	0
3019	-3.84197	0	0
3018	-3.85054	0	0
3017	-3.85911	0	0
3016	-3.78677	0	0
3015	-3.79529	0	0
3014	-3.80383	0	0
3013	-3.81237	0	0
3012	-3.82093	0	0
3011	-3.82951	0	0
3010	-3.75752	0	0
3009	-3.76601	0	0
3008	-3.77452	0	0
3007	-3.78305	0	0
3006	-3.79158	0	0
3005	-3.80013	0	0
3004	-3.73004	0	0
3003	-3.73827	0	0
3002	-3.7465	0	0
3001	-3.75475	0	0
3000	-3.76301	0	0
2999	-3.77128	0	0
2998	-3.70301	0	0
2997	-3.7112	0	0
2996	-3.7194	0	0
2995	-3.72761	0	0
2994	-3.73583	0	0
2993	-3.74406	0	0
2992	-3.67624	0	0
2991	-3.68441	0	0
2990	-3.6926	0	0
2989	-3.7008	0	0
2988	-3.709	0	0
2987	-3.71723	0	0
2986	-3.64977	0	0
2985	-3.65792	0	0
2984	-3.66609	0	0
2983	-3.67426	0	0
2982	-3.68245	0	0
2981	-3.69065	0	0
2980	-3.62365	0	0
2979	-3.63177	0	0
2978	-3.63991	0	0
2977	-3.64806	0	0
2976	-3.65621	0	0
2975	-3.66438	0	0
2974	-3.59781	0	0
2973	-3.60592	0	0
2972	-3.61404	0	0
2971	-3.62216	0	0
2970	-3.6303	0	0
2969	-3.63846	0	0
2968	-3.57226	0	0
2967	-3.58034	0	0
2966	-3.58844	0	0
2965	-3.59655	0	0
2964	-3.60467	0	0
2963	-3.61281	0	0
2962	-3.54689	0	0
2961	-3.55498	0	0
2960	-3.56308	0	0
2959	-3.57119	0	0
2958	-3.57931	0	0
2957	-3.51204	0	0
2956	-3.5204	0	0
2955	-3.52876	0	0
2954	-3.53714	0	0
2953	-3.54554	0	0
2952	-3.55394	0	0
2951	-3.48545	0	0
2950	-3.49381	0	0
2949	-3.50218	0	0
2948	-3.51056	0	0
2947	-3.51896	0	0
2946	-3.52737	0	0
2945	-3.45919	0	0
2944	-3.46752	0	0
2943	-3.47586	0	0
2942	-3.48422	0	0
2941	-3.49259	0	0
2940	-3.50097	0	0
2939	-3.43288	0	0
2938	-3.44126	0	0
2937	-3.44965	0	0
2936	-3.45806	0	0
2935	-3.46648	0	0
2934	-3.39918	0	0
2933	-3.4074	0	0
2932	-3.41563	0	0
2931	-3.42387	0	0
2930	-3.43213	0	0
2929	-3.4404	0	0
2928	-3.37767	0	0
2927	-3.38519	0	0
2926	-3.39272	0	0
2925	-3.40025	0	0
2924	-3.4078	0	0
2923	-3.41536	0	0
2922	-3.35676	0	0
2921	-3.36422	0	0
2920	-3.37168	0	0
2919	-3.37916	0	0
2918	-3.38664	0	0
2917	-3.32873	0	0
2916	-3.33615	0	0
2915	-3.34358	0	0
2914	-3.35103	0	0
2913	-3.35848	0	0
2912	-3.36594	0	0
2911	-3.3728	0	0
2910	-3.38085	0	0
2909	-3.3889	0	0
2908	-3.39697	0	0
2907	-3.40505	0	0
2906	-3.41314	0	0
2905	-3.34998	0	0
2904	-3.35796	0	0
2903	-3.36595	0	0
2902	-3.37395	0	0
2901	-3.38197	0	0
2900	-3.31938	0	0
2899	-3.32735	0	0
2898	-3.33533	0	0
2897	-3.34333	0	0
2896	-3.35134	0	0
2895	-3.35936	0	0
2894	-3.297	0	0
2893	-3.30496	0	0
2892	-3.31292	0	0
2891	-3.3209	0	0
2890	-3.3289	0	0
2889	-3.26697	0	0
2888	-3.27489	0	0
2887	-3.28283	0	0
2886	-3.29078	0	0
2885	-3.29874	0	0
2884	-3.30671	0	0
2883	-3.24521	0	0
2882	-3.2531	0	0
2881	-3.26101	0	0
2880	-3.26892	0	0
2879	-3.27685	0	0
2878	-3.21609	0	0
2877	-3.22391	0	0
2876	-3.23174	0	0
2875	-3.23958	0	0
2874	-3.24743	0	0
2873	-3.2553	0	0
2872	-3.19488	0	0
2871	-3.20273	0	0
2870	-3.21059	0	0
2869	-3.21846	0	0
2868	-3.22634	0	0
2867	-3.1648	0	0
2866	-3.17287	0	0
2865	-3.18095	0	0
2864	-3.18904	0	0
2863	-3.19715	0	0
2862	-3.20527	0	0
2861	-3.14218	0	0
2860	-3.15038	0	0
2859	-3.1586	0	0
2858	-3.16683	0	0
2857	-3.17507	0	0
2856	-3.1117	0	0
2855	-3.11985	0	0
2854	-3.12802	0	0
2853	-3.13619	0	0
2852	-3.14438	0	0
2851	-3.08125	0	0
2850	-3.08943	0	0
2849	-3.09762	0	0
2848	-3.10582	0	0
2847	-3.11404	0	0
2846	-3.12226	0	0
2845	-3.05921	0	0
2844	-3.06738	0	0
2843	-3.07555	0	0
2842	-3.08374	0	0
2841	-3.09194	0	0
2840	-3.03181	0	0
2839	-3.03944	0	0
2838	-3.04708	0	0
2837	-3.05473	0	0
2836	-3.0624	0	0
2835	-3.00754	0	0
2834	-3.01467	0	0
2833	-3.02182	0	0
2832	-3.02897	0	0
2831	-3.03613	0	0
2830	-3.04331	0	0
2829	-2.99109	0	0
2828	-2.99814	0	0
2827	-3.00521	0	0
2826	-3.01229	0	0
2825	-3.01938	0	0
2824	-2.96776	0	0
2823	-2.97481	0	0
2822	-2.98186	0	0
2821	-2.98893	0	0
2820	-2.996	0	0
2819	-2.94479	0	0
2818	-2.95179	0	0
2817	-2.9588	0	0
2816	-2.96582	0	0
2815	-2.97285	0	0
2814	-2.97989	0	0
2813	-2.92915	0	0
2812	-2.93612	0	0
2811	-2.94309	0	0
2810	-2.95007	0	0
2809	-2.95707	0	0
2808	-2.90685	0	0
2807	-2.91377	0	0
2806	-2.92071	0	0
2805	-2.92766	0	0
2804	-2.93462	0	0
2803	-2.88508	0	0
2802	-2.89192	0	0
2801	-2.89878	0	0
2800	-2.90564	0	0
2799	-2.91252	0	0
2798	-2.8633	0	0
2797	-2.87018	0	0
2796	-2.87707	0	0
2795	-2.88397	0	0
2794	-2.89088	0	0
2793	-2.83887	0	0
2792	-2.84629	0	0
2791	-2.85372	0	0
2790	-2.86116	0	0
2789	-2.86862	0	0
2788	-2.87609	0	0
2787	-2.81983	0	0
2786	-2.82773	0	0
2785	-2.83565	0	0
2784	-2.84359	0	0
2783	-2.85153	0	0
2782	-2.79325	0	0
2781	-2.8011	0	0
2780	-2.80895	0	0
2779	-2.81682	0	0
2778	-2.8247	0	0
2777	-2.76657	0	0
2776	-2.77448	0	0
2775	-2.7824	0	0
2774	-2.79033	0	0
2773	-2.79828	0	0
2772	-2.74087	0	0
2771	-2.74858	0	0
2770	-2.7563	0	0
2769	-2.76403	0	0
2768	-2.77177	0	0
2767	-2.72148	0	0
2766	-2.72786	0	0
2765	-2.73426	0	0
2764	-2.74067	0	0
2763	-2.74708	0	0
2762	-2.70797	0	0
2761	-2.71327	0	0
2760	-2.71858	0	0
2759	-2.7239	0	0
2758	-2.72923	0	0
2757	-2.69556	0	0
2756	-2.70076	0	0
2755	-2.70597	0	0
2754	-2.71119	0	0
2753	-2.71641	0	0
2752	-2.68335	0	0
2751	-2.68854	0	0
2750	-2.69374	0	0
2749	-2.69894	0	0
2748	-2.70415	0	0
2747	-2.67159	0	0
2746	-2.67671	0	0
2745	-2.68183	0	0
2744	-2.68696	0	0
2743	-2.6921	0	0
2742	-2.66018	0	0
2741	-2.66525	0	0
2740	-2.67032	0	0
2739	-2.6754	0	0
2738	-2.68049	0	0
2737	-2.64913	0	0
2736	-2.65415	0	0
2735	-2.65916	0	0
2734	-2.66419	0	0
2733	-2.66922	0	0
2732	-2.63858	0	0
2731	-2.64351	0	0
2730	-2.64844	0	0
2729	-2.65338	0	0
2728	-2.65833	0	0
2727	-2.62858	0	0
2726	-2.63341	0	0
2725	-2.63825	0	0
2724	-2.6431	0	0
2723	-2.64795	0	0
2722	-2.61423	0	0
2721	-2.56905	0	0
2720	-2.57541	0	0
2719	-2.58178	0	0
2718	-2.58816	0	0
2717	-2.54586	0	0
2716	-2.55209	0	0
2715	-2.55833	0	0
2714	-2.56458	0	0
2713	-2.57083	0	0
2712	-2.52868	0	0
2711	-2.53504	0	0
2710	-2.54141	0	0
2709	-2.54779	0	0
2708	-2.55418	0	0
2707	-2.50842	0	0
2706	-2.51557	0	0
2705	-2.52273	0	0
2704	-2.52991	0	0
2703	-2.47834	0	0
2702	-2.48593	0	0
2701	-2.49354	0	0
2700	-2.50116	0	0
2699	-2.50879	0	0
2698	-2.45566	0	0
2697	-2.46323	0	0
2696	-2.47081	0	0
2695	-2.4784	0	0
2694	-2.48601	0	0
2693	-2.43335	0	0
2692	-2.44086	0	0
2691	-2.44839	0	0
2690	-2.45592	0	0
2689	-2.46347	0	0
2688	-2.40983	0	0
2687	-2.41767	0	0
2686	-2.42552	0	0
2685	-2.43339	0	0
2684	-2.44126	0	0
2683	-2.39341	0	0
2682	-2.39941	0	0
2681	-2.40543	0	0
2680	-2.41146	0	0
2679	-2.37957	0	0
2678	-2.384	0	0
2677	-2.38844	0	0
2676	-2.39288	0	0
2675	-2.39733	0	0
2674	-2.37154	0	0
2673	-2.37599	0	0
2672	-2.38045	0	0
2671	-2.38492	0	0
2670	-2.38939	0	0
2669	-2.36399	0	0
2668	-2.36834	0	0
2667	-2.37271	0	0
2666	-2.37708	0	0
2665	-2.38146	0	0
2664	-2.35677	0	0
2663	-2.36107	0	0
2662	-2.36538	0	0
2661	-2.36969	0	0
2660	-2.34553	0	0
2659	-2.34979	0	0
2658	-2.35405	0	0
2657	-2.35833	0	0
2656	-2.36261	0	0
2655	-2.33893	0	0
2654	-2.34312	0	0
2653	-2.34732	0	0
2652	-2.35153	0	0
2651	-2.35575	0	0
2650	-2.33249	0	0
2649	-2.33667	0	0
2648	-2.34086	0	0
2647	-2.34505	0	0
2646	-2.32291	0	0
2645	-2.32687	0	0
2644	-2.33083	0	0
2643	-2.33481	0	0
2642	-2.33879	0	0
2641	-2.3168	0	0
2640	-2.32095	0	0
2639	-2.32511	0	0
2638	-2.32927	0	0
2637	-2.29873	0	0
2636	-2.30458	0	0
2635	-2.31045	0	0
2634	-2.31633	0	0
2633	-2.32221	0	0
2632	-2.28031	0	0
2631	-2.28742	0	0
2630	-2.29454	0	0
2629	-2.30167	0	0
2628	-2.30882	0	0
2627	-2.26181	0	0
2626	-2.26897	0	0
2625	-2.27613	0	0
2624	-2.28331	0	0
2623	-2.23592	0	0
2622	-2.24314	0	0
2621	-2.25038	0	0
2620	-2.25763	0	0
2619	-2.26489	0	0
2618	-2.21605	0	0
2617	-2.2236	0	0
2616	-2.23117	0	0
2615	-2.23876	0	0
2614	-2.20615	0	0
2613	-2.20966	0	0
2612	-2.21317	0	0
2611	-2.21668	0	0
2610	-2.22021	0	0
2609	-2.21105	0	0
2608	-2.2124	0	0
2607	-2.21375	0	0
2606	-2.2151	0	0
2605	-2.21437	0	0
2604	-2.21588	0	0
2603	-2.2174	0	0
2602	-2.21891	0	0
2601	-2.22043	0	0
2600	-2.21932	0	0
2599	-2.22079	0	0
2598	-2.22225	0	0
2597	-2.22372	0	0
2596	-2.22285	0	0
2595	-2.22432	0	0
2594	-2.22579	0	0
2593	-2.22726	0	0
2592	-2.22873	0	0
2591	-2.22783	0	0
2590	-2.22932	0	0
2589	-2.2308	0	0
2588	-2.23229	0	0
2587	-2.23142	0	0
2586	-2.23289	0	0
2585	-2.23436	0	0
2584	-2.23584	0	0
2583	-2.23732	0	0
2582	-2.23626	0	0
2581	-2.23781	0	0
2580	-2.23936	0	0
2579	-2.24092	0	0
2578	-2.24011	0	0
2577	-2.24152	0	0
2576	-2.24293	0	0
2575	-2.24435	0	0
2574	-2.24476	0	0
2573	-2.24603	0	0
2572	-2.24729	0	0
2571	-2.24856	0	0
2570	-2.24983	0	0
2569	-2.24067	0	0
2568	-2.24471	0	0
2567	-2.24875	0	0
2566	-2.2528	0	0
2565	-2.22118	0	0
2564	-2.228	0	0
2563	-2.23483	0	0
2562	-2.24167	0	0
2561	-2.19703	0	0
2560	-2.20448	0	0
2559	-2.21194	0	0
2558	-2.21942	0	0
2557	-2.22691	0	0
2556	-2.17928	0	0
2555	-2.18699	0	0
2554	-2.19471	0	0
2553	-2.20244	0	0
2552	-2.15292	0	0
2551	-2.16088	0	0
2550	-2.16885	0	0
2549	-2.17684	0	0
2548	-2.14937	0	0
2547	-2.15196	0	0
2546	-2.15455	0	0
2545	-2.15714	0	0
2544	-2.15974	0	0
2543	-2.15943	0	0
2542	-2.15945	0	0
2541	-2.15946	0	0
2540	-2.15947	0	0
2539	-2.16817	0	0
2538	-2.16856	0	0
2537	-2.16896	0	0
2536	-2.16936	0	0
2535	-2.17608	0	0
2534	-2.17661	0	0
2533	-2.17715	0	0
2532	-2.17769	0	0
2531	-1.93596	0	0
2530	-1.93407	0	0
2529	-1.93482	0	0
2528	-1.93556	0	0
2527	-1.9363	0	0
2526	-1.93994	0	0
2525	-1.94066	0	0
2524	-1.94138	0	0
2523	-1.9421	0	0
2522	-1.94557	0	0
2521	-1.94637	0	0
2520	-1.94717	0	0
2519	-1.94797	0	0
2518	-1.95117	0	0
2517	-1.95197	0	0
2516	-1.95277	0	0
2515	-1.95358	0	0
2514	-1.95659	0	0
2513	-1.95744	0	0
2512	-1.95829	0	0
2511	-1.95915	0	0
2510	-1.96	0	0
2509	-1.96271	0	0
2508	-1.96362	0	0
2507	-1.96452	0	0
2506	-1.96543	0	0
2505	-1.96771	0	0
2504	-1.96869	0	0
2503	-1.96967	0	0
2502	-1.97065	0	0
2501	-1.97294	0	0
2500	-1.97385	0	0
2499	-1.97475	0	0
2498	-1.97566	0	0
2497	-1.97802	0	0
2496	-1.97899	0	0
2495	-1.97996	0	0
2494	-1.98093	0	0
2493	-1.97797	0	0
2492	-1.9803	0	0
2491	-1.98263	0	0
2490	-1.98497	0	0
2489	-1.9632	0	0
2488	-1.96919	0	0
2487	-1.97519	0	0
2486	-1.9812	0	0
2485	-1.93942	0	0
2484	-1.94738	0	0
2483	-1.95536	0	0
2482	-1.96335	0	0
2481	-1.91777	0	0
2480	-1.9251	0	0
2479	-1.93245	0	0
2478	-1.9398	0	0
2477	-1.94717	0	0
2476	-1.90062	0	0
2475	-1.90895	0	0
2474	-1.91729	0	0
2473	-1.92565	0	0
2472	-1.88366	0	0
2471	-1.88925	0	0
2470	-1.89486	0	0
2469	-1.90048	0	0
2468	-1.88247	0	0
2467	-1.88392	0	0
2466	-1.88538	0	0
2465	-1.88684	0	0
2464	-1.88758	0	0
2463	-1.88829	0	0
2462	-1.88899	0	0
2461	-1.88969	0	0
2460	-1.89282	0	0
2459	-1.89371	0	0
2458	-1.8946	0	0
2457	-1.89549	0	0
2456	-1.89709	0	0
2455	-1.89825	0	0
2454	-1.8994	0	0
2453	-1.90056	0	0
2452	-1.90063	0	0
2451	-1.90196	0	0
2450	-1.90329	0	0
2449	-1.90462	0	0
2448	-1.90355	0	0
2447	-1.90504	0	0
2446	-1.90654	0	0
2445	-1.90804	0	0
2444	-1.90572	0	0
2443	-1.90743	0	0
2442	-1.90914	0	0
2441	-1.91085	0	0
2440	-1.90697	0	0
2439	-1.90894	0	0
2438	-1.91091	0	0
2437	-1.90561	0	0
2436	-1.90769	0	0
2435	-1.90977	0	0
2434	-1.91186	0	0
2433	-1.90607	0	0
2432	-1.9082	0	0
2431	-1.91033	0	0
2430	-1.91247	0	0
2429	-1.90201	0	0
2428	-1.90537	0	0
2427	-1.90873	0	0
2426	-1.91209	0	0
2425	-1.88507	0	0
2424	-1.89197	0	0
2423	-1.89889	0	0
2422	-1.90582	0	0
2421	-1.85677	0	0
2420	-1.86677	0	0
2419	-1.87678	0	0
2418	-1.88682	0	0
2417	-1.82854	0	0
2416	-1.83829	0	0
2415	-1.84805	0	0
2414	-1.85782	0	0
2413	-1.8001	0	0
2412	-1.80997	0	0
2411	-1.81987	0	0
2410	-1.82978	0	0
2409	-1.77923	0	0
2408	-1.78662	0	0
2407	-1.79403	0	0
2406	-1.80145	0	0
2405	-1.76693	0	0
2404	-1.77193	0	0
2403	-1.77694	0	0
2402	-1.75284	0	0
2401	-1.75751	0	0
2400	-1.76218	0	0
2399	-1.76686	0	0
2398	-1.74363	0	0
2397	-1.74834	0	0
2396	-1.75307	0	0
2395	-1.7578	0	0
2394	-1.73369	0	0
2393	-1.73864	0	0
2392	-1.74361	0	0
2391	-1.74858	0	0
2390	-1.72307	0	0
2389	-1.72824	0	0
2388	-1.73342	0	0
2387	-1.73861	0	0
2386	-1.71198	0	0
2385	-1.7173	0	0
2384	-1.72264	0	0
2383	-1.69503	0	0
2382	-1.70049	0	0
2381	-1.70595	0	0
2380	-1.71142	0	0
2379	-1.6831	0	0
2378	-1.68867	0	0
2377	-1.69425	0	0
2376	-1.69984	0	0
2375	-1.67046	0	0
2374	-1.67628	0	0
2373	-1.68211	0	0
2372	-1.68795	0	0
2371	-1.65724	0	0
2370	-1.66326	0	0
2369	-1.66928	0	0
2368	-1.63583	0	0
2367	-1.64245	0	0
2366	-1.64908	0	0
2365	-1.65572	0	0
2364	-1.61469	0	0
2363	-1.62315	0	0
2362	-1.63162	0	0
2361	-1.64012	0	0
2360	-1.58594	0	0
2359	-1.59695	0	0
2358	-1.60798	0	0
2357	-1.54308	0	0
2356	-1.5546	0	0
2355	-1.56614	0	0
2354	-1.57771	0	0
2353	-1.51242	0	0
2352	-1.52363	0	0
2351	-1.53486	0	0
2350	-1.5461	0	0
2349	-1.48598	0	0
2348	-1.49576	0	0
2347	-1.50556	0	0
2346	-1.45473	0	0
2345	-1.46329	0	0
2344	-1.47188	0	0
2343	-1.48048	0	0
2342	-1.43337	0	0
2341	-1.50768	0	0
2340	-1.51716	0	0
2339	-1.52666	0	0
2338	-1.47656	0	0
2337	-1.48508	0	0
2336	-1.49362	0	0
2335	-1.45619	0	0
2334	-1.46193	0	0
2333	-1.46769	0	0
2332	-1.47345	0	0
2331	-1.44602	0	0
2330	-1.45112	0	0
2329	-1.45623	0	0
2328	-1.42921	0	0
2327	-1.43481	0	0
2326	-1.44042	0	0
2325	-1.44605	0	0
2324	-1.41756	0	0
2323	-1.42321	0	0
2322	-1.42888	0	0
2321	-1.43455	0	0
2320	-1.40545	0	0
2319	-1.4113	0	0
2318	-1.41717	0	0
2317	-1.38694	0	0
2316	-1.39295	0	0
2315	-1.39897	0	0
2314	-1.405	0	0
2313	-1.3741	0	0
2312	-1.38021	0	0
2311	-1.38632	0	0
2310	-1.35513	0	0
2309	-1.36125	0	0
2308	-1.36738	0	0
2307	-1.37352	0	0
2306	-1.34171	0	0
2305	-1.34805	0	0
2304	-1.3544	0	0
2303	-1.3211	0	0
2302	-1.3277	0	0
2301	-1.33431	0	0
2300	-1.34093	0	0
2299	-1.30712	0	0
2298	-1.31366	0	0
2297	-1.32021	0	0
2296	-1.28215	0	0
2295	-1.29007	0	0
2294	-1.29801	0	0
2293	-1.30596	0	0
2292	-1.2588	0	0
2291	-1.26869	0	0
2290	-1.2786	0	0
2289	-1.22212	0	0
2288	-1.23296	0	0
2287	-1.24383	0	0
2286	-1.25471	0	0
2285	-1.19538	0	0
2284	-1.20634	0	0
2283	-1.21732	0	0
2282	-1.15842	0	0
2281	-1.16915	0	0
2280	-1.17991	0	0
2279	-1.19069	0	0
2278	-1.13488	0	0
2277	-1.14466	0	0
2276	-1.15447	0	0
2275	-1.10566	0	0
2274	-1.11419	0	0
2273	-1.12274	0	0
2272	-1.07716	0	0
2271	-1.08583	0	0
2270	-1.09451	0	0
2269	-1.10322	0	0
2268	-1.05701	0	0
2267	-1.0658	0	0
2266	-1.07461	0	0
2265	-1.02922	0	0
2264	-1.03766	0	0
2263	-1.04613	0	0
2262	-1.05461	0	0
2261	-1.01041	0	0
2260	-1.01876	0	0
2259	-1.02714	0	0
2258	-0.983286	0	0
2257	-0.991656	0	0
2256	-1.00004	0	0
2255	-0.956227	0	0
2254	-0.964587	0	0
2253	-0.972964	0	0
2252	-0.981358	0	0
2251	-0.937806	0	0
2250	-0.946095	0	0
2249	-0.954401	0	0
2248	-0.91063	0	0
2247	-0.919098	0	0
2246	-0.927583	0	0
2245	-0.882951	0	0
2244	-0.891545	0	0
2243	-0.900156	0	0
2242	-0.908785	0	0
2241	-0.864552	0	0
2240	-0.872901	0	0
2239	-0.881267	0	0
2238	-0.836224	0	0
2237	-0.845133	0	0
2236	-0.85406	0	0
2235	-0.804574	0	0
2234	-0.8144	0	0
2233	-0.824245	0	0
2232	-0.834111	0	0
2231	-0.781163	0	0
2230	-0.791518	0	0
2229	-0.801894	0	0
2228	-0.745785	0	0
2227	-0.756725	0	0
2226	-0.767689	0	0
2225	-0.709653	0	0
2224	-0.720711	0	0
2223	-0.731792	0	0
2222	-0.742895	0	0
2221	-0.685662	0	0
2220	-0.696285	0	0
2219	-0.706929	0	0
2218	-0.652234	0	0
2217	-0.662464	0	0
2216	-0.672715	0	0
2215	-0.618947	0	0
2214	-0.629271	0	0
2213	-0.639615	0	0
2212	-0.585559	0	0
2211	-0.595914	0	0
2210	-0.606289	0	0
2209	-0.616686	0	0
2208	-0.562702	0	0
2207	-0.57302	0	0
2206	-0.583359	0	0
2205	-0.529702	0	0
2204	-0.539984	0	0
2203	-0.550288	0	0
2202	-0.497238	0	0
2201	-0.507357	0	0
2200	-0.517496	0	0
2199	-0.464933	0	0
2198	-0.475054	0	0
2197	-0.485196	0	0
2196	-0.432372	0	0
2195	-0.442592	0	0
2194	-0.452832	0	0
2193	-0.463095	0	0
2192	-0.410838	0	0
2191	-0.420742	0	0
2190	-0.430666	0	0
2189	-0.380757	0	0
2188	-0.390152	0	0
2187	-0.399567	0	0
2186	-0.352243	0	0
2185	-0.361232	0	0
2184	-0.37024	0	0
2183	-0.323951	0	0
2182	-0.332978	0	0
2181	-0.342025	0	0
2180	-0.294985	0	0
2179	-0.304252	0	0
2178	-0.313538	0	0
2177	-0.264688	0	0
2176	-0.274376	0	0
2175	-0.284084	0	0
2174	-0.293814	0	0
2173	-0.243099	0	0
2172	-0.253238	0	0
2171	-0.263399	0	0
2170	-0.212423	0	0
2169	-0.222127	0	0
2168	-0.231851	0	0
2167	-0.183287	0	0
2166	-0.192543	0	0
2165	-0.201819	0	0
2164	-0.154438	0	0
2163	-0.163744	0	0
2162	-0.17307	0	0
2161	-0.126215	0	0
2160	-0.135287	0	0
2159	-0.144379	0	0
2158	-0.0976155	0	0
2157	-0.106898	0	0
2156	-0.116201	0	0
2155	-0.0671367	0	0
2154	-0.0770826	0	0
2153	-0.08705	0	0
2152	-0.0357694	0	0
2151	-0.305411	0	0
2150	-0.315163	0	0
2149	-0.266428	0	0
2148	-0.276235	0	0
2147	-0.286063	0	0
2146	-0.237434	0	0
2145	-0.247166	0	0
2144	-0.256918	0	0
2143	-0.208695	0	0
2142	-0.218365	0	0
2141	-0.228055	0	0
2140	-0.180276	0	0
2139	-0.18986	0	0
2138	-0.199465	0	0
2137	-0.152034	0	0
2136	-0.161581	0	0
2135	-0.171148	0	0
2134	-0.123703	0	0
2133	-0.133299	0	0
2132	-0.142915	0	0
2131	-0.152553	0	0
2130	-0.105232	0	0
2129	-0.114745	0	0
2128	-0.124278	0	0
2127	-0.0781209	0	0
2126	-0.0872379	0	0
2125	-0.0963747	0	0
2124	-0.0526615	0	0
2123	-0.0611733	0	0
2122	-0.0203552	0	0
2121	-0.0285126	0	0
2120	-0.0366879	0	0
2119	0.00336707	0	0
2118	-0.00477512	0	0
2117	-0.0129353	0	0
2116	0.0273077	0	0
2115	0.0190738	0	0
2114	0.0108216	0	0
2113	0.0527716	0	0
2112	0.0439883	0	0
2111	0.0351855	0	0
2110	0.0787415	0	0
2109	0.0697711	0	0
2108	0.0607808	0	0
2107	0.103284	0	0
2106	0.0948229	0	0
2105	0.0863429	0	0
2104	0.126855	0	0
2103	0.118711	0	0
2102	0.110549	0	0
2101	0.150363	0	0
2100	0.1422	0	0
2099	0.134018	0	0
2098	0.173542	0	0
2097	0.165493	0	0
2096	0.157426	0	0
2095	0.197123	0	0
2094	0.18887	0	0
2093	0.180597	0	0
2092	0.221751	0	0
2091	0.213057	0	0
2090	0.204343	0	0
2089	0.247602	0	0
2088	0.238425	0	0
2087	0.229228	0	0
2086	0.274044	0	0
2085	0.264694	0	0
2084	0.255324	0	0
2083	0.300234	0	0
2082	0.291048	0	0
2081	0.335495	0	0
2080	0.326295	0	0
2079	0.317073	0	0
2078	0.361589	0	0
2077	0.352367	0	0
2076	0.343124	0	0
2075	0.38725	0	0
2074	0.378179	0	0
2073	0.369087	0	0
2072	0.412737	0	0
2071	0.403703	0	0
2070	0.394647	0	0
2069	0.438168	0	0
2068	0.429128	0	0
2067	0.420066	0	0
2066	0.463469	0	0
2065	0.454467	0	0
2064	0.497653	0	0
2063	0.488677	0	0
2062	0.47968	0	0
2061	0.522205	0	0
2060	0.513455	0	0
2059	0.504686	0	0
2058	0.545269	0	0
2057	0.53711	0	0
2056	0.528932	0	0
2055	0.566272	0	0
2054	0.558969	0	0
2053	0.55165	0	0
2052	0.58583	0	0
2051	0.579064	0	0
2050	0.611504	0	0
2049	0.604855	0	0
2048	0.59819	0	0
2047	0.630877	0	0
2046	0.624044	0	0
2045	0.617196	0	0
2044	0.649996	0	0
2043	0.643255	0	0
2042	0.636498	0	0
2041	0.668356	0	0
2040	0.661951	0	0
2039	0.655532	0	0
2038	0.685932	0	0
2037	0.679853	0	0
2036	0.708131	0	0
2035	0.702527	0	0
2034	0.69691	0	0
2033	0.723611	0	0
2032	0.718291	0	0
2031	0.712958	0	0
2030	0.739514	0	0
2029	0.733944	0	0
2028	0.72836	0	0
2027	0.756426	0	0
2026	0.75032	0	0
2025	0.77983	0	0
2024	0.773714	0	0
2023	0.767582	0	0
2022	0.797697	0	0
2021	0.791307	0	0
2020	0.784902	0	0
2019	0.816318	0	0
2018	0.809538	0	0
2017	0.841527	0	0
2016	0.834899	0	0
2015	0.828255	0	0
2014	0.859549	0	0
2013	0.853101	0	0
2012	0.846638	0	0
2011	0.876911	0	0
2010	0.870774	0	0
2009	0.899373	0	0
2008	0.893577	0	0
2007	0.887768	0	0
2006	0.916579	0	0
2005	0.910413	0	0
2004	0.904233	0	0
2003	0.934751	0	0
2002	0.928073	0	0
2001	0.960049	0	0
2000	0.953274	0	0
1999	0.946483	0	0
1998	0.978654	0	0
1997	0.971862	0	0
1996	0.965054	0	0
1995	0.996343	0	0
1994	0.990032	0	0
1993	1.01795	0	0
1992	1.01252	0	0
1991	1.00708	0	0
1990	1.03133	0	0
1989	1.0269	0	0
1988	1.02245	0	0
1987	1.04356	0	0
1986	1.03969	0	0
1985	1.06033	0	0
1984	1.05602	0	0
1983	1.0517	0	0
1982	1.07448	0	0
1981	1.06949	0	0
1980	1.09403	0	0
1979	1.08896	0	0
1978	1.08387	0	0
1977	1.10772	0	0
1976	1.10305	0	0
1975	1.09836	0	0
1974	1.11909	0	0
1973	1.11579	0	0
1972	1.12983	0	0
1971	1.12797	0	0
1970	1.12611	0	0
1969	1.1372	0	0
1968	1.13542	0	0
1967	1.14783	0	0
1966	1.14541	0	0
1965	1.14298	0	0
1964	1.15731	0	0
1963	1.15448	0	0
1962	0.972293	0	0
1961	0.967478	0	0
1960	0.962652	0	0
1959	0.985434	0	0
1958	0.9806	0	0
1957	1.00293	0	0
1956	0.998283	0	0
1955	0.993624	0	0
1954	1.01511	0	0
1953	1.01073	0	0
1952	1.00634	0	0
1951	1.02684	0	0
1950	1.02272	0	0
1949	1.04274	0	0
1948	1.03853	0	0
1947	1.0343	0	0
1946	1.05542	0	0
1945	1.05063	0	0
1944	1.07369	0	0
1943	1.06863	0	0
1942	1.06355	0	0
1941	1.08715	0	0
1940	1.08208	0	0
1939	1.10566	0	0
1938	1.10059	0	0
1937	1.09551	0	0
1936	1.11729	0	0
1935	1.11339	0	0
1934	1.12958	0	0
1933	1.12703	0	0
1932	1.12448	0	0
1931	1.13799	0	0
1930	1.13548	0	0
1929	1.14939	0	0
1928	1.14662	0	0
1927	1.16146	0	0
1926	1.15852	0	0
1925	1.15556	0	0
1924	1.17156	0	0
1923	1.16813	0	0
1922	1.18447	0	0
1921	1.18132	0	0
1920	1.17816	0	0
1919	1.19164	0	0
1918	1.18988	0	0
1917	1.1981	0	0
1916	1.19738	0	0
1915	1.19666	0	0
1914	1.20257	0	0
1913	1.20219	0	0
1912	1.20735	0	0
1911	1.20696	0	0
1910	1.2127	0	0
1909	1.21208	0	0
1908	1.21146	0	0
1907	1.21793	0	0
1906	1.21709	0	0
1905	1.22393	0	0
1904	1.22312	0	0
1903	1.22231	0	0
1902	1.229	0	0
1901	1.22826	0	0
1900	1.23445	0	0
1899	1.23388	0	0
1898	1.23926	0	0
1897	1.2389	0	0
1896	1.23854	0	0
1895	1.24327	0	0
1894	1.24312	0	0
1893	1.24647	0	0
1892	1.24677	0	0
1891	1.24707	0	0
1890	1.24907	0	0
1889	1.24979	0	0
1888	1.2505	0	0
1887	1.25142	0	0
1886	1.2516	0	0
1885	1.25259	0	0
1884	1.25358	0	0
1883	1.2541	0	0
1882	1.25481	0	0
1881	1.25725	0	0
1880	1.25727	0	0
1879	1.26187	0	0
1878	1.26147	0	0
1877	1.26108	0	0
1876	1.26506	0	0
1875	1.26545	0	0
1874	1.26585	0	0
1873	1.26727	0	0
1872	1.26545	0	0
1871	1.26706	0	0
1870	1.26866	0	0
1869	1.26659	0	0
1868	1.26819	0	0
1867	1.26596	0	0
1866	1.26766	0	0
1865	1.26559	0	0
1864	1.26713	0	0
1863	1.26868	0	0
1862	1.26749	0	0
1861	1.26858	0	0
1860	1.26864	0	0
1859	1.26959	0	0
1858	1.26897	0	0
1857	1.2704	0	0
1856	1.26679	0	0
1855	1.2692	0	0
1854	1.27162	0	0
1853	1.26571	0	0
1852	1.2688	0	0
1851	1.26129	0	0
1850	1.26452	0	0
1849	1.25667	0	0
1848	1.25995	0	0
1847	1.26324	0	0
1846	1.25536	0	0
1845	1.25862	0	0
1844	1.25084	0	0
1843	1.25408	0	0
1842	1.24624	0	0
1841	1.24955	0	0
1840	1.24157	0	0
1839	1.24489	0	0
1838	1.24822	0	0
1837	1.23996	0	0
1836	1.24349	0	0
1835	1.234	0	0
1834	1.23805	0	0
1833	1.22708	0	0
1832	1.23141	0	0
1831	1.21999	0	0
1830	1.22432	0	0
1829	1.21266	0	0
1828	1.21711	0	0
1827	1.22156	0	0
1826	1.20955	0	0
1825	1.21416	0	0
1824	1.20193	0	0
1823	1.20649	0	0
1822	1.19447	0	0
1821	1.19897	0	0
1820	1.18622	0	0
1819	1.19115	0	0
1818	1.17671	0	0
1817	1.18215	0	0
1816	1.1876	0	0
1815	1.17277	0	0
1814	1.17805	0	0
1813	1.16407	0	0
1812	1.16903	0	0
1811	1.15548	0	0
1810	1.16055	0	0
1809	1.14642	0	0
1808	1.15171	0	0
1807	1.13702	0	0
1806	1.14244	0	0
1805	1.14786	0	0
1804	1.13277	0	0
1803	1.13841	0	0
1802	1.1226	0	0
1801	1.12846	0	0
1800	1.11246	0	0
1799	1.11817	0	0
1798	1.10267	0	0
1797	1.10825	0	0
1796	1.09224	0	0
1795	1.09825	0	0
1794	1.08111	0	0
1793	1.08738	0	0
1792	1.07078	0	0
1791	1.07661	0	0
1790	1.06123	0	0
1789	1.06676	0	0
1788	1.0723	0	0
1787	1.05713	0	0
1786	1.06278	0	0
1785	1.04736	0	0
1784	1.05305	0	0
1783	1.03757	0	0
1782	1.04326	0	0
1781	1.02761	0	0
1780	1.03343	0	0
1779	1.01737	0	0
1778	1.02332	0	0
1777	1.00717	0	0
1776	1.01306	0	0
1775	0.997063	0	0
1774	1.00293	0	0
1773	0.986647	0	0
1772	1.06493	0	0
1771	1.05007	0	0
1770	1.05577	0	0
1769	1.03962	0	0
1768	1.04583	0	0
1767	1.05206	0	0
1766	1.03516	0	0
1765	1.04156	0	0
1764	1.02458	0	0
1763	1.03076	0	0
1762	1.01433	0	0
1761	1.02044	0	0
1760	1.00396	0	0
1759	1.01023	0	0
1758	0.993341	0	0
1757	0.999715	0	0
1756	0.982618	0	0
1755	0.989031	0	0
1754	0.971686	0	0
1753	0.978248	0	0
1752	0.960513	0	0
1751	0.967189	0	0
1750	0.949491	0	0
1749	0.956026	0	0
1748	0.938732	0	0
1747	0.945165	0	0
1746	0.92782	0	0
1745	0.934417	0	0
1744	0.916755	0	0
1743	0.923409	0	0
1742	0.906148	0	0
1741	0.912492	0	0
1740	0.896309	0	0
1739	0.902265	0	0
1738	0.886871	0	0
1737	0.892707	0	0
1736	0.877367	0	0
1735	0.883303	0	0
1734	0.867689	0	0
1733	0.873723	0	0
1732	0.857882	0	0
1731	0.863986	0	0
1730	0.848061	0	0
1729	0.854165	0	0
1728	0.838357	0	0
1727	0.844394	0	0
1726	0.828678	0	0
1725	0.834739	0	0
1724	0.818885	0	0
1723	0.825037	0	0
1722	0.80888	0	0
1721	0.815171	0	0
1720	0.798541	0	0
1719	0.805045	0	0
1718	0.787855	0	0
1717	0.79455	0	0
1716	0.776902	0	0
1715	0.783735	0	0
1714	0.765827	0	0
1713	0.772704	0	0
1712	0.75486	0	0
1711	0.761628	0	0
1710	0.744151	0	0
1709	0.750777	0	0
1708	0.733658	0	0
1707	0.71702	0	0
1706	0.723397	0	0
1705	0.707145	0	0
1704	0.71341	0	0
1703	0.696577	0	0
1702	0.703268	0	0
1701	0.684712	0	0
1700	0.692185	0	0
1699	0.672119	0	0
1698	0.679977	0	0
1697	0.659415	0	0
1696	0.667293	0	0
1695	0.64674	0	0
1694	0.654616	0	0
1693	0.634125	0	0
1692	0.641979	0	0
1691	0.621462	0	0
1690	0.629399	0	0
1689	0.60859	0	0
1688	0.616712	0	0
1687	0.595574	0	0
1686	0.574483	0	0
1685	0.582586	0	0
1684	0.561498	0	0
1683	0.569643	0	0
1682	0.548689	0	0
1681	0.556738	0	0
1680	0.536437	0	0
1679	0.544125	0	0
1678	0.524812	0	0
1677	0.532126	0	0
1676	0.513643	0	0
1675	0.520733	0	0
1674	0.502697	0	0
1673	0.484675	0	0
1672	0.491761	0	0
1671	0.473537	0	0
1670	0.480723	0	0
1669	0.462304	0	0
1668	0.469569	0	0
1667	0.451059	0	0
1666	0.458344	0	0
1665	0.439946	0	0
1664	0.447139	0	0
1663	0.429005	0	0
1662	0.436102	0	0
1661	0.418128	0	0
1660	0.399899	0	0
1659	0.407157	0	0
1658	0.388486	0	0
1657	0.395961	0	0
1656	0.376835	0	0
1655	0.38449	0	0
1654	0.365115	0	0
1653	0.372806	0	0
1652	0.353449	0	0
1651	0.334232	0	0
1650	0.341851	0	0
1649	0.322617	0	0
1648	0.330272	0	0
1647	0.310955	0	0
1646	0.318667	0	0
1645	0.29926	0	0
1644	0.307015	0	0
1643	0.28764	0	0
1642	0.268597	0	0
1641	0.276165	0	0
1640	0.25683	0	0
1639	0.264677	0	0
1638	0.244284	0	0
1637	0.252765	0	0
1636	0.231144	0	0
1635	0.240047	0	0
1634	0.217774	0	0
1633	0.195558	0	0
1632	0.204432	0	0
1631	0.182354	0	0
1630	0.191193	0	0
1629	0.169225	0	0
1628	0.178035	0	0
1627	0.156172	0	0
1626	0.134425	0	0
1625	0.14318	0	0
1624	0.121414	0	0
1623	0.13021	0	0
1622	0.108495	0	0
1621	0.11723	0	0
1620	0.0958067	0	0
1619	0.0751729	0	0
1618	0.0834285	0	0
1617	0.0632988	0	0
1616	0.0713613	0	0
1615	0.0516189	0	0
1614	0.0321587	0	0
1613	0.0400493	0	0
1612	0.0206158	0	0
1611	0.0285241	0	0
1610	0.00908573	0	0
1609	0.0170101	0	0
1608	-0.0024023	0	0
1607	-0.0215831	0	0
1606	-0.0137949	0	0
1605	-0.032709	0	0
1604	-0.0250416	0	0
1603	-0.0437359	0	0
1602	-0.0623419	0	0
1601	-0.0547243	0	0
1600	-0.0734323	0	0
1599	-0.0657294	0	0
1598	-0.0846199	0	0
1597	-0.0767977	0	0
1596	-0.0958606	0	0
1595	-0.114929	0	0
1594	-0.107097	0	0
1593	-0.126054	0	0
1592	-0.118271	0	0
1591	-0.137126	0	0
1590	-0.155933	0	0
1589	-0.148168	0	0
1588	-0.166965	0	0
1587	-0.159194	0	0
1586	-0.177948	0	0
1585	-0.196436	0	0
1584	-0.188833	0	0
1583	-0.207033	0	0
1582	-0.0410829	0	0
1581	-0.0601948	0	0
1580	-0.0793165	0	0
1579	-0.0711649	0	0
1578	-0.09013	0	0
1577	-0.0821344	0	0
1576	-0.100607	0	0
1575	-0.118017	0	0
1574	-0.110724	0	0
1573	-0.127746	0	0
1572	-0.144611	0	0
1571	-0.13742	0	0
1570	-0.154199	0	0
1569	-0.147052	0	0
1568	-0.163713	0	0
1567	-0.180219	0	0
1566	-0.173168	0	0
1565	-0.189603	0	0
1564	-0.182575	0	0
1563	-0.198892	0	0
1562	-0.214845	0	0
1561	-0.208061	0	0
1560	-0.223821	0	0
1559	-0.239586	0	0
1558	-0.232799	0	0
1557	-0.248658	0	0
1556	-0.241807	0	0
1555	-0.257697	0	0
1554	-0.273435	0	0
1553	-0.26668	0	0
1552	-0.282272	0	0
1551	-0.297649	0	0
1550	-0.291037	0	0
1549	-0.306309	0	0
1548	-0.299737	0	0
1547	-0.314912	0	0
1546	-0.329911	0	0
1545	-0.323455	0	0
1544	-0.338324	0	0
1543	-0.352964	0	0
1542	-0.346663	0	0
1541	-0.361146	0	0
1540	-0.354925	0	0
1539	-0.369284	0	0
1538	-0.383705	0	0
1537	-0.377407	0	0
1536	-0.392033	0	0
1535	-0.406867	0	0
1534	-0.400407	0	0
1533	-0.415134	0	0
1532	-0.429514	0	0
1531	-0.4233	0	0
1530	-0.43751	0	0
1529	-0.451495	0	0
1528	-0.445438	0	0
1527	-0.459293	0	0
1526	-0.4533	0	0
1525	-0.467008	0	0
1524	-0.480316	0	0
1523	-0.47463	0	0
1522	-0.487546	0	0
1521	-0.49977	0	0
1520	-0.494597	0	0
1519	-0.506544	0	0
1518	-0.51822	0	0
1517	-0.513245	0	0
1516	-0.524769	0	0
1515	-0.536018	0	0
1514	-0.531247	0	0
1513	-0.542339	0	0
1512	-0.553191	0	0
1511	-0.548599	0	0
1510	-0.559274	0	0
1509	-0.569577	0	0
1508	-0.565268	0	0
1507	-0.575383	0	0
1506	-0.585355	0	0
1505	-0.581154	0	0
1504	-0.591102	0	0
1503	-0.600928	0	0
1502	-0.596813	0	0
1501	-0.606504	0	0
1500	-0.615948	0	0
1499	-0.612025	0	0
1498	-0.62132	0	0
1497	-0.630344	0	0
1496	-0.626633	0	0
1495	-0.635498	0	0
1494	-0.644125	0	0
1493	-0.640601	0	0
1492	-0.649104	0	0
1491	-0.657352	0	0
1490	-0.654031	0	0
1489	-0.662111	0	0
1488	-0.669923	0	0
1487	-0.666816	0	0
1486	-0.674521	0	0
1485	-0.68217	0	0
1484	-0.679096	0	0
1483	-0.686746	0	0
1482	-0.694304	0	0
1481	-0.701591	0	0
1480	-0.698742	0	0
1479	-0.705862	0	0
1478	-0.712748	0	0
1477	-0.710096	0	0
1476	-0.716865	0	0
1475	-0.723396	0	0
1474	-0.720944	0	0
1473	-0.727278	0	0
1472	-0.733159	0	0
1471	-0.731096	0	0
1470	-0.736742	0	0
1469	-0.742105	0	0
1468	-0.747251	0	0
1467	-0.745517	0	0
1466	-0.750538	0	0
1465	-0.755333	0	0
1464	-0.753795	0	0
1463	-0.758471	0	0
1462	-0.762924	0	0
1461	-0.767117	0	0
1460	-0.765899	0	0
1459	-0.769927	0	0
1458	-0.773688	0	0
1457	-0.772712	0	0
1456	-0.776385	0	0
1455	-0.779973	0	0
1454	-0.779071	0	0
1453	-0.782609	0	0
1452	-0.785977	0	0
1451	-0.789137	0	0
1450	-0.788493	0	0
1449	-0.791543	0	0
1448	-0.794389	0	0
1447	-0.797019	0	0
1446	-0.796666	0	0
1445	-0.799182	0	0
1444	-0.801492	0	0
1443	-0.801332	0	0
1442	-0.803537	0	0
1441	-0.805533	0	0
1440	-0.807325	0	0
1439	-0.807458	0	0
1438	-0.809147	0	0
1437	-0.810652	0	0
1436	-0.811999	0	0
1435	-0.812382	0	0
1434	-0.813638	0	0
1433	-0.814672	0	0
1432	-0.815269	0	0
1431	-0.816175	0	0
1430	-0.816845	0	0
1429	-0.817305	0	0
1428	-0.818232	0	0
1427	-0.818575	0	0
1426	-0.818642	0	0
1425	-0.818421	0	0
1424	-0.819766	0	0
1423	-0.819419	0	0
1422	-0.818874	0	0
1421	-0.818167	0	0
1420	-0.81979	0	0
1419	-0.819003	0	0
1418	-0.818044	0	0
1417	-0.816907	0	0
1416	-0.818801	0	0
1415	-0.817579	0	0
1414	-0.816191	0	0
1413	-0.814657	0	0
1412	-0.816798	0	0
1411	-0.815209	0	0
1410	-0.813529	0	0
1409	-0.811744	0	0
1408	-0.814049	0	0
1407	-0.812199	0	0
1406	-0.810163	0	0
1405	-0.808031	0	0
1404	-0.810538	0	0
1403	-0.808381	0	0
1402	-0.806047	0	0
1401	-0.803574	0	0
1400	-0.800945	0	0
1399	-0.803801	0	0
1398	-0.801099	0	0
1397	-0.798242	0	0
1396	-0.795239	0	0
1395	-0.79835	0	0
1394	-0.795283	0	0
1393	-0.792068	0	0
1392	-0.706319	0	0
1391	-0.704015	0	0
1390	-0.706571	0	0
1389	-0.704181	0	0
1388	-0.701617	0	0
1387	-0.698914	0	0
1386	-0.701741	0	0
1385	-0.698983	0	0
1384	-0.69611	0	0
1383	-0.69313	0	0
1382	-0.690049	0	0
1381	-0.693131	0	0
1380	-0.690008	0	0
1379	-0.686785	0	0
1378	-0.683462	0	0
1377	-0.680053	0	0
1376	-0.683366	0	0
1375	-0.679929	0	0
1374	-0.676434	0	0
1373	-0.672867	0	0
1372	-0.669212	0	0
1371	-0.67271	0	0
1370	-0.669017	0	0
1369	-0.665229	0	0
1368	-0.661355	0	0
1367	-0.657402	0	0
1366	-0.661122	0	0
1365	-0.657137	0	0
1364	-0.653066	0	0
1363	-0.648903	0	0
1362	-0.644644	0	0
1361	-0.648602	0	0
1360	-0.644303	0	0
1359	-0.6399	0	0
1358	-0.635392	0	0
1357	-0.63078	0	0
1356	-0.626064	0	0
1355	-0.63036	0	0
1354	-0.625609	0	0
1353	-0.62077	0	0
1352	-0.615855	0	0
1351	-0.61088	0	0
1350	-0.605856	0	0
1349	-0.610391	0	0
1348	-0.605354	0	0
1347	-0.600286	0	0
1346	-0.595208	0	0
1345	-0.590116	0	0
1344	-0.594726	0	0
1343	-0.58963	0	0
1342	-0.584503	0	0
1341	-0.579339	0	0
1340	-0.574138	0	0
1339	-0.568914	0	0
1338	-0.563672	0	0
1337	-0.568426	0	0
1336	-0.563178	0	0
1335	-0.557903	0	0
1334	-0.552615	0	0
1333	-0.547332	0	0
1332	-0.542054	0	0
1331	-0.546866	0	0
1330	-0.54159	0	0
1329	-0.536295	0	0
1328	-0.530982	0	0
1327	-0.525663	0	0
1326	-0.520343	0	0
1325	-0.515012	0	0
1324	-0.519906	0	0
1323	-0.514573	0	0
1322	-0.509217	0	0
1321	-0.503822	0	0
1320	-0.498375	0	0
1319	-0.492876	0	0
1318	-0.487337	0	0
1317	-0.48177	0	0
1316	-0.48689	0	0
1315	-0.481319	0	0
1314	-0.475736	0	0
1313	-0.470167	0	0
1312	-0.464606	0	0
1311	-0.459051	0	0
1310	-0.453496	0	0
1309	-0.447949	0	0
1308	-0.453098	0	0
1307	-0.447558	0	0
1306	-0.442028	0	0
1305	-0.436517	0	0
1304	-0.431033	0	0
1303	-0.425581	0	0
1302	-0.420162	0	0
1301	-0.414773	0	0
1300	-0.409408	0	0
1299	-0.414463	0	0
1298	-0.409109	0	0
1297	-0.403777	0	0
1296	-0.398463	0	0
1295	-0.393165	0	0
1294	-0.387885	0	0
1293	-0.382621	0	0
1292	-16.7379	0	0
1291	-nan	0	0
1290	-nan	0	0
1289	-nan	0	0
1288	-nan	0	0
1287	-nan	0	0
1286	12153.4	0	0
1285	12023.2	0	0
1284	11892.6	0	0
1283	11761.6	0	0
1282	11630.2	0	0
1281	11498.5	0	0
1280	11366.5	0	0
1279	11234	0	0
1278	11101.2	0	0
1277	10968	0	0
1276	10834.5	0	0
1275	10700.6	0	0
1274	10566.3	0	0
1273	10431.7	0	0
1272	10296.6	0	0
1271	10161.2	0	0
1270	10025.5	0	0
1269	9889.33	0	0
1268	9752.81	0	0
1267	9615.92	0	0
1266	9478.66	0	0
1265	9341.02	0	0
1264	9203	0	0
1263	9064.6	0	0
1262	8925.83	0	0
1261	8786.67	0	0
1260	8647.14	0	0
1259	8507.23	0	0
1258	8366.93	0	0
1257	8226.26	0	0
1256	8085.2	0	0
1255	7943.76	0	0
1254	7801.93	0	0
1253	7659.72	0	0
1252	7517.13	0	0
1251	7374.15	0	0
1250	7230.78	0	0
1249	7087.03	0	0
1248	6942.89	0	0
1247	6798.36	0	0
1246	6653.44	0	0
1245	6508.13	0	0
1244	6362.43	0	0
1243	6216.33	0	0
1242	6069.85	0	0
1241	5922.98	0	0
1240	5775.71	0	0
1239	5628.04	0	0
1238	5479.98	0	0
1237	5331.53	0	0
1236	5182.68	0	0
1235	5033.43	0	0
1234	4883.79	0	0
1233	4733.75	0	0
1232	4583.31	0	0
1231	4432.47	0	0
1230	4281.23	0	0
1229	4129.59	0	0
1228	3977.55	0	0
1227	3825.1	0	0
1226	3672.25	0	0
1225	3519	0	0
1224	3365.35	0	0
1223	3211.29	0	0
1222	3056.83	0	0
1221	2901.95	0	0
1220	2746.68	0	0
1219	2590.99	0	0
1218	2434.9	0	0
1217	2278.4	0	0
1216	2121.49	0	0
1215	1964.17	0	0
1214	1806.43	0	0
1213	1648.29	0	0
1212	1489.74	0	0
1211	1330.77	0	0
1210	1171.39	0	0
1209	1011.6	0	0
1208	851.387	0	0
1207	690.763	0	0
1206	529.723	0	0
1205	368.268	0	0
1204	206.395	0	0
1203	44.104	0	0
1202	31202.4	0	0
1201	31077.6	0	0
1200	30952.4	0	0
1199	30826.9	0	0
1198	30700.9	0	0
1197	30574.6	0	0
1196	30447.9	0	0
1195	30320.7	0	0
1194	30193.2	0	0
1193	30065.3	0	0
1192	29937.1	0	0
1191	29808.4	0	0
1190	29679.3	0	0
1189	29549.8	0	0
1188	29420	0	0
1187	29289.7	0	0
1186	29159	0	0
1185	29028	0	0
1184	28896.5	0	0
1183	28764.7	0	0
1182	28632.4	0	0
1181	28499.7	0	0
1180	28366.7	0	0
