6379	-693.305	0	0
6378	-346.361	0	0
6377	-231.89	0	0
6376	-174.802	0	0
6375	-140.537	0	0
6374	-117.655	0	0
6373	-101.271	0	0
6372	-88.9503	0	0
6371	-79.3394	0	0
6370	-71.628	0	0
6369	-65.3001	0	0
6368	-60.0116	0	0
6367	-55.524	0	0
6366	-51.6668	0	0
6365	-48.3151	0	0
6364	-45.3747	0	0
6363	-42.7739	0	0
6362	-40.4564	0	0
6361	-38.3781	0	0
6360	-36.5035	0	0
6359	-34.8038	0	0
6358	-33.2554	0	0
6357	-31.8389	0	0
6356	-30.5379	0	0
6355	-29.3388	0	0
6354	-28.23	0	0
6353	-27.2016	0	0
6352	-26.2451	0	0
6351	-25.3532	0	0
6350	-24.5195	0	0
6349	-23.7384	0	0
6348	-23.0052	0	0
6347	-22.3154	0	0
6346	-21.6654	0	0
6345	-21.0518	0	0
6344	-20.4716	0	0
6343	-19.9221	0	0
6342	-19.4009	0	0
6341	-18.906	0	0
6340	-18.4354	0	0
6339	-17.9872	0	0
6338	-17.56	0	0
6337	-17.1523	0	0
6336	-16.7628	0	0
6335	-16.3903	0	0
6334	-16.0337	0	0
6333	-15.6921	0	0
6332	-15.3644	0	0
6331	-15.0499	0	0
6330	-14.7477	0	0
6329	-14.4573	0	0
6328	-14.1778	0	0
6327	-13.9087	0	0
6326	-13.6494	0	0
6325	-13.3995	0	0
6324	-13.1583	0	0
6323	-12.9255	0	0
6322	-12.7006	0	0
6321	-12.4832	0	0
6320	-12.273	0	0
6319	-12.0696	0	0
6318	-11.8727	0	0
6317	-11.682	0	0
6316	-11.4972	0	0
6315	-11.318	0	0
6314	-11.1442	0	0
6313	-10.9755	0	0
6312	-10.8118	0	0
6311	-10.6527	0	0
6310	-10.4982	0	0
6309	-10.3479	0	0
6308	-10.2019	0	0
6307	-10.0598	0	0
6306	-9.9215	0	0
6305	-9.78688	0	0
6304	-9.65579	0	0
6303	-9.52809	0	0
6302	-9.40365	0	0
6301	-9.28235	0	0
6300	-9.16407	0	0
6299	-9.0487	0	0
6298	-8.93614	0	0
6297	-8.82628	0	0
6296	-8.71904	0	0
6295	-8.61431	0	0
6294	-8.51202	0	0
6293	-8.41208	0	0
6292	-8.31442	0	0
6291	-8.21894	0	0
6290	-8.1256	0	0
6289	-8.0343	0	0
6288	-7.945	0	0
6287	-7.85762	0	0
6286	-7.7721	0	0
6285	-7.68839	0	0
6284	-7.60643	0	0
6283	-7.52616	0	0
6282	-7.44754	0	0
6281	-7.37052	0	0
6280	-7.29504	0	0
6279	-7.22107	0	0
6278	-7.14856	0	0
6277	-7.07746	0	0
6276	-7.00774	0	0
6275	-6.93936	0	0
6274	-6.87227	0	0
6273	-6.80645	0	0
6272	-6.74186	0	0
6271	-6.67847	0	0
6270	-6.61624	0	0
6269	-6.55514	0	0
6268	-6.49514	0	0
6267	-6.43622	0	0
6266	-6.37834	0	0
6265	-6.32148	0	0
6264	-6.2656	0	0
6263	-6.2107	0	0
6262	-6.15674	0	0
6261	-6.10369	0	0
6260	-6.05154	0	0
6259	-6.00027	0	0
6258	-5.94984	0	0
6257	-5.90025	0	0
6256	-5.85147	0	0
6255	-5.80348	0	0
6254	-5.75627	0	0
6253	-5.7098	0	0
6252	-5.66408	0	0
6251	-5.61908	0	0
6250	-5.57478	0	0
6249	-5.53117	0	0
6248	-5.48823	0	0
6247	-5.44594	0	0
6246	-5.4043	0	0
6245	-5.36329	0	0
6244	-5.32289	0	0
6243	-5.28309	0	0
6242	-5.24388	0	0
6241	-5.20525	0	0
6240	-5.16717	0	0
6239	-5.12965	0	0
6238	-5.09267	0	0
6237	-5.05621	0	0
6236	-5.02027	0	0
6235	-4.98484	0	0
6234	-4.94991	0	0
6233	-4.91546	0	0
6232	-4.88148	0	0
6231	-4.84797	0	0
6230	-4.81492	0	0
6229	-4.78232	0	0
6228	-4.75015	0	0
6227	-4.71842	0	0
6226	-4.6871	0	0
6225	-4.6562	0	0
6224	-4.62571	0	0
6223	-4.59561	0	0
6222	-4.56591	0	0
6221	-4.53658	0	0
6220	-4.50764	0	0
6219	-4.47906	0	0
6218	-4.45084	0	0
6217	-4.42298	0	0
6216	-4.39547	0	0
6215	-4.3683	0	0
6214	-4.34146	0	0
6213	-4.31496	0	0
6212	-4.28878	0	0
6211	-4.2629	0	0
6210	-4.23735	0	0
6209	-4.21211	0	0
6208	-4.18717	0	0
6207	-4.16252	0	0
6206	-4.13817	0	0
6205	-4.1141	0	0
6204	-4.09032	0	0
6203	-4.06681	0	0
6202	-4.04357	0	0
6201	-4.0206	0	0
6200	-3.99789	0	0
6199	-3.97544	0	0
6198	-3.95325	0	0
6197	-3.93131	0	0
6196	-3.90961	0	0
6195	-3.88815	0	0
6194	-3.86693	0	0
6193	-3.84595	0	0
6192	-3.82519	0	0
6191	-3.80466	0	0
6190	-3.78436	0	0
6189	-3.76427	0	0
6188	-3.7444	0	0
6187	-3.72474	0	0
6186	-3.70529	0	0
6185	-3.68605	0	0
6184	-3.66701	0	0
6183	-3.64817	0	0
6182	-3.62952	0	0
6181	-3.61107	0	0
6180	-3.59281	0	0
6179	-3.57474	0	0
6178	-3.55685	0	0
6177	-3.53915	0	0
6176	-3.52162	0	0
6175	-3.50427	0	0
6174	-3.4871	0	0
6173	-3.4701	0	0
6172	-3.45326	0	0
6171	-3.43659	0	0
6170	-3.42009	0	0
6169	-3.40375	0	0
6168	-3.38756	0	0
6167	-3.37154	0	0
6166	-3.35567	0	0
6165	-3.33995	0	0
6164	-3.32438	0	0
6163	-3.30897	0	0
6162	-3.29369	0	0
6161	-3.27857	0	0
6160	-3.26358	0	0
6159	-3.24874	0	0
6158	-3.23403	0	0
6157	-3.21946	0	0
6156	-3.20502	0	0
6155	-3.19072	0	0
6154	-3.17655	0	0
6153	-3.16251	0	0
6152	-3.14859	0	0
6151	-3.13481	0	0
6150	-3.12114	0	0
6149	-3.1076	0	0
6148	-3.09418	0	0
6147	-3.08088	0	0
6146	-3.0677	0	0
6145	-3.05463	0	0
6144	-3.04168	0	0
6143	-3.02884	0	0
6142	-3.01611	0	0
6141	-3.00349	0	0
6140	-2.99098	0	0
6139	-2.97858	0	0
6138	-2.96629	0	0
6137	-2.9541	0	0
6136	-2.94201	0	0
6135	-2.93003	0	0
6134	-2.91815	0	0
6133	-2.90637	0	0
6132	-2.89468	0	0
6131	-2.88309	0	0
6130	-2.8716	0	0
6129	-2.86021	0	0
6128	-2.84891	0	0
6127	-2.8377	0	0
6126	-2.82658	0	0
6125	-2.81555	0	0
6124	-2.80461	0	0
6123	-2.79376	0	0
6122	-2.783	0	0
6121	-2.77232	0	0
6120	-2.76173	0	0
6119	-2.75123	0	0
6118	-2.7408	0	0
6117	-2.73046	0	0
6116	-2.7202	0	0
6115	-2.71002	0	0
6114	-2.69992	0	0
6113	-2.6899	0	0
6112	-2.67995	0	0
6111	-2.67008	0	0
6110	-2.66029	0	0
6109	-2.65057	0	0
6108	-2.64093	0	0
6107	-2.63136	0	0
6106	-2.62186	0	0
6105	-2.61243	0	0
6104	-2.60308	0	0
6103	-2.59379	0	0
6102	-2.58458	0	0
6101	-2.57543	0	0
6100	-2.56635	0	0
6099	-2.55734	0	0
6098	-2.54839	0	0
6097	-2.53951	0	0
6096	-2.53069	0	0
6095	-2.52194	0	0
6094	-2.51325	0	0
6093	-2.50462	0	0
6092	-2.49606	0	0
6091	-2.48756	0	0
6090	-2.47911	0	0
6089	-2.47073	0	0
6088	-2.46241	0	0
6087	-2.45415	0	0
6086	-2.44594	0	0
6085	-2.43779	0	0
6084	-2.4297	0	0
6083	-2.42167	0	0
6082	-2.41369	0	0
6081	-2.40576	0	0
6080	-2.39789	0	0
6079	-2.39008	0	0
6078	-2.38232	0	0
6077	-2.37461	0	0
6076	-2.36695	0	0
6075	-2.35935	0	0
6074	-2.3518	0	0
6073	-2.3443	0	0
6072	-2.33685	0	0
6071	-2.32944	0	0
6070	-2.32209	0	0
6069	-2.31479	0	0
6068	-2.30753	0	0
6067	-2.30033	0	0
6066	-2.29317	0	0
6065	-2.28606	0	0
6064	-2.27899	0	0
6063	-2.27197	0	0
6062	-2.265	0	0
6061	-2.25807	0	0
6060	-2.25118	0	0
6059	-2.24434	0	0
6058	-2.23755	0	0
6057	-2.23079	0	0
6056	-2.22408	0	0
6055	-2.21742	0	0
6054	-2.21079	0	0
6053	-2.20421	0	0
6052	-2.19767	0	0
6051	-2.19116	0	0
6050	-2.1847	0	0
6049	-2.17828	0	0
6048	-2.1719	0	0
6047	-2.16556	0	0
6046	-2.15926	0	0
6045	-2.153	0	0
6044	-2.14678	0	0
6043	-2.14059	0	0
6042	-2.13444	0	0
6041	-2.12833	0	0
6040	-2.12226	0	0
6039	-2.11622	0	0
6038	-2.11022	0	0
6037	-2.10425	0	0
6036	-2.09832	0	0
6035	-2.09243	0	0
6034	-2.08657	0	0
6033	-2.08074	0	0
6032	-2.07495	0	0
6031	-2.0692	0	0
6030	-2.06348	0	0
6029	-2.05779	0	0
6028	-2.05213	0	0
6027	-2.04651	0	0
6026	-2.04092	0	0
6025	-2.03536	0	0
6024	-2.02984	0	0
6023	-2.02434	0	0
6022	-2.01888	0	0
6021	-2.01345	0	0
6020	-2.00805	0	0
6019	-2.00268	0	0
6018	-1.99734	0	0
6017	-1.99203	0	0
6016	-1.98675	0	0
6015	-1.9815	0	0
6014	-1.97628	0	0
6013	-1.97109	0	0
6012	-1.96593	0	0
6011	-1.9608	0	0
6010	-1.95569	0	0
6009	-1.95061	0	0
6008	-1.94557	0	0
6007	-1.94054	0	0
6006	-1.93555	0	0
6005	-1.93058	0	0
6004	-1.92564	0	0
6003	-1.92073	0	0
6002	-1.91585	0	0
6001	-1.91099	0	0
6000	-1.90615	0	0
5999	-1.90134	0	0
5998	-1.89656	0	0
5997	-1.8918	0	0
5996	-1.88707	0	0
5995	-1.88237	0	0
5994	-1.87769	0	0
5993	-1.87303	0	0
5992	-1.8684	0	0
5991	-1.86379	0	0
5990	-1.8592	0	0
5989	-1.85464	0	0
5988	-1.85011	0	0
5987	-1.84559	0	0
5986	-1.8411	0	0
5985	-1.83664	0	0
5984	-1.83219	0	0
5983	-1.82777	0	0
5982	-1.82337	0	0
5981	-1.819	0	0
5980	-1.81464	0	0
5979	-1.81031	0	0
5978	-1.806	0	0
5977	-1.80171	0	0
5976	-1.79745	0	0
5975	-1.7932	0	0
5974	-1.78898	0	0
5973	-1.78477	0	0
5972	-1.78059	0	0
5971	-1.77643	0	0
5970	-1.77229	0	0
5969	-1.76817	0	0
5968	-1.76407	0	0
5967	-1.75999	0	0
5966	-1.75593	0	0
5965	-1.75189	0	0
5964	-1.74786	0	0
5963	-1.74386	0	0
5962	-1.73988	0	0
5961	-1.73592	0	0
5960	-1.73197	0	0
5959	-1.72805	0	0
5958	-1.72414	0	0
5957	-1.72026	0	0
5956	-1.71639	0	0
5955	-1.71254	0	0
5954	-1.7087	0	0
5953	-1.70489	0	0
5952	-1.70109	0	0
5951	-1.69731	0	0
5950	-1.69355	0	0
5949	-1.68981	0	0
5948	-1.68608	0	0
5947	-1.68237	0	0
5946	-1.67868	0	0
5945	-1.67501	0	0
5944	-1.67135	0	0
5943	-1.66771	0	0
5942	-1.66408	0	0
5941	-1.66047	0	0
5940	-1.65688	0	0
5939	-1.65331	0	0
5938	-1.64975	0	0
5937	-1.64621	0	0
5936	-1.64268	0	0
5935	-1.63917	0	0
5934	-1.63567	0	0
5933	-1.63219	0	0
5932	-1.62873	0	0
5931	-1.62528	0	0
5930	-1.62185	0	0
5929	-1.61843	0	0
5928	-1.61503	0	0
5927	-1.61164	0	0
5926	-1.60827	0	0
5925	-1.60491	0	0
5924	-1.60156	0	0
5923	-1.59823	0	0
5922	-1.59492	0	0
5921	-1.59162	0	0
5920	-1.58833	0	0
5919	-1.58506	0	0
5918	-1.5818	0	0
5917	-1.57856	0	0
5916	-1.57533	0	0
5915	-1.57211	0	0
5914	-1.56891	0	0
5913	-1.56572	0	0
5912	-1.56255	0	0
5911	-1.55938	0	0
5910	-1.55624	0	0
5909	-1.5531	0	0
5908	-1.54998	0	0
5907	-1.54687	0	0
5906	-1.54377	0	0
5905	-1.54069	0	0
5904	-1.53762	0	0
5903	-1.53456	0	0
5902	-1.53152	0	0
5901	-1.52848	0	0
5900	-1.52546	0	0
5899	-1.52246	0	0
5898	-1.51946	0	0
5897	-1.51648	0	0
5896	-1.51351	0	0
5895	-1.51055	0	0
5894	-1.5076	0	0
5893	-1.50466	0	0
5892	-1.50174	0	0
5891	-1.49883	0	0
5890	-1.49593	0	0
5889	-1.49304	0	0
5888	-1.49016	0	0
5887	-1.4873	0	0
5886	-1.48444	0	0
5885	-1.4816	0	0
5884	-1.47877	0	0
5883	-1.47595	0	0
5882	-1.47314	0	0
5881	-1.47034	0	0
5880	-1.46755	0	0
5879	-1.46478	0	0
5878	-1.46201	0	0
5877	-1.45926	0	0
5876	-1.45651	0	0
5875	-1.45378	0	0
5874	-1.45105	0	0
5873	-1.44834	0	0
5872	-1.44564	0	0
5871	-1.44295	0	0
5870	-1.44026	0	0
5869	-1.43759	0	0
5868	-1.43493	0	0
5867	-1.43228	0	0
5866	-1.42964	0	0
5865	-1.42701	0	0
5864	-1.42439	0	0
5863	-1.42177	0	0
5862	-1.41917	0	0
5861	-1.41658	0	0
5860	-1.414	0	0
5859	-1.41142	0	0
5858	-1.40886	0	0
5857	-1.40631	0	0
5856	-1.40376	0	0
5855	-1.40123	0	0
5854	-1.3987	0	0
5853	-1.39618	0	0
5852	-1.39368	0	0
5851	-1.39118	0	0
5850	-1.38869	0	0
5849	-1.38621	0	0
5848	-1.38374	0	0
5847	-1.38127	0	0
5846	-1.37882	0	0
5845	-1.37637	0	0
5844	-1.37394	0	0
5843	-1.37151	0	0
5842	-1.36909	0	0
5841	-1.36668	0	0
5840	-1.36428	0	0
5839	-1.36189	0	0
5838	-1.3595	0	0
5837	-1.35713	0	0
5836	-1.35476	0	0
5835	-1.3524	0	0
5834	-1.35005	0	0
5833	-1.3477	0	0
5832	-1.34537	0	0
5831	-1.34304	0	0
5830	-1.34072	0	0
5829	-1.33841	0	0
5828	-1.33611	0	0
5827	-1.33381	0	0
5826	-1.33153	0	0
5825	-1.32925	0	0
5824	-1.32697	0	0
5823	-1.32471	0	0
5822	-1.32245	0	0
5821	-1.32021	0	0
5820	-1.31797	0	0
5819	-1.31573	0	0
5818	-1.31351	0	0
5817	-1.31129	0	0
5816	-1.30908	0	0
5815	-1.30687	0	0
5814	-1.30468	0	0
5813	-1.30249	0	0
5812	-1.30031	0	0
5811	-1.29813	0	0
5810	-1.29596	0	0
5809	-1.2938	0	0
5808	-1.29165	0	0
5807	-1.2895	0	0
5806	-1.28736	0	0
5805	-1.28523	0	0
5804	-1.28311	0	0
5803	-1.28099	0	0
5802	-1.27888	0	0
5801	-1.27677	0	0
5800	-1.27468	0	0
5799	-1.27258	0	0
5798	-1.2705	0	0
5797	-1.26842	0	0
5796	-1.26635	0	0
5795	-1.26429	0	0
5794	-1.26223	0	0
5793	-1.26018	0	0
5792	-1.25813	0	0
5791	-1.25609	0	0
5790	-1.25406	0	0
5789	-1.25204	0	0
5788	-1.25002	0	0
5787	-1.248	0	0
5786	-1.246	0	0
5785	-1.244	0	0
5784	-1.242	0	0
5783	-1.24001	0	0
5782	-1.23803	0	0
5781	-1.23606	0	0
5780	-1.23409	0	0
5779	-1.23212	0	0
5778	-1.23016	0	0
5777	-1.22821	0	0
5776	-1.22627	0	0
5775	-1.22433	0	0
5774	-1.22239	0	0
5773	-1.22046	0	0
5772	-1.21854	0	0
5771	-1.21663	0	0
5770	-1.21471	0	0
5769	-1.21281	0	0
5768	-1.21091	0	0
5767	-1.20902	0	0
5766	-1.20713	0	0
5765	-1.20525	0	0
5764	-1.20337	0	0
5763	-1.2015	0	0
5762	-1.19963	0	0
5761	-1.19777	0	0
5760	-1.19592	0	0
5759	-1.19407	0	0
5758	-1.19222	0	0
5757	-1.19038	0	0
5756	-1.18855	0	0
5755	-1.18672	0	0
5754	-1.1849	0	0
5753	-1.18308	0	0
5752	-1.18127	0	0
5751	-1.17946	0	0
5750	-1.17766	0	0
5749	-1.17586	0	0
5748	-1.17407	0	0
5747	-1.17229	0	0
5746	-1.1705	0	0
5745	-1.16873	0	0
5744	-1.16696	0	0
5743	-1.16519	0	0
5742	-1.16343	0	0
5741	-1.16167	0	0
5740	-1.15992	0	0
5739	-1.15817	0	0
5738	-1.15643	0	0
5737	-1.15469	0	0
5736	-1.15296	0	0
5735	-1.15124	0	0
5734	-1.14951	0	0
5733	-1.14779	0	0
5732	-1.14608	0	0
5731	-1.14437	0	0
5730	-1.14267	0	0
5729	-1.14097	0	0
5728	-1.13928	0	0
5727	-1.13759	0	0
5726	-1.1359	0	0
5725	-1.13422	0	0
5724	-1.13254	0	0
5723	-1.13087	0	0
5722	-1.12921	0	0
5721	-1.12754	0	0
5720	-1.12588	0	0
5719	-1.12423	0	0
5718	-1.12258	0	0
5717	-1.12094	0	0
5716	-1.1193	0	0
5715	-1.11766	0	0
5714	-1.11603	0	0
5713	-1.1144	0	0
5712	-1.11278	0	0
5711	-1.11116	0	0
5710	-1.10954	0	0
5709	-1.10793	0	0
5708	-1.10632	0	0
5707	-1.10472	0	0
5706	-1.10312	0	0
5705	-1.10153	0	0
5704	-1.09994	0	0
5703	-1.09835	0	0
5702	-1.09677	0	0
5701	-1.09519	0	0
5700	-1.09362	0	0
5699	-1.09205	0	0
5698	-1.09048	0	0
5697	-1.08892	0	0
5696	-1.08736	0	0
5695	-1.08581	0	0
5694	-1.08426	0	0
5693	-1.08271	0	0
5692	-1.08117	0	0
5691	-1.07963	0	0
5690	-1.0781	0	0
5689	-1.07657	0	0
5688	-1.07504	0	0
5687	-1.07352	0	0
5686	-1.072	0	0
5685	-1.07048	0	0
5684	-1.06897	0	0
5683	-1.06746	0	0
5682	-1.06596	0	0
5681	-1.06446	0	0
5680	-1.06296	0	0
5679	-1.06147	0	0
5678	-1.05998	0	0
5677	-1.05849	0	0
5676	-1.05701	0	0
5675	-1.05553	0	0
5674	-1.05405	0	0
5673	-1.05258	0	0
5672	-1.05111	0	0
5671	-1.04965	0	0
5670	-1.04819	0	0
5669	-1.04673	0	0
5668	-1.04527	0	0
5667	-1.04382	0	0
5666	-1.04238	0	0
5665	-1.04093	0	0
5664	-1.03949	0	0
5663	-1.03805	0	0
5662	-1.03662	0	0
5661	-1.03519	0	0
5660	-1.03376	0	0
5659	-1.03234	0	0
5658	-1.03092	0	0
5657	-1.0295	0	0
5656	-1.02808	0	0
5655	-1.02667	0	0
5654	-1.02527	0	0
5653	-1.02386	0	0
5652	-1.02246	0	0
5651	-1.02106	0	0
5650	-1.01967	0	0
5649	-1.01827	0	0
5648	-1.01689	0	0
5647	-1.0155	0	0
5646	-1.01412	0	0
5645	-1.01274	0	0
5644	-1.01136	0	0
5643	-1.00999	0	0
5642	-1.00862	0	0
5641	-1.00725	0	0
5640	-1.00589	0	0
5639	-1.00453	0	0
5638	-1.00317	0	0
5637	-1.00182	0	0
5636	-1.00046	0	0
5635	-0.999115	0	0
5634	-0.997769	0	0
5633	-0.996426	0	0
5632	-0.995086	0	0
5631	-0.993749	0	0
5630	-0.992415	0	0
5629	-0.991083	0	0
5628	-0.989755	0	0
5627	-0.988429	0	0
5626	-0.987107	0	0
5625	-0.985787	0	0
5624	-0.98447	0	0
5623	-0.983156	0	0
5622	-0.981844	0	0
5621	-0.980536	0	0
5620	-0.97923	0	0
5619	-0.977927	0	0
5618	-0.976627	0	0
5617	-0.975329	0	0
5616	-0.974034	0	0
5615	-0.972742	0	0
5614	-0.971453	0	0
5613	-0.970166	0	0
5612	-0.968882	0	0
5611	-0.967601	0	0
5610	-0.966323	0	0
5609	-0.965047	0	0
5608	-0.963773	0	0
5607	-0.962503	0	0
5606	-0.961234	0	0
5605	-0.959969	0	0
5604	-0.958706	0	0
5603	-0.957446	0	0
5602	-0.956188	0	0
5601	-0.954933	0	0
5600	-0.95368	0	0
5599	-0.95243	0	0
5598	-0.951183	0	0
5597	-0.949937	0	0
5596	-0.948695	0	0
5595	-0.947455	0	0
5594	-0.946217	0	0
5593	-0.944982	0	0
5592	-0.94375	0	0
5591	-0.942519	0	0
5590	-0.941292	0	0
5589	-0.940066	0	0
5588	-0.938844	0	0
5587	-0.937623	0	0
5586	-0.936405	0	0
5585	-0.935189	0	0
5584	-0.933976	0	0
5583	-0.932765	0	0
5582	-0.931557	0	0
5581	-0.93035	0	0
5580	-0.929147	0	0
5579	-0.927945	0	0
5578	-0.926746	0	0
5577	-0.925549	0	0
5576	-0.924354	0	0
5575	-0.923162	0	0
5574	-0.921972	0	0
5573	-0.920784	0	0
5572	-0.919599	0	0
5571	-0.918416	0	0
5570	-0.917235	0	0
5569	-0.916056	0	0
5568	-0.914879	0	0
5567	-0.913705	0	0
5566	-0.912533	0	0
5565	-0.911363	0	0
5564	-0.910195	0	0
5563	-0.90903	0	0
5562	-0.907866	0	0
5561	-0.906705	0	0
5560	-0.905546	0	0
5559	-0.904389	0	0
5558	-0.903234	0	0
5557	-0.902082	0	0
5556	-0.900931	0	0
5555	-0.899783	0	0
5554	-0.898636	0	0
5553	-0.897492	0	0
5552	-0.89635	0	0
5551	-0.89521	0	0
5550	-0.894072	0	0
5549	-0.892936	0	0
5548	-0.891802	0	0
5547	-0.89067	0	0
5546	-0.88954	0	0
5545	-0.888413	0	0
5544	-0.887287	0	0
5543	-0.886163	0	0
5542	-0.885041	0	0
5541	-0.883921	0	0
5540	-0.882804	0	0
5539	-0.881688	0	0
5538	-0.880574	0	0
5537	-0.879462	0	0
5536	-0.878352	0	0
5535	-0.877244	0	0
5534	-0.876138	0	0
5533	-0.875034	0	0
5532	-0.873932	0	0
5531	-0.872831	0	0
5530	-0.871733	0	0
5529	-0.870636	0	0
5528	-0.869542	0	0
5527	-0.868449	0	0
5526	-0.867358	0	0
5525	-0.866269	0	0
5524	-0.865182	0	0
5523	-0.864097	0	0
5522	-0.863013	0	0
5521	-0.861932	0	0
5520	-0.860852	0	0
5519	-0.859774	0	0
5518	-0.858698	0	0
5517	-0.857623	0	0
5516	-0.856551	0	0
5515	-0.85548	0	0
5514	-0.854411	0	0
5513	-0.853344	0	0
5512	-0.852279	0	0
5511	-0.851215	0	0
5510	-0.850153	0	0
5509	-0.849093	0	0
5508	-0.848035	0	0
5507	-0.846978	0	0
5506	-0.845923	0	0
5505	-0.84487	0	0
5504	-0.843818	0	0
5503	-0.842769	0	0
5502	-0.841721	0	0
5501	-0.840674	0	0
5500	-0.83963	0	0
5499	-0.838587	0	0
5498	-0.837545	0	0
5497	-0.836506	0	0
5496	-0.835468	0	0
5495	-0.834431	0	0
5494	-0.833397	0	0
5493	-0.832364	0	0
5492	-0.831332	0	0
5491	-0.830303	0	0
5490	-0.829275	0	0
5489	-0.828248	0	0
5488	-0.827223	0	0
5487	-0.8262	0	0
5486	-0.825178	0	0
5485	-0.824158	0	0
5484	-0.82314	0	0
5483	-0.822123	0	0
5482	-0.821107	0	0
5481	-0.820094	0	0
5480	-0.819082	0	0
5479	-0.818071	0	0
5478	-0.817062	0	0
5477	-0.816054	0	0
5476	-0.815048	0	0
5475	-0.814044	0	0
5474	-0.813041	0	0
5473	-0.81204	0	0
5472	-0.81104	0	0
5471	-0.810041	0	0
5470	-0.809044	0	0
5469	-0.808049	0	0
5468	-0.807055	0	0
5467	-0.806063	0	0
5466	-0.805072	0	0
5465	-0.804083	0	0
5464	-0.803095	0	0
5463	-0.802108	0	0
5462	-0.801123	0	0
5461	-0.80014	0	0
5460	-0.799158	0	0
5459	-0.798177	0	0
5458	-0.797198	0	0
5457	-0.79622	0	0
5456	-0.795244	0	0
5455	-0.794269	0	0
5454	-0.793295	0	0
5453	-0.792323	0	0
5452	-0.791352	0	0
5451	-0.790383	0	0
5450	-0.789415	0	0
5449	-0.788449	0	0
5448	-0.787484	0	0
5447	-0.78652	0	0
5446	-0.785557	0	0
5445	-0.784596	0	0
5444	-0.783637	0	0
5443	-0.782679	0	0
5442	-0.781722	0	0
5441	-0.780766	0	0
5440	-0.779812	0	0
5439	-0.778859	0	0
5438	-0.777908	0	0
5437	-0.776957	0	0
5436	-0.776009	0	0
5435	-0.775061	0	0
5434	-0.774115	0	0
5433	-0.77317	0	0
5432	-0.772226	0	0
5431	-0.771284	0	0
5430	-0.770343	0	0
5429	-0.769403	0	0
5428	-0.768465	0	0
5427	-0.767528	0	0
5426	-0.766592	0	0
5425	-0.765657	0	0
5424	-0.764724	0	0
5423	-0.763792	0	0
5422	-0.762861	0	0
5421	-0.761932	0	0
5420	-0.761003	0	0
5419	-0.760076	0	0
5418	-0.759151	0	0
5417	-0.758226	0	0
5416	-0.757303	0	0
5415	-0.756381	0	0
5414	-0.75546	0	0
5413	-0.75454	0	0
5412	-0.753622	0	0
5411	-0.752705	0	0
5410	-0.751789	0	0
5409	-0.750874	0	0
5408	-0.74996	0	0
5407	-0.749048	0	0
5406	-0.748137	0	0
5405	-0.747227	0	0
5404	-0.746318	0	0
5403	-0.74541	0	0
5402	-0.744503	0	0
5401	-0.743598	0	0
5400	-0.742694	0	0
5399	-0.741791	0	0
5398	-0.740889	0	0
5397	-0.739988	0	0
5396	-0.739089	0	0
5395	-0.738191	0	0
5394	-0.737293	0	0
5393	-0.736397	0	0
5392	-0.735502	0	0
5391	-0.734608	0	0
5390	-0.733716	0	0
5389	-0.732824	0	0
5388	-0.731933	0	0
5387	-0.731044	0	0
5386	-0.730156	0	0
5385	-0.729269	0	0
5384	-0.728383	0	0
5383	-0.727498	0	0
5382	-0.726614	0	0
5381	-0.725731	0	0
5380	-0.724849	0	0
5379	-0.723969	0	0
5378	-0.723089	0	0
5377	-0.722211	0	0
5376	-0.721333	0	0
5375	-0.720457	0	0
5374	-0.719582	0	0
5373	-0.718707	0	0
5372	-0.717834	0	0
5371	-0.716962	0	0
5370	-0.716091	0	0
5369	-0.715221	0	0
5368	-0.714352	0	0
5367	-0.713484	0	0
5366	-0.712617	0	0
5365	-0.711752	0	0
5364	-0.710887	0	0
5363	-0.710023	0	0
5362	-0.70916	0	0
5361	-0.708298	0	0
5360	-0.707438	0	0
5359	-0.706578	0	0
5358	-0.705719	0	0
5357	-0.704861	0	0
5356	-0.704005	0	0
5355	-0.703149	0	0
5354	-0.702294	0	0
5353	-0.70144	0	0
5352	-0.700588	0	0
5351	-0.699736	0	0
5350	-0.698885	0	0
5349	-0.698035	0	0
5348	-0.697186	0	0
5347	-0.696338	0	0
5346	-0.695492	0	0
5345	-0.694646	0	0
5344	-0.693801	0	0
5343	-0.692957	0	0
5342	-0.692114	0	0
5341	-0.691271	0	0
5340	-0.69043	0	0
5339	-0.68959	0	0
5338	-0.688751	0	0
5337	-0.687912	0	0
5336	-0.687075	0	0
5335	-0.686238	0	0
5334	-0.685403	0	0
5333	-0.684568	0	0
5332	-0.683734	0	0
5331	-0.682902	0	0
5330	-0.68207	0	0
5329	-0.681239	0	0
5328	-0.680409	0	0
5327	-0.67958	0	0
5326	-0.678751	0	0
5325	-0.677924	0	0
5324	-0.677098	0	0
5323	-0.676272	0	0
5322	-0.675447	0	0
5321	-0.674624	0	0
5320	-0.673801	0	0
5319	-0.672979	0	0
5318	-0.672158	0	0
5317	-0.671337	0	0
5316	-0.670518	0	0
5315	-0.669699	0	0
5314	-0.668882	0	0
5313	-0.668065	0	0
5312	-0.667249	0	0
5311	-0.666434	0	0
5310	-0.66562	0	0
5309	-0.664807	0	0
5308	-0.663994	0	0
5307	-0.663183	0	0
5306	-0.662372	0	0
5305	-0.661562	0	0
5304	-0.660753	0	0
5303	-0.659944	0	0
5302	-0.659137	0	0
5301	-0.65833	0	0
5300	-0.657525	0	0
5299	-0.65672	0	0
5298	-0.655916	0	0
5297	-0.655112	0	0
5296	-0.65431	0	0
5295	-0.653508	0	0
5294	-0.652708	0	0
5293	-0.651908	0	0
5292	-0.651108	0	0
5291	-0.65031	0	0
5290	-0.649512	0	0
5289	-0.648716	0	0
5288	-0.64792	0	0
5287	-0.647124	0	0
5286	-0.64633	0	0
5285	-0.645537	0	0
5284	-0.644744	0	0
5283	-0.643952	0	0
5282	-0.64316	0	0
5281	-0.64237	0	0
5280	-0.64158	0	0
5279	-0.640791	0	0
5278	-0.640003	0	0
5277	-0.639216	0	0
5276	-0.638429	0	0
5275	-0.637644	0	0
5274	-0.636859	0	0
5273	-0.636074	0	0
5272	-0.635291	0	0
5271	-0.634508	0	0
5270	-0.633726	0	0
5269	-0.632945	0	0
5268	-0.632164	0	0
5267	-0.631385	0	0
5266	-0.630606	0	0
5265	-0.629827	0	0
5264	-0.62905	0	0
5263	-0.628273	0	0
5262	-0.627497	0	0
5261	-0.626722	0	0
5260	-0.625947	0	0
5259	-0.625173	0	0
5258	-0.6244	0	0
5257	-0.623628	0	0
5256	-0.622856	0	0
5255	-0.622085	0	0
5254	-0.621315	0	0
5253	-0.620545	0	0
5252	-0.619777	0	0
5251	-0.619009	0	0
5250	-0.618241	0	0
5249	-0.617475	0	0
5248	-0.616709	0	0
5247	-0.615943	0	0
5246	-0.615179	0	0
5245	-0.614415	0	0
5244	-0.613652	0	0
5243	-0.61289	0	0
5242	-0.612128	0	0
5241	-0.611367	0	0
5240	-0.610606	0	0
5239	-0.609847	0	0
5238	-0.609088	0	0
5237	-0.608329	0	0
5236	-0.607572	0	0
5235	-0.606815	0	0
5234	-0.606059	0	0
5233	-0.605303	0	0
5232	-0.604548	0	0
5231	-0.603794	0	0
5230	-0.60304	0	0
5229	-0.602287	0	0
5228	-0.601535	0	0
5227	-0.600784	0	0
5226	-0.600033	0	0
5225	-0.599282	0	0
5224	-0.598533	0	0
5223	-0.597784	0	0
5222	-0.597036	0	0
5221	-0.596288	0	0
5220	-0.595541	0	0
5219	-0.594795	0	0
5218	-0.594049	0	0
5217	-0.593304	0	0
5216	-0.59256	0	0
5215	-0.591816	0	0
5214	-0.591073	0	0
5213	-0.59033	0	0
5212	-0.589588	0	0
5211	-0.588847	0	0
5210	-0.588107	0	0
5209	-0.587367	0	0
5208	-0.586627	0	0
5207	-0.585889	0	0
5206	-0.585151	0	0
5205	-0.584413	0	0
5204	-0.583676	0	0
5203	-0.58294	0	0
5202	-0.582205	0	0
5201	-0.58147	0	0
5200	-0.580735	0	0
5199	-0.580002	0	0
5198	-0.579269	0	0
5197	-0.578536	0	0
5196	-0.577804	0	0
5195	-0.577073	0	0
5194	-0.576342	0	0
5193	-0.575612	0	0
5192	-0.574883	0	0
5191	-0.574154	0	0
5190	-0.573425	0	0
5189	-0.572698	0	0
5188	-0.571971	0	0
5187	-0.571244	0	0
5186	-0.570518	0	0
5185	-0.569793	0	0
5184	-0.569068	0	0
5183	-0.568344	0	0
5182	-0.56762	0	0
5181	-0.566897	0	0
5180	-0.566175	0	0
5179	-0.565453	0	0
5178	-0.564732	0	0
5177	-0.564011	0	0
5176	-0.563291	0	0
5175	-0.562572	0	0
5174	-0.561853	0	0
5173	-0.561134	0	0
5172	-0.560417	0	0
5171	-0.559699	0	0
5170	-0.558983	0	0
5169	-0.558267	0	0
5168	-0.557551	0	0
5167	-0.556836	0	0
5166	-0.556122	0	0
5165	-0.555408	0	0
5164	-0.554694	0	0
5163	-0.553982	0	0
5162	-0.553269	0	0
5161	-0.552558	0	0
5160	-0.551847	0	0
5159	-0.551136	0	0
5158	-0.550426	0	0
5157	-0.549717	0	0
5156	-0.549008	0	0
5155	-0.5483	0	0
5154	-0.547592	0	0
5153	-0.546884	0	0
5152	-0.546178	0	0
5151	-0.545472	0	0
5150	-0.544766	0	0
5149	-0.544061	0	0
5148	-0.543356	0	0
5147	-0.542652	0	0
5146	-0.541949	0	0
5145	-0.541246	0	0
5144	-0.540543	0	0
5143	-0.539841	0	0
5142	-0.53914	0	0
5141	-0.538439	0	0
5140	-0.537739	0	0
5139	-0.537039	0	0
5138	-0.536339	0	0
5137	-0.535641	0	0
5136	-0.534942	0	0
5135	-0.534245	0	0
5134	-0.533547	0	0
5133	-0.532851	0	0
5132	-0.532154	0	0
5131	-0.531459	0	0
5130	-0.530763	0	0
5129	-0.530069	0	0
5128	-0.529375	0	0
5127	-0.528681	0	0
5126	-0.527988	0	0
5125	-0.527295	0	0
5124	-0.526603	0	0
5123	-0.525911	0	0
5122	-0.52522	0	0
5121	-0.524529	0	0
5120	-0.523839	0	0
5119	-0.52315	0	0
5118	-0.52246	0	0
5117	-0.521772	0	0
5116	-0.521084	0	0
5115	-0.520396	0	0
5114	-0.519709	0	0
5113	-0.519022	0	0
5112	-0.518336	0	0
5111	-0.51765	0	0
5110	-0.516965	0	0
5109	-0.51628	0	0
5108	-0.515596	0	0
5107	-0.514912	0	0
5106	-0.514229	0	0
5105	-0.513546	0	0
5104	-0.512864	0	0
5103	-0.512182	0	0
5102	-0.5115	0	0
5101	-0.510819	0	0
5100	-0.510139	0	0
5099	-0.509459	0	0
5098	-0.508779	0	0
5097	-0.5081	0	0
5096	-0.507422	0	0
5095	-0.506744	0	0
5094	-0.506066	0	0
5093	-0.505389	0	0
5092	-0.504712	0	0
5091	-0.504036	0	0
5090	-0.50336	0	0
5089	-0.502685	0	0
5088	-0.50201	0	0
5087	-0.501336	0	0
5086	-0.500662	0	0
5085	-0.499989	0	0
5084	-0.499316	0	0
5083	-0.498643	0	0
5082	-0.497971	0	0
5081	-0.497299	0	0
5080	-0.496628	0	0
5079	-0.495958	0	0
5078	-0.495287	0	0
5077	-0.494618	0	0
5076	-0.493948	0	0
5075	-0.493279	0	0
5074	-0.492611	0	0
5073	-0.491943	0	0
5072	-0.491275	0	0
5071	-0.490608	0	0
5070	-0.489941	0	0
5069	-0.489275	0	0
5068	-0.488609	0	0
5067	-0.487944	0	0
5066	-0.487279	0	0
5065	-0.486615	0	0
5064	-0.485951	0	0
5063	-0.485287	0	0
5062	-0.484624	0	0
5061	-0.483961	0	0
5060	-0.483299	0	0
5059	-0.482637	0	0
5058	-0.481976	0	0
5057	-0.481315	0	0
5056	-0.480654	0	0
5055	-0.479994	0	0
5054	-0.479334	0	0
5053	-0.478675	0	0
5052	-0.478016	0	0
5051	-0.477358	0	0
5050	-0.4767	0	0
5049	-0.476042	0	0
5048	-0.475385	0	0
5047	-0.474728	0	0
5046	-0.474072	0	0
5045	-0.473416	0	0
5044	-0.472761	0	0
5043	-0.472106	0	0
5042	-0.471451	0	0
5041	-0.470797	0	0
5040	-0.470143	0	0
5039	-0.46949	0	0
5038	-0.468837	0	0
5037	-0.468184	0	0
5036	-0.467532	0	0
5035	-0.466881	0	0
5034	-0.466229	0	0
5033	-0.465579	0	0
5032	-0.464928	0	0
5031	-0.464278	0	0
5030	-0.463628	0	0
5029	-0.462979	0	0
5028	-0.46233	0	0
5027	-0.461682	0	0
5026	-0.461034	0	0
5025	-0.460386	0	0
5024	-0.459739	0	0
5023	-0.459092	0	0
5022	-0.458446	0	0
5021	-0.4578	0	0
5020	-0.457154	0	0
5019	-0.456509	0	0
5018	-0.455864	0	0
5017	-0.45522	0	0
5016	-0.454576	0	0
5015	-0.453933	0	0
5014	-0.453289	0	0
5013	-0.452647	0	0
5012	-0.452004	0	0
5011	-0.451362	0	0
5010	-0.450721	0	0
5009	-0.450079	0	0
5008	-0.449439	0	0
5007	-0.448798	0	0
5006	-0.448158	0	0
5005	-0.447519	0	0
5004	-0.446879	0	0
5003	-0.44624	0	0
5002	-0.445602	0	0
5001	-0.444964	0	0
5000	-0.444326	0	0
4999	-0.443689	0	0
4998	-0.443052	0	0
4997	-0.442415	0	0
4996	-0.441779	0	0
4995	-0.441144	0	0
4994	-0.440508	0	0
4993	-0.439873	0	0
4992	-0.439239	0	0
4991	-0.438604	0	0
4990	-0.437971	0	0
4989	-0.437337	0	0
4988	-0.436704	0	0
4987	-0.436071	0	0
4986	-0.435439	0	0
4985	-0.434807	0	0
4984	-0.434176	0	0
4983	-0.433544	0	0
4982	-0.432914	0	0
4981	-0.432283	0	0
4980	-0.431653	0	0
4979	-0.431023	0	0
4978	-0.430394	0	0
4977	-0.429765	0	0
4976	-0.429137	0	0
4975	-0.428508	0	0
4974	-0.427881	0	0
4973	-0.427253	0	0
4972	-0.426626	0	0
4971	-0.425999	0	0
4970	-0.425373	0	0
4969	-0.424747	0	0
4968	-0.424122	0	0
4967	-0.423496	0	0
4966	-0.422871	0	0
4965	-0.422247	0	0
4964	-0.421623	0	0
4963	-0.420999	0	0
4962	-0.420376	0	0
4961	-0.419753	0	0
4960	-0.41913	0	0
4959	-0.418508	0	0
4958	-0.417886	0	0
4957	-0.417264	0	0
4956	-0.416643	0	0
4955	-0.416022	0	0
4954	-0.415402	0	0
4953	-0.414782	0	0
4952	-0.414162	0	0
4951	-0.413542	0	0
4950	-0.412923	0	0
4949	-0.412305	0	0
4948	-0.411686	0	0
4947	-0.411068	0	0
4946	-0.410451	0	0
4945	-0.409834	0	0
4944	-0.409217	0	0
4943	-0.4086	0	0
4942	-0.407984	0	0
4941	-0.407368	0	0
4940	-0.406753	0	0
4939	-0.406138	0	0
4938	-0.405523	0	0
4937	-0.404908	0	0
4936	-0.404294	0	0
4935	-0.403681	0	0
4934	-0.403067	0	0
4933	-0.402454	0	0
4932	-0.401842	0	0
4931	-0.401229	0	0
4930	-0.400618	0	0
4929	-0.400006	0	0
4928	-0.399395	0	0
4927	-0.398784	0	0
4926	-0.398173	0	0
4925	-0.397563	0	0
4924	-0.396953	0	0
4923	-0.396344	0	0
4922	-0.395735	0	0
4921	-0.395126	0	0
4920	-0.394517	0	0
4919	-0.393909	0	0
4918	-0.393302	0	0
4917	-0.392694	0	0
4916	-0.392087	0	0
4915	-0.39148	0	0
4914	-0.390874	0	0
4913	-0.390268	0	0
4912	-0.389662	0	0
4911	-0.389057	0	0
4910	-0.388452	0	0
4909	-0.387847	0	0
4908	-0.387243	0	0
4907	-0.386639	0	0
4906	-0.386035	0	0
4905	-0.385432	0	0
4904	-0.384829	0	0
4903	-0.384226	0	0
4902	-0.383624	0	0
4901	-0.383022	0	0
4900	-0.382421	0	0
4899	-0.381819	0	0
4898	-0.381218	0	0
4897	-0.380618	0	0
4896	-0.380018	0	0
4895	-0.379418	0	0
4894	-0.378818	0	0
4893	-0.378219	0	0
4892	-0.37762	0	0
4891	-0.377022	0	0
4890	-0.376423	0	0
4889	-0.375825	0	0
4888	-0.375228	0	0
4887	-0.374631	0	0
4886	-0.374034	0	0
4885	-0.373437	0	0
4884	-0.372841	0	0
4883	-0.372245	0	0
4882	-0.37165	0	0
4881	-0.371054	0	0
4880	-0.37046	0	0
4879	-0.369865	0	0
4878	-0.369271	0	0
4877	-0.368677	0	0
4876	-0.368084	0	0
4875	-0.36749	0	0
4874	-0.366897	0	0
4873	-0.366305	0	0
4872	-0.365713	0	0
4871	-0.365121	0	0
4870	-0.364529	0	0
4869	-0.363938	0	0
4868	-0.363347	0	0
4867	-0.362757	0	0
4866	-0.362166	0	0
4865	-0.361577	0	0
4864	-0.360987	0	0
4863	-0.360398	0	0
4862	-0.359809	0	0
4861	-0.35922	0	0
4860	-0.358632	0	0
4859	-0.358044	0	0
4858	-0.357457	0	0
4857	-0.356869	0	0
4856	-0.356282	0	0
4855	-0.355696	0	0
4854	-0.355109	0	0
4853	-0.354524	0	0
4852	-0.353938	0	0
4851	-0.353353	0	0
4850	-0.352768	0	0
4849	-0.352183	0	0
4848	-0.351599	0	0
4847	-0.351015	0	0
4846	-0.350431	0	0
4845	-0.349848	0	0
4844	-0.349265	0	0
4843	-0.348682	0	0
4842	-0.3481	0	0
4841	-0.347518	0	0
4840	-0.346936	0	0
4839	-0.346355	0	0
4838	-0.345774	0	0
4837	-0.345193	0	0
4836	-0.344612	0	0
4835	-0.344032	0	0
4834	-0.343453	0	0
4833	-0.342873	0	0
4832	-0.342294	0	0
4831	-0.341715	0	0
4830	-0.341137	0	0
4829	-0.340559	0	0
4828	-0.339981	0	0
4827	-0.339403	0	0
4826	-0.338826	0	0
4825	-0.338249	0	0
4824	-0.337673	0	0
4823	-0.337097	0	0
4822	-0.336521	0	0
4821	-0.335945	0	0
4820	-0.33537	0	0
4819	-0.334795	0	0
4818	-0.33422	0	0
4817	-0.333646	0	0
4816	-0.333072	0	0
4815	-0.332499	0	0
4814	-0.331925	0	0
4813	-0.331352	0	0
4812	-0.33078	0	0
4811	-0.330207	0	0
4810	-0.329635	0	0
4809	-0.329064	0	0
4808	-0.328492	0	0
4807	-0.327921	0	0
4806	-0.32735	0	0
4805	-0.32678	0	0
4804	-0.32621	0	0
4803	-0.32564	0	0
4802	-0.325071	0	0
4801	-0.324502	0	0
4800	-0.323933	0	0
4799	-0.323364	0	0
4798	-0.322796	0	0
4797	-0.322228	0	0
4796	-0.321661	0	0
4795	-0.321094	0	0
4794	-0.320527	0	0
4793	-0.31996	0	0
4792	-0.319394	0	0
4791	-0.318828	0	0
4790	-0.318262	0	0
4789	-0.317697	0	0
4788	-0.317132	0	0
4787	-0.316568	0	0
4786	-0.316003	0	0
4785	-0.315439	0	0
4784	-0.314876	0	0
4783	-0.314312	0	0
4782	-0.313749	0	0
4781	-0.313186	0	0
4780	-0.312624	0	0
4779	-0.312062	0	0
4778	-0.3115	0	0
4777	-0.310939	0	0
4776	-0.310378	0	0
4775	-0.309817	0	0
4774	-0.309256	0	0
4773	-0.308696	0	0
4772	-0.308136	0	0
4771	-0.307577	0	0
4770	-0.307018	0	0
4769	-0.306459	0	0
4768	-0.3059	0	0
4767	-0.305342	0	0
4766	-0.304784	0	0
4765	-0.304226	0	0
4764	-0.303669	0	0
4763	-0.303112	0	0
4762	-0.302555	0	0
4761	-0.301999	0	0
4760	-0.301443	0	0
4759	-0.300887	0	0
4758	-0.300332	0	0
4757	-0.299777	0	0
4756	-0.299222	0	0
4755	-0.298668	0	0
4754	-0.298114	0	0
4753	-0.29756	0	0
4752	-0.297007	0	0
4751	-0.296453	0	0
4750	-0.295901	0	0
4749	-0.295348	0	0
4748	-0.294796	0	0
4747	-0.294244	0	0
4746	-0.293693	0	0
4745	-0.293141	0	0
4744	-0.292591	0	0
4743	-0.29204	0	0
4742	-0.29149	0	0
4741	-0.29094	0	0
4740	-0.29039	0	0
4739	-0.289841	0	0
4738	-0.289292	0	0
4737	-0.288743	0	0
4736	-0.288195	0	0
4735	-0.287647	0	0
4734	-0.287099	0	0
4733	-0.286552	0	0
4732	-0.286005	0	0
4731	-0.285458	0	0
4730	-0.284912	0	0
4729	-0.284366	0	0
4728	-0.28382	0	0
4727	-0.283275	0	0
4726	-0.28273	0	0
4725	-0.282185	0	0
4724	-0.28164	0	0
4723	-0.281096	0	0
4722	-0.280552	0	0
4721	-0.280009	0	0
4720	-0.279466	0	0
4719	-0.278923	0	0
4718	-0.27838	0	0
4717	-0.277838	0	0
4716	-0.277296	0	0
4715	-0.276755	0	0
4714	-0.276214	0	0
4713	-0.275673	0	0
4712	-0.275132	0	0
4711	-0.274592	0	0
4710	-0.274052	0	0
4709	-0.273512	0	0
4708	-0.272973	0	0
4707	-0.272434	0	0
4706	-0.271895	0	0
4705	-0.271357	0	0
4704	-0.270819	0	0
4703	-0.270281	0	0
4702	-0.269744	0	0
4701	-0.269207	0	0
4700	-0.26867	0	0
4699	-0.268134	0	0
4698	-0.267598	0	0
4697	-0.267062	0	0
4696	-0.266527	0	0
4695	-0.265992	0	0
4694	-0.265457	0	0
4693	-0.264923	0	0
4692	-0.264389	0	0
4691	-0.263855	0	0
4690	-0.263322	0	0
4689	-0.262788	0	0
4688	-0.262256	0	0
4687	-0.261723	0	0
4686	-0.261191	0	0
4685	-0.260659	0	0
4684	-0.260128	0	0
4683	-0.259597	0	0
4682	-0.259066	0	0
4681	-0.258536	0	0
4680	-0.258005	0	0
4679	-0.257476	0	0
4678	-0.256946	0	0
4677	-0.256417	0	0
4676	-0.255888	0	0
4675	-0.25536	0	0
4674	-0.254831	0	0
4673	-0.254304	0	0
4672	-0.253776	0	0
4671	-0.253249	0	0
4670	-0.252722	0	0
4669	-0.252195	0	0
4668	-0.251669	0	0
4667	-0.251143	0	0
4666	-0.250618	0	0
4665	-0.250093	0	0
4664	-0.249568	0	0
4663	-0.249043	0	0
4662	-0.248519	0	0
4661	-0.247995	0	0
4660	-0.247472	0	0
4659	-0.246949	0	0
4658	-0.246426	0	0
4657	-0.245903	0	0
4656	-0.245381	0	0
4655	-0.244859	0	0
4654	-0.244337	0	0
4653	-0.243816	0	0
4652	-0.243295	0	0
4651	-0.242775	0	0
4650	-0.242255	0	0
4649	-0.241735	0	0
4648	-0.241215	0	0
4647	-0.240696	0	0
4646	-0.240177	0	0
4645	-0.239659	0	0
4644	-0.239141	0	0
4643	-0.238623	0	0
4642	-0.238105	0	0
4641	-0.237588	0	0
4640	-0.237071	0	0
4639	-0.236555	0	0
4638	-0.236038	0	0
4637	-0.235523	0	0
4636	-0.235007	0	0
4635	-0.234492	0	0
4634	-0.233977	0	0
4633	-0.233463	0	0
4632	-0.232949	0	0
4631	-0.232435	0	0
4630	-0.231921	0	0
4629	-0.231408	0	0
4628	-0.230895	0	0
4627	-0.230383	0	0
4626	-0.229871	0	0
4625	-0.229359	0	0
4624	-0.228848	0	0
4623	-0.228337	0	0
4622	-0.227826	0	0
4621	-0.227316	0	0
4620	-0.226806	0	0
4619	-0.226296	0	0
4618	-0.225787	0	0
4617	-0.225278	0	0
4616	-0.224769	0	0
4615	-0.224261	0	0
4614	-0.223753	0	0
4613	-0.223245	0	0
4612	-0.222738	0	0
4611	-0.222231	0	0
4610	-0.221724	0	0
4609	-0.221218	0	0
4608	-0.220712	0	0
4607	-0.220206	0	0
4606	-0.219701	0	0
4605	-0.219196	0	0
4604	-0.218692	0	0
4603	-0.218188	0	0
4602	-0.217684	0	0
4601	-0.21718	0	0
4600	-0.216677	0	0
4599	-0.216174	0	0
4598	-0.215672	0	0
4597	-0.21517	0	0
4596	-0.214668	0	0
4595	-0.214167	0	0
4594	-0.213666	0	0
4593	-0.213165	0	0
4592	-0.212665	0	0
4591	-0.212165	0	0
4590	-0.211665	0	0
4589	-0.211166	0	0
4588	-0.210667	0	0
4587	-0.210168	0	0
4586	-0.20967	0	0
4585	-0.209172	0	0
4584	-0.208675	0	0
4583	-0.208178	0	0
4582	-0.207681	0	0
4581	-0.207185	0	0
4580	-0.206688	0	0
4579	-0.206193	0	0
4578	-0.205697	0	0
4577	-0.205202	0	0
4576	-0.204708	0	0
4575	-0.204213	0	0
4574	-0.203719	0	0
4573	-0.203226	0	0
4572	-0.202733	0	0
4571	-0.20224	0	0
4570	-0.201747	0	0
4569	-0.201255	0	0
4568	-0.200763	0	0
4567	-0.200272	0	0
4566	-0.199781	0	0
4565	-0.19929	0	0
4564	-0.1988	0	0
4563	-0.19831	0	0
4562	-0.19782	0	0
4561	-0.197331	0	0
4560	-0.196842	0	0
4559	-0.196354	0	0
4558	-0.195865	0	0
4557	-0.195378	0	0
4556	-0.19489	0	0
4555	-0.194403	0	0
4554	-0.193916	0	0
4553	-0.19343	0	0
4552	-0.192944	0	0
4551	-0.192458	0	0
4550	-0.191973	0	0
4549	-0.191488	0	0
4548	-0.191004	0	0
4547	-0.19052	0	0
4546	-0.190036	0	0
4545	-0.189552	0	0
4544	-0.189069	0	0
4543	-0.188587	0	0
4542	-0.188105	0	0
4541	-0.187623	0	0
4540	-0.187141	0	0
4539	-0.18666	0	0
4538	-0.186179	0	0
4537	-0.185699	0	0
4536	-0.185219	0	0
4535	-0.184739	0	0
4534	-0.18426	0	0
4533	-0.183781	0	0
4532	-0.183302	0	0
4531	-0.182824	0	0
4530	-0.182346	0	0
4529	-0.181869	0	0
4528	-0.181392	0	0
4527	-0.180915	0	0
4526	-0.180439	0	0
4525	-0.179963	0	0
4524	-0.179487	0	0
4523	-0.179012	0	0
4522	-0.178537	0	0
4521	-0.178063	0	0
4520	-0.177589	0	0
4519	-0.177115	0	0
4518	-0.176642	0	0
4517	-0.176169	0	0
4516	-0.175696	0	0
4515	-0.175224	0	0
4514	-0.174753	0	0
4513	-0.174281	0	0
4512	-0.17381	0	0
4511	-0.17334	0	0
4510	-0.172869	0	0
4509	-0.1724	0	0
4508	-0.17193	0	0
4507	-0.171461	0	0
4506	-0.170992	0	0
4505	-0.170524	0	0
4504	-0.170056	0	0
4503	-0.169589	0	0
4502	-0.169122	0	0
4501	-0.168655	0	0
4500	-0.168189	0	0
4499	-0.167723	0	0
4498	-0.167257	0	0
4497	-0.166792	0	0
4496	-0.166327	0	0
4495	-0.165863	0	0
4494	-0.165399	0	0
4493	-0.164935	0	0
4492	-0.164472	0	0
4491	-0.164009	0	0
4490	-0.163547	0	0
4489	-0.163085	0	0
4488	-0.162623	0	0
4487	-0.162162	0	0
4486	-0.161701	0	0
4485	-0.161241	0	0
4484	-0.160781	0	0
4483	-0.160321	0	0
4482	-0.159862	0	0
4481	-0.159403	0	0
4480	-0.158945	0	0
4479	-0.158486	0	0
4478	-0.158029	0	0
4477	-0.157572	0	0
4476	-0.157115	0	0
4475	-0.156658	0	0
4474	-0.156202	0	0
4473	-0.155747	0	0
4472	-0.155291	0	0
4471	-0.154837	0	0
4470	-0.154382	0	0
4469	-0.153928	0	0
4468	-0.153475	0	0
4467	-0.153021	0	0
4466	-0.152569	0	0
4465	-0.152116	0	0
4464	-0.151664	0	0
4463	-0.151213	0	0
4462	-0.150762	0	0
4461	-0.150311	0	0
4460	-0.149861	0	0
4459	-0.149411	0	0
4458	-0.148961	0	0
4457	-0.148512	0	0
4456	-0.148063	0	0
4455	-0.147615	0	0
4454	-0.147167	0	0
4453	-0.14672	0	0
4452	-0.146273	0	0
4451	-0.145826	0	0
4450	-0.14538	0	0
4449	-0.144934	0	0
4448	-0.144489	0	0
4447	-0.144044	0	0
4446	-0.143599	0	0
4445	-0.143155	0	0
4444	-0.142712	0	0
4443	-0.142268	0	0
4442	-0.141826	0	0
4441	-0.141383	0	0
4440	-0.140941	0	0
4439	-0.1405	0	0
4438	-0.140058	0	0
4437	-0.139618	0	0
4436	-0.139177	0	0
4435	-0.138737	0	0
4434	-0.138298	0	0
4433	-0.137859	0	0
4432	-0.13742	0	0
4431	-0.136982	0	0
4430	-0.136544	0	0
4429	-0.136107	0	0
4428	-0.13567	0	0
4427	-0.135234	0	0
4426	-0.134798	0	0
4425	-0.134362	0	0
4424	-0.133927	0	0
4423	-0.133492	0	0
4422	-0.133058	0	0
4421	-0.132624	0	0
4420	-0.132191	0	0
4419	-0.131758	0	0
4418	-0.131325	0	0
4417	-0.130893	0	0
4416	-0.130461	0	0
4415	-0.13003	0	0
4414	-0.129599	0	0
4413	-0.129169	0	0
4412	-0.128739	0	0
4411	-0.128309	0	0
4410	-0.12788	0	0
4409	-0.127452	0	0
4408	-0.127024	0	0
4407	-0.126596	0	0
4406	-0.126169	0	0
4405	-0.125742	0	0
4404	-0.125315	0	0
4403	-0.124889	0	0
4402	-0.124464	0	0
4401	-0.124039	0	0
4400	-0.123614	0	0
4399	-0.12319	0	0
4398	-0.122766	0	0
4397	-0.122343	0	0
4396	-0.12192	0	0
4395	-0.121498	0	0
4394	-0.121076	0	0
4393	-0.120654	0	0
4392	-0.120233	0	0
4391	-0.119813	0	0
4390	-0.119393	0	0
4389	-0.118973	0	0
4388	-0.118554	0	0
4387	-0.118135	0	0
4386	-0.117717	0	0
4385	-0.117299	0	0
4384	-0.116881	0	0
4383	-0.116464	0	0
4382	-0.116048	0	0
4381	-0.115632	0	0
4380	-0.115216	0	0
4379	-0.114801	0	0
4378	-0.114387	0	0
4377	-0.113972	0	0
4376	-0.113559	0	0
4375	-0.113145	0	0
4374	-0.112733	0	0
4373	-0.11232	0	0
4372	-0.111908	0	0
4371	-0.111497	0	0
4370	-0.111086	0	0
4369	-0.110676	0	0
4368	-0.110266	0	0
4367	-0.109856	0	0
4366	-0.109447	0	0
4365	-0.109038	0	0
4364	-0.10863	0	0
4363	-0.108223	0	0
4362	-0.107815	0	0
4361	-0.107409	0	0
4360	-0.107002	0	0
4359	-0.106597	0	0
4358	-0.106191	0	0
4357	-0.105786	0	0
4356	-0.105382	0	0
4355	-0.104978	0	0
4354	-0.104575	0	0
4353	-0.104172	0	0
4352	-0.103769	0	0
4351	-0.103368	0	0
4350	-0.102966	0	0
4349	-0.102565	0	0
4348	-0.102164	0	0
4347	-0.101764	0	0
4346	-0.101365	0	0
4345	-0.100966	0	0
4344	-0.100567	0	0
4343	-0.100169	0	0
4342	-0.0997714	0	0
4341	-0.0993742	0	0
4340	-0.0989776	0	0
4339	-0.0985814	0	0
4338	-0.0981857	0	0
4337	-0.0977905	0	0
4336	-0.0973958	0	0
4335	-0.0970015	0	0
4334	-0.0966078	0	0
4333	-0.0962145	0	0
4332	-0.0958218	0	0
4331	-0.0954295	0	0
4330	-0.0950377	0	0
4329	-0.0946465	0	0
4328	-0.0942557	0	0
4327	-0.0938654	0	0
4326	-0.0934756	0	0
4325	-0.0930863	0	0
4324	-0.0926975	0	0
4323	-0.0923092	0	0
4322	-0.0919214	0	0
4321	-0.091534	0	0
4320	-0.0911472	0	0
4319	-0.0907609	0	0
4318	-0.0903751	0	0
4317	-0.0899898	0	0
4316	-0.089605	0	0
4315	-0.0892207	0	0
4314	-0.0888369	0	0
4313	-0.0884536	0	0
4312	-0.0880708	0	0
4311	-0.0876885	0	0
4310	-0.0873067	0	0
4309	-0.0869255	0	0
4308	-0.0865447	0	0
4307	-0.0861644	0	0
4306	-0.0857847	0	0
4305	-0.0854055	0	0
4304	-0.0850267	0	0
4303	-0.0846485	0	0
4302	-0.0842708	0	0
4301	-0.0838936	0	0
4300	-0.0835169	0	0
4299	-0.0831408	0	0
4298	-0.0827651	0	0
4297	-0.08239	0	0
4296	-0.0820154	0	0
4295	-0.0816413	0	0
4294	-0.0812677	0	0
4293	-0.0808947	0	0
4292	-0.0805221	0	0
4291	-0.0801501	0	0
4290	-0.0797786	0	0
4289	-0.0794076	0	0
4288	-0.0790372	0	0
4287	-0.0786672	0	0
4286	-0.0782978	0	0
4285	-0.0779289	0	0
4284	-0.0775606	0	0
4283	-0.0771927	0	0
4282	-0.0768254	0	0
4281	-0.0764587	0	0
4280	-0.0760924	0	0
4279	-0.0757267	0	0
4278	-0.0753615	0	0
4277	-0.0749968	0	0
4276	-0.0746327	0	0
4275	-0.0742691	0	0
4274	-0.0739061	0	0
4273	-0.0735435	0	0
4272	-0.0731815	0	0
4271	-0.0728201	0	0
4270	-0.0724591	0	0
4269	-0.0720988	0	0
4268	-0.0717389	0	0
4267	-0.0713796	0	0
4266	-0.0710208	0	0
4265	-0.0706626	0	0
4264	-0.0703049	0	0
4263	-0.0699477	0	0
4262	-0.0695911	0	0
4261	-0.0692351	0	0
4260	-0.0688795	0	0
4259	-0.0685245	0	0
4258	-0.0681701	0	0
4257	-0.0678162	0	0
4256	-0.0674629	0	0
4255	-0.0671101	0	0
4254	-0.0667578	0	0
4253	-0.0664061	0	0
4252	-0.066055	0	0
4251	-0.0657044	0	0
4250	-0.0653543	0	0
4249	-0.0650048	0	0
4248	-0.0646559	0	0
4247	-0.0643075	0	0
4246	-0.0639597	0	0
4245	-0.0636124	0	0
4244	-0.0632656	0	0
4243	-0.0629195	0	0
4242	-0.0625739	0	0
4241	-0.0622288	0	0
4240	-0.0618843	0	0
4239	-0.0615404	0	0
4238	-0.061197	0	0
4237	-0.0608542	0	0
4236	-0.0605119	0	0
4235	-0.0601702	0	0
4234	-0.0598291	0	0
4233	-0.0594885	0	0
4232	-0.0591485	0	0
4231	-0.0588091	0	0
4230	-0.0584702	0	0
4229	-0.0581319	0	0
4228	-0.0577942	0	0
4227	-0.057457	0	0
4226	-0.0571204	0	0
4225	-0.0567844	0	0
4224	-0.0564489	0	0
4223	-0.056114	0	0
4222	-0.0557797	0	0
4221	-0.055446	0	0
4220	-0.0551128	0	0
4219	-0.0547802	0	0
4218	-0.0544482	0	0
4217	-0.0541167	0	0
4216	-0.0537859	0	0
4215	-0.0534556	0	0
4214	-0.0531259	0	0
4213	-0.0527967	0	0
4212	-0.0524682	0	0
4211	-0.0521402	0	0
4210	-0.0518128	0	0
4209	-0.051486	0	0
4208	-0.0511598	0	0
4207	-0.0508341	0	0
4206	-0.0505091	0	0
4205	-0.0501846	0	0
4204	-0.0498607	0	0
4203	-0.0495374	0	0
4202	-0.0492147	0	0
4201	-0.0488926	0	0
4200	-0.048571	0	0
4199	-0.0482501	0	0
4198	-0.0479297	0	0
4197	-0.0476099	0	0
4196	-0.0472907	0	0
4195	-0.0469722	0	0
4194	-0.0466542	0	0
4193	-0.0463368	0	0
4192	-0.04602	0	0
4191	-0.0457037	0	0
4190	-0.0453881	0	0
4189	-0.0450731	0	0
4188	-0.0447587	0	0
4187	-0.0444448	0	0
4186	-0.0441316	0	0
4185	-0.043819	0	0
4184	-0.0435069	0	0
4183	-0.0431955	0	0
4182	-0.0428847	0	0
4181	-0.0425744	0	0
4180	-0.0422648	0	0
4179	-0.0419558	0	0
4178	-0.0416474	0	0
4177	-0.0413396	0	0
4176	-0.0410323	0	0
4175	-0.0407257	0	0
4174	-0.0404197	0	0
4173	-0.0401143	0	0
4172	-0.0398096	0	0
4171	-0.0395054	0	0
4170	-0.0392018	0	0
4169	-0.0388989	0	0
4168	-0.0385965	0	0
4167	-0.0382948	0	0
4166	-0.0379936	0	0
4165	-0.0376931	0	0
4164	-0.0373932	0	0
4163	-0.0370939	0	0
4162	-0.0367953	0	0
4161	-0.0364972	0	0
4160	-0.0361998	0	0
4159	-0.0359029	0	0
4158	-0.0356067	0	0
4157	-0.0353111	0	0
4156	-0.0350161	0	0
4155	-0.0347218	0	0
4154	-0.034428	0	0
4153	-0.0341349	0	0
4152	-0.0338424	0	0
4151	-0.0335505	0	0
4150	-0.0332593	0	0
4149	-0.0329686	0	0
4148	-0.0326786	0	0
4147	-0.0323892	0	0
4146	-0.0321005	0	0
4145	-0.0318123	0	0
4144	-0.0315248	0	0
4143	-0.0312379	0	0
4142	-0.0309517	0	0
4141	-0.030666	0	0
4140	-0.030381	0	0
4139	-0.0300966	0	0
4138	-0.0298129	0	0
4137	-0.0295297	0	0
4136	-0.0292472	0	0
4135	-0.0289654	0	0
4134	-0.0286841	0	0
4133	-0.0284035	0	0
4132	-0.0281235	0	0
4131	-0.0278442	0	0
4130	-0.0275655	0	0
4129	-0.0272874	0	0
4128	-0.02701	0	0
4127	-0.0267332	0	0
4126	-0.026457	0	0
4125	-0.0261815	0	0
4124	-0.0259066	0	0
4123	-0.0256323	0	0
4122	-0.0253587	0	0
4121	-0.0250857	0	0
4120	-0.0248133	0	0
4119	-0.0245416	0	0
4118	-0.0242706	0	0
4117	-0.0240001	0	0
4116	-0.0237303	0	0
4115	-0.0234612	0	0
4114	-0.0231926	0	0
4113	-0.0229248	0	0
4112	-0.0226575	0	0
4111	-0.0223909	0	0
4110	-0.022125	0	0
4109	-0.0218597	0	0
4108	-0.021595	0	0
4107	-0.021331	0	0
4106	-0.0210676	0	0
4105	-0.0208049	0	0
4104	-0.0205428	0	0
4103	-0.0202813	0	0
4102	-0.0200205	0	0
4101	-0.0197604	0	0
4100	-0.0195009	0	0
4099	-0.019242	0	0
4098	-0.0189838	0	0
4097	-0.0187262	0	0
4096	-0.0184693	0	0
4095	-0.018213	0	0
4094	-0.0179574	0	0
4093	-0.0177024	0	0
4092	-0.0174481	0	0
4091	-0.0171944	0	0
4090	-0.0169414	0	0
4089	-0.016689	0	0
4088	-0.0164373	0	0
4087	-0.0161862	0	0
4086	-0.0159358	0	0
4085	-0.015686	0	0
4084	-0.0154369	0	0
4083	-0.0151884	0	0
4082	-0.0149406	0	0
4081	-0.0146934	0	0
4080	-0.0144469	0	0
4079	-0.0142011	0	0
4078	-0.0139559	0	0
4077	-0.0137113	0	0
4076	-0.0134674	0	0
4075	-0.0132241	0	0
4074	-0.0129815	0	0
4073	-0.0127396	0	0
4072	-0.0124983	0	0
4071	-0.0122577	0	0
4070	-0.0120177	0	0
4069	-0.0117784	0	0
4068	-0.0115397	0	0
4067	-0.0113017	0	0
4066	-0.0110643	0	0
4065	-0.0108276	0	0
4064	-0.0105915	0	0
4063	-0.0103561	0	0
4062	-0.0101214	0	0
4061	-0.00988729	0	0
4060	-0.00965386	0	0
4059	-0.00942107	0	0
4058	-0.00918895	0	0
4057	-0.00895747	0	0
4056	-0.00872665	0	0
4055	-0.00849649	0	0
4054	-0.00826698	0	0
4053	-0.00803813	0	0
4052	-0.00780993	0	0
4051	-0.00758238	0	0
4050	-0.00735549	0	0
4049	-0.00712925	0	0
4048	-0.00690367	0	0
4047	-0.00667874	0	0
4046	-0.00645447	0	0
4045	-0.00623085	0	0
4044	-0.00600788	0	0
4043	-0.00578557	0	0
4042	-0.00556391	0	0
4041	-0.0053429	0	0
4040	-0.00512255	0	0
4039	-0.00490285	0	0
4038	-0.0046838	0	0
4037	-0.00446541	0	0
4036	-0.00424766	0	0
4035	-0.00403057	0	0
4034	-0.00381413	0	0
4033	-0.00359835	0	0
4032	-0.00338321	0	0
4031	-0.00316872	0	0
4030	-0.00295489	0	0
4029	-0.0027417	0	0
4028	-0.00252917	0	0
4027	-0.00231728	0	0
4026	-0.00210604	0	0
4025	-0.00189546	0	0
4024	-0.00168552	0	0
4023	-0.00147623	0	0
4022	-0.00126758	0	0
4021	-0.00105959	0	0
4020	-0.00085224	0	0
4019	-0.000645537	0	0
4018	-0.000439481	0	0
4017	-0.00023407	0	0
4016	-2.93049e-05	0	0
4015	0.000174816	0	0
4014	0.000378293	0	0
4013	0.000581125	0	0
4012	0.000783315	0	0
4011	0.000984862	0	0
4010	0.00118577	0	0
4009	0.00138603	0	0
4008	0.00158565	0	0
4007	0.00178463	0	0
4006	0.00198298	0	0
4005	0.00218068	0	0
4004	0.00237774	0	0
4003	0.00257417	0	0
4002	0.00276995	0	0
4001	0.0029651	0	0
4000	0.00315962	0	0
3999	0.0033535	0	0
3998	0.00354674	0	0
3997	0.00373935	0	0
3996	0.00393132	0	0
3995	0.00412267	0	0
3994	0.00431338	0	0
3993	0.00450345	0	0
3992	0.0046929	0	0
3991	0.00488172	0	0
3990	0.00506991	0	0
3989	0.00525746	0	0
3988	0.00544439	0	0
3987	0.0056307	0	0
3986	0.00581637	0	0
3985	0.00600142	0	0
3984	0.00618585	0	0
3983	0.00636965	0	0
3982	0.00655283	0	0
3981	0.00673539	0	0
3980	0.00691732	0	0
3979	0.00709863	0	0
3978	0.00727933	0	0
3977	0.0074594	0	0
3976	0.00763886	0	0
3975	0.0078177	0	0
3974	0.00799592	0	0
3973	0.00817352	0	0
3972	0.00835051	0	0
3971	0.00852689	0	0
3970	0.00870265	0	0
3969	0.00887781	0	0
3968	0.00905235	0	0
3967	0.00922628	0	0
3966	0.0093996	0	0
3965	0.00957231	0	0
3964	0.00974441	0	0
3963	0.00991591	0	0
3962	0.0100868	0	0
3961	0.0102571	0	0
3960	0.0104268	0	0
3959	0.0105959	0	0
3958	0.0107643	0	0
3957	0.0109322	0	0
3956	0.0110995	0	0
3955	0.0112662	0	0
3954	0.0114323	0	0
3953	0.0115977	0	0
3952	0.0117626	0	0
3951	0.0119269	0	0
3950	0.0120906	0	0
3949	0.0122537	0	0
3948	0.0124162	0	0
3947	0.0125782	0	0
3946	0.0127395	0	0
3945	0.0129003	0	0
3944	0.0130604	0	0
3943	0.01322	0	0
3942	0.013379	0	0
3941	0.0135374	0	0
3940	0.0136952	0	0
3939	0.0138524	0	0
3938	0.0140091	0	0
3937	0.0141651	0	0
3936	0.0143206	0	0
3935	0.0144755	0	0
3934	0.0146299	0	0
3933	0.0147836	0	0
3932	0.0149368	0	0
3931	0.0150894	0	0
3930	0.0152414	0	0
3929	0.0153929	0	0
3928	0.0155437	0	0
3927	0.015694	0	0
3926	0.0158438	0	0
3925	0.0159929	0	0
3924	0.0161415	0	0
3923	0.0162896	0	0
3922	0.016437	0	0
3921	0.0165839	0	0
3920	0.0167302	0	0
3919	0.016876	0	0
3918	0.0170212	0	0
3917	0.0171658	0	0
3916	0.0173099	0	0
3915	0.0174534	0	0
3914	0.0175963	0	0
3913	0.0177387	0	0
3912	0.0178805	0	0
3911	0.0180218	0	0
3910	0.0181625	0	0
3909	0.0183026	0	0
3908	0.0184422	0	0
3907	0.0185812	0	0
3906	0.0187197	0	0
3905	0.0188576	0	0
3904	0.0189949	0	0
3903	0.0191317	0	0
3902	0.0192679	0	0
3901	0.0194036	0	0
3900	0.0195387	0	0
3899	0.0196733	0	0
3898	0.0198073	0	0
3897	0.0199408	0	0
3896	0.0200737	0	0
3895	0.020206	0	0
3894	0.0203378	0	0
3893	0.0204691	0	0
3892	0.0205998	0	0
3891	0.0207299	0	0
3890	0.0208595	0	0
3889	0.0209885	0	0
3888	0.021117	0	0
3887	0.0212449	0	0
3886	0.0213723	0	0
3885	0.0214991	0	0
3884	0.0216254	0	0
3883	0.0217511	0	0
3882	0.0218762	0	0
3881	0.0220008	0	0
3880	0.0221248	0	0
3879	0.0222483	0	0
3878	0.0223713	0	0
3877	0.0224937	0	0
3876	0.0226155	0	0
3875	0.0227368	0	0
3874	0.0228575	0	0
3873	0.0229776	0	0
3872	0.0230972	0	0
3871	0.0232163	0	0
3870	0.0233348	0	0
3869	0.0234527	0	0
3868	0.0235701	0	0
3867	0.0236869	0	0
3866	0.0238031	0	0
3865	0.0239188	0	0
3864	0.0240339	0	0
3863	0.0241485	0	0
3862	0.0242625	0	0
3861	0.024376	0	0
3860	0.0244888	0	0
3859	0.0246011	0	0
3858	0.0247129	0	0
3857	0.0248241	0	0
3856	0.0249347	0	0
3855	0.0250447	0	0
3854	0.0251542	0	0
3853	0.0252631	0	0
3852	0.0253714	0	0
3851	0.0254792	0	0
3850	0.0255864	0	0
3849	0.025693	0	0
3848	0.025799	0	0
3847	0.0259045	0	0
3846	0.0260093	0	0
3845	0.0261136	0	0
3844	0.0262174	0	0
3843	0.0263205	0	0
3842	0.026423	0	0
3841	0.026525	0	0
3840	0.0266264	0	0
3839	0.0267272	0	0
3838	0.0268274	0	0
3837	0.026927	0	0
3836	0.0270261	0	0
3835	0.0271245	0	0
3834	0.0272224	0	0
3833	0.0273196	0	0
3832	0.0274163	0	0
3831	0.0275123	0	0
3830	0.0276078	0	0
3829	0.0277026	0	0
3828	0.0277969	0	0
3827	0.0278906	0	0
3826	0.0279836	0	0
3825	0.0280761	0	0
3824	0.0281679	0	0
3823	0.0282592	0	0
3822	0.0283498	0	0
3821	0.0284398	0	0
3820	0.0285292	0	0
3819	0.028618	0	0
3818	0.0287062	0	0
3817	0.0287938	0	0
3816	0.0288807	0	0
3815	0.028967	0	0
3814	0.0290528	0	0
3813	0.0291378	0	0
3812	0.0292223	0	0
3811	0.0293061	0	0
3810	0.0293894	0	0
3809	0.029472	0	0
3808	0.0295539	0	0
3807	0.0296352	0	0
3806	0.0297159	0	0
3805	0.029796	0	0
3804	0.0298754	0	0
3803	0.0299542	0	0
3802	0.0300324	0	0
3801	0.0301099	0	0
3800	0.0301868	0	0
3799	0.030263	0	0
3798	0.0303386	0	0
3797	0.0304135	0	0
3796	0.0304878	0	0
3795	0.0305615	0	0
3794	0.0306345	0	0
3793	0.0307068	0	0
3792	0.0307785	0	0
3791	0.0308496	0	0
3790	0.03092	0	0
3789	0.0309897	0	0
3788	0.0310587	0	0
3787	0.0311271	0	0
3786	0.0311949	0	0
3785	0.0312619	0	0
3784	0.0313283	0	0
3783	0.031394	0	0
3782	0.0314591	0	0
3781	0.0315235	0	0
3780	0.0315872	0	0
3779	0.0316502	0	0
3778	0.0317125	0	0
3777	0.0317742	0	0
3776	0.0318352	0	0
3775	0.0318955	0	0
3774	0.0319551	0	0
3773	0.032014	0	0
3772	0.0320722	0	0
3771	0.0321297	0	0
3770	0.0321865	0	0
3769	0.0322426	0	0
3768	0.032298	0	0
3767	0.0323527	0	0
3766	0.0324067	0	0
3765	0.03246	0	0
3764	0.0325125	0	0
3763	0.0325643	0	0
3762	0.0326155	0	0
3761	0.0326658	0	0
3760	0.0327155	0	0
3759	0.0327644	0	0
3758	0.0328126	0	0
3757	0.03286	0	0
3756	0.0329067	0	0
3755	0.0329527	0	0
3754	0.0329979	0	0
3753	0.0330423	0	0
3752	0.033086	0	0
3751	0.0331289	0	0
3750	0.0331711	0	0
3749	0.0332124	0	0
3748	0.033253	0	0
3747	0.0332929	0	0
3746	0.0333319	0	0
3745	0.0333701	0	0
3744	0.0334076	0	0
3743	0.0334442	0	0
3742	0.03348	0	0
3741	0.033515	0	0
3740	0.0335492	0	0
3739	0.0335826	0	0
3738	0.0336152	0	0
3737	0.0336469	0	0
3736	0.0336777	0	0
3735	0.0337077	0	0
3734	0.0337369	0	0
3733	0.0337652	0	0
3732	0.0337926	0	0
3731	0.0338192	0	0
3730	0.0338448	0	0
3729	0.0338696	0	0
3728	0.0338934	0	0
3727	0.0339164	0	0
3726	0.0339384	0	0
3725	0.0339595	0	0
3724	0.0339797	0	0
3723	0.0339989	0	0
3722	0.0340172	0	0
3721	0.0340345	0	0
3720	0.0340508	0	0
3719	0.0340661	0	0
3718	0.0340805	0	0
3717	0.0340938	0	0
3716	0.0341061	0	0
3715	0.0341174	0	0
3714	0.0341276	0	0
3713	0.0341368	0	0
3712	0.0341449	0	0
3711	0.0341519	0	0
3710	0.0341578	0	0
3709	0.0341626	0	0
3708	0.0341663	0	0
3707	0.0341688	0	0
3706	0.0341702	0	0
3705	0.0341704	0	0
3704	0.0341695	0	0
3703	0.0341673	0	0
3702	0.0341639	0	0
3701	0.0341592	0	0
3700	0.0341533	0	0
3699	0.0341461	0	0
3698	0.0341376	0	0
3697	0.0341278	0	0
3696	0.0341167	0	0
3695	0.0341042	0	0
3694	0.0340903	0	0
3693	0.034075	0	0
3692	0.0340582	0	0
3691	0.03404	0	0
3690	0.0340204	0	0
3689	0.0339992	0	0
3688	0.0339765	0	0
3687	0.0339523	0	0
3686	0.0339265	0	0
3685	0.0338991	0	0
3684	0.03387	0	0
3683	0.0338393	0	0
3682	0.0338069	0	0
3681	0.0337727	0	0
3680	0.0337368	0	0
3679	0.0336992	0	0
3678	0.0336597	0	0
3677	0.0336184	0	0
3676	0.0335752	0	0
3675	0.0335301	0	0
3674	0.0334831	0	0
3673	0.0334341	0	0
3672	0.0333832	0	0
3671	0.0333302	0	0
3670	0.0332752	0	0
3669	0.0332181	0	0
3668	0.0331589	0	0
3667	0.0330975	0	0
3666	0.033034	0	0
3665	0.0329684	0	0
3664	0.0329005	0	0
3663	0.0328305	0	0
3662	0.0327582	0	0
3661	0.0326837	0	0
3660	0.032607	0	0
3659	0.032528	0	0
3658	0.0324468	0	0
3657	0.0323634	0	0
3656	0.0322778	0	0
3655	0.03219	0	0
3654	0.0321001	0	0
3653	0.0320081	0	0
3652	0.0319141	0	0
3651	0.0318181	0	0
3650	0.0317202	0	0
3649	0.0316205	0	0
3648	0.0315191	0	0
3647	0.0314162	0	0
3646	0.0313118	0	0
3645	0.0312062	0	0
3644	0.0310996	0	0
3643	0.0309921	0	0
3642	0.030884	0	0
3641	0.0307755	0	0
3640	0.030667	0	0
3639	0.0305587	0	0
3638	0.030451	0	0
3637	0.0303444	0	0
3636	0.0302391	0	0
3635	0.0301357	0	0
3634	0.0300346	0	0
3633	0.0299364	0	0
3632	0.0298416	0	0
3631	0.0297508	0	0
3630	0.0296646	0	0
3629	0.0295837	0	0
3628	0.0295087	0	0
3627	0.0294404	0	0
3626	0.0293795	0	0
3625	0.0293267	0	0
3624	0.0292828	0	0
3623	0.0292485	0	0
3622	0.0292245	0	0
3621	0.0292118	0	0
3620	0.0292109	0	0
3619	0.0292225	0	0
3618	0.0292474	0	0
3617	0.0292861	0	0
3616	0.0293393	0	0
3615	0.0294073	0	0
3614	0.0294906	0	0
3613	0.0295896	0	0
3612	0.0297044	0	0
3611	0.0298352	0	0
3610	0.0299819	0	0
3609	0.0301446	0	0
3608	0.0303228	0	0
3607	0.0305163	0	0
3606	0.0307246	0	0
3605	0.0309469	0	0
3604	0.0311826	0	0
3603	0.0314307	0	0
3602	0.0316901	0	0
3601	0.0319597	0	0
3600	0.0322381	0	0
3599	0.032524	0	0
3598	0.0328159	0	0
3597	0.033112	0	0
3596	0.0334108	0	0
3595	0.0337104	0	0
3594	0.0340092	0	0
3593	0.0343051	0	0
3592	0.0345964	0	0
3591	0.0348813	0	0
3590	0.0351579	0	0
3589	0.0354246	0	0
3588	0.0356797	0	0
3587	0.0359216	0	0
3586	0.0361489	0	0
3585	0.0363604	0	0
3584	0.0365549	0	0
3583	0.0367316	0	0
3582	0.0368897	0	0
3581	0.0370287	0	0
3580	0.0371483	0	0
3579	0.0372483	0	0
3578	0.0373288	0	0
3577	0.0373901	0	0
3576	0.0374327	0	0
3575	0.037457	0	0
3574	0.037464	0	0
3573	0.0374543	0	0
3572	0.037429	0	0
3571	0.0373891	0	0
3570	0.0373356	0	0
3569	0.0372697	0	0
3568	0.0371926	0	0
3567	0.0371052	0	0
3566	0.0370089	0	0
3565	0.0369045	0	0
3564	0.0367932	0	0
3563	0.0366759	0	0
3562	0.0365535	0	0
3561	0.036427	0	0
3560	0.0362971	0	0
3559	0.0361646	0	0
3558	0.0360302	0	0
3557	0.0358943	0	0
3556	0.0357577	0	0
3555	0.0356207	0	0
3554	0.0354838	0	0
3553	0.0353474	0	0
3552	0.0352118	0	0
3551	0.0350773	0	0
3550	0.0349441	0	0
3549	0.0348124	0	0
3548	0.0346825	0	0
3547	0.0345543	0	0
3546	0.0344282	0	0
3545	0.0343041	0	0
3544	0.0341821	0	0
3543	0.0340622	0	0
3542	0.0339446	0	0
3541	0.0338292	0	0
3540	0.0337161	0	0
3539	0.0336052	0	0
3538	0.0334965	0	0
3537	0.0333901	0	0
3536	0.0332859	0	0
3535	0.0331839	0	0
3534	0.0330841	0	0
3533	0.0329864	0	0
3532	0.0328909	0	0
3531	0.0327974	0	0
3530	0.0327061	0	0
3529	0.0326168	0	0
3528	0.0325295	0	0
3527	0.0324442	0	0
3526	0.032361	0	0
3525	0.0322796	0	0
3524	0.0322003	0	0
3523	0.0321228	0	0
3522	0.0320473	0	0
3521	0.0319738	0	0
3520	0.0319021	0	0
3519	0.0318323	0	0
3518	0.0317645	0	0
3517	0.0316985	0	0
3516	0.0316345	0	0
3515	0.0315724	0	0
3514	0.0315122	0	0
3513	0.0314541	0	0
3512	0.0313979	0	0
3511	0.0313437	0	0
3510	0.0312915	0	0
3509	0.0312414	0	0
3508	0.0311935	0	0
3507	0.0311476	0	0
3506	0.031104	0	0
3505	0.0310626	0	0
3504	0.0310236	0	0
3503	0.0309868	0	0
3502	0.0309525	0	0
3501	0.0309207	0	0
3500	0.0308915	0	0
3499	0.0308648	0	0
3498	0.0308409	0	0
3497	0.0308198	0	0
3496	0.0308015	0	0
3495	0.0307863	0	0
3494	0.0307741	0	0
3493	0.0307651	0	0
3492	0.0307595	0	0
3491	0.0307572	0	0
3490	0.0307585	0	0
3489	0.0307635	0	0
3488	0.0307722	0	0
3487	0.0307849	0	0
3486	0.0308018	0	0
3485	0.0308228	0	0
3484	0.0308483	0	0
3483	0.0308783	0	0
3482	0.0309131	0	0
3481	0.0309528	0	0
3480	0.0309977	0	0
3479	0.0310478	0	0
3478	0.0311034	0	0
3477	0.0311647	0	0
3476	0.0312319	0	0
3475	0.0313053	0	0
3474	0.0313849	0	0
3473	0.0314711	0	0
3472	0.0315641	0	0
3471	0.0316641	0	0
3470	0.0317713	0	0
3469	0.031886	0	0
3468	0.0320083	0	0
3467	0.0321385	0	0
3466	0.0322768	0	0
3465	0.0324234	0	0
3464	0.0325785	0	0
3463	0.0327423	0	0
3462	0.0329149	0	0
3461	0.0330965	0	0
3460	0.0332872	0	0
3459	0.033487	0	0
3458	0.0336961	0	0
3457	0.0339145	0	0
3456	0.034142	0	0
3455	0.0343786	0	0
3454	0.0346241	0	0
3453	0.0348784	0	0
3452	0.0351411	0	0
3451	0.0354118	0	0
3450	0.03569	0	0
3449	0.0359752	0	0
3448	0.0362666	0	0
3447	0.0365634	0	0
3446	0.0368646	0	0
3445	0.0371693	0	0
3444	0.037476	0	0
3443	0.0377835	0	0
3442	0.0380902	0	0
3441	0.0383945	0	0
3440	0.0386945	0	0
3439	0.0389883	0	0
3438	0.0392739	0	0
3437	0.039549	0	0
3436	0.0398114	0	0
3435	0.0400588	0	0
3434	0.0402888	0	0
3433	0.0404991	0	0
3432	0.0406872	0	0
3431	0.040851	0	0
3430	0.0409883	0	0
3429	0.0410972	0	0
3428	0.0411757	0	0
3427	0.0412225	0	0
3426	0.041236	0	0
3425	0.0412154	0	0
3424	0.0411599	0	0
3423	0.0410693	0	0
3422	0.0409435	0	0
3421	0.0407828	0	0
3420	0.0405881	0	0
3419	0.0403605	0	0
3418	0.0401014	0	0
3417	0.0398126	0	0
3416	0.0394967	0	0
3415	0.0391568	0	0
3414	0.038799	0	0
3413	0.038444	0	0
3412	0.0380479	0	0
3411	0.0376227	0	0
3410	0.0371808	0	0
3409	0.0367244	0	0
3408	0.0362558	0	0
3407	0.0357772	0	0
3406	0.0352907	0	0
3405	0.0347982	0	0
3404	0.0343017	0	0
3403	0.0338028	0	0
3402	0.0333031	0	0
3401	0.032804	0	0
3400	0.0323069	0	0
3399	0.0318128	0	0
3398	0.0313229	0	0
3397	0.030838	0	0
3396	0.0303589	0	0
3395	0.0298863	0	0
3394	0.0294207	0	0
3393	0.0289626	0	0
3392	0.0285124	0	0
3391	0.0280704	0	0
3390	0.0276369	0	0
3389	0.0272119	0	0
3388	0.0267957	0	0
3387	0.0263882	0	0
3386	0.0259896	0	0
3385	0.0255998	0	0
3384	0.0252187	0	0
3383	0.0248462	0	0
3382	0.0244824	0	0
3381	0.024127	0	0
3380	0.0237799	0	0
3379	0.0234409	0	0
3378	0.02311	0	0
3377	0.0227869	0	0
3376	0.0224715	0	0
3375	0.0221636	0	0
3374	0.021863	0	0
3373	0.0215695	0	0
3372	0.0212829	0	0
3371	0.0210032	0	0
3370	0.02073	0	0
3369	0.0204633	0	0
3368	0.0202028	0	0
3367	0.0199481	0	0
3366	0.019698	0	0
3365	0.0194537	0	0
3364	0.019215	0	0
3363	0.0189818	0	0
3362	0.0187539	0	0
3361	0.0185313	0	0
3360	0.0183137	0	0
3359	0.018101	0	0
3358	0.0178932	0	0
3357	0.0176901	0	0
3356	0.0174916	0	0
3355	0.0172976	0	0
3354	0.017108	0	0
3353	0.0169227	0	0
3352	0.0167416	0	0
3351	0.0165646	0	0
3350	0.0163916	0	0
3349	0.0162226	0	0
3348	0.0160575	0	0
3347	0.0158962	0	0
3346	0.0157386	0	0
3345	0.0155847	0	0
3344	0.0154345	0	0
3343	0.0152878	0	0
3342	0.0151447	0	0
3341	0.0150051	0	0
3340	0.0148689	0	0
3339	0.0147361	0	0
3338	0.0146066	0	0
3337	0.0144805	0	0
3336	0.0143576	0	0
3335	0.0142381	0	0
3334	0.0141217	0	0
3333	0.0140086	0	0
3332	0.0138987	0	0
3331	0.0137919	0	0
3330	0.0136883	0	0
3329	0.0135878	0	0
3328	0.0134905	0	0
3327	0.0133963	0	0
3326	0.0133051	0	0
3325	0.0132171	0	0
3324	0.0131321	0	0
3323	0.0130502	0	0
3322	0.0129714	0	0
3321	0.0128957	0	0
3320	0.012823	0	0
3319	0.0127534	0	0
3318	0.0126869	0	0
3317	0.0126234	0	0
3316	0.0125631	0	0
3315	0.0125058	0	0
3314	0.0124516	0	0
3313	0.0124005	0	0
3312	0.0123525	0	0
3311	0.0123076	0	0
3310	0.0122659	0	0
3309	0.0122273	0	0
3308	0.0121918	0	0
3307	0.0121596	0	0
3306	0.0121304	0	0
3305	0.0121045	0	0
3304	0.0120818	0	0
3303	0.0120624	0	0
3302	0.0120462	0	0
3301	0.0120332	0	0
3300	0.0120235	0	0
3299	0.0120172	0	0
3298	0.0120142	0	0
3297	0.0120146	0	0
3296	0.0120183	0	0
3295	0.0120255	0	0
3294	0.0120361	0	0
3293	0.0120502	0	0
3292	0.0120678	0	0
3291	0.0120889	0	0
3290	0.0121136	0	0
3289	0.012142	0	0
3288	0.012174	0	0
3287	0.0122097	0	0
3286	0.0122491	0	0
3285	0.0122923	0	0
3284	0.0123393	0	0
3283	0.0123903	0	0
3282	0.0124451	0	0
3281	0.012504	0	0
3280	0.0125669	0	0
3279	0.0126339	0	0
3278	0.012705	0	0
3277	0.0127804	0	0
3276	0.0128601	0	0
3275	0.0129441	0	0
3274	0.0130326	0	0
3273	0.0131256	0	0
3272	0.0132232	0	0
3271	0.0133255	0	0
3270	0.0134325	0	0
3269	0.0135443	0	0
3268	0.0136611	0	0
3267	0.0137829	0	0
3266	0.0139098	0	0
3265	0.0140419	0	0
3264	0.0141794	0	0
3263	0.0143222	0	0
3262	0.0144705	0	0
3261	0.0146245	0	0
3260	0.0147842	0	0
3259	0.0149497	0	0
3258	0.0151212	0	0
3257	0.0152987	0	0
3256	0.0154823	0	0
3255	0.0156722	0	0
3254	0.0158684	0	0
3253	0.016071	0	0
3252	0.0162802	0	0
3251	0.0164959	0	0
3250	0.0167184	0	0
3249	0.0169475	0	0
3248	0.0171835	0	0
3247	0.0174263	0	0
3246	0.017676	0	0
3245	0.0179325	0	0
3244	0.0181959	0	0
3243	0.018466	0	0
3242	0.0187429	0	0
3241	0.0190264	0	0
3240	0.0193163	0	0
3239	0.0196126	0	0
3238	0.0199149	0	0
3237	0.020223	0	0
3236	0.0205366	0	0
3235	0.0208552	0	0
3234	0.0211784	0	0
3233	0.0215056	0	0
3232	0.0218363	0	0
3231	0.0221697	0	0
3230	0.022505	0	0
3229	0.0228414	0	0
3228	0.0231778	0	0
3227	0.0235131	0	0
3226	0.0238461	0	0
3225	0.0241754	0	0
3224	0.0244996	0	0
3223	0.0248172	0	0
3222	0.0251264	0	0
3221	0.0254254	0	0
3220	0.0257123	0	0
3219	0.0259851	0	0
3218	0.0262418	0	0
3217	0.0264802	0	0
3216	0.026698	0	0
3215	0.0268932	0	0
3214	0.0270635	0	0
3213	0.0272066	0	0
3212	0.0273206	0	0
3211	0.0274035	0	0
3210	0.0274533	0	0
3209	0.0274684	0	0
3208	0.0274475	0	0
3207	0.0273892	0	0
3206	0.0272927	0	0
3205	0.0271574	0	0
3204	0.0269831	0	0
3203	0.0267698	0	0
3202	0.0265181	0	0
3201	0.0262285	0	0
3200	0.0259021	0	0
3199	0.0255403	0	0
3198	0.0251447	0	0
3197	0.0247173	0	0
3196	0.0242602	0	0
3195	0.0237759	0	0
3194	0.0232669	0	0
3193	0.0227358	0	0
3192	0.0221855	0	0
3191	0.0216187	0	0
3190	0.0210383	0	0
3189	0.0204469	0	0
3188	0.0198473	0	0
3187	0.019242	0	0
3186	0.0186336	0	0
3185	0.0180243	0	0
3184	0.0174163	0	0
3183	0.0168115	0	0
3182	0.0162118	0	0
3181	0.0156188	0	0
3180	0.015034	0	0
3179	0.0144585	0	0
3178	0.0138937	0	0
3177	0.0133402	0	0
3176	0.0127991	0	0
3175	0.0122708	0	0
3174	0.011756	0	0
3173	0.0112549	0	0
3172	0.010768	0	0
3171	0.0102953	0	0
3170	0.00983704	0	0
3169	0.00939313	0	0
3168	0.00896357	0	0
3167	0.00854824	0	0
3166	0.00814697	0	0
3165	0.00775958	0	0
3164	0.00738582	0	0
3163	0.00702542	0	0
3162	0.00667809	0	0
3161	0.00634352	0	0
3160	0.00602138	0	0
3159	0.00571134	0	0
3158	0.00541307	0	0
3157	0.00512621	0	0
3156	0.00485042	0	0
3155	0.00458535	0	0
3154	0.00433067	0	0
3153	0.00408604	0	0
3152	0.00385112	0	0
3151	0.0036256	0	0
3150	0.00340917	0	0
3149	0.00320151	0	0
3148	0.00300234	0	0
3147	0.00281136	0	0
3146	0.00262831	0	0
3145	0.00245292	0	0
3144	0.00228493	0	0
3143	0.00212411	0	0
3142	0.00197023	0	0
3141	0.00182307	0	0
3140	0.00168241	0	0
3139	0.00154807	0	0
3138	0.00141985	0	0
3137	0.00129758	0	0
3136	0.00118111	0	0
3135	0.00107027	0	0
3134	0.00096494	0	0
3133	0.000864978	0	0
3132	0.000770276	0	0
3131	0.000680732	0	0
3130	0.000596261	0	0
3129	0.000516793	0	0
3128	0.000442275	0	0
3127	0.000372679	0	0
3126	0.000307997	0	0
3125	0.000248259	0	0
3124	0.000193533	0	0
3123	0.000143952	0	0
3122	9.97376e-05	0	0
3121	6.12671e-05	0	0
3120	2.92214e-05	0	0
3119	5.06371e-06	0	0
3118	-2.03919e-06	0	0
3117	0	0	0
3116	0	0	0
3115	0	0	0
3114	0	0	0
3113	0	0	0
3112	0	0	0
3111	0	0	0
3110	0	0	0
3109	0	0	0
3108	0	0	0
3107	0	0	0
3106	0	0	0
3105	0	0	0
3104	0	0	0
3103	0	0	0
3102	0	0	0
3101	0	0	0
3100	0	0	0
3099	0	0	0
3098	0	0	0
3097	0	0	0
3096	0	0	0
3095	0	0	0
3094	0	0	0
3093	0	0	0
3092	0	0	0
3091	0	0	0
3090	0	0	0
3089	0	0	0
3088	0	0	0
3087	0	0	0
3086	0	0	0
3085	0	0	0
3084	0	0	0
3083	0	0	0
3082	0	0	0
3081	0	0	0
3080	0	0	0
3079	0	0	0
3078	0	0	0
3077	0	0	0
3076	0	0	0
3075	0	0	0
3074	0	0	0
3073	0	0	0
3072	0	0	0
3071	0	0	0
3070	0	0	0
3069	0	0	0
3068	0	0	0
3067	0	0	0
3066	0	0	0
3065	0	0	0
3064	0	0	0
3063	0	0	0
3062	0	0	0
3061	0	0	0
3060	0	0	0
3059	0	0	0
3058	0	0	0
3057	0	0	0
3056	0	0	0
3055	0	0	0
3054	0	0	0
3053	0	0	0
3052	0	0	0
3051	0	0	0
3050	0	0	0
3049	0	0	0
3048	0	0	0
3047	0	0	0
3046	0	0	0
3045	0	0	0
3044	0	0	0
3043	0	0	0
3042	0	0	0
