7379	-3876.58	0	0
7378	-1915.84	0	0
7377	-1273.1	0	0
7376	-954.525	0	0
7375	-764.374	0	0
7374	-638.012	0	0
7373	-547.926	0	0
7372	-480.434	0	0
7371	-427.964	0	0
7370	-385.989	0	0
7369	-351.637	0	0
7368	-322.994	0	0
7367	-298.741	0	0
7366	-277.935	0	0
7365	-259.886	0	0
7364	-244.077	0	0
7363	-230.112	0	0
7362	-217.686	0	0
7361	-206.554	0	0
7360	-196.524	0	0
7359	-187.438	0	0
7358	-179.168	0	0
7357	-171.608	0	0
7356	-164.669	0	0
7355	-158.278	0	0
7354	-152.372	0	0
7353	-146.896	0	0
7352	-141.806	0	0
7351	-137.061	0	0
7350	-132.627	0	0
7349	-128.475	0	0
7348	-124.577	0	0
7347	-120.912	0	0
7346	-117.459	0	0
7345	-114.199	0	0
7344	-111.117	0	0
7343	-108.199	0	0
7342	-105.431	0	0
7341	-102.803	0	0
7340	-100.303	0	0
7339	-97.9232	0	0
7338	-95.6543	0	0
7337	-93.4889	0	0
7336	-91.4199	0	0
7335	-89.4411	0	0
7334	-87.5465	0	0
7333	-85.731	0	0
7332	-83.9895	0	0
7331	-82.3176	0	0
7330	-80.7113	0	0
7329	-79.1666	0	0
7328	-77.6801	0	0
7327	-76.2485	0	0
7326	-74.8688	0	0
7325	-73.5382	0	0
7324	-72.2541	0	0
7323	-71.0142	0	0
7322	-69.8161	0	0
7321	-68.6578	0	0
7320	-67.5372	0	0
7319	-66.4526	0	0
7318	-65.4022	0	0
7317	-64.3845	0	0
7316	-63.3979	0	0
7315	-62.4411	0	0
7314	-61.5126	0	0
7313	-60.6112	0	0
7312	-59.7358	0	0
7311	-58.8852	0	0
7310	-58.0585	0	0
7309	-57.2545	0	0
7308	-56.4724	0	0
7307	-55.7112	0	0
7306	-54.9702	0	0
7305	-54.2486	0	0
7304	-53.5455	0	0
7303	-52.8603	0	0
7302	-52.1924	0	0
7301	-51.541	0	0
7300	-50.9055	0	0
7299	-50.2855	0	0
7298	-49.6802	0	0
7297	-49.0892	0	0
7296	-48.512	0	0
7295	-47.9482	0	0
7294	-47.3971	0	0
7293	-46.8585	0	0
7292	-46.3319	0	0
7291	-45.8169	0	0
7290	-45.3132	0	0
7289	-44.8202	0	0
7288	-44.3378	0	0
7287	-43.8656	0	0
7286	-43.4032	0	0
7285	-42.9504	0	0
7284	-42.5068	0	0
7283	-42.0722	0	0
7282	-41.6463	0	0
7281	-41.2288	0	0
7280	-40.8196	0	0
7279	-40.4183	0	0
7278	-40.0247	0	0
7277	-39.6387	0	0
7276	-39.2599	0	0
7275	-38.8882	0	0
7274	-38.5234	0	0
7273	-38.1653	0	0
7272	-37.8138	0	0
7271	-37.4685	0	0
7270	-37.1295	0	0
7269	-36.7964	0	0
7268	-36.4692	0	0
7267	-36.1477	0	0
7266	-35.8317	0	0
7265	-35.5212	0	0
7264	-35.2159	0	0
7263	-34.9158	0	0
7262	-34.6206	0	0
7261	-34.3304	0	0
7260	-34.0449	0	0
7259	-33.764	0	0
7258	-33.4877	0	0
7257	-33.2158	0	0
7256	-32.9483	0	0
7255	-32.6849	0	0
7254	-32.4257	0	0
7253	-32.1705	0	0
7252	-31.9193	0	0
7251	-31.6718	0	0
7250	-31.4282	0	0
7249	-31.1882	0	0
7248	-30.9518	0	0
7247	-30.7189	0	0
7246	-30.4894	0	0
7245	-30.2633	0	0
7244	-30.0405	0	0
7243	-29.8208	0	0
7242	-29.6043	0	0
7241	-29.3909	0	0
7240	-29.1805	0	0
7239	-28.9731	0	0
7238	-28.7685	0	0
7237	-28.5668	0	0
7236	-28.3679	0	0
7235	-28.1716	0	0
7234	-27.9781	0	0
7233	-27.7871	0	0
7232	-27.5987	0	0
7231	-27.4128	0	0
7230	-27.2293	0	0
7229	-27.0483	0	0
7228	-26.8696	0	0
7227	-26.6932	0	0
7226	-26.5191	0	0
7225	-26.3473	0	0
7224	-26.1776	0	0
7223	-26.01	0	0
7222	-25.8446	0	0
7221	-25.6812	0	0
7220	-25.5198	0	0
7219	-25.3605	0	0
7218	-25.203	0	0
7217	-25.0475	0	0
7216	-24.8939	0	0
7215	-24.7422	0	0
7214	-24.5922	0	0
7213	-24.444	0	0
7212	-24.2976	0	0
7211	-24.1529	0	0
7210	-24.0099	0	0
7209	-23.8686	0	0
7208	-23.7289	0	0
7207	-23.5908	0	0
7206	-23.4543	0	0
7205	-23.3193	0	0
7204	-23.1859	0	0
7203	-23.0539	0	0
7202	-22.9234	0	0
7201	-22.7944	0	0
7200	-22.6668	0	0
7199	-22.5407	0	0
7198	-22.4159	0	0
7197	-22.2924	0	0
7196	-22.1703	0	0
7195	-22.0495	0	0
7194	-21.93	0	0
7193	-21.8118	0	0
7192	-21.6948	0	0
7191	-21.5791	0	0
7190	-21.4646	0	0
7189	-21.3513	0	0
7188	-21.2391	0	0
7187	-21.1281	0	0
7186	-21.0183	0	0
7185	-20.9096	0	0
7184	-20.802	0	0
7183	-20.6955	0	0
7182	-20.59	0	0
7181	-20.4856	0	0
7180	-20.3823	0	0
7179	-20.28	0	0
7178	-20.1787	0	0
7177	-20.0784	0	0
7176	-19.9791	0	0
7175	-19.8807	0	0
7174	-19.7834	0	0
7173	-19.6869	0	0
7172	-19.5914	0	0
7171	-19.4968	0	0
7170	-19.4031	0	0
7169	-19.3103	0	0
7168	-19.2183	0	0
7167	-19.1273	0	0
7166	-19.037	0	0
7165	-18.9477	0	0
7164	-18.8591	0	0
7163	-18.7714	0	0
7162	-18.6845	0	0
7161	-18.5984	0	0
7160	-18.513	0	0
7159	-18.4285	0	0
7158	-18.3447	0	0
7157	-18.2616	0	0
7156	-18.1793	0	0
7155	-18.0977	0	0
7154	-18.0169	0	0
7153	-17.9368	0	0
7152	-17.8574	0	0
7151	-17.7786	0	0
7150	-17.7006	0	0
7149	-17.6233	0	0
7148	-17.5466	0	0
7147	-17.4706	0	0
7146	-17.3952	0	0
7145	-17.3205	0	0
7144	-17.2464	0	0
7143	-17.1729	0	0
7142	-17.1001	0	0
7141	-17.0279	0	0
7140	-16.9563	0	0
7139	-16.8852	0	0
7138	-16.8148	0	0
7137	-16.745	0	0
7136	-16.6757	0	0
7135	-16.607	0	0
7134	-16.5389	0	0
7133	-16.4713	0	0
7132	-16.4043	0	0
7131	-16.3378	0	0
7130	-16.2719	0	0
7129	-16.2064	0	0
7128	-16.1415	0	0
7127	-16.0772	0	0
7126	-16.0133	0	0
7125	-15.95	0	0
7124	-15.8871	0	0
7123	-15.8247	0	0
7122	-15.7629	0	0
7121	-15.7015	0	0
7120	-15.6406	0	0
7119	-15.5801	0	0
7118	-15.5201	0	0
7117	-15.4606	0	0
7116	-15.4016	0	0
7115	-15.343	0	0
7114	-15.2848	0	0
7113	-15.2271	0	0
7112	-15.1698	0	0
7111	-15.1129	0	0
7110	-15.0565	0	0
7109	-15.0005	0	0
7108	-14.9449	0	0
7107	-14.8897	0	0
7106	-14.835	0	0
7105	-14.7806	0	0
7104	-14.7266	0	0
7103	-14.6731	0	0
7102	-14.6199	0	0
7101	-14.5671	0	0
7100	-14.5147	0	0
7099	-14.4626	0	0
7098	-14.411	0	0
7097	-14.3597	0	0
7096	-14.3088	0	0
7095	-14.2582	0	0
7094	-14.208	0	0
7093	-14.1582	0	0
7092	-14.1087	0	0
7091	-14.0595	0	0
7090	-14.0107	0	0
7089	-13.9623	0	0
7088	-13.9141	0	0
7087	-13.8664	0	0
7086	-13.8189	0	0
7085	-13.7718	0	0
7084	-13.7249	0	0
7083	-13.6785	0	0
7082	-13.6323	0	0
7081	-13.5864	0	0
7080	-13.5409	0	0
7079	-13.4956	0	0
7078	-13.4507	0	0
7077	-13.4061	0	0
7076	-13.3617	0	0
7075	-13.3177	0	0
7074	-13.274	0	0
7073	-13.2305	0	0
7072	-13.1873	0	0
7071	-13.1445	0	0
7070	-13.1019	0	0
7069	-13.0595	0	0
7068	-13.0175	0	0
7067	-12.9757	0	0
7066	-12.9342	0	0
7065	-12.893	0	0
7064	-12.852	0	0
7063	-12.8113	0	0
7062	-12.7709	0	0
7061	-12.7307	0	0
7060	-12.6908	0	0
7059	-12.6511	0	0
7058	-12.6117	0	0
7057	-12.5725	0	0
7056	-12.5336	0	0
7055	-12.4949	0	0
7054	-12.4565	0	0
7053	-12.4183	0	0
7052	-12.3803	0	0
7051	-12.3426	0	0
7050	-12.3051	0	0
7049	-12.2678	0	0
7048	-12.2308	0	0
7047	-12.194	0	0
7046	-12.1574	0	0
7045	-12.1211	0	0
7044	-12.085	0	0
7043	-12.049	0	0
7042	-12.0133	0	0
7041	-11.9779	0	0
7040	-11.9426	0	0
7039	-11.9075	0	0
7038	-11.8727	0	0
7037	-11.8381	0	0
7036	-11.8036	0	0
7035	-11.7694	0	0
7034	-11.7354	0	0
7033	-11.7016	0	0
7032	-11.6679	0	0
7031	-11.6345	0	0
7030	-11.6013	0	0
7029	-11.5682	0	0
7028	-11.5354	0	0
7027	-11.5027	0	0
7026	-11.4703	0	0
7025	-11.438	0	0
7024	-11.4059	0	0
7023	-11.374	0	0
7022	-11.3423	0	0
7021	-11.3107	0	0
7020	-11.2794	0	0
7019	-11.2482	0	0
7018	-11.2172	0	0
7017	-11.1863	0	0
7016	-11.1557	0	0
7015	-11.1252	0	0
7014	-11.0949	0	0
7013	-11.0647	0	0
7012	-11.0348	0	0
7011	-11.0049	0	0
7010	-10.9753	0	0
7009	-10.9458	0	0
7008	-10.9165	0	0
7007	-10.8873	0	0
7006	-10.8583	0	0
7005	-10.8295	0	0
7004	-10.8008	0	0
7003	-10.7723	0	0
7002	-10.7439	0	0
7001	-10.7157	0	0
7000	-10.6877	0	0
6999	-10.6598	0	0
6998	-10.632	0	0
6997	-10.6044	0	0
6996	-10.5769	0	0
6995	-10.5496	0	0
6994	-10.5224	0	0
6993	-10.4954	0	0
6992	-10.4685	0	0
6991	-10.4418	0	0
6990	-10.4152	0	0
6989	-10.3887	0	0
6988	-10.3624	0	0
6987	-10.3362	0	0
6986	-10.3102	0	0
6985	-10.2843	0	0
6984	-10.2585	0	0
6983	-10.2328	0	0
6982	-10.2073	0	0
6981	-10.182	0	0
6980	-10.1567	0	0
6979	-10.1316	0	0
6978	-10.1066	0	0
6977	-10.0818	0	0
6976	-10.057	0	0
6975	-10.0324	0	0
6974	-10.0079	0	0
6973	-9.98358	0	0
6972	-9.95934	0	0
6971	-9.93523	0	0
6970	-9.91124	0	0
6969	-9.88737	0	0
6968	-9.86362	0	0
6967	-9.83999	0	0
6966	-9.81647	0	0
6965	-9.79307	0	0
6964	-9.76979	0	0
6963	-9.74663	0	0
6962	-9.72358	0	0
6961	-9.70064	0	0
6960	-9.67781	0	0
6959	-9.6551	0	0
6958	-9.6325	0	0
6957	-9.61001	0	0
6956	-9.58763	0	0
6955	-9.56535	0	0
6954	-9.54319	0	0
6953	-9.52113	0	0
6952	-9.49918	0	0
6951	-9.47733	0	0
6950	-9.45559	0	0
6949	-9.43396	0	0
6948	-9.41243	0	0
6947	-9.391	0	0
6946	-9.36967	0	0
6945	-9.34844	0	0
6944	-9.32732	0	0
6943	-9.30629	0	0
6942	-9.28537	0	0
6941	-9.26454	0	0
6940	-9.24381	0	0
6939	-9.22318	0	0
6938	-9.20264	0	0
6937	-9.1822	0	0
6936	-9.16186	0	0
6935	-9.14161	0	0
6934	-9.12145	0	0
6933	-9.10139	0	0
6932	-9.08142	0	0
6931	-9.06154	0	0
6930	-9.04176	0	0
6929	-9.02206	0	0
6928	-9.00246	0	0
6927	-8.98294	0	0
6926	-8.96352	0	0
6925	-8.94418	0	0
6924	-8.92493	0	0
6923	-8.90577	0	0
6922	-8.88669	0	0
6921	-8.8677	0	0
6920	-8.8488	0	0
6919	-8.82998	0	0
6918	-8.81124	0	0
6917	-8.79259	0	0
6916	-8.77403	0	0
6915	-8.75554	0	0
6914	-8.73714	0	0
6913	-8.71882	0	0
6912	-8.70058	0	0
6911	-8.68242	0	0
6910	-8.66434	0	0
6909	-8.64634	0	0
6908	-8.62842	0	0
6907	-8.61058	0	0
6906	-8.59282	0	0
6905	-8.57513	0	0
6904	-8.55753	0	0
6903	-8.53999	0	0
6902	-8.52254	0	0
6901	-8.50516	0	0
6900	-8.48785	0	0
6899	-8.47062	0	0
6898	-8.45347	0	0
6897	-8.43639	0	0
6896	-8.41938	0	0
6895	-8.40244	0	0
6894	-8.38558	0	0
6893	-8.36879	0	0
6892	-8.35207	0	0
6891	-8.33542	0	0
6890	-8.31884	0	0
6889	-8.30233	0	0
6888	-8.28589	0	0
6887	-8.26952	0	0
6886	-8.25322	0	0
6885	-8.23699	0	0
6884	-8.22083	0	0
6883	-8.20473	0	0
6882	-8.1887	0	0
6881	-8.17274	0	0
6880	-8.15684	0	0
6879	-8.14101	0	0
6878	-8.12525	0	0
6877	-8.10955	0	0
6876	-8.09391	0	0
6875	-8.07834	0	0
6874	-8.06284	0	0
6873	-8.04739	0	0
6872	-8.03201	0	0
6871	-8.0167	0	0
6870	-8.00144	0	0
6869	-7.98625	0	0
6868	-7.97112	0	0
6867	-7.95605	0	0
6866	-7.94104	0	0
6865	-7.9261	0	0
6864	-7.91121	0	0
6863	-7.89638	0	0
6862	-7.88162	0	0
6861	-7.86691	0	0
6860	-7.85226	0	0
6859	-7.83767	0	0
6858	-7.82313	0	0
6857	-7.80866	0	0
6856	-7.79424	0	0
6855	-7.77988	0	0
6854	-7.76558	0	0
6853	-7.75133	0	0
6852	-7.73714	0	0
6851	-7.72301	0	0
6850	-7.70893	0	0
6849	-7.6949	0	0
6848	-7.68094	0	0
6847	-7.66702	0	0
6846	-7.65316	0	0
6845	-7.63935	0	0
6844	-7.6256	0	0
6843	-7.6119	0	0
6842	-7.59826	0	0
6841	-7.58466	0	0
6840	-7.57112	0	0
6839	-7.55763	0	0
6838	-7.5442	0	0
6837	-7.53081	0	0
6836	-7.51748	0	0
6835	-7.50419	0	0
6834	-7.49096	0	0
6833	-7.47778	0	0
6832	-7.46465	0	0
6831	-7.45157	0	0
6830	-7.43853	0	0
6829	-7.42555	0	0
6828	-7.41262	0	0
6827	-7.39973	0	0
6826	-7.38689	0	0
6825	-7.37411	0	0
6824	-7.36136	0	0
6823	-7.34867	0	0
6822	-7.33603	0	0
6821	-7.32343	0	0
6820	-7.31088	0	0
6819	-7.29837	0	0
6818	-7.28591	0	0
6817	-7.2735	0	0
6816	-7.26113	0	0
6815	-7.24881	0	0
6814	-7.23654	0	0
6813	-7.22431	0	0
6812	-7.21212	0	0
6811	-7.19998	0	0
6810	-7.18789	0	0
6809	-7.17583	0	0
6808	-7.16383	0	0
6807	-7.15186	0	0
6806	-7.13994	0	0
6805	-7.12806	0	0
6804	-7.11623	0	0
6803	-7.10444	0	0
6802	-7.09269	0	0
6801	-7.08098	0	0
6800	-7.06932	0	0
6799	-7.0577	0	0
6798	-7.04611	0	0
6797	-7.03457	0	0
6796	-7.02308	0	0
6795	-7.01162	0	0
6794	-7.0002	0	0
6793	-6.98883	0	0
6792	-6.97749	0	0
6791	-6.9662	0	0
6790	-6.95494	0	0
6789	-6.94372	0	0
6788	-6.93255	0	0
6787	-6.92141	0	0
6786	-6.91031	0	0
6785	-6.89926	0	0
6784	-6.88824	0	0
6783	-6.87725	0	0
6782	-6.86631	0	0
6781	-6.85541	0	0
6780	-6.84454	0	0
6779	-6.83371	0	0
6778	-6.82292	0	0
6777	-6.81216	0	0
6776	-6.80145	0	0
6775	-6.79077	0	0
6774	-6.78012	0	0
6773	-6.76952	0	0
6772	-6.75895	0	0
6771	-6.74841	0	0
6770	-6.73792	0	0
6769	-6.72745	0	0
6768	-6.71703	0	0
6767	-6.70664	0	0
6766	-6.69628	0	0
6765	-6.68596	0	0
6764	-6.67567	0	0
6763	-6.66542	0	0
6762	-6.65521	0	0
6761	-6.64503	0	0
6760	-6.63488	0	0
6759	-6.62477	0	0
6758	-6.61469	0	0
6757	-6.60464	0	0
6756	-6.59463	0	0
6755	-6.58465	0	0
6754	-6.57471	0	0
6753	-6.5648	0	0
6752	-6.55492	0	0
6751	-6.54507	0	0
6750	-6.53526	0	0
6749	-6.52548	0	0
6748	-6.51573	0	0
6747	-6.50601	0	0
6746	-6.49633	0	0
6745	-6.48668	0	0
6744	-6.47706	0	0
6743	-6.46747	0	0
6742	-6.45791	0	0
6741	-6.44838	0	0
6740	-6.43889	0	0
6739	-6.42942	0	0
6738	-6.41999	0	0
6737	-6.41059	0	0
6736	-6.40121	0	0
6735	-6.39187	0	0
6734	-6.38256	0	0
6733	-6.37328	0	0
6732	-6.36402	0	0
6731	-6.3548	0	0
6730	-6.34561	0	0
6729	-6.33645	0	0
6728	-6.32731	0	0
6727	-6.31821	0	0
6726	-6.30913	0	0
6725	-6.30009	0	0
6724	-6.29107	0	0
6723	-6.28208	0	0
6722	-6.27312	0	0
6721	-6.26419	0	0
6720	-6.25528	0	0
6719	-6.24641	0	0
6718	-6.23756	0	0
6717	-6.22874	0	0
6716	-6.21995	0	0
6715	-6.21119	0	0
6714	-6.20245	0	0
6713	-6.19374	0	0
6712	-6.18506	0	0
6711	-6.1764	0	0
6710	-6.16777	0	0
6709	-6.15917	0	0
6708	-6.1506	0	0
6707	-6.14205	0	0
6706	-6.13353	0	0
6705	-6.12503	0	0
6704	-6.11656	0	0
6703	-6.10812	0	0
6702	-6.09971	0	0
6701	-6.09131	0	0
6700	-6.08295	0	0
6699	-6.07461	0	0
6698	-6.0663	0	0
6697	-6.05801	0	0
6696	-6.04974	0	0
6695	-6.04151	0	0
6694	-6.03329	0	0
6693	-6.02511	0	0
6692	-6.01694	0	0
6691	-6.00881	0	0
6690	-6.00069	0	0
6689	-5.9926	0	0
6688	-5.98454	0	0
6687	-5.9765	0	0
6686	-5.96848	0	0
6685	-5.96049	0	0
6684	-5.95252	0	0
6683	-5.94458	0	0
6682	-5.93666	0	0
6681	-5.92876	0	0
6680	-5.92089	0	0
6679	-5.91304	0	0
6678	-5.90521	0	0
6677	-5.89741	0	0
6676	-5.88963	0	0
6675	-5.88187	0	0
6674	-5.87414	0	0
6673	-5.86643	0	0
6672	-5.85874	0	0
6671	-5.85107	0	0
6670	-5.84343	0	0
6669	-5.83581	0	0
6668	-5.82821	0	0
6667	-5.82063	0	0
6666	-5.81308	0	0
6665	-5.80555	0	0
6664	-5.79804	0	0
6663	-5.79055	0	0
6662	-5.78308	0	0
6661	-5.77564	0	0
6660	-5.76821	0	0
6659	-5.76081	0	0
6658	-5.75343	0	0
6657	-5.74607	0	0
6656	-5.73874	0	0
6655	-5.73142	0	0
6654	-5.72412	0	0
6653	-5.71685	0	0
6652	-5.70959	0	0
6651	-5.70236	0	0
6650	-5.69515	0	0
6649	-5.68796	0	0
6648	-5.68079	0	0
6647	-5.67364	0	0
6646	-5.6665	0	0
6645	-5.65939	0	0
6644	-5.6523	0	0
6643	-5.64523	0	0
6642	-5.63818	0	0
6641	-5.63115	0	0
6640	-5.62414	0	0
6639	-5.61715	0	0
6638	-5.61018	0	0
6637	-5.60323	0	0
6636	-5.5963	0	0
6635	-5.58939	0	0
6634	-5.58249	0	0
6633	-5.57562	0	0
6632	-5.56876	0	0
6631	-5.56193	0	0
6630	-5.55511	0	0
6629	-5.54831	0	0
6628	-5.54153	0	0
6627	-5.53477	0	0
6626	-5.52803	0	0
6625	-5.52131	0	0
6624	-5.51461	0	0
6623	-5.50792	0	0
6622	-5.50125	0	0
6621	-5.4946	0	0
6620	-5.48797	0	0
6619	-5.48136	0	0
6618	-5.47476	0	0
6617	-5.46819	0	0
6616	-5.46163	0	0
6615	-5.45509	0	0
6614	-5.44857	0	0
6613	-5.44206	0	0
6612	-5.43557	0	0
6611	-5.4291	0	0
6610	-5.42265	0	0
6609	-5.41621	0	0
6608	-5.4098	0	0
6607	-5.4034	0	0
6606	-5.39701	0	0
6605	-5.39065	0	0
6604	-5.3843	0	0
6603	-5.37797	0	0
6602	-5.37165	0	0
6601	-5.36535	0	0
6600	-5.35907	0	0
6599	-5.35281	0	0
6598	-5.34656	0	0
6597	-5.34033	0	0
6596	-5.33411	0	0
6595	-5.32791	0	0
6594	-5.32173	0	0
6593	-5.31557	0	0
6592	-5.30942	0	0
6591	-5.30328	0	0
6590	-5.29717	0	0
6589	-5.29107	0	0
6588	-5.28498	0	0
6587	-5.27891	0	0
6586	-5.27286	0	0
6585	-5.26682	0	0
6584	-5.2608	0	0
6583	-5.25479	0	0
6582	-5.2488	0	0
6581	-5.24283	0	0
6580	-5.23687	0	0
6579	-5.23093	0	0
6578	-5.225	0	0
6577	-5.21909	0	0
6576	-5.21319	0	0
6575	-5.20731	0	0
6574	-5.20144	0	0
6573	-5.19559	0	0
6572	-5.18975	0	0
6571	-5.18393	0	0
6570	-5.17812	0	0
6569	-5.17233	0	0
6568	-5.16655	0	0
6567	-5.16079	0	0
6566	-5.15504	0	0
6565	-5.14931	0	0
6564	-5.14359	0	0
6563	-5.13789	0	0
6562	-5.1322	0	0
6561	-5.12652	0	0
6560	-5.12086	0	0
6559	-5.11522	0	0
6558	-5.10959	0	0
6557	-5.10397	0	0
6556	-5.09836	0	0
6555	-5.09277	0	0
6554	-5.0872	0	0
6553	-5.08164	0	0
6552	-5.07609	0	0
6551	-5.07056	0	0
6550	-5.06504	0	0
6549	-5.05953	0	0
6548	-5.05404	0	0
6547	-5.04856	0	0
6546	-5.04309	0	0
6545	-5.03764	0	0
6544	-5.0322	0	0
6543	-5.02678	0	0
6542	-5.02137	0	0
6541	-5.01597	0	0
6540	-5.01059	0	0
6539	-5.00522	0	0
6538	-4.99986	0	0
6537	-4.99451	0	0
6536	-4.98918	0	0
6535	-4.98386	0	0
6534	-4.97856	0	0
6533	-4.97327	0	0
6532	-4.96799	0	0
6531	-4.96272	0	0
6530	-4.95747	0	0
6529	-4.95222	0	0
6528	-4.947	0	0
6527	-4.94178	0	0
6526	-4.93658	0	0
6525	-4.93139	0	0
6524	-4.92621	0	0
6523	-4.92104	0	0
6522	-4.91589	0	0
6521	-4.91075	0	0
6520	-4.90562	0	0
6519	-4.90051	0	0
6518	-4.8954	0	0
6517	-4.89031	0	0
6516	-4.88523	0	0
6515	-4.88017	0	0
6514	-4.87511	0	0
6513	-4.87007	0	0
6512	-4.86504	0	0
6511	-4.86002	0	0
6510	-4.85501	0	0
6509	-4.85002	0	0
6508	-4.84504	0	0
6507	-4.84006	0	0
6506	-4.83511	0	0
6505	-4.83016	0	0
6504	-4.82522	0	0
6503	-4.8203	0	0
6502	-4.81538	0	0
6501	-4.81048	0	0
6500	-4.80559	0	0
6499	-4.80072	0	0
6498	-4.79585	0	0
6497	-4.79099	0	0
6496	-4.78615	0	0
6495	-4.78132	0	0
6494	-4.77649	0	0
6493	-4.77168	0	0
6492	-4.76688	0	0
6491	-4.7621	0	0
6490	-4.75732	0	0
6489	-4.75255	0	0
6488	-4.7478	0	0
6487	-4.74305	0	0
6486	-4.73832	0	0
6485	-4.7336	0	0
6484	-4.72889	0	0
6483	-4.72419	0	0
6482	-4.7195	0	0
6481	-4.71482	0	0
6480	-4.71015	0	0
6479	-4.70549	0	0
6478	-4.70085	0	0
6477	-4.69621	0	0
6476	-4.69159	0	0
6475	-4.68697	0	0
6474	-4.68237	0	0
6473	-4.67777	0	0
6472	-4.67319	0	0
6471	-4.66862	0	0
6470	-4.66405	0	0
6469	-4.6595	0	0
6468	-4.65496	0	0
6467	-4.65043	0	0
6466	-4.6459	0	0
6465	-4.64139	0	0
6464	-4.63689	0	0
6463	-4.6324	0	0
6462	-4.62792	0	0
6461	-4.62345	0	0
6460	-4.61898	0	0
6459	-4.61453	0	0
6458	-4.61009	0	0
6457	-4.60566	0	0
6456	-4.60124	0	0
6455	-4.59683	0	0
6454	-4.59242	0	0
6453	-4.58803	0	0
6452	-4.58365	0	0
6451	-4.57928	0	0
6450	-4.57491	0	0
6449	-4.57056	0	0
6448	-4.56621	0	0
6447	-4.56188	0	0
6446	-4.55755	0	0
6445	-4.55324	0	0
6444	-4.54893	0	0
6443	-4.54464	0	0
6442	-4.54035	0	0
6441	-4.53607	0	0
6440	-4.5318	0	0
6439	-4.52754	0	0
6438	-4.52329	0	0
6437	-4.51905	0	0
6436	-4.51482	0	0
6435	-4.5106	0	0
6434	-4.50639	0	0
6433	-4.50218	0	0
6432	-4.49799	0	0
6431	-4.4938	0	0
6430	-4.48962	0	0
6429	-4.48546	0	0
6428	-4.4813	0	0
6427	-4.47715	0	0
6426	-4.47301	0	0
6425	-4.46887	0	0
6424	-4.46475	0	0
6423	-4.46064	0	0
6422	-4.45653	0	0
6421	-4.45243	0	0
6420	-4.44835	0	0
6419	-4.44427	0	0
6418	-4.44019	0	0
6417	-4.43613	0	0
6416	-4.43208	0	0
6415	-4.42803	0	0
6414	-4.424	0	0
6413	-4.41997	0	0
6412	-4.41595	0	0
6411	-4.41194	0	0
6410	-4.40794	0	0
6409	-4.40394	0	0
6408	-4.39996	0	0
6407	-4.39598	0	0
6406	-4.39201	0	0
6405	-4.38805	0	0
6404	-4.3841	0	0
6403	-4.38015	0	0
6402	-4.37622	0	0
6401	-4.37229	0	0
6400	-4.36837	0	0
6399	-4.36446	0	0
6398	-4.36055	0	0
6397	-4.35666	0	0
6396	-4.35277	0	0
6395	-4.34889	0	0
6394	-4.34502	0	0
6393	-4.34116	0	0
6392	-4.3373	0	0
6391	-4.33346	0	0
6390	-4.32962	0	0
6389	-4.32579	0	0
6388	-4.32196	0	0
6387	-4.31815	0	0
6386	-4.31434	0	0
6385	-4.31054	0	0
6384	-4.30675	0	0
6383	-4.30296	0	0
6382	-4.29918	0	0
6381	-4.29541	0	0
6380	-4.29165	0	0
6379	-4.2879	0	0
6378	-4.28415	0	0
6377	-4.28041	0	0
6376	-4.27668	0	0
6375	-4.27296	0	0
6374	-4.26924	0	0
6373	-4.26553	0	0
6372	-4.26183	0	0
6371	-4.25814	0	0
6370	-4.25445	0	0
6369	-4.25077	0	0
6368	-4.2471	0	0
6367	-4.24344	0	0
6366	-4.23978	0	0
6365	-4.23613	0	0
6364	-4.23249	0	0
6363	-4.22886	0	0
6362	-4.22523	0	0
6361	-4.22161	0	0
6360	-4.21799	0	0
6359	-4.21439	0	0
6358	-4.21079	0	0
6357	-4.2072	0	0
6356	-4.20361	0	0
6355	-4.20003	0	0
6354	-4.19646	0	0
6353	-4.1929	0	0
6352	-4.18934	0	0
6351	-4.18579	0	0
6350	-4.18225	0	0
6349	-4.17871	0	0
6348	-4.17519	0	0
6347	-4.17166	0	0
6346	-4.16815	0	0
6345	-4.16464	0	0
6344	-4.16114	0	0
6343	-4.15765	0	0
6342	-4.15416	0	0
6341	-4.15068	0	0
6340	-4.1472	0	0
6339	-4.14373	0	0
6338	-4.14027	0	0
6337	-4.13682	0	0
6336	-4.13337	0	0
6335	-4.12993	0	0
6334	-4.1265	0	0
6333	-4.12307	0	0
6332	-4.11965	0	0
6331	-4.11624	0	0
6330	-4.11283	0	0
6329	-4.10943	0	0
6328	-4.10603	0	0
6327	-4.10264	0	0
6326	-4.09926	0	0
6325	-4.09589	0	0
6324	-4.09252	0	0
6323	-4.08915	0	0
6322	-4.0858	0	0
6321	-4.08245	0	0
6320	-4.07911	0	0
6319	-4.07577	0	0
6318	-4.07244	0	0
6317	-4.06911	0	0
6316	-4.0658	0	0
6315	-4.06248	0	0
6314	-4.05918	0	0
6313	-4.05588	0	0
6312	-4.05258	0	0
6311	-4.0493	0	0
6310	-4.04602	0	0
6309	-4.04274	0	0
6308	-4.03947	0	0
6307	-4.03621	0	0
6306	-4.03295	0	0
6305	-4.0297	0	0
6304	-4.02646	0	0
6303	-4.02322	0	0
6302	-4.01999	0	0
6301	-4.01676	0	0
6300	-4.01354	0	0
6299	-4.01033	0	0
6298	-4.00712	0	0
6297	-4.00392	0	0
6296	-4.00072	0	0
6295	-3.99753	0	0
6294	-3.99435	0	0
6293	-3.99117	0	0
6292	-3.98799	0	0
6291	-3.98483	0	0
6290	-3.98166	0	0
6289	-3.97851	0	0
6288	-3.97536	0	0
6287	-3.97221	0	0
6286	-3.96908	0	0
6285	-3.96594	0	0
6284	-3.96282	0	0
6283	-3.9597	0	0
6282	-3.95658	0	0
6281	-3.95347	0	0
6280	-3.95037	0	0
6279	-3.94727	0	0
6278	-3.94417	0	0
6277	-3.94109	0	0
6276	-3.938	0	0
6275	-3.93493	0	0
6274	-3.93186	0	0
6273	-3.92879	0	0
6272	-3.92573	0	0
6271	-3.92268	0	0
6270	-3.91963	0	0
6269	-3.91658	0	0
6268	-3.91355	0	0
6267	-3.91051	0	0
6266	-3.90749	0	0
6265	-3.90446	0	0
6264	-3.90145	0	0
6263	-3.89844	0	0
6262	-3.89543	0	0
6261	-3.89243	0	0
6260	-3.88944	0	0
6259	-3.88645	0	0
6258	-3.88346	0	0
6257	-3.88048	0	0
6256	-3.87751	0	0
6255	-3.87454	0	0
6254	-3.87157	0	0
6253	-3.86862	0	0
6252	-3.86566	0	0
6251	-3.86272	0	0
6250	-3.85977	0	0
6249	-3.85683	0	0
6248	-3.8539	0	0
6247	-3.85097	0	0
6246	-3.84805	0	0
6245	-3.84513	0	0
6244	-3.84222	0	0
6243	-3.83932	0	0
6242	-3.83641	0	0
6241	-3.83352	0	0
6240	-3.83062	0	0
6239	-3.82774	0	0
6238	-3.82486	0	0
6237	-3.82198	0	0
6236	-3.81911	0	0
6235	-3.81624	0	0
6234	-3.81338	0	0
6233	-3.81052	0	0
6232	-3.80767	0	0
6231	-3.80482	0	0
6230	-3.80198	0	0
6229	-3.79914	0	0
6228	-3.79631	0	0
6227	-3.79348	0	0
6226	-3.79065	0	0
6225	-3.78784	0	0
6224	-3.78502	0	0
6223	-3.78221	0	0
6222	-3.77941	0	0
6221	-3.77661	0	0
6220	-3.77381	0	0
6219	-3.77102	0	0
6218	-3.76824	0	0
6217	-3.76546	0	0
6216	-3.76268	0	0
6215	-3.75991	0	0
6214	-3.75714	0	0
6213	-3.75438	0	0
6212	-3.75162	0	0
6211	-3.74887	0	0
6210	-3.74612	0	0
6209	-3.74338	0	0
6208	-3.74064	0	0
6207	-3.73791	0	0
6206	-3.73518	0	0
6205	-3.73245	0	0
6204	-3.72973	0	0
6203	-3.72701	0	0
6202	-3.7243	0	0
6201	-3.7216	0	0
6200	-3.71889	0	0
6199	-3.71619	0	0
6198	-3.7135	0	0
6197	-3.71081	0	0
6196	-3.70813	0	0
6195	-3.70545	0	0
6194	-3.70277	0	0
6193	-3.7001	0	0
6192	-3.69743	0	0
6191	-3.69477	0	0
6190	-3.69211	0	0
6189	-3.68945	0	0
6188	-3.6868	0	0
6187	-3.68416	0	0
6186	-3.68152	0	0
6185	-3.67888	0	0
6184	-3.67625	0	0
6183	-3.67362	0	0
6182	-3.67099	0	0
6181	-3.66837	0	0
6180	-3.66576	0	0
6179	-3.66315	0	0
6178	-3.66054	0	0
6177	-3.65794	0	0
6176	-3.65534	0	0
6175	-3.65274	0	0
6174	-3.65015	0	0
6173	-3.64756	0	0
6172	-3.64498	0	0
6171	-3.6424	0	0
6170	-3.63983	0	0
6169	-3.63726	0	0
6168	-3.63469	0	0
6167	-3.63213	0	0
6166	-3.62957	0	0
6165	-3.62702	0	0
6164	-3.62447	0	0
6163	-3.62193	0	0
6162	-3.61938	0	0
6161	-3.61685	0	0
6160	-3.61431	0	0
6159	-3.61178	0	0
6158	-3.60926	0	0
6157	-3.60674	0	0
6156	-3.60422	0	0
6155	-3.6017	0	0
6154	-3.5992	0	0
6153	-3.59669	0	0
6152	-3.59419	0	0
6151	-3.59169	0	0
6150	-3.5892	0	0
6149	-3.58671	0	0
6148	-3.58422	0	0
6147	-3.58174	0	0
6146	-3.57926	0	0
6145	-3.57678	0	0
6144	-3.57431	0	0
6143	-3.57185	0	0
6142	-3.56938	0	0
6141	-3.56692	0	0
6140	-3.56447	0	0
6139	-3.56202	0	0
6138	-3.55957	0	0
6137	-3.55712	0	0
6136	-3.55468	0	0
6135	-3.55225	0	0
6134	-3.54981	0	0
6133	-3.54738	0	0
6132	-3.54496	0	0
6131	-3.54254	0	0
6130	-3.54012	0	0
6129	-3.5377	0	0
6128	-3.53529	0	0
6127	-3.53288	0	0
6126	-3.53048	0	0
6125	-3.52808	0	0
6124	-3.52569	0	0
6123	-3.52329	0	0
6122	-3.5209	0	0
6121	-3.51852	0	0
6120	-3.51614	0	0
6119	-3.51376	0	0
6118	-3.51138	0	0
6117	-3.50901	0	0
6116	-3.50665	0	0
6115	-3.50428	0	0
6114	-3.50192	0	0
6113	-3.49956	0	0
6112	-3.49721	0	0
6111	-3.49486	0	0
6110	-3.49251	0	0
6109	-3.49017	0	0
6108	-3.48783	0	0
6107	-3.4855	0	0
6106	-3.48316	0	0
6105	-3.48084	0	0
6104	-3.47851	0	0
6103	-3.47619	0	0
6102	-3.47387	0	0
6101	-3.47155	0	0
6100	-3.46924	0	0
6099	-3.46693	0	0
6098	-3.46463	0	0
6097	-3.46233	0	0
6096	-3.46003	0	0
6095	-3.45773	0	0
6094	-3.45544	0	0
6093	-3.45315	0	0
6092	-3.45087	0	0
6091	-3.44859	0	0
6090	-3.44631	0	0
6089	-3.44404	0	0
6088	-3.44176	0	0
6087	-3.4395	0	0
6086	-3.43723	0	0
6085	-3.43497	0	0
6084	-3.43271	0	0
6083	-3.43046	0	0
6082	-3.4282	0	0
6081	-3.42595	0	0
6080	-3.42371	0	0
6079	-3.42147	0	0
6078	-3.41923	0	0
6077	-3.41699	0	0
6076	-3.41476	0	0
6075	-3.41253	0	0
6074	-3.4103	0	0
6073	-3.40808	0	0
6072	-3.40586	0	0
6071	-3.40365	0	0
6070	-3.40143	0	0
6069	-3.39922	0	0
6068	-3.39701	0	0
6067	-3.39481	0	0
6066	-3.39261	0	0
6065	-3.39041	0	0
6064	-3.38822	0	0
6063	-3.38603	0	0
6062	-3.38384	0	0
6061	-3.38165	0	0
6060	-3.37947	0	0
6059	-3.37729	0	0
6058	-3.37511	0	0
6057	-3.37294	0	0
6056	-3.37077	0	0
6055	-3.3686	0	0
6054	-3.36644	0	0
6053	-3.36428	0	0
6052	-3.36212	0	0
6051	-3.35997	0	0
6050	-3.35781	0	0
6049	-3.35566	0	0
6048	-3.35352	0	0
6047	-3.35138	0	0
6046	-3.34924	0	0
6045	-3.3471	0	0
6044	-3.34496	0	0
6043	-3.34283	0	0
6042	-3.3407	0	0
6041	-3.33858	0	0
6040	-3.33646	0	0
6039	-3.33434	0	0
6038	-3.33222	0	0
6037	-3.33011	0	0
6036	-3.328	0	0
6035	-3.32589	0	0
6034	-3.32378	0	0
6033	-3.32168	0	0
6032	-3.31958	0	0
6031	-3.31748	0	0
6030	-3.31539	0	0
6029	-3.3133	0	0
6028	-3.31121	0	0
6027	-3.30913	0	0
6026	-3.30704	0	0
6025	-3.30497	0	0
6024	-3.30289	0	0
6023	-3.30081	0	0
6022	-3.29874	0	0
6021	-3.29668	0	0
6020	-3.29461	0	0
6019	-3.29255	0	0
6018	-3.29049	0	0
6017	-3.28843	0	0
6016	-3.28638	0	0
6015	-3.28432	0	0
6014	-3.28227	0	0
6013	-3.28023	0	0
6012	-3.27818	0	0
6011	-3.27614	0	0
6010	-3.27411	0	0
6009	-3.27207	0	0
6008	-3.27004	0	0
6007	-3.26801	0	0
6006	-3.26598	0	0
6005	-3.26395	0	0
6004	-3.26193	0	0
6003	-3.25991	0	0
6002	-3.2579	0	0
6001	-3.25588	0	0
6000	-3.25387	0	0
5999	-3.25186	0	0
5998	-3.24986	0	0
5997	-3.24785	0	0
5996	-3.24585	0	0
5995	-3.24385	0	0
5994	-3.24186	0	0
5993	-3.23986	0	0
5992	-3.23787	0	0
5991	-3.23588	0	0
5990	-3.2339	0	0
5989	-3.23192	0	0
5988	-3.22994	0	0
5987	-3.22796	0	0
5986	-3.22598	0	0
5985	-3.22401	0	0
5984	-3.22204	0	0
5983	-3.22007	0	0
5982	-3.21811	0	0
5981	-3.21615	0	0
5980	-3.21418	0	0
5979	-3.21223	0	0
5978	-3.21027	0	0
5977	-3.20832	0	0
5976	-3.20637	0	0
5975	-3.20442	0	0
5974	-3.20248	0	0
5973	-3.20053	0	0
5972	-3.19859	0	0
5971	-3.19666	0	0
5970	-3.19472	0	0
5969	-3.19279	0	0
5968	-3.19086	0	0
5967	-3.18893	0	0
5966	-3.187	0	0
5965	-3.18508	0	0
5964	-3.18316	0	0
5963	-3.18124	0	0
5962	-3.17933	0	0
5961	-3.17741	0	0
5960	-3.1755	0	0
5959	-3.17359	0	0
5958	-3.17169	0	0
5957	-3.16978	0	0
5956	-3.16788	0	0
5955	-3.16598	0	0
5954	-3.16408	0	0
5953	-3.16219	0	0
5952	-3.1603	0	0
5951	-3.15841	0	0
5950	-3.15652	0	0
5949	-3.15463	0	0
5948	-3.15275	0	0
5947	-3.15087	0	0
5946	-3.14899	0	0
5945	-3.14712	0	0
5944	-3.14524	0	0
5943	-3.14337	0	0
5942	-3.1415	0	0
5941	-3.13964	0	0
5940	-3.13777	0	0
5939	-3.13591	0	0
5938	-3.13405	0	0
5937	-3.13219	0	0
5936	-3.13034	0	0
5935	-3.12848	0	0
5934	-3.12663	0	0
5933	-3.12478	0	0
5932	-3.12294	0	0
5931	-3.12109	0	0
5930	-3.11925	0	0
5929	-3.11741	0	0
5928	-3.11557	0	0
5927	-3.11374	0	0
5926	-3.1119	0	0
5925	-3.11007	0	0
5924	-3.10824	0	0
5923	-3.10642	0	0
5922	-3.10459	0	0
5921	-3.10277	0	0
5920	-3.10095	0	0
5919	-3.09913	0	0
5918	-3.09731	0	0
5917	-3.0955	0	0
5916	-3.09369	0	0
5915	-3.09188	0	0
5914	-3.09007	0	0
5913	-3.08827	0	0
5912	-3.08646	0	0
5911	-3.08466	0	0
5910	-3.08286	0	0
5909	-3.08107	0	0
5908	-3.07927	0	0
5907	-3.07748	0	0
5906	-3.07569	0	0
5905	-3.0739	0	0
5904	-3.07211	0	0
5903	-3.07033	0	0
5902	-3.06855	0	0
5901	-3.06677	0	0
5900	-3.06499	0	0
5899	-3.06321	0	0
5898	-3.06144	0	0
5897	-3.05967	0	0
5896	-3.0579	0	0
5895	-3.05613	0	0
5894	-3.05437	0	0
5893	-3.0526	0	0
5892	-3.05084	0	0
5891	-3.04908	0	0
5890	-3.04732	0	0
5889	-3.04557	0	0
5888	-3.04381	0	0
5887	-3.04206	0	0
5886	-3.04031	0	0
5885	-3.03856	0	0
5884	-3.03682	0	0
5883	-3.03507	0	0
5882	-3.03333	0	0
5881	-3.03159	0	0
5880	-3.02986	0	0
5879	-3.02812	0	0
5878	-3.02639	0	0
5877	-3.02465	0	0
5876	-3.02292	0	0
5875	-3.0212	0	0
5874	-3.01947	0	0
5873	-3.01774	0	0
5872	-3.01602	0	0
5871	-3.0143	0	0
5870	-3.01258	0	0
5869	-3.01087	0	0
5868	-3.00915	0	0
5867	-3.00744	0	0
5866	-3.00573	0	0
5865	-3.00402	0	0
5864	-3.00231	0	0
5863	-3.00061	0	0
5862	-2.99891	0	0
5861	-2.9972	0	0
5860	-2.9955	0	0
5859	-2.99381	0	0
5858	-2.99211	0	0
5857	-2.99042	0	0
5856	-2.98872	0	0
5855	-2.98703	0	0
5854	-2.98535	0	0
5853	-2.98366	0	0
5852	-2.98198	0	0
5851	-2.98029	0	0
5850	-2.97861	0	0
5849	-2.97693	0	0
5848	-2.97525	0	0
5847	-2.97358	0	0
5846	-2.97191	0	0
5845	-2.97023	0	0
5844	-2.96856	0	0
5843	-2.9669	0	0
5842	-2.96523	0	0
5841	-2.96356	0	0
5840	-2.9619	0	0
5839	-2.96024	0	0
5838	-2.95858	0	0
5837	-2.95692	0	0
5836	-2.95527	0	0
5835	-2.95361	0	0
5834	-2.95196	0	0
5833	-2.95031	0	0
5832	-2.94866	0	0
5831	-2.94701	0	0
5830	-2.94537	0	0
5829	-2.94372	0	0
5828	-2.94208	0	0
5827	-2.94044	0	0
5826	-2.9388	0	0
5825	-2.93717	0	0
5824	-2.93553	0	0
5823	-2.9339	0	0
5822	-2.93227	0	0
5821	-2.93064	0	0
5820	-2.92901	0	0
5819	-2.92738	0	0
5818	-2.92576	0	0
5817	-2.92414	0	0
5816	-2.92251	0	0
5815	-2.92089	0	0
5814	-2.91928	0	0
5813	-2.91766	0	0
5812	-2.91605	0	0
5811	-2.91443	0	0
5810	-2.91282	0	0
5809	-2.91121	0	0
5808	-2.9096	0	0
5807	-2.908	0	0
5806	-2.90639	0	0
5805	-2.90479	0	0
5804	-2.90319	0	0
5803	-2.90159	0	0
5802	-2.89999	0	0
5801	-2.89839	0	0
5800	-2.8968	0	0
5799	-2.89521	0	0
5798	-2.89361	0	0
5797	-2.89202	0	0
5796	-2.89043	0	0
5795	-2.88885	0	0
5794	-2.88726	0	0
5793	-2.88568	0	0
5792	-2.8841	0	0
5791	-2.88252	0	0
5790	-2.88094	0	0
5789	-2.87936	0	0
5788	-2.87778	0	0
5787	-2.87621	0	0
5786	-2.87464	0	0
5785	-2.87307	0	0
5784	-2.8715	0	0
5783	-2.86993	0	0
5782	-2.86836	0	0
5781	-2.8668	0	0
5780	-2.86523	0	0
5779	-2.86367	0	0
5778	-2.86211	0	0
5777	-2.86055	0	0
5776	-2.859	0	0
5775	-2.85744	0	0
5774	-2.85589	0	0
5773	-2.85433	0	0
5772	-2.85278	0	0
5771	-2.85123	0	0
5770	-2.84969	0	0
5769	-2.84814	0	0
5768	-2.84659	0	0
5767	-2.84505	0	0
5766	-2.84351	0	0
5765	-2.84197	0	0
5764	-2.84043	0	0
5763	-2.83889	0	0
5762	-2.83736	0	0
5761	-2.83582	0	0
5760	-2.83429	0	0
5759	-2.83276	0	0
5758	-2.83123	0	0
5757	-2.8297	0	0
5756	-2.82817	0	0
5755	-2.82665	0	0
5754	-2.82512	0	0
5753	-2.8236	0	0
5752	-2.82208	0	0
5751	-2.82056	0	0
5750	-2.81904	0	0
5749	-2.81752	0	0
5748	-2.81601	0	0
5747	-2.81449	0	0
5746	-2.81298	0	0
5745	-2.81147	0	0
5744	-2.80996	0	0
5743	-2.80845	0	0
5742	-2.80694	0	0
5741	-2.80544	0	0
5740	-2.80393	0	0
5739	-2.80243	0	0
5738	-2.80093	0	0
5737	-2.79943	0	0
5736	-2.79793	0	0
5735	-2.79643	0	0
5734	-2.79494	0	0
5733	-2.79344	0	0
5732	-2.79195	0	0
5731	-2.79046	0	0
5730	-2.78897	0	0
5729	-2.78748	0	0
5728	-2.78599	0	0
5727	-2.7845	0	0
5726	-2.78302	0	0
5725	-2.78153	0	0
5724	-2.78005	0	0
5723	-2.77857	0	0
5722	-2.77709	0	0
5721	-2.77561	0	0
5720	-2.77414	0	0
5719	-2.77266	0	0
5718	-2.77119	0	0
5717	-2.76971	0	0
5716	-2.76824	0	0
5715	-2.76677	0	0
5714	-2.7653	0	0
5713	-2.76384	0	0
5712	-2.76237	0	0
5711	-2.76091	0	0
5710	-2.75944	0	0
5709	-2.75798	0	0
5708	-2.75652	0	0
5707	-2.75506	0	0
5706	-2.7536	0	0
5705	-2.75214	0	0
5704	-2.75069	0	0
5703	-2.74923	0	0
5702	-2.74778	0	0
5701	-2.74633	0	0
5700	-2.74488	0	0
5699	-2.74343	0	0
5698	-2.74198	0	0
5697	-2.74053	0	0
5696	-2.73909	0	0
5695	-2.73764	0	0
5694	-2.7362	0	0
5693	-2.73476	0	0
5692	-2.73332	0	0
5691	-2.73188	0	0
5690	-2.73044	0	0
5689	-2.729	0	0
5688	-2.72757	0	0
5687	-2.72614	0	0
5686	-2.7247	0	0
5685	-2.72327	0	0
5684	-2.72184	0	0
5683	-2.72041	0	0
5682	-2.71898	0	0
5681	-2.71756	0	0
5680	-2.71613	0	0
5679	-2.71471	0	0
5678	-2.71328	0	0
5677	-2.71186	0	0
5676	-2.71044	0	0
5675	-2.70902	0	0
5674	-2.7076	0	0
5673	-2.70618	0	0
5672	-2.70477	0	0
5671	-2.70335	0	0
5670	-2.70194	0	0
5669	-2.70053	0	0
5668	-2.69912	0	0
5667	-2.69771	0	0
5666	-2.6963	0	0
5665	-2.69489	0	0
5664	-2.69348	0	0
5663	-2.69208	0	0
5662	-2.69067	0	0
5661	-2.68927	0	0
5660	-2.68787	0	0
5659	-2.68647	0	0
5658	-2.68507	0	0
5657	-2.68367	0	0
5656	-2.68227	0	0
5655	-2.68088	0	0
5654	-2.67948	0	0
5653	-2.67809	0	0
5652	-2.6767	0	0
5651	-2.67531	0	0
5650	-2.67392	0	0
5649	-2.67253	0	0
5648	-2.67114	0	0
5647	-2.66975	0	0
5646	-2.66837	0	0
5645	-2.66698	0	0
5644	-2.6656	0	0
5643	-2.66422	0	0
5642	-2.66283	0	0
5641	-2.66145	0	0
5640	-2.66008	0	0
5639	-2.6587	0	0
5638	-2.65732	0	0
5637	-2.65595	0	0
5636	-2.65457	0	0
5635	-2.6532	0	0
5634	-2.65182	0	0
5633	-2.65045	0	0
5632	-2.64908	0	0
5631	-2.64771	0	0
5630	-2.64635	0	0
5629	-2.64498	0	0
5628	-2.64361	0	0
5627	-2.64225	0	0
5626	-2.64088	0	0
5625	-2.63952	0	0
5624	-2.63816	0	0
5623	-2.6368	0	0
5622	-2.63544	0	0
5621	-2.63408	0	0
5620	-2.63272	0	0
5619	-2.63137	0	0
5618	-2.63001	0	0
5617	-2.62866	0	0
5616	-2.62731	0	0
5615	-2.62595	0	0
5614	-2.6246	0	0
5613	-2.62325	0	0
5612	-2.6219	0	0
5611	-2.62056	0	0
5610	-2.61921	0	0
5609	-2.61786	0	0
5608	-2.61652	0	0
5607	-2.61517	0	0
5606	-2.61383	0	0
5605	-2.61249	0	0
5604	-2.61115	0	0
5603	-2.60981	0	0
5602	-2.60847	0	0
5601	-2.60713	0	0
5600	-2.6058	0	0
5599	-2.60446	0	0
5598	-2.60313	0	0
5597	-2.60179	0	0
5596	-2.60046	0	0
5595	-2.59913	0	0
5594	-2.5978	0	0
5593	-2.59647	0	0
5592	-2.59514	0	0
5591	-2.59381	0	0
5590	-2.59249	0	0
5589	-2.59116	0	0
5588	-2.58983	0	0
5587	-2.58851	0	0
5586	-2.58719	0	0
5585	-2.58587	0	0
5584	-2.58455	0	0
5583	-2.58323	0	0
5582	-2.58191	0	0
5581	-2.58059	0	0
5580	-2.57927	0	0
5579	-2.57796	0	0
5578	-2.57664	0	0
5577	-2.57533	0	0
5576	-2.57401	0	0
5575	-2.5727	0	0
5574	-2.57139	0	0
5573	-2.57008	0	0
5572	-2.56877	0	0
5571	-2.56746	0	0
5570	-2.56616	0	0
5569	-2.56485	0	0
5568	-2.56354	0	0
5567	-2.56224	0	0
5566	-2.56094	0	0
5565	-2.55963	0	0
5564	-2.55833	0	0
5563	-2.55703	0	0
5562	-2.55573	0	0
5561	-2.55443	0	0
5560	-2.55313	0	0
5559	-2.55184	0	0
5558	-2.55054	0	0
5557	-2.54924	0	0
5556	-2.54795	0	0
5555	-2.54666	0	0
5554	-2.54536	0	0
5553	-2.54407	0	0
5552	-2.54278	0	0
5551	-2.54149	0	0
5550	-2.5402	0	0
5549	-2.53891	0	0
5548	-2.53763	0	0
5547	-2.53634	0	0
5546	-2.53505	0	0
5545	-2.53377	0	0
5544	-2.53249	0	0
5543	-2.5312	0	0
5542	-2.52992	0	0
5541	-2.52864	0	0
5540	-2.52736	0	0
5539	-2.52608	0	0
5538	-2.5248	0	0
5537	-2.52352	0	0
5536	-2.52225	0	0
5535	-2.52097	0	0
5534	-2.5197	0	0
5533	-2.51842	0	0
5532	-2.51715	0	0
5531	-2.51588	0	0
5530	-2.5146	0	0
5529	-2.51333	0	0
5528	-2.51206	0	0
5527	-2.5108	0	0
5526	-2.50953	0	0
5525	-2.50826	0	0
5524	-2.50699	0	0
5523	-2.50573	0	0
5522	-2.50446	0	0
5521	-2.5032	0	0
5520	-2.50194	0	0
5519	-2.50067	0	0
5518	-2.49941	0	0
5517	-2.49815	0	0
5516	-2.49689	0	0
5515	-2.49563	0	0
5514	-2.49437	0	0
5513	-2.49312	0	0
5512	-2.49186	0	0
5511	-2.4906	0	0
5510	-2.48935	0	0
5509	-2.4881	0	0
5508	-2.48684	0	0
5507	-2.48559	0	0
5506	-2.48434	0	0
5505	-2.48309	0	0
5504	-2.48184	0	0
5503	-2.48059	0	0
5502	-2.47934	0	0
5501	-2.47809	0	0
5500	-2.47684	0	0
5499	-2.4756	0	0
5498	-2.47435	0	0
5497	-2.47311	0	0
5496	-2.47186	0	0
5495	-2.47062	0	0
5494	-2.46938	0	0
5493	-2.46814	0	0
5492	-2.4669	0	0
5491	-2.46566	0	0
5490	-2.46442	0	0
5489	-2.46318	0	0
5488	-2.46194	0	0
5487	-2.46071	0	0
5486	-2.45947	0	0
5485	-2.45823	0	0
5484	-2.457	0	0
5483	-2.45577	0	0
5482	-2.45453	0	0
5481	-2.4533	0	0
5480	-2.45207	0	0
5479	-2.45084	0	0
5478	-2.44961	0	0
5477	-2.44838	0	0
5476	-2.44715	0	0
5475	-2.44592	0	0
5474	-2.4447	0	0
5473	-2.44347	0	0
5472	-2.44225	0	0
5471	-2.44102	0	0
5470	-2.4398	0	0
5469	-2.43857	0	0
5468	-2.43735	0	0
5467	-2.43613	0	0
5466	-2.43491	0	0
5465	-2.43369	0	0
5464	-2.43247	0	0
5463	-2.43125	0	0
5462	-2.43003	0	0
5461	-2.42881	0	0
5460	-2.4276	0	0
5459	-2.42638	0	0
5458	-2.42517	0	0
5457	-2.42395	0	0
5456	-2.42274	0	0
5455	-2.42152	0	0
5454	-2.42031	0	0
5453	-2.4191	0	0
5452	-2.41789	0	0
5451	-2.41668	0	0
5450	-2.41547	0	0
5449	-2.41426	0	0
5448	-2.41305	0	0
5447	-2.41184	0	0
5446	-2.41064	0	0
5445	-2.40943	0	0
5444	-2.40823	0	0
5443	-2.40702	0	0
5442	-2.40582	0	0
5441	-2.40461	0	0
5440	-2.40341	0	0
5439	-2.40221	0	0
5438	-2.40101	0	0
5437	-2.39981	0	0
5436	-2.39861	0	0
5435	-2.39741	0	0
5434	-2.39621	0	0
5433	-2.39501	0	0
5432	-2.39381	0	0
5431	-2.39262	0	0
5430	-2.39142	0	0
5429	-2.39023	0	0
5428	-2.38903	0	0
5427	-2.38784	0	0
5426	-2.38664	0	0
5425	-2.38545	0	0
5424	-2.38426	0	0
5423	-2.38307	0	0
5422	-2.38188	0	0
5421	-2.38069	0	0
5420	-2.3795	0	0
5419	-2.37831	0	0
5418	-2.37712	0	0
5417	-2.37593	0	0
5416	-2.37475	0	0
5415	-2.37356	0	0
5414	-2.37237	0	0
5413	-2.37119	0	0
5412	-2.37	0	0
5411	-2.36882	0	0
5410	-2.36764	0	0
5409	-2.36646	0	0
5408	-2.36527	0	0
5407	-2.36409	0	0
5406	-2.36291	0	0
5405	-2.36173	0	0
5404	-2.36055	0	0
5403	-2.35937	0	0
5402	-2.3582	0	0
5401	-2.35702	0	0
5400	-2.35584	0	0
5399	-2.35467	0	0
5398	-2.35349	0	0
5397	-2.35232	0	0
5396	-2.35114	0	0
5395	-2.34997	0	0
5394	-2.34879	0	0
5393	-2.34762	0	0
5392	-2.34645	0	0
5391	-2.34528	0	0
5390	-2.34411	0	0
5389	-2.34294	0	0
5388	-2.34177	0	0
5387	-2.3406	0	0
5386	-2.33943	0	0
5385	-2.33826	0	0
5384	-2.3371	0	0
5383	-2.33593	0	0
5382	-2.33476	0	0
5381	-2.3336	0	0
5380	-2.33243	0	0
5379	-2.33127	0	0
5378	-2.33011	0	0
5377	-2.32894	0	0
5376	-2.32778	0	0
5375	-2.32662	0	0
5374	-2.32546	0	0
5373	-2.3243	0	0
5372	-2.32314	0	0
5371	-2.32198	0	0
5370	-2.32082	0	0
5369	-2.31966	0	0
5368	-2.3185	0	0
5367	-2.31734	0	0
5366	-2.31619	0	0
5365	-2.31503	0	0
5364	-2.31388	0	0
5363	-2.31272	0	0
5362	-2.31157	0	0
5361	-2.31041	0	0
5360	-2.30926	0	0
5359	-2.30811	0	0
5358	-2.30695	0	0
5357	-2.3058	0	0
5356	-2.30465	0	0
5355	-2.3035	0	0
5354	-2.30235	0	0
5353	-2.3012	0	0
5352	-2.30005	0	0
5351	-2.2989	0	0
5350	-2.29776	0	0
5349	-2.29661	0	0
5348	-2.29546	0	0
5347	-2.29432	0	0
5346	-2.29317	0	0
5345	-2.29202	0	0
5344	-2.29088	0	0
5343	-2.28974	0	0
5342	-2.28859	0	0
5341	-2.28745	0	0
5340	-2.28631	0	0
5339	-2.28516	0	0
5338	-2.28402	0	0
5337	-2.28288	0	0
5336	-2.28174	0	0
5335	-2.2806	0	0
5334	-2.27946	0	0
5333	-2.27832	0	0
5332	-2.27718	0	0
5331	-2.27605	0	0
5330	-2.27491	0	0
5329	-2.27377	0	0
5328	-2.27264	0	0
5327	-2.2715	0	0
5326	-2.27036	0	0
5325	-2.26923	0	0
5324	-2.26809	0	0
5323	-2.26696	0	0
5322	-2.26583	0	0
5321	-2.26469	0	0
5320	-2.26356	0	0
5319	-2.26243	0	0
5318	-2.2613	0	0
5317	-2.26017	0	0
5316	-2.25904	0	0
5315	-2.25791	0	0
5314	-2.25678	0	0
5313	-2.25565	0	0
5312	-2.25452	0	0
5311	-2.25339	0	0
5310	-2.25227	0	0
5309	-2.25114	0	0
5308	-2.25001	0	0
5307	-2.24889	0	0
5306	-2.24776	0	0
5305	-2.24664	0	0
5304	-2.24551	0	0
5303	-2.24439	0	0
5302	-2.24326	0	0
5301	-2.24214	0	0
5300	-2.24102	0	0
5299	-2.2399	0	0
5298	-2.23877	0	0
5297	-2.23765	0	0
5296	-2.23653	0	0
5295	-2.23541	0	0
5294	-2.23429	0	0
5293	-2.23317	0	0
5292	-2.23205	0	0
5291	-2.23093	0	0
5290	-2.22982	0	0
5289	-2.2287	0	0
5288	-2.22758	0	0
5287	-2.22646	0	0
5286	-2.22535	0	0
5285	-2.22423	0	0
5284	-2.22312	0	0
5283	-2.222	0	0
5282	-2.22089	0	0
5281	-2.21977	0	0
5280	-2.21866	0	0
5279	-2.21755	0	0
5278	-2.21643	0	0
5277	-2.21532	0	0
5276	-2.21421	0	0
5275	-2.2131	0	0
5274	-2.21199	0	0
5273	-2.21088	0	0
5272	-2.20977	0	0
5271	-2.20866	0	0
5270	-2.20755	0	0
5269	-2.20644	0	0
5268	-2.20533	0	0
5267	-2.20422	0	0
5266	-2.20312	0	0
5265	-2.20201	0	0
5264	-2.2009	0	0
5263	-2.1998	0	0
5262	-2.19869	0	0
5261	-2.19759	0	0
5260	-2.19648	0	0
5259	-2.19538	0	0
5258	-2.19427	0	0
5257	-2.19317	0	0
5256	-2.19206	0	0
5255	-2.19096	0	0
5254	-2.18986	0	0
5253	-2.18876	0	0
5252	-2.18766	0	0
5251	-2.18655	0	0
5250	-2.18545	0	0
5249	-2.18435	0	0
5248	-2.18325	0	0
5247	-2.18215	0	0
5246	-2.18105	0	0
5245	-2.17996	0	0
5244	-2.17886	0	0
5243	-2.17776	0	0
5242	-2.17666	0	0
5241	-2.17556	0	0
5240	-2.17447	0	0
5239	-2.17337	0	0
5238	-2.17228	0	0
5237	-2.17118	0	0
5236	-2.17008	0	0
5235	-2.16899	0	0
5234	-2.1679	0	0
5233	-2.1668	0	0
5232	-2.16571	0	0
5231	-2.16461	0	0
5230	-2.16352	0	0
5229	-2.16243	0	0
5228	-2.16134	0	0
5227	-2.16024	0	0
5226	-2.15915	0	0
5225	-2.15806	0	0
5224	-2.15697	0	0
5223	-2.15588	0	0
5222	-2.15479	0	0
5221	-2.1537	0	0
5220	-2.15261	0	0
5219	-2.15152	0	0
5218	-2.15044	0	0
5217	-2.14935	0	0
5216	-2.14826	0	0
5215	-2.14717	0	0
5214	-2.14609	0	0
5213	-2.145	0	0
5212	-2.14391	0	0
5211	-2.14283	0	0
5210	-2.14174	0	0
5209	-2.14066	0	0
5208	-2.13957	0	0
5207	-2.13849	0	0
5206	-2.1374	0	0
5205	-2.13632	0	0
5204	-2.13524	0	0
5203	-2.13415	0	0
5202	-2.13307	0	0
5201	-2.13199	0	0
5200	-2.13091	0	0
5199	-2.12982	0	0
5198	-2.12874	0	0
5197	-2.12766	0	0
5196	-2.12658	0	0
5195	-2.1255	0	0
5194	-2.12442	0	0
5193	-2.12334	0	0
5192	-2.12226	0	0
5191	-2.12118	0	0
5190	-2.12011	0	0
5189	-2.11903	0	0
5188	-2.11795	0	0
5187	-2.11687	0	0
5186	-2.11579	0	0
5185	-2.11472	0	0
5184	-2.11364	0	0
5183	-2.11256	0	0
5182	-2.11149	0	0
5181	-2.11041	0	0
5180	-2.10934	0	0
5179	-2.10826	0	0
5178	-2.10719	0	0
5177	-2.10611	0	0
5176	-2.10504	0	0
5175	-2.10397	0	0
5174	-2.10289	0	0
5173	-2.10182	0	0
5172	-2.10075	0	0
5171	-2.09968	0	0
5170	-2.0986	0	0
5169	-2.09753	0	0
5168	-2.09646	0	0
5167	-2.09539	0	0
5166	-2.09432	0	0
5165	-2.09325	0	0
5164	-2.09218	0	0
5163	-2.09111	0	0
5162	-2.09004	0	0
5161	-2.08897	0	0
5160	-2.0879	0	0
5159	-2.08683	0	0
5158	-2.08576	0	0
5157	-2.0847	0	0
5156	-2.08363	0	0
5155	-2.08256	0	0
5154	-2.08149	0	0
5153	-2.08043	0	0
5152	-2.07936	0	0
5151	-2.07829	0	0
5150	-2.07723	0	0
5149	-2.07616	0	0
5148	-2.0751	0	0
5147	-2.07403	0	0
5146	-2.07297	0	0
5145	-2.0719	0	0
5144	-2.07084	0	0
5143	-2.06978	0	0
5142	-2.06871	0	0
5141	-2.06765	0	0
5140	-2.06659	0	0
5139	-2.06552	0	0
5138	-2.06446	0	0
5137	-2.0634	0	0
5136	-2.06234	0	0
5135	-2.06127	0	0
5134	-2.06021	0	0
5133	-2.05915	0	0
5132	-2.05809	0	0
5131	-2.05703	0	0
5130	-2.05597	0	0
5129	-2.05491	0	0
5128	-2.05385	0	0
5127	-2.05279	0	0
5126	-2.05173	0	0
5125	-2.05067	0	0
5124	-2.04962	0	0
5123	-2.04856	0	0
5122	-2.0475	0	0
5121	-2.04644	0	0
5120	-2.04538	0	0
5119	-2.04433	0	0
5118	-2.04327	0	0
5117	-2.04221	0	0
5116	-2.04116	0	0
5115	-2.0401	0	0
5114	-2.03904	0	0
5113	-2.03799	0	0
5112	-2.03693	0	0
5111	-2.03588	0	0
5110	-2.03482	0	0
5109	-2.03377	0	0
5108	-2.03271	0	0
5107	-2.03166	0	0
5106	-2.03061	0	0
5105	-2.02955	0	0
5104	-2.0285	0	0
5103	-2.02745	0	0
5102	-2.02639	0	0
5101	-2.02534	0	0
5100	-2.02429	0	0
5099	-2.02324	0	0
5098	-2.02218	0	0
5097	-2.02113	0	0
5096	-2.02008	0	0
5095	-2.01903	0	0
5094	-2.01798	0	0
5093	-2.01693	0	0
5092	-2.01588	0	0
5091	-2.01483	0	0
5090	-2.01378	0	0
5089	-2.01273	0	0
5088	-2.01168	0	0
5087	-2.01063	0	0
5086	-2.00958	0	0
5085	-2.00853	0	0
5084	-2.00748	0	0
5083	-2.00643	0	0
5082	-2.00539	0	0
5081	-2.00434	0	0
5080	-2.00329	0	0
5079	-2.00224	0	0
5078	-2.0012	0	0
5077	-2.00015	0	0
5076	-1.9991	0	0
5075	-1.99806	0	0
5074	-1.99701	0	0
5073	-1.99596	0	0
5072	-1.99492	0	0
5071	-1.99387	0	0
5070	-1.99283	0	0
5069	-1.99178	0	0
5068	-1.99074	0	0
5067	-1.98969	0	0
5066	-1.98865	0	0
5065	-1.9876	0	0
5064	-1.98656	0	0
5063	-1.98551	0	0
5062	-1.98447	0	0
5061	-1.98343	0	0
5060	-1.98238	0	0
5059	-1.98134	0	0
5058	-1.9803	0	0
5057	-1.97926	0	0
5056	-1.97821	0	0
5055	-1.97717	0	0
5054	-1.97613	0	0
5053	-1.97509	0	0
5052	-1.97404	0	0
5051	-1.973	0	0
5050	-1.97196	0	0
5049	-1.97092	0	0
5048	-1.96988	0	0
5047	-1.96884	0	0
5046	-1.9678	0	0
5045	-1.96676	0	0
5044	-1.96572	0	0
5043	-1.96468	0	0
5042	-1.96364	0	0
5041	-1.9626	0	0
5040	-1.96156	0	0
5039	-1.96052	0	0
5038	-1.95948	0	0
5037	-1.95844	0	0
5036	-1.95741	0	0
5035	-1.95637	0	0
5034	-1.95533	0	0
5033	-1.95429	0	0
5032	-1.95325	0	0
5031	-1.95222	0	0
5030	-1.95118	0	0
5029	-1.95014	0	0
5028	-1.9491	0	0
5027	-1.94807	0	0
5026	-1.94703	0	0
5025	-1.94599	0	0
5024	-1.94496	0	0
5023	-1.94392	0	0
5022	-1.94289	0	0
5021	-1.94185	0	0
5020	-1.94081	0	0
5019	-1.93978	0	0
5018	-1.93874	0	0
5017	-1.93771	0	0
5016	-1.93667	0	0
5015	-1.93564	0	0
5014	-1.9346	0	0
5013	-1.93357	0	0
5012	-1.93254	0	0
5011	-1.9315	0	0
5010	-1.93047	0	0
5009	-1.92943	0	0
5008	-1.9284	0	0
5007	-1.92737	0	0
5006	-1.92633	0	0
5005	-1.9253	0	0
5004	-1.92427	0	0
5003	-1.92324	0	0
5002	-1.9222	0	0
5001	-1.92117	0	0
5000	-1.92014	0	0
4999	-1.91911	0	0
4998	-1.91807	0	0
4997	-1.91704	0	0
4996	-1.91601	0	0
4995	-1.91498	0	0
4994	-1.91395	0	0
4993	-1.91292	0	0
4992	-1.91189	0	0
4991	-1.91086	0	0
4990	-1.90982	0	0
4989	-1.90879	0	0
4988	-1.90776	0	0
4987	-1.90673	0	0
4986	-1.9057	0	0
4985	-1.90467	0	0
4984	-1.90364	0	0
4983	-1.90261	0	0
4982	-1.90158	0	0
4981	-1.90056	0	0
4980	-1.89953	0	0
4979	-1.8985	0	0
4978	-1.89747	0	0
4977	-1.89644	0	0
4976	-1.89541	0	0
4975	-1.89438	0	0
4974	-1.89335	0	0
4973	-1.89233	0	0
4972	-1.8913	0	0
4971	-1.89027	0	0
4970	-1.88924	0	0
4969	-1.88821	0	0
4968	-1.88719	0	0
4967	-1.88616	0	0
4966	-1.88513	0	0
4965	-1.8841	0	0
4964	-1.88308	0	0
4963	-1.88205	0	0
4962	-1.88102	0	0
4961	-1.88	0	0
4960	-1.87897	0	0
4959	-1.87794	0	0
4958	-1.87692	0	0
4957	-1.87589	0	0
4956	-1.87487	0	0
4955	-1.87384	0	0
4954	-1.87281	0	0
4953	-1.87179	0	0
4952	-1.87076	0	0
4951	-1.86974	0	0
4950	-1.86871	0	0
4949	-1.86769	0	0
4948	-1.86666	0	0
4947	-1.86564	0	0
4946	-1.86461	0	0
4945	-1.86359	0	0
4944	-1.86256	0	0
4943	-1.86154	0	0
4942	-1.86052	0	0
4941	-1.85949	0	0
4940	-1.85847	0	0
4939	-1.85744	0	0
4938	-1.85642	0	0
4937	-1.8554	0	0
4936	-1.85437	0	0
4935	-1.85335	0	0
4934	-1.85233	0	0
4933	-1.8513	0	0
4932	-1.85028	0	0
4931	-1.84926	0	0
4930	-1.84823	0	0
4929	-1.84721	0	0
4928	-1.84619	0	0
4927	-1.84516	0	0
4926	-1.84414	0	0
4925	-1.84312	0	0
4924	-1.8421	0	0
4923	-1.84108	0	0
4922	-1.84005	0	0
4921	-1.83903	0	0
4920	-1.83801	0	0
4919	-1.83699	0	0
4918	-1.83597	0	0
4917	-1.83494	0	0
4916	-1.83392	0	0
4915	-1.8329	0	0
4914	-1.83188	0	0
4913	-1.83086	0	0
4912	-1.82984	0	0
4911	-1.82882	0	0
4910	-1.8278	0	0
4909	-1.82677	0	0
4908	-1.82575	0	0
4907	-1.82473	0	0
4906	-1.82371	0	0
4905	-1.82269	0	0
4904	-1.82167	0	0
4903	-1.82065	0	0
4902	-1.81963	0	0
4901	-1.81861	0	0
4900	-1.81759	0	0
4899	-1.81657	0	0
4898	-1.81555	0	0
4897	-1.81453	0	0
4896	-1.81351	0	0
4895	-1.81249	0	0
4894	-1.81147	0	0
4893	-1.81045	0	0
4892	-1.80943	0	0
4891	-1.80841	0	0
4890	-1.8074	0	0
4889	-1.80638	0	0
4888	-1.80536	0	0
4887	-1.80434	0	0
4886	-1.80332	0	0
4885	-1.8023	0	0
4884	-1.80128	0	0
4883	-1.80026	0	0
4882	-1.79924	0	0
4881	-1.79823	0	0
4880	-1.79721	0	0
4879	-1.79619	0	0
4878	-1.79517	0	0
4877	-1.79415	0	0
4876	-1.79313	0	0
4875	-1.79212	0	0
4874	-1.7911	0	0
4873	-1.79008	0	0
4872	-1.78906	0	0
4871	-1.78804	0	0
4870	-1.78703	0	0
4869	-1.78601	0	0
4868	-1.78499	0	0
4867	-1.78397	0	0
4866	-1.78296	0	0
4865	-1.78194	0	0
4864	-1.78092	0	0
4863	-1.7799	0	0
4862	-1.77889	0	0
4861	-1.77787	0	0
4860	-1.77685	0	0
4859	-1.77584	0	0
4858	-1.77482	0	0
4857	-1.7738	0	0
4856	-1.77279	0	0
4855	-1.77177	0	0
4854	-1.77075	0	0
4853	-1.76974	0	0
4852	-1.76872	0	0
4851	-1.7677	0	0
4850	-1.76669	0	0
4849	-1.76567	0	0
4848	-1.76465	0	0
4847	-1.76364	0	0
4846	-1.76262	0	0
4845	-1.7616	0	0
4844	-1.76059	0	0
4843	-1.75957	0	0
4842	-1.75856	0	0
4841	-1.75754	0	0
4840	-1.75652	0	0
4839	-1.75551	0	0
4838	-1.75449	0	0
4837	-1.75348	0	0
4836	-1.75246	0	0
4835	-1.75144	0	0
4834	-1.75043	0	0
4833	-1.74941	0	0
4832	-1.7484	0	0
4831	-1.74738	0	0
4830	-1.74637	0	0
4829	-1.74535	0	0
4828	-1.74433	0	0
4827	-1.74332	0	0
4826	-1.7423	0	0
4825	-1.74129	0	0
4824	-1.74027	0	0
4823	-1.73926	0	0
4822	-1.73824	0	0
4821	-1.73723	0	0
4820	-1.73621	0	0
4819	-1.7352	0	0
4818	-1.73418	0	0
4817	-1.73317	0	0
4816	-1.73215	0	0
4815	-1.73114	0	0
4814	-1.73012	0	0
4813	-1.72911	0	0
4812	-1.72809	0	0
4811	-1.72708	0	0
4810	-1.72606	0	0
4809	-1.72505	0	0
4808	-1.72403	0	0
4807	-1.72302	0	0
4806	-1.722	0	0
4805	-1.72099	0	0
4804	-1.71997	0	0
4803	-1.71896	0	0
4802	-1.71794	0	0
4801	-1.71693	0	0
4800	-1.71592	0	0
4799	-1.7149	0	0
4798	-1.71389	0	0
4797	-1.71287	0	0
4796	-1.71186	0	0
4795	-1.71084	0	0
4794	-1.70983	0	0
4793	-1.70881	0	0
4792	-1.7078	0	0
4791	-1.70679	0	0
4790	-1.70577	0	0
4789	-1.70476	0	0
4788	-1.70374	0	0
4787	-1.70273	0	0
4786	-1.70171	0	0
4785	-1.7007	0	0
4784	-1.69969	0	0
4783	-1.69867	0	0
4782	-1.69766	0	0
4781	-1.69664	0	0
4780	-1.69563	0	0
4779	-1.69462	0	0
4778	-1.6936	0	0
4777	-1.69259	0	0
4776	-1.69157	0	0
4775	-1.69056	0	0
4774	-1.68954	0	0
4773	-1.68853	0	0
4772	-1.68752	0	0
4771	-1.6865	0	0
4770	-1.68549	0	0
4769	-1.68447	0	0
4768	-1.68346	0	0
4767	-1.68245	0	0
4766	-1.68143	0	0
4765	-1.68042	0	0
4764	-1.6794	0	0
4763	-1.67839	0	0
4762	-1.67738	0	0
4761	-1.67636	0	0
4760	-1.67535	0	0
4759	-1.67433	0	0
4758	-1.67332	0	0
4757	-1.67231	0	0
4756	-1.67129	0	0
4755	-1.67028	0	0
4754	-1.66926	0	0
4753	-1.66825	0	0
4752	-1.66724	0	0
4751	-1.66622	0	0
4750	-1.66521	0	0
4749	-1.66419	0	0
4748	-1.66318	0	0
4747	-1.66217	0	0
4746	-1.66115	0	0
4745	-1.66014	0	0
4744	-1.65912	0	0
4743	-1.65811	0	0
4742	-1.6571	0	0
4741	-1.65608	0	0
4740	-1.65507	0	0
4739	-1.65405	0	0
4738	-1.65304	0	0
4737	-1.65203	0	0
4736	-1.65101	0	0
4735	-1.65	0	0
4734	-1.64898	0	0
4733	-1.64797	0	0
4732	-1.64696	0	0
4731	-1.64594	0	0
4730	-1.64493	0	0
4729	-1.64391	0	0
4728	-1.6429	0	0
4727	-1.64189	0	0
4726	-1.64087	0	0
4725	-1.63986	0	0
4724	-1.63884	0	0
4723	-1.63783	0	0
4722	-1.63682	0	0
4721	-1.6358	0	0
4720	-1.63479	0	0
4719	-1.63377	0	0
4718	-1.63276	0	0
4717	-1.63174	0	0
4716	-1.63073	0	0
4715	-1.62972	0	0
4714	-1.6287	0	0
4713	-1.62769	0	0
4712	-1.62667	0	0
4711	-1.62566	0	0
4710	-1.62464	0	0
4709	-1.62363	0	0
4708	-1.62261	0	0
4707	-1.6216	0	0
4706	-1.62059	0	0
4705	-1.61957	0	0
4704	-1.61856	0	0
4703	-1.61754	0	0
4702	-1.61653	0	0
4701	-1.61551	0	0
4700	-1.6145	0	0
4699	-1.61348	0	0
4698	-1.61247	0	0
4697	-1.61145	0	0
4696	-1.61044	0	0
4695	-1.60942	0	0
4694	-1.60841	0	0
4693	-1.6074	0	0
4692	-1.60638	0	0
4691	-1.60537	0	0
4690	-1.60435	0	0
4689	-1.60334	0	0
4688	-1.60232	0	0
4687	-1.60131	0	0
4686	-1.60029	0	0
4685	-1.59928	0	0
4684	-1.59826	0	0
4683	-1.59725	0	0
4682	-1.59623	0	0
4681	-1.59521	0	0
4680	-1.5942	0	0
4679	-1.59318	0	0
4678	-1.59217	0	0
4677	-1.59115	0	0
4676	-1.59014	0	0
4675	-1.58912	0	0
4674	-1.58811	0	0
4673	-1.58709	0	0
4672	-1.58608	0	0
4671	-1.58506	0	0
4670	-1.58405	0	0
4669	-1.58303	0	0
4668	-1.58201	0	0
4667	-1.581	0	0
4666	-1.57998	0	0
4665	-1.57897	0	0
4664	-1.57795	0	0
4663	-1.57693	0	0
4662	-1.57592	0	0
4661	-1.5749	0	0
4660	-1.57389	0	0
4659	-1.57287	0	0
4658	-1.57185	0	0
4657	-1.57084	0	0
4656	-1.56982	0	0
4655	-1.56881	0	0
4654	-1.56779	0	0
4653	-1.56677	0	0
4652	-1.56576	0	0
4651	-1.56474	0	0
4650	-1.56372	0	0
4649	-1.56271	0	0
4648	-1.56169	0	0
4647	-1.56067	0	0
4646	-1.55966	0	0
4645	-1.55864	0	0
4644	-1.55762	0	0
4643	-1.55661	0	0
4642	-1.55559	0	0
4641	-1.55457	0	0
4640	-1.55356	0	0
4639	-1.55254	0	0
4638	-1.55152	0	0
4637	-1.55051	0	0
4636	-1.54949	0	0
4635	-1.54847	0	0
4634	-1.54745	0	0
4633	-1.54644	0	0
4632	-1.54542	0	0
4631	-1.5444	0	0
4630	-1.54339	0	0
4629	-1.54237	0	0
4628	-1.54135	0	0
4627	-1.54033	0	0
4626	-1.53931	0	0
4625	-1.5383	0	0
4624	-1.53728	0	0
4623	-1.53626	0	0
4622	-1.53524	0	0
4621	-1.53423	0	0
4620	-1.53321	0	0
4619	-1.53219	0	0
4618	-1.53117	0	0
4617	-1.53015	0	0
4616	-1.52913	0	0
4615	-1.52812	0	0
4614	-1.5271	0	0
4613	-1.52608	0	0
4612	-1.52506	0	0
4611	-1.52404	0	0
4610	-1.52302	0	0
4609	-1.52201	0	0
4608	-1.52099	0	0
4607	-1.51997	0	0
4606	-1.51895	0	0
4605	-1.51793	0	0
4604	-1.51691	0	0
4603	-1.51589	0	0
4602	-1.51487	0	0
4601	-1.51385	0	0
4600	-1.51283	0	0
4599	-1.51181	0	0
4598	-1.5108	0	0
4597	-1.50978	0	0
4596	-1.50876	0	0
4595	-1.50774	0	0
4594	-1.50672	0	0
4593	-1.5057	0	0
4592	-1.50468	0	0
4591	-1.50366	0	0
4590	-1.50264	0	0
4589	-1.50162	0	0
4588	-1.5006	0	0
4587	-1.49958	0	0
4586	-1.49856	0	0
4585	-1.49754	0	0
4584	-1.49652	0	0
4583	-1.4955	0	0
4582	-1.49448	0	0
4581	-1.49346	0	0
4580	-1.49243	0	0
4579	-1.49141	0	0
4578	-1.49039	0	0
4577	-1.48937	0	0
4576	-1.48835	0	0
4575	-1.48733	0	0
4574	-1.48631	0	0
4573	-1.48529	0	0
4572	-1.48427	0	0
4571	-1.48325	0	0
4570	-1.48222	0	0
4569	-1.4812	0	0
4568	-1.48018	0	0
4567	-1.47916	0	0
4566	-1.47814	0	0
4565	-1.47712	0	0
4564	-1.47609	0	0
4563	-1.47507	0	0
4562	-1.47405	0	0
4561	-1.47303	0	0
4560	-1.47201	0	0
4559	-1.47098	0	0
4558	-1.46996	0	0
4557	-1.46894	0	0
4556	-1.46792	0	0
4555	-1.46689	0	0
4554	-1.46587	0	0
4553	-1.46485	0	0
4552	-1.46383	0	0
4551	-1.4628	0	0
4550	-1.46178	0	0
4549	-1.46076	0	0
4548	-1.45973	0	0
4547	-1.45871	0	0
4546	-1.45769	0	0
4545	-1.45666	0	0
4544	-1.45564	0	0
4543	-1.45462	0	0
4542	-1.45359	0	0
4541	-1.45257	0	0
4540	-1.45155	0	0
4539	-1.45052	0	0
4538	-1.4495	0	0
4537	-1.44847	0	0
4536	-1.44745	0	0
4535	-1.44643	0	0
4534	-1.4454	0	0
4533	-1.44438	0	0
4532	-1.44335	0	0
4531	-1.44233	0	0
4530	-1.4413	0	0
4529	-1.44028	0	0
4528	-1.43925	0	0
4527	-1.43823	0	0
4526	-1.4372	0	0
4525	-1.43618	0	0
4524	-1.43515	0	0
4523	-1.43413	0	0
4522	-1.4331	0	0
4521	-1.43208	0	0
4520	-1.43105	0	0
4519	-1.43003	0	0
4518	-1.429	0	0
4517	-1.42797	0	0
4516	-1.42695	0	0
4515	-1.42592	0	0
4514	-1.4249	0	0
4513	-1.42387	0	0
4512	-1.42284	0	0
4511	-1.42182	0	0
4510	-1.42079	0	0
4509	-1.41977	0	0
4508	-1.41874	0	0
4507	-1.41771	0	0
4506	-1.41668	0	0
4505	-1.41566	0	0
4504	-1.41463	0	0
4503	-1.4136	0	0
4502	-1.41258	0	0
4501	-1.41155	0	0
4500	-1.41052	0	0
4499	-1.40949	0	0
4498	-1.40847	0	0
4497	-1.40744	0	0
4496	-1.40641	0	0
4495	-1.40538	0	0
4494	-1.40436	0	0
4493	-1.40333	0	0
4492	-1.4023	0	0
4491	-1.40127	0	0
4490	-1.40024	0	0
4489	-1.39921	0	0
4488	-1.39819	0	0
4487	-1.39716	0	0
4486	-1.39613	0	0
4485	-1.3951	0	0
4484	-1.39407	0	0
4483	-1.39304	0	0
4482	-1.39201	0	0
4481	-1.39098	0	0
4480	-1.38995	0	0
4479	-1.38892	0	0
4478	-1.38789	0	0
4477	-1.38686	0	0
4476	-1.38584	0	0
4475	-1.38481	0	0
4474	-1.38378	0	0
4473	-1.38275	0	0
4472	-1.38172	0	0
4471	-1.38068	0	0
4470	-1.37965	0	0
4469	-1.37862	0	0
4468	-1.37759	0	0
4467	-1.37656	0	0
4466	-1.37553	0	0
4465	-1.3745	0	0
4464	-1.37347	0	0
4463	-1.37244	0	0
4462	-1.37141	0	0
4461	-1.37038	0	0
4460	-1.36935	0	0
4459	-1.36831	0	0
4458	-1.36728	0	0
4457	-1.36625	0	0
4456	-1.36522	0	0
4455	-1.36419	0	0
4454	-1.36315	0	0
4453	-1.36212	0	0
4452	-1.36109	0	0
4451	-1.36006	0	0
4450	-1.35903	0	0
4449	-1.35799	0	0
4448	-1.35696	0	0
4447	-1.35593	0	0
4446	-1.35489	0	0
4445	-1.35386	0	0
4444	-1.35283	0	0
4443	-1.35179	0	0
4442	-1.35076	0	0
4441	-1.34973	0	0
4440	-1.34869	0	0
4439	-1.34766	0	0
4438	-1.34663	0	0
4437	-1.34559	0	0
4436	-1.34456	0	0
4435	-1.34353	0	0
4434	-1.34249	0	0
4433	-1.34146	0	0
4432	-1.34042	0	0
4431	-1.33939	0	0
4430	-1.33835	0	0
4429	-1.33732	0	0
4428	-1.33628	0	0
4427	-1.33525	0	0
4426	-1.33421	0	0
4425	-1.33318	0	0
4424	-1.33214	0	0
4423	-1.33111	0	0
4422	-1.33007	0	0
4421	-1.32904	0	0
4420	-1.328	0	0
4419	-1.32696	0	0
4418	-1.32593	0	0
4417	-1.32489	0	0
4416	-1.32386	0	0
4415	-1.32282	0	0
4414	-1.32178	0	0
4413	-1.32075	0	0
4412	-1.31971	0	0
4411	-1.31867	0	0
4410	-1.31764	0	0
4409	-1.3166	0	0
4408	-1.31556	0	0
4407	-1.31453	0	0
4406	-1.31349	0	0
4405	-1.31245	0	0
4404	-1.31141	0	0
4403	-1.31038	0	0
4402	-1.30934	0	0
4401	-1.3083	0	0
4400	-1.30726	0	0
4399	-1.30622	0	0
4398	-1.30519	0	0
4397	-1.30415	0	0
4396	-1.30311	0	0
4395	-1.30207	0	0
4394	-1.30103	0	0
4393	-1.29999	0	0
4392	-1.29895	0	0
4391	-1.29791	0	0
4390	-1.29688	0	0
4389	-1.29584	0	0
4388	-1.2948	0	0
4387	-1.29376	0	0
4386	-1.29272	0	0
4385	-1.29168	0	0
4384	-1.29064	0	0
4383	-1.2896	0	0
4382	-1.28856	0	0
4381	-1.28752	0	0
4380	-1.28648	0	0
4379	-1.28544	0	0
4378	-1.2844	0	0
4377	-1.28335	0	0
4376	-1.28231	0	0
4375	-1.28127	0	0
4374	-1.28023	0	0
4373	-1.27919	0	0
4372	-1.27815	0	0
4371	-1.27711	0	0
4370	-1.27607	0	0
4369	-1.27502	0	0
4368	-1.27398	0	0
4367	-1.27294	0	0
4366	-1.2719	0	0
4365	-1.27086	0	0
4364	-1.26981	0	0
4363	-1.26877	0	0
4362	-1.26773	0	0
4361	-1.26669	0	0
4360	-1.26564	0	0
4359	-1.2646	0	0
4358	-1.26356	0	0
4357	-1.26252	0	0
4356	-1.26147	0	0
4355	-1.26043	0	0
4354	-1.25939	0	0
4353	-1.25834	0	0
4352	-1.2573	0	0
4351	-1.25625	0	0
4350	-1.25521	0	0
4349	-1.25417	0	0
4348	-1.25312	0	0
4347	-1.25208	0	0
4346	-1.25103	0	0
4345	-1.24999	0	0
4344	-1.24894	0	0
4343	-1.2479	0	0
4342	-1.24685	0	0
4341	-1.24581	0	0
4340	-1.24476	0	0
4339	-1.24372	0	0
4338	-1.24267	0	0
4337	-1.24163	0	0
4336	-1.24058	0	0
4335	-1.23954	0	0
4334	-1.23849	0	0
4333	-1.23744	0	0
4332	-1.2364	0	0
4331	-1.23535	0	0
4330	-1.23431	0	0
4329	-1.23326	0	0
4328	-1.23221	0	0
4327	-1.23117	0	0
4326	-1.23012	0	0
4325	-1.22907	0	0
4324	-1.22803	0	0
4323	-1.22698	0	0
4322	-1.22593	0	0
4321	-1.22488	0	0
4320	-1.22384	0	0
4319	-1.22279	0	0
4318	-1.22174	0	0
4317	-1.22069	0	0
4316	-1.21964	0	0
4315	-1.2186	0	0
4314	-1.21755	0	0
4313	-1.2165	0	0
4312	-1.21545	0	0
4311	-1.2144	0	0
4310	-1.21335	0	0
4309	-1.2123	0	0
4308	-1.21125	0	0
4307	-1.21021	0	0
4306	-1.20916	0	0
4305	-1.20811	0	0
4304	-1.20706	0	0
4303	-1.20601	0	0
4302	-1.20496	0	0
4301	-1.20391	0	0
4300	-1.20286	0	0
4299	-1.20181	0	0
4298	-1.20076	0	0
4297	-1.19971	0	0
4296	-1.19866	0	0
4295	-1.19761	0	0
4294	-1.19656	0	0
4293	-1.1955	0	0
4292	-1.19445	0	0
4291	-1.1934	0	0
4290	-1.19235	0	0
4289	-1.1913	0	0
4288	-1.19025	0	0
4287	-1.1892	0	0
4286	-1.18814	0	0
4285	-1.18709	0	0
4284	-1.18604	0	0
4283	-1.18499	0	0
4282	-1.18394	0	0
4281	-1.18288	0	0
4280	-1.18183	0	0
4279	-1.18078	0	0
4278	-1.17973	0	0
4277	-1.17867	0	0
4276	-1.17762	0	0
4275	-1.17657	0	0
4274	-1.17551	0	0
4273	-1.17446	0	0
4272	-1.17341	0	0
4271	-1.17235	0	0
4270	-1.1713	0	0
4269	-1.17025	0	0
4268	-1.16919	0	0
4267	-1.16814	0	0
4266	-1.16708	0	0
4265	-1.16603	0	0
4264	-1.16497	0	0
4263	-1.16392	0	0
4262	-1.16286	0	0
4261	-1.16181	0	0
4260	-1.16075	0	0
4259	-1.1597	0	0
4258	-1.15864	0	0
4257	-1.15759	0	0
4256	-1.15653	0	0
4255	-1.15548	0	0
4254	-1.15442	0	0
4253	-1.15337	0	0
4252	-1.15231	0	0
4251	-1.15125	0	0
4250	-1.1502	0	0
4249	-1.14914	0	0
4248	-1.14809	0	0
4247	-1.14703	0	0
4246	-1.14597	0	0
4245	-1.14492	0	0
4244	-1.14386	0	0
4243	-1.1428	0	0
4242	-1.14174	0	0
4241	-1.14069	0	0
4240	-1.13963	0	0
4239	-1.13857	0	0
4238	-1.13751	0	0
4237	-1.13646	0	0
4236	-1.1354	0	0
4235	-1.13434	0	0
4234	-1.13328	0	0
4233	-1.13222	0	0
4232	-1.13117	0	0
4231	-1.13011	0	0
4230	-1.12905	0	0
4229	-1.12799	0	0
4228	-1.12693	0	0
4227	-1.12587	0	0
4226	-1.12481	0	0
4225	-1.12375	0	0
4224	-1.12269	0	0
4223	-1.12163	0	0
4222	-1.12057	0	0
4221	-1.11952	0	0
4220	-1.11846	0	0
4219	-1.1174	0	0
4218	-1.11634	0	0
4217	-1.11527	0	0
4216	-1.11421	0	0
4215	-1.11315	0	0
4214	-1.11209	0	0
4213	-1.11103	0	0
4212	-1.10997	0	0
4211	-1.10891	0	0
4210	-1.10785	0	0
4209	-1.10679	0	0
4208	-1.10573	0	0
4207	-1.10467	0	0
4206	-1.1036	0	0
4205	-1.10254	0	0
4204	-1.10148	0	0
4203	-1.10042	0	0
4202	-1.09936	0	0
4201	-1.0983	0	0
4200	-1.09723	0	0
4199	-1.09617	0	0
4198	-1.09511	0	0
4197	-1.09405	0	0
4196	-1.09298	0	0
4195	-1.09192	0	0
4194	-1.09086	0	0
4193	-1.08979	0	0
4192	-1.08873	0	0
4191	-1.08767	0	0
4190	-1.0866	0	0
4189	-1.08554	0	0
4188	-1.08448	0	0
4187	-1.08341	0	0
4186	-1.08235	0	0
4185	-1.08129	0	0
4184	-1.08022	0	0
4183	-1.07916	0	0
4182	-1.07809	0	0
4181	-1.07703	0	0
4180	-1.07596	0	0
4179	-1.0749	0	0
4178	-1.07383	0	0
4177	-1.07277	0	0
4176	-1.0717	0	0
4175	-1.07064	0	0
4174	-1.06957	0	0
4173	-1.06851	0	0
4172	-1.06744	0	0
4171	-1.06638	0	0
4170	-1.06531	0	0
4169	-1.06425	0	0
4168	-1.06318	0	0
4167	-1.06211	0	0
4166	-1.06105	0	0
4165	-1.05998	0	0
4164	-1.05892	0	0
4163	-1.05785	0	0
4162	-1.05678	0	0
4161	-1.05572	0	0
4160	-1.05465	0	0
4159	-1.05358	0	0
4158	-1.05251	0	0
4157	-1.05145	0	0
4156	-1.05038	0	0
4155	-1.04931	0	0
4154	-1.04825	0	0
4153	-1.04718	0	0
4152	-1.04611	0	0
4151	-1.04504	0	0
4150	-1.04397	0	0
4149	-1.04291	0	0
4148	-1.04184	0	0
4147	-1.04077	0	0
4146	-1.0397	0	0
4145	-1.03863	0	0
4144	-1.03756	0	0
4143	-1.0365	0	0
4142	-1.03543	0	0
4141	-1.03436	0	0
4140	-1.03329	0	0
4139	-1.03222	0	0
4138	-1.03115	0	0
4137	-1.03008	0	0
4136	-1.02901	0	0
4135	-1.02794	0	0
4134	-1.02687	0	0
4133	-1.0258	0	0
4132	-1.02473	0	0
4131	-1.02366	0	0
4130	-1.02259	0	0
4129	-1.02152	0	0
4128	-1.02045	0	0
4127	-1.01938	0	0
4126	-1.01831	0	0
4125	-1.01724	0	0
4124	-1.01617	0	0
4123	-1.0151	0	0
4122	-1.01403	0	0
4121	-1.01296	0	0
4120	-1.01189	0	0
4119	-1.01082	0	0
4118	-1.00974	0	0
4117	-1.00867	0	0
4116	-1.0076	0	0
4115	-1.00653	0	0
4114	-1.00546	0	0
4113	-1.00439	0	0
4112	-1.00331	0	0
4111	-1.00224	0	0
4110	-1.00117	0	0
4109	-1.0001	0	0
4108	-0.999026	0	0
4107	-0.997954	0	0
4106	-0.996881	0	0
4105	-0.995809	0	0
4104	-0.994736	0	0
4103	-0.993663	0	0
4102	-0.99259	0	0
4101	-0.991517	0	0
4100	-0.990444	0	0
4099	-0.989371	0	0
4098	-0.988298	0	0
4097	-0.987224	0	0
4096	-0.986151	0	0
4095	-0.985077	0	0
4094	-0.984004	0	0
4093	-0.98293	0	0
4092	-0.981856	0	0
4091	-0.980782	0	0
4090	-0.979708	0	0
4089	-0.978634	0	0
4088	-0.97756	0	0
4087	-0.976486	0	0
4086	-0.975411	0	0
4085	-0.974337	0	0
4084	-0.973262	0	0
4083	-0.972188	0	0
4082	-0.971113	0	0
4081	-0.970038	0	0
4080	-0.968963	0	0
4079	-0.967888	0	0
4078	-0.966813	0	0
4077	-0.965738	0	0
4076	-0.964662	0	0
4075	-0.963587	0	0
4074	-0.962512	0	0
4073	-0.961436	0	0
4072	-0.96036	0	0
4071	-0.959285	0	0
4070	-0.958209	0	0
4069	-0.957133	0	0
4068	-0.956057	0	0
4067	-0.954981	0	0
4066	-0.953905	0	0
4065	-0.952828	0	0
4064	-0.951752	0	0
4063	-0.950676	0	0
4062	-0.949599	0	0
4061	-0.948523	0	0
4060	-0.947446	0	0
4059	-0.946369	0	0
4058	-0.945292	0	0
4057	-0.944216	0	0
4056	-0.943139	0	0
4055	-0.942061	0	0
4054	-0.940984	0	0
4053	-0.939907	0	0
4052	-0.93883	0	0
4051	-0.937752	0	0
4050	-0.936675	0	0
4049	-0.935597	0	0
4048	-0.93452	0	0
4047	-0.933442	0	0
4046	-0.932364	0	0
4045	-0.931286	0	0
4044	-0.930209	0	0
4043	-0.929131	0	0
4042	-0.928052	0	0
4041	-0.926974	0	0
4040	-0.925896	0	0
4039	-0.924818	0	0
4038	-0.923739	0	0
4037	-0.922661	0	0
4036	-0.921582	0	0
4035	-0.920504	0	0
4034	-0.919425	0	0
4033	-0.918346	0	0
4032	-0.917268	0	0
4031	-0.916189	0	0
4030	-0.91511	0	0
4029	-0.914031	0	0
4028	-0.912952	0	0
4027	-0.911873	0	0
4026	-0.910793	0	0
4025	-0.909714	0	0
4024	-0.908635	0	0
4023	-0.907555	0	0
4022	-0.906476	0	0
4021	-0.905396	0	0
4020	-0.904317	0	0
4019	-0.903237	0	0
4018	-0.902157	0	0
4017	-0.901077	0	0
4016	-0.899998	0	0
4015	-0.898918	0	0
4014	-0.897838	0	0
4013	-0.896757	0	0
4012	-0.895677	0	0
4011	-0.894597	0	0
4010	-0.893517	0	0
4009	-0.892437	0	0
4008	-0.891356	0	0
4007	-0.890276	0	0
4006	-0.889195	0	0
4005	-0.888115	0	0
4004	-0.887034	0	0
4003	-0.885953	0	0
4002	-0.884873	0	0
4001	-0.883792	0	0
4000	-0.882711	0	0
3999	-0.88163	0	0
3998	-0.880549	0	0
3997	-0.879468	0	0
3996	-0.878387	0	0
3995	-0.877306	0	0
3994	-0.876225	0	0
3993	-0.875144	0	0
3992	-0.874062	0	0
3991	-0.872981	0	0
3990	-0.8719	0	0
3989	-0.870818	0	0
3988	-0.869737	0	0
3987	-0.868655	0	0
3986	-0.867574	0	0
3985	-0.866492	0	0
3984	-0.86541	0	0
3983	-0.864329	0	0
3982	-0.863247	0	0
3981	-0.862165	0	0
3980	-0.861083	0	0
3979	-0.860001	0	0
3978	-0.858919	0	0
3977	-0.857838	0	0
3976	-0.856755	0	0
3975	-0.855673	0	0
3974	-0.854591	0	0
3973	-0.853509	0	0
3972	-0.852427	0	0
3971	-0.851345	0	0
3970	-0.850262	0	0
3969	-0.84918	0	0
3968	-0.848098	0	0
3967	-0.847015	0	0
3966	-0.845933	0	0
3965	-0.84485	0	0
3964	-0.843768	0	0
3963	-0.842685	0	0
3962	-0.841603	0	0
3961	-0.84052	0	0
3960	-0.839438	0	0
3959	-0.838355	0	0
3958	-0.837272	0	0
3957	-0.836189	0	0
3956	-0.835107	0	0
3955	-0.834024	0	0
3954	-0.832941	0	0
3953	-0.831858	0	0
3952	-0.830775	0	0
3951	-0.829692	0	0
3950	-0.828609	0	0
3949	-0.827526	0	0
3948	-0.826443	0	0
3947	-0.82536	0	0
3946	-0.824277	0	0
3945	-0.823194	0	0
3944	-0.822111	0	0
3943	-0.821028	0	0
3942	-0.819945	0	0
3941	-0.818861	0	0
3940	-0.817778	0	0
3939	-0.816695	0	0
3938	-0.815612	0	0
3937	-0.814528	0	0
3936	-0.813445	0	0
3935	-0.812362	0	0
3934	-0.811279	0	0
3933	-0.810195	0	0
3932	-0.809112	0	0
3931	-0.808028	0	0
3930	-0.806945	0	0
3929	-0.805862	0	0
3928	-0.804778	0	0
3927	-0.803695	0	0
3926	-0.802611	0	0
3925	-0.801528	0	0
3924	-0.800444	0	0
3923	-0.799361	0	0
3922	-0.798277	0	0
3921	-0.797194	0	0
3920	-0.79611	0	0
3919	-0.795027	0	0
3918	-0.793943	0	0
3917	-0.79286	0	0
3916	-0.791776	0	0
3915	-0.790693	0	0
3914	-0.789609	0	0
3913	-0.788526	0	0
3912	-0.787442	0	0
3911	-0.786358	0	0
3910	-0.785275	0	0
3909	-0.784191	0	0
3908	-0.783108	0	0
3907	-0.782024	0	0
3906	-0.780941	0	0
3905	-0.779857	0	0
3904	-0.778773	0	0
3903	-0.77769	0	0
3902	-0.776606	0	0
3901	-0.775523	0	0
3900	-0.774439	0	0
3899	-0.773356	0	0
3898	-0.772272	0	0
3897	-0.771189	0	0
3896	-0.770105	0	0
3895	-0.769021	0	0
3894	-0.767938	0	0
3893	-0.766854	0	0
3892	-0.765771	0	0
3891	-0.764687	0	0
3890	-0.763604	0	0
3889	-0.762521	0	0
3888	-0.761437	0	0
3887	-0.760354	0	0
3886	-0.75927	0	0
3885	-0.758187	0	0
3884	-0.757104	0	0
3883	-0.75602	0	0
3882	-0.754937	0	0
3881	-0.753854	0	0
3880	-0.75277	0	0
3879	-0.751687	0	0
3878	-0.750604	0	0
3877	-0.749521	0	0
3876	-0.748437	0	0
3875	-0.747354	0	0
3874	-0.746271	0	0
3873	-0.745188	0	0
3872	-0.744105	0	0
3871	-0.743022	0	0
3870	-0.741939	0	0
3869	-0.740856	0	0
3868	-0.739773	0	0
3867	-0.73869	0	0
3866	-0.737607	0	0
3865	-0.736524	0	0
3864	-0.735441	0	0
3863	-0.734358	0	0
3862	-0.733275	0	0
3861	-0.732193	0	0
3860	-0.73111	0	0
3859	-0.730027	0	0
3858	-0.728945	0	0
3857	-0.727862	0	0
3856	-0.726779	0	0
3855	-0.725697	0	0
3854	-0.724614	0	0
3853	-0.723532	0	0
3852	-0.72245	0	0
3851	-0.721367	0	0
3850	-0.720285	0	0
3849	-0.719203	0	0
3848	-0.71812	0	0
3847	-0.717038	0	0
3846	-0.715956	0	0
3845	-0.714874	0	0
3844	-0.713792	0	0
3843	-0.71271	0	0
3842	-0.711628	0	0
3841	-0.710546	0	0
3840	-0.709465	0	0
3839	-0.708383	0	0
3838	-0.707301	0	0
3837	-0.706219	0	0
3836	-0.705138	0	0
3835	-0.704056	0	0
3834	-0.702975	0	0
3833	-0.701893	0	0
3832	-0.700812	0	0
3831	-0.699731	0	0
3830	-0.69865	0	0
3829	-0.697569	0	0
3828	-0.696487	0	0
3827	-0.695406	0	0
3826	-0.694325	0	0
3825	-0.693245	0	0
3824	-0.692164	0	0
3823	-0.691083	0	0
3822	-0.690002	0	0
3821	-0.688922	0	0
3820	-0.687841	0	0
3819	-0.686761	0	0
3818	-0.68568	0	0
3817	-0.6846	0	0
3816	-0.68352	0	0
3815	-0.68244	0	0
3814	-0.68136	0	0
3813	-0.68028	0	0
3812	-0.6792	0	0
3811	-0.67812	0	0
3810	-0.67704	0	0
3809	-0.675961	0	0
3808	-0.674881	0	0
3807	-0.673802	0	0
3806	-0.672722	0	0
3805	-0.671643	0	0
3804	-0.670564	0	0
3803	-0.669484	0	0
3802	-0.668405	0	0
3801	-0.667326	0	0
3800	-0.666248	0	0
3799	-0.665169	0	0
3798	-0.66409	0	0
3797	-0.663012	0	0
3796	-0.661933	0	0
3795	-0.660855	0	0
3794	-0.659776	0	0
3793	-0.658698	0	0
3792	-0.65762	0	0
3791	-0.656542	0	0
3790	-0.655464	0	0
3789	-0.654387	0	0
3788	-0.653309	0	0
3787	-0.652231	0	0
3786	-0.651154	0	0
3785	-0.650077	0	0
3784	-0.648999	0	0
3783	-0.647922	0	0
3782	-0.646845	0	0
3781	-0.645768	0	0
3780	-0.644692	0	0
3779	-0.643615	0	0
3778	-0.642538	0	0
3777	-0.641462	0	0
3776	-0.640386	0	0
3775	-0.639309	0	0
3774	-0.638233	0	0
3773	-0.637157	0	0
3772	-0.636082	0	0
3771	-0.635006	0	0
3770	-0.63393	0	0
3769	-0.632855	0	0
3768	-0.63178	0	0
3767	-0.630704	0	0
3766	-0.629629	0	0
3765	-0.628554	0	0
3764	-0.62748	0	0
3763	-0.626405	0	0
3762	-0.62533	0	0
3761	-0.624256	0	0
3760	-0.623182	0	0
3759	-0.622108	0	0
3758	-0.621034	0	0
3757	-0.61996	0	0
3756	-0.618886	0	0
3755	-0.617813	0	0
3754	-0.616739	0	0
3753	-0.615666	0	0
3752	-0.614593	0	0
3751	-0.61352	0	0
3750	-0.612447	0	0
3749	-0.611374	0	0
3748	-0.610302	0	0
3747	-0.609229	0	0
3746	-0.608157	0	0
3745	-0.607085	0	0
3744	-0.606013	0	0
3743	-0.604941	0	0
3742	-0.60387	0	0
3741	-0.602798	0	0
3740	-0.601727	0	0
3739	-0.600656	0	0
3738	-0.599585	0	0
3737	-0.598514	0	0
3736	-0.597444	0	0
3735	-0.596373	0	0
3734	-0.595303	0	0
3733	-0.594233	0	0
3732	-0.593163	0	0
3731	-0.592093	0	0
3730	-0.591023	0	0
3729	-0.589954	0	0
3728	-0.588885	0	0
3727	-0.587815	0	0
3726	-0.586747	0	0
3725	-0.585678	0	0
3724	-0.584609	0	0
3723	-0.583541	0	0
3722	-0.582473	0	0
3721	-0.581405	0	0
3720	-0.580337	0	0
3719	-0.579269	0	0
3718	-0.578202	0	0
3717	-0.577135	0	0
3716	-0.576067	0	0
3715	-0.575001	0	0
3714	-0.573934	0	0
3713	-0.572867	0	0
3712	-0.571801	0	0
3711	-0.570735	0	0
3710	-0.569669	0	0
3709	-0.568603	0	0
3708	-0.567538	0	0
3707	-0.566473	0	0
3706	-0.565407	0	0
3705	-0.564343	0	0
3704	-0.563278	0	0
3703	-0.562213	0	0
3702	-0.561149	0	0
3701	-0.560085	0	0
3700	-0.559021	0	0
3699	-0.557957	0	0
3698	-0.556894	0	0
3697	-0.555831	0	0
3696	-0.554768	0	0
3695	-0.553705	0	0
3694	-0.552642	0	0
3693	-0.55158	0	0
3692	-0.550518	0	0
3691	-0.549456	0	0
3690	-0.548394	0	0
3689	-0.547333	0	0
3688	-0.546272	0	0
3687	-0.545211	0	0
3686	-0.54415	0	0
3685	-0.543089	0	0
3684	-0.542029	0	0
3683	-0.540969	0	0
3682	-0.539909	0	0
3681	-0.538849	0	0
3680	-0.53779	0	0
3679	-0.536731	0	0
3678	-0.535672	0	0
3677	-0.534613	0	0
3676	-0.533555	0	0
3675	-0.532497	0	0
3674	-0.531439	0	0
3673	-0.530381	0	0
3672	-0.529324	0	0
3671	-0.528266	0	0
3670	-0.527209	0	0
3669	-0.526153	0	0
3668	-0.525096	0	0
3667	-0.52404	0	0
3666	-0.522984	0	0
3665	-0.521928	0	0
3664	-0.520873	0	0
3663	-0.519818	0	0
3662	-0.518763	0	0
3661	-0.517708	0	0
3660	-0.516654	0	0
3659	-0.5156	0	0
3658	-0.514546	0	0
3657	-0.513492	0	0
3656	-0.512439	0	0
3655	-0.511386	0	0
3654	-0.510333	0	0
3653	-0.509281	0	0
3652	-0.508229	0	0
3651	-0.507177	0	0
3650	-0.506125	0	0
3649	-0.505074	0	0
3648	-0.504023	0	0
3647	-0.502972	0	0
3646	-0.501921	0	0
3645	-0.500871	0	0
3644	-0.499821	0	0
3643	-0.498771	0	0
3642	-0.497722	0	0
3641	-0.496673	0	0
3640	-0.495624	0	0
3639	-0.494576	0	0
3638	-0.493527	0	0
3637	-0.492479	0	0
3636	-0.491432	0	0
3635	-0.490385	0	0
3634	-0.489338	0	0
3633	-0.488291	0	0
3632	-0.487244	0	0
3631	-0.486198	0	0
3630	-0.485152	0	0
3629	-0.484107	0	0
3628	-0.483062	0	0
3627	-0.482017	0	0
3626	-0.480972	0	0
3625	-0.479928	0	0
3624	-0.478884	0	0
3623	-0.477841	0	0
3622	-0.476797	0	0
3621	-0.475754	0	0
3620	-0.474712	0	0
3619	-0.473669	0	0
3618	-0.472627	0	0
3617	-0.471586	0	0
3616	-0.470544	0	0
3615	-0.469503	0	0
3614	-0.468463	0	0
3613	-0.467422	0	0
3612	-0.466382	0	0
3611	-0.465342	0	0
3610	-0.464303	0	0
3609	-0.463264	0	0
3608	-0.462225	0	0
3607	-0.461187	0	0
3606	-0.460149	0	0
3605	-0.459111	0	0
3604	-0.458074	0	0
3603	-0.457037	0	0
3602	-0.456001	0	0
3601	-0.454964	0	0
3600	-0.453928	0	0
3599	-0.452893	0	0
3598	-0.451858	0	0
3597	-0.450823	0	0
3596	-0.449788	0	0
3595	-0.448754	0	0
3594	-0.44772	0	0
3593	-0.446687	0	0
3592	-0.445654	0	0
3591	-0.444621	0	0
3590	-0.443589	0	0
3589	-0.442557	0	0
3588	-0.441525	0	0
3587	-0.440494	0	0
3586	-0.439463	0	0
3585	-0.438432	0	0
3584	-0.437402	0	0
3583	-0.436372	0	0
3582	-0.435343	0	0
3581	-0.434314	0	0
3580	-0.433285	0	0
3579	-0.432257	0	0
3578	-0.431229	0	0
3577	-0.430202	0	0
3576	-0.429175	0	0
3575	-0.428148	0	0
3574	-0.427122	0	0
3573	-0.426096	0	0
3572	-0.42507	0	0
3571	-0.424045	0	0
3570	-0.42302	0	0
3569	-0.421996	0	0
3568	-0.420972	0	0
3567	-0.419949	0	0
3566	-0.418925	0	0
3565	-0.417903	0	0
3564	-0.41688	0	0
3563	-0.415858	0	0
3562	-0.414837	0	0
3561	-0.413816	0	0
3560	-0.412795	0	0
3559	-0.411775	0	0
3558	-0.410755	0	0
3557	-0.409735	0	0
3556	-0.408716	0	0
3555	-0.407697	0	0
3554	-0.406679	0	0
3553	-0.405661	0	0
3552	-0.404644	0	0
3551	-0.403627	0	0
3550	-0.40261	0	0
3549	-0.401594	0	0
3548	-0.400578	0	0
3547	-0.399563	0	0
3546	-0.398548	0	0
3545	-0.397534	0	0
3544	-0.39652	0	0
3543	-0.395506	0	0
3542	-0.394493	0	0
3541	-0.393481	0	0
3540	-0.392468	0	0
3539	-0.391457	0	0
3538	-0.390445	0	0
3537	-0.389434	0	0
3536	-0.388424	0	0
3535	-0.387414	0	0
3534	-0.386404	0	0
3533	-0.385395	0	0
3532	-0.384386	0	0
3531	-0.383378	0	0
3530	-0.38237	0	0
3529	-0.381363	0	0
3528	-0.380356	0	0
3527	-0.37935	0	0
3526	-0.378344	0	0
3525	-0.377338	0	0
3524	-0.376333	0	0
3523	-0.375329	0	0
3522	-0.374325	0	0
3521	-0.373321	0	0
3520	-0.372318	0	0
3519	-0.371315	0	0
3518	-0.370313	0	0
3517	-0.369311	0	0
3516	-0.36831	0	0
3515	-0.367309	0	0
3514	-0.366309	0	0
3513	-0.365309	0	0
3512	-0.36431	0	0
3511	-0.363311	0	0
3510	-0.362312	0	0
3509	-0.361315	0	0
3508	-0.360317	0	0
3507	-0.35932	0	0
3506	-0.358324	0	0
3505	-0.357328	0	0
3504	-0.356332	0	0
3503	-0.355337	0	0
3502	-0.354343	0	0
3501	-0.353349	0	0
3500	-0.352355	0	0
3499	-0.351362	0	0
3498	-0.350369	0	0
3497	-0.349377	0	0
3496	-0.348386	0	0
3495	-0.347395	0	0
3494	-0.346404	0	0
3493	-0.345414	0	0
3492	-0.344425	0	0
3491	-0.343436	0	0
3490	-0.342447	0	0
3489	-0.341459	0	0
3488	-0.340472	0	0
3487	-0.339485	0	0
3486	-0.338498	0	0
3485	-0.337512	0	0
3484	-0.336527	0	0
3483	-0.335542	0	0
3482	-0.334558	0	0
3481	-0.333574	0	0
3480	-0.33259	0	0
3479	-0.331607	0	0
3478	-0.330625	0	0
3477	-0.329643	0	0
3476	-0.328662	0	0
3475	-0.327681	0	0
3474	-0.326701	0	0
3473	-0.325721	0	0
3472	-0.324742	0	0
3471	-0.323763	0	0
3470	-0.322785	0	0
3469	-0.321808	0	0
3468	-0.320831	0	0
3467	-0.319854	0	0
3466	-0.318878	0	0
3465	-0.317903	0	0
3464	-0.316928	0	0
3463	-0.315953	0	0
3462	-0.31498	0	0
3461	-0.314006	0	0
3460	-0.313034	0	0
3459	-0.312061	0	0
3458	-0.31109	0	0
3457	-0.310119	0	0
3456	-0.309148	0	0
3455	-0.308178	0	0
3454	-0.307208	0	0
3453	-0.30624	0	0
3452	-0.305271	0	0
3451	-0.304303	0	0
3450	-0.303336	0	0
3449	-0.302369	0	0
3448	-0.301403	0	0
3447	-0.300437	0	0
3446	-0.299472	0	0
3445	-0.298508	0	0
3444	-0.297544	0	0
3443	-0.296581	0	0
3442	-0.295618	0	0
3441	-0.294655	0	0
3440	-0.293694	0	0
3439	-0.292733	0	0
3438	-0.291772	0	0
3437	-0.290812	0	0
3436	-0.289853	0	0
3435	-0.288894	0	0
3434	-0.287935	0	0
3433	-0.286978	0	0
3432	-0.28602	0	0
3431	-0.285064	0	0
3430	-0.284108	0	0
3429	-0.283152	0	0
3428	-0.282197	0	0
3427	-0.281243	0	0
3426	-0.280289	0	0
3425	-0.279336	0	0
3424	-0.278383	0	0
3423	-0.277431	0	0
3422	-0.27648	0	0
3421	-0.275529	0	0
3420	-0.274579	0	0
3419	-0.273629	0	0
3418	-0.27268	0	0
3417	-0.271731	0	0
3416	-0.270783	0	0
3415	-0.269836	0	0
3414	-0.268889	0	0
3413	-0.267943	0	0
3412	-0.266997	0	0
3411	-0.266052	0	0
3410	-0.265107	0	0
3409	-0.264163	0	0
3408	-0.26322	0	0
3407	-0.262277	0	0
3406	-0.261335	0	0
3405	-0.260394	0	0
3404	-0.259453	0	0
3403	-0.258512	0	0
3402	-0.257572	0	0
3401	-0.256633	0	0
3400	-0.255695	0	0
3399	-0.254757	0	0
3398	-0.253819	0	0
3397	-0.252882	0	0
3396	-0.251946	0	0
3395	-0.25101	0	0
3394	-0.250075	0	0
3393	-0.249141	0	0
3392	-0.248207	0	0
3391	-0.247273	0	0
3390	-0.246341	0	0
3389	-0.245409	0	0
3388	-0.244477	0	0
3387	-0.243546	0	0
3386	-0.242616	0	0
3385	-0.241686	0	0
3384	-0.240757	0	0
3383	-0.239828	0	0
3382	-0.2389	0	0
3381	-0.237973	0	0
3380	-0.237046	0	0
3379	-0.23612	0	0
3378	-0.235195	0	0
3377	-0.23427	0	0
3376	-0.233345	0	0
3375	-0.232421	0	0
3374	-0.231498	0	0
3373	-0.230576	0	0
3372	-0.229654	0	0
3371	-0.228732	0	0
3370	-0.227812	0	0
3369	-0.226891	0	0
3368	-0.225972	0	0
3367	-0.225053	0	0
3366	-0.224135	0	0
3365	-0.223217	0	0
3364	-0.2223	0	0
3363	-0.221383	0	0
3362	-0.220467	0	0
3361	-0.219552	0	0
3360	-0.218637	0	0
3359	-0.217723	0	0
3358	-0.216809	0	0
3357	-0.215896	0	0
3356	-0.214984	0	0
3355	-0.214072	0	0
3354	-0.213161	0	0
3353	-0.212251	0	0
3352	-0.211341	0	0
3351	-0.210431	0	0
3350	-0.209523	0	0
3349	-0.208615	0	0
3348	-0.207707	0	0
3347	-0.2068	0	0
3346	-0.205894	0	0
3345	-0.204988	0	0
3344	-0.204083	0	0
3343	-0.203178	0	0
3342	-0.202275	0	0
3341	-0.201371	0	0
3340	-0.200469	0	0
3339	-0.199566	0	0
3338	-0.198665	0	0
3337	-0.197764	0	0
3336	-0.196864	0	0
3335	-0.195964	0	0
3334	-0.195065	0	0
3333	-0.194166	0	0
3332	-0.193269	0	0
3331	-0.192371	0	0
3330	-0.191475	0	0
3329	-0.190579	0	0
3328	-0.189683	0	0
3327	-0.188788	0	0
3326	-0.187894	0	0
3325	-0.187	0	0
3324	-0.186107	0	0
3323	-0.185215	0	0
3322	-0.184323	0	0
3321	-0.183431	0	0
3320	-0.182541	0	0
3319	-0.181651	0	0
3318	-0.180761	0	0
3317	-0.179872	0	0
3316	-0.178984	0	0
3315	-0.178096	0	0
3314	-0.177209	0	0
3313	-0.176323	0	0
3312	-0.175437	0	0
3311	-0.174552	0	0
3310	-0.173667	0	0
3309	-0.172783	0	0
3308	-0.171899	0	0
3307	-0.171016	0	0
3306	-0.170134	0	0
3305	-0.169252	0	0
3304	-0.168371	0	0
3303	-0.167491	0	0
3302	-0.166611	0	0
3301	-0.165732	0	0
3300	-0.164853	0	0
3299	-0.163975	0	0
3298	-0.163097	0	0
3297	-0.16222	0	0
3296	-0.161344	0	0
3295	-0.160468	0	0
3294	-0.159593	0	0
3293	-0.158719	0	0
3292	-0.157845	0	0
3291	-0.156971	0	0
3290	-0.156098	0	0
3289	-0.155226	0	0
3288	-0.154355	0	0
3287	-0.153484	0	0
3286	-0.152613	0	0
3285	-0.151744	0	0
3284	-0.150874	0	0
3283	-0.150006	0	0
3282	-0.149138	0	0
3281	-0.14827	0	0
3280	-0.147403	0	0
3279	-0.146537	0	0
3278	-0.145672	0	0
3277	-0.144807	0	0
3276	-0.143942	0	0
3275	-0.143078	0	0
3274	-0.142215	0	0
3273	-0.141352	0	0
3272	-0.14049	0	0
3271	-0.139629	0	0
3270	-0.138768	0	0
3269	-0.137908	0	0
3268	-0.137048	0	0
3267	-0.136189	0	0
3266	-0.13533	0	0
3265	-0.134472	0	0
3264	-0.133615	0	0
3263	-0.132758	0	0
3262	-0.131902	0	0
3261	-0.131047	0	0
3260	-0.130192	0	0
3259	-0.129338	0	0
3258	-0.128484	0	0
3257	-0.127631	0	0
3256	-0.126778	0	0
3255	-0.125926	0	0
3254	-0.125075	0	0
3253	-0.124224	0	0
3252	-0.123374	0	0
3251	-0.122525	0	0
3250	-0.121676	0	0
3249	-0.120827	0	0
3248	-0.11998	0	0
3247	-0.119133	0	0
3246	-0.118286	0	0
3245	-0.11744	0	0
3244	-0.116595	0	0
3243	-0.11575	0	0
3242	-0.114906	0	0
3241	-0.114063	0	0
3240	-0.11322	0	0
3239	-0.112378	0	0
3238	-0.111536	0	0
3237	-0.110695	0	0
3236	-0.109855	0	0
3235	-0.109015	0	0
3234	-0.108176	0	0
3233	-0.107337	0	0
3232	-0.106499	0	0
3231	-0.105662	0	0
3230	-0.104825	0	0
3229	-0.103989	0	0
3228	-0.103154	0	0
3227	-0.102319	0	0
3226	-0.101485	0	0
3225	-0.100651	0	0
3224	-0.0998185	0	0
3223	-0.0989861	0	0
3222	-0.0981545	0	0
3221	-0.0973234	0	0
3220	-0.096493	0	0
3219	-0.0956632	0	0
3218	-0.0948341	0	0
3217	-0.0940055	0	0
3216	-0.0931777	0	0
3215	-0.0923504	0	0
3214	-0.0915238	0	0
3213	-0.0906979	0	0
3212	-0.0898726	0	0
3211	-0.089048	0	0
3210	-0.088224	0	0
3209	-0.0874006	0	0
3208	-0.086578	0	0
3207	-0.0857559	0	0
3206	-0.0849346	0	0
3205	-0.0841139	0	0
3204	-0.0832939	0	0
3203	-0.0824745	0	0
3202	-0.0816558	0	0
3201	-0.0808378	0	0
3200	-0.0800204	0	0
3199	-0.0792038	0	0
3198	-0.0783878	0	0
3197	-0.0775725	0	0
3196	-0.0767579	0	0
3195	-0.0759439	0	0
3194	-0.0751307	0	0
3193	-0.0743182	0	0
3192	-0.0735063	0	0
3191	-0.0726952	0	0
3190	-0.0718847	0	0
3189	-0.071075	0	0
3188	-0.070266	0	0
3187	-0.0694577	0	0
3186	-0.0686501	0	0
3185	-0.0678432	0	0
3184	-0.0670371	0	0
3183	-0.0662316	0	0
3182	-0.0654269	0	0
3181	-0.064623	0	0
3180	-0.0638197	0	0
3179	-0.0630173	0	0
3178	-0.0622155	0	0
3177	-0.0614145	0	0
3176	-0.0606143	0	0
3175	-0.0598148	0	0
3174	-0.059016	0	0
3173	-0.0582181	0	0
3172	-0.0574209	0	0
3171	-0.0566244	0	0
3170	-0.0558288	0	0
3169	-0.0550339	0	0
3168	-0.0542398	0	0
3167	-0.0534465	0	0
3166	-0.052654	0	0
3165	-0.0518623	0	0
3164	-0.0510713	0	0
3163	-0.0502812	0	0
3162	-0.0494919	0	0
3161	-0.0487034	0	0
3160	-0.0479157	0	0
3159	-0.0471289	0	0
3158	-0.0463429	0	0
3157	-0.0455577	0	0
3156	-0.0447733	0	0
3155	-0.0439898	0	0
3154	-0.0432071	0	0
3153	-0.0424253	0	0
3152	-0.0416444	0	0
3151	-0.0408643	0	0
3150	-0.040085	0	0
3149	-0.0393067	0	0
3148	-0.0385292	0	0
3147	-0.0377526	0	0
3146	-0.0369769	0	0
3145	-0.0362021	0	0
3144	-0.0354281	0	0
3143	-0.0346551	0	0
3142	-0.033883	0	0
3141	-0.0331118	0	0
3140	-0.0323415	0	0
3139	-0.0315722	0	0
3138	-0.0308037	0	0
3137	-0.0300362	0	0
3136	-0.0292697	0	0
3135	-0.0285041	0	0
3134	-0.0277394	0	0
3133	-0.0269758	0	0
3132	-0.026213	0	0
3131	-0.0254513	0	0
3130	-0.0246905	0	0
3129	-0.0239307	0	0
3128	-0.0231719	0	0
3127	-0.0224141	0	0
3126	-0.0216573	0	0
3125	-0.0209015	0	0
3124	-0.0201467	0	0
3123	-0.0193929	0	0
3122	-0.0186402	0	0
3121	-0.0178885	0	0
3120	-0.0171378	0	0
3119	-0.0163881	0	0
3118	-0.0156396	0	0
3117	-0.014892	0	0
3116	-0.0141456	0	0
3115	-0.0134002	0	0
3114	-0.0126559	0	0
3113	-0.0119127	0	0
3112	-0.0111705	0	0
3111	-0.0104295	0	0
3110	-0.00968956	0	0
3109	-0.00895074	0	0
3108	-0.00821304	0	0
3107	-0.00747646	0	0
3106	-0.00674102	0	0
3105	-0.00600672	0	0
3104	-0.00527357	0	0
3103	-0.00454157	0	0
3102	-0.00381073	0	0
3101	-0.00308106	0	0
3100	-0.00235257	0	0
3099	-0.00162527	0	0
3098	-0.000899155	0	0
3097	-0.000174242	0	0
3096	0.000549464	0	0
3095	0.00127195	0	0
3094	0.00199322	0	0
3093	0.00271326	0	0
3092	0.00343206	0	0
3091	0.00414961	0	0
3090	0.0048659	0	0
3089	0.00558093	0	0
3088	0.00629469	0	0
3087	0.00700717	0	0
3086	0.00771836	0	0
3085	0.00842826	0	0
3084	0.00913684	0	0
3083	0.00984412	0	0
3082	0.0105501	0	0
3081	0.0112547	0	0
3080	0.011958	0	0
3079	0.0126599	0	0
3078	0.0133605	0	0
3077	0.0140597	0	0
3076	0.0147575	0	0
3075	0.015454	0	0
3074	0.016149	0	0
3073	0.0168426	0	0
3072	0.0175349	0	0
3071	0.0182257	0	0
3070	0.018915	0	0
3069	0.019603	0	0
3068	0.0202894	0	0
3067	0.0209745	0	0
3066	0.021658	0	0
3065	0.02234	0	0
3064	0.0230206	0	0
3063	0.0236997	0	0
3062	0.0243772	0	0
3061	0.0250532	0	0
3060	0.0257277	0	0
3059	0.0264006	0	0
3058	0.027072	0	0
3057	0.0277418	0	0
3056	0.02841	0	0
3055	0.0290766	0	0
3054	0.0297416	0	0
3053	0.030405	0	0
3052	0.0310667	0	0
3051	0.0317269	0	0
3050	0.0323853	0	0
3049	0.0330421	0	0
3048	0.0336973	0	0
3047	0.0343507	0	0
3046	0.0350024	0	0
3045	0.0356524	0	0
3044	0.0363007	0	0
3043	0.0369472	0	0
3042	0.0375919	0	0
3041	0.0382349	0	0
3040	0.038876	0	0
3039	0.0395154	0	0
3038	0.040153	0	0
3037	0.0407887	0	0
3036	0.0414227	0	0
3035	0.0420547	0	0
3034	0.0426849	0	0
3033	0.0433132	0	0
3032	0.0439396	0	0
3031	0.044564	0	0
3030	0.0451866	0	0
3029	0.0458071	0	0
3028	0.0464257	0	0
3027	0.0470424	0	0
3026	0.047657	0	0
3025	0.0482696	0	0
3024	0.0488802	0	0
3023	0.0494887	0	0
3022	0.0500951	0	0
3021	0.0506995	0	0
3020	0.0513017	0	0
3019	0.0519018	0	0
3018	0.0524998	0	0
3017	0.0530956	0	0
3016	0.0536892	0	0
3015	0.0542806	0	0
3014	0.0548697	0	0
3013	0.0554566	0	0
3012	0.0560412	0	0
3011	0.0566236	0	0
3010	0.0572036	0	0
3009	0.0577813	0	0
3008	0.0583566	0	0
3007	0.0589295	0	0
3006	0.0595	0	0
3005	0.0600681	0	0
3004	0.0606337	0	0
3003	0.0611969	0	0
3002	0.0617575	0	0
3001	0.0623156	0	0
3000	0.0628712	0	0
2999	0.0634241	0	0
2998	0.0639745	0	0
2997	0.0645222	0	0
2996	0.0650672	0	0
2995	0.0656095	0	0
2994	0.0661491	0	0
2993	0.066686	0	0
2992	0.06722	0	0
2991	0.0677513	0	0
2990	0.0682796	0	0
2989	0.0688052	0	0
2988	0.0693277	0	0
2987	0.0698474	0	0
2986	0.070364	0	0
2985	0.0708777	0	0
2984	0.0713883	0	0
2983	0.0718958	0	0
2982	0.0724001	0	0
2981	0.0729013	0	0
2980	0.0733993	0	0
2979	0.0738941	0	0
2978	0.0743856	0	0
2977	0.0748738	0	0
2976	0.0753586	0	0
2975	0.07584	0	0
2974	0.0763179	0	0
2973	0.0767924	0	0
2972	0.0772633	0	0
2971	0.0777307	0	0
2970	0.0781944	0	0
2969	0.0786544	0	0
2968	0.0791107	0	0
2967	0.0795633	0	0
2966	0.080012	0	0
2965	0.0804569	0	0
2964	0.0808978	0	0
2963	0.0813347	0	0
2962	0.0817677	0	0
2961	0.0821965	0	0
2960	0.0826211	0	0
2959	0.0830416	0	0
2958	0.0834578	0	0
2957	0.0838697	0	0
2956	0.0842772	0	0
2955	0.0846802	0	0
2954	0.0850788	0	0
2953	0.0854727	0	0
2952	0.0858621	0	0
2951	0.0862467	0	0
2950	0.0866265	0	0
2949	0.0870015	0	0
2948	0.0873715	0	0
2947	0.0877366	0	0
2946	0.0880966	0	0
2945	0.0884514	0	0
2944	0.0888011	0	0
2943	0.0891454	0	0
2942	0.0894844	0	0
2941	0.0898179	0	0
2940	0.0901459	0	0
2939	0.0904682	0	0
2938	0.0907849	0	0
2937	0.0910957	0	0
2936	0.0914007	0	0
2935	0.0916997	0	0
2934	0.0919927	0	0
2933	0.0922795	0	0
2932	0.0925601	0	0
2931	0.0928343	0	0
2930	0.0931022	0	0
2929	0.0933635	0	0
2928	0.0936182	0	0
2927	0.0938662	0	0
2926	0.0941075	0	0
2925	0.0943418	0	0
2924	0.0945691	0	0
2923	0.0947894	0	0
2922	0.0950025	0	0
2921	0.0952083	0	0
2920	0.0954068	0	0
2919	0.0955978	0	0
2918	0.0957812	0	0
2917	0.095957	0	0
2916	0.096125	0	0
2915	0.0962852	0	0
2914	0.0964376	0	0
2913	0.096582	0	0
2912	0.0967183	0	0
2911	0.0968465	0	0
2910	0.0969665	0	0
2909	0.0970782	0	0
2908	0.0971815	0	0
2907	0.0972765	0	0
2906	0.0973631	0	0
2905	0.0974412	0	0
2904	0.0975108	0	0
2903	0.0975719	0	0
2902	0.0976245	0	0
2901	0.0976685	0	0
2900	0.097704	0	0
2899	0.0977309	0	0
2898	0.0977494	0	0
2897	0.0977595	0	0
2896	0.0977613	0	0
2895	0.0977548	0	0
2894	0.0977401	0	0
2893	0.0977174	0	0
2892	0.0976868	0	0
2891	0.0976486	0	0
2890	0.0976028	0	0
2889	0.0975498	0	0
2888	0.0974897	0	0
2887	0.097423	0	0
2886	0.0973498	0	0
2885	0.0972707	0	0
2884	0.0971859	0	0
2883	0.0970959	0	0
2882	0.0970012	0	0
2881	0.0969023	0	0
2880	0.0967998	0	0
2879	0.0966944	0	0
2878	0.0965866	0	0
2877	0.0964772	0	0
2876	0.0963671	0	0
2875	0.096257	0	0
2874	0.0961478	0	0
2873	0.0960406	0	0
2872	0.0959363	0	0
2871	0.0958361	0	0
2870	0.095741	0	0
2869	0.0956523	0	0
2868	0.0955714	0	0
2867	0.0954994	0	0
2866	0.095438	0	0
2865	0.0953885	0	0
2864	0.0953526	0	0
2863	0.0953317	0	0
2862	0.0953277	0	0
2861	0.0953422	0	0
2860	0.0953769	0	0
2859	0.0954338	0	0
2858	0.0955147	0	0
2857	0.0956215	0	0
2856	0.0957561	0	0
2855	0.0959205	0	0
2854	0.0961167	0	0
2853	0.0963466	0	0
2852	0.0966121	0	0
2851	0.0969153	0	0
2850	0.097258	0	0
2849	0.0976421	0	0
2848	0.0980694	0	0
2847	0.0985418	0	0
2846	0.0990608	0	0
2845	0.099628	0	0
2844	0.100245	0	0
2843	0.100913	0	0
2842	0.101633	0	0
2841	0.102407	0	0
2840	0.103235	0	0
2839	0.104117	0	0
2838	0.105056	0	0
2837	0.10605	0	0
2836	0.1071	0	0
2835	0.108206	0	0
2834	0.109368	0	0
2833	0.110585	0	0
2832	0.111856	0	0
2831	0.11318	0	0
2830	0.114557	0	0
2829	0.115984	0	0
2828	0.11746	0	0
2827	0.118983	0	0
2826	0.120551	0	0
2825	0.12216	0	0
2824	0.123809	0	0
2823	0.125495	0	0
2822	0.127213	0	0
2821	0.128962	0	0
2820	0.130737	0	0
2819	0.132535	0	0
2818	0.134351	0	0
2817	0.136182	0	0
2816	0.138023	0	0
2815	0.13987	0	0
2814	0.141719	0	0
2813	0.143565	0	0
2812	0.145404	0	0
2811	0.147231	0	0
2810	0.149042	0	0
2809	0.150832	0	0
2808	0.152597	0	0
2807	0.154332	0	0
2806	0.156034	0	0
2805	0.157697	0	0
2804	0.159319	0	0
2803	0.160897	0	0
2802	0.162425	0	0
2801	0.163902	0	0
2800	0.165324	0	0
2799	0.16669	0	0
2798	0.167996	0	0
2797	0.169242	0	0
2796	0.170425	0	0
2795	0.171544	0	0
2794	0.172599	0	0
2793	0.173589	0	0
2792	0.174514	0	0
2791	0.175374	0	0
2790	0.17617	0	0
2789	0.176902	0	0
2788	0.177572	0	0
2787	0.178181	0	0
2786	0.178731	0	0
2785	0.179223	0	0
2784	0.17966	0	0
2783	0.180044	0	0
2782	0.180376	0	0
2781	0.18066	0	0
2780	0.180897	0	0
2779	0.181091	0	0
2778	0.181243	0	0
2777	0.181357	0	0
2776	0.181435	0	0
2775	0.181479	0	0
2774	0.181493	0	0
2773	0.181477	0	0
2772	0.181436	0	0
2771	0.18137	0	0
2770	0.181283	0	0
2769	0.181175	0	0
2768	0.18105	0	0
2767	0.18091	0	0
2766	0.180755	0	0
2765	0.180587	0	0
2764	0.180409	0	0
2763	0.180221	0	0
2762	0.180025	0	0
2761	0.179822	0	0
2760	0.179613	0	0
2759	0.1794	0	0
2758	0.179183	0	0
2757	0.178963	0	0
2756	0.178741	0	0
2755	0.178518	0	0
2754	0.178294	0	0
2753	0.17807	0	0
2752	0.177847	0	0
2751	0.177624	0	0
2750	0.177403	0	0
2749	0.177183	0	0
2748	0.176965	0	0
2747	0.176749	0	0
2746	0.176535	0	0
2745	0.176324	0	0
2744	0.176116	0	0
2743	0.17591	0	0
2742	0.175708	0	0
2741	0.175508	0	0
2740	0.175311	0	0
2739	0.175118	0	0
2738	0.174927	0	0
2737	0.174739	0	0
2736	0.174554	0	0
2735	0.174372	0	0
2734	0.174193	0	0
2733	0.174016	0	0
2732	0.173843	0	0
2731	0.173671	0	0
2730	0.173503	0	0
2729	0.173337	0	0
2728	0.173173	0	0
2727	0.173011	0	0
2726	0.172852	0	0
2725	0.172695	0	0
2724	0.172539	0	0
2723	0.172386	0	0
2722	0.172234	0	0
2721	0.172084	0	0
2720	0.171935	0	0
2719	0.171788	0	0
2718	0.171642	0	0
2717	0.171497	0	0
2716	0.171353	0	0
2715	0.171211	0	0
2714	0.171069	0	0
2713	0.170928	0	0
2712	0.170787	0	0
2711	0.170648	0	0
2710	0.170509	0	0
2709	0.17037	0	0
2708	0.170231	0	0
2707	0.170093	0	0
2706	0.169955	0	0
2705	0.169817	0	0
2704	0.16968	0	0
2703	0.169542	0	0
2702	0.169404	0	0
2701	0.169265	0	0
2700	0.169127	0	0
2699	0.168988	0	0
2698	0.168849	0	0
2697	0.168709	0	0
2696	0.168569	0	0
2695	0.168428	0	0
2694	0.168286	0	0
2693	0.168144	0	0
2692	0.168001	0	0
2691	0.167858	0	0
2690	0.167713	0	0
2689	0.167568	0	0
2688	0.167422	0	0
2687	0.167275	0	0
2686	0.167127	0	0
2685	0.166978	0	0
2684	0.166828	0	0
2683	0.166677	0	0
2682	0.166525	0	0
2681	0.166371	0	0
2680	0.166217	0	0
2679	0.166061	0	0
2678	0.165905	0	0
2677	0.165747	0	0
2676	0.165588	0	0
2675	0.165428	0	0
2674	0.165266	0	0
2673	0.165103	0	0
2672	0.164939	0	0
2671	0.164774	0	0
2670	0.164608	0	0
2669	0.16444	0	0
2668	0.164272	0	0
2667	0.164102	0	0
2666	0.163931	0	0
2665	0.163758	0	0
2664	0.163585	0	0
2663	0.16341	0	0
2662	0.163235	0	0
2661	0.163058	0	0
2660	0.16288	0	0
2659	0.162701	0	0
2658	0.162522	0	0
2657	0.162341	0	0
2656	0.162159	0	0
2655	0.161976	0	0
2654	0.161793	0	0
2653	0.161609	0	0
2652	0.161424	0	0
2651	0.161238	0	0
2650	0.161052	0	0
2649	0.160865	0	0
2648	0.160678	0	0
2647	0.16049	0	0
2646	0.160302	0	0
2645	0.160114	0	0
2644	0.159925	0	0
2643	0.159737	0	0
2642	0.159548	0	0
2641	0.15936	0	0
2640	0.159172	0	0
2639	0.158984	0	0
2638	0.158797	0	0
2637	0.15861	0	0
2636	0.158423	0	0
2635	0.158238	0	0
2634	0.158053	0	0
2633	0.15787	0	0
2632	0.157687	0	0
2631	0.157506	0	0
2630	0.157327	0	0
2629	0.157149	0	0
2628	0.156973	0	0
2627	0.156799	0	0
2626	0.156627	0	0
2625	0.156457	0	0
2624	0.156289	0	0
2623	0.156125	0	0
2622	0.155963	0	0
2621	0.155803	0	0
2620	0.155648	0	0
2619	0.155495	0	0
2618	0.155346	0	0
2617	0.1552	0	0
2616	0.155058	0	0
2615	0.15492	0	0
2614	0.154786	0	0
2613	0.154656	0	0
2612	0.15453	0	0
2611	0.154409	0	0
2610	0.154292	0	0
2609	0.15418	0	0
2608	0.154073	0	0
2607	0.15397	0	0
2606	0.153871	0	0
2605	0.153778	0	0
2604	0.153689	0	0
2603	0.153604	0	0
2602	0.153524	0	0
2601	0.153448	0	0
2600	0.153376	0	0
2599	0.153309	0	0
2598	0.153244	0	0
2597	0.153183	0	0
2596	0.153125	0	0
2595	0.15307	0	0
2594	0.153017	0	0
2593	0.152966	0	0
2592	0.152916	0	0
2591	0.152866	0	0
2590	0.152817	0	0
2589	0.152767	0	0
2588	0.152717	0	0
2587	0.152664	0	0
2586	0.15261	0	0
2585	0.152552	0	0
2584	0.152491	0	0
2583	0.152425	0	0
2582	0.152354	0	0
2581	0.152278	0	0
2580	0.152195	0	0
2579	0.152106	0	0
2578	0.152009	0	0
2577	0.151905	0	0
2576	0.151793	0	0
2575	0.151672	0	0
2574	0.151543	0	0
2573	0.151406	0	0
2572	0.151261	0	0
2571	0.151108	0	0
2570	0.150949	0	0
2569	0.150786	0	0
2568	0.150621	0	0
2567	0.150462	0	0
2566	0.15032	0	0
2565	0.150244	0	0
2564	0.150498	0	0
2563	0.150592	0	0
2562	0.150451	0	0
2561	0.150284	0	0
2560	0.150104	0	0
2559	0.149911	0	0
2558	0.149706	0	0
2557	0.149489	0	0
2556	0.149261	0	0
2555	0.149022	0	0
2554	0.148773	0	0
2553	0.148514	0	0
2552	0.148245	0	0
2551	0.147967	0	0
2550	0.147681	0	0
2549	0.147387	0	0
2548	0.147085	0	0
2547	0.146776	0	0
2546	0.14646	0	0
2545	0.146138	0	0
2544	0.145811	0	0
2543	0.145478	0	0
2542	0.145141	0	0
2541	0.144798	0	0
2540	0.144452	0	0
2539	0.144102	0	0
2538	0.143749	0	0
2537	0.143393	0	0
2536	0.143034	0	0
2535	0.142673	0	0
2534	0.14231	0	0
2533	0.141945	0	0
2532	0.141579	0	0
2531	0.141211	0	0
2530	0.140843	0	0
2529	0.140474	0	0
2528	0.140104	0	0
2527	0.139734	0	0
2526	0.139364	0	0
2525	0.138995	0	0
2524	0.138625	0	0
2523	0.138256	0	0
2522	0.137888	0	0
2521	0.137521	0	0
2520	0.137154	0	0
2519	0.136789	0	0
2518	0.136425	0	0
2517	0.136063	0	0
2516	0.135702	0	0
2515	0.135342	0	0
2514	0.134985	0	0
2513	0.134629	0	0
2512	0.134275	0	0
2511	0.133924	0	0
2510	0.133574	0	0
2509	0.133227	0	0
2508	0.132882	0	0
2507	0.13254	0	0
2506	0.1322	0	0
2505	0.131863	0	0
2504	0.131528	0	0
2503	0.131197	0	0
2502	0.130868	0	0
2501	0.130542	0	0
2500	0.130214	0	0
2499	0.129887	0	0
2498	0.129563	0	0
2497	0.129242	0	0
2496	0.128924	0	0
2495	0.12861	0	0
2494	0.1283	0	0
2493	0.127993	0	0
2492	0.127689	0	0
2491	0.12739	0	0
2490	0.127094	0	0
2489	0.126802	0	0
2488	0.126514	0	0
2487	0.12623	0	0
2486	0.12595	0	0
2485	0.125675	0	0
2484	0.125403	0	0
2483	0.125136	0	0
2482	0.124873	0	0
2481	0.124615	0	0
2480	0.124362	0	0
2479	0.124113	0	0
2478	0.123868	0	0
2477	0.123629	0	0
2476	0.123395	0	0
2475	0.123165	0	0
2474	0.122941	0	0
2473	0.122722	0	0
2472	0.122508	0	0
2471	0.122299	0	0
2470	0.122096	0	0
2469	0.121898	0	0
2468	0.121707	0	0
2467	0.12152	0	0
2466	0.12134	0	0
2465	0.121166	0	0
2464	0.120997	0	0
2463	0.120835	0	0
2462	0.120679	0	0
2461	0.12053	0	0
2460	0.120386	0	0
2459	0.12025	0	0
2458	0.12012	0	0
2457	0.119997	0	0
2456	0.11988	0	0
2455	0.119771	0	0
2454	0.119669	0	0
2453	0.119574	0	0
2452	0.119486	0	0
2451	0.119406	0	0
2450	0.119333	0	0
2449	0.119268	0	0
2448	0.119211	0	0
2447	0.119162	0	0
2446	0.119121	0	0
2445	0.119088	0	0
2444	0.119063	0	0
2443	0.119047	0	0
2442	0.119039	0	0
2441	0.11904	0	0
2440	0.119049	0	0
2439	0.119068	0	0
2438	0.119096	0	0
2437	0.119133	0	0
2436	0.119179	0	0
2435	0.119235	0	0
2434	0.1193	0	0
2433	0.119375	0	0
2432	0.11946	0	0
2431	0.119555	0	0
2430	0.11966	0	0
2429	0.119776	0	0
2428	0.119902	0	0
2427	0.120038	0	0
2426	0.120186	0	0
2425	0.120344	0	0
2424	0.120513	0	0
2423	0.120694	0	0
2422	0.120886	0	0
2421	0.12109	0	0
2420	0.121305	0	0
2419	0.121532	0	0
2418	0.121772	0	0
2417	0.122023	0	0
2416	0.122287	0	0
2415	0.122563	0	0
2414	0.122853	0	0
2413	0.123155	0	0
2412	0.12347	0	0
2411	0.123799	0	0
2410	0.124141	0	0
2409	0.124497	0	0
2408	0.124866	0	0
2407	0.12525	0	0
2406	0.125648	0	0
2405	0.126061	0	0
2404	0.126488	0	0
2403	0.126931	0	0
2402	0.127388	0	0
2401	0.127861	0	0
2400	0.128349	0	0
2399	0.128854	0	0
2398	0.129374	0	0
2397	0.129911	0	0
2396	0.130465	0	0
2395	0.131035	0	0
2394	0.131622	0	0
2393	0.132227	0	0
2392	0.13285	0	0
2391	0.13349	0	0
2390	0.134149	0	0
2389	0.134826	0	0
2388	0.135523	0	0
2387	0.136238	0	0
2386	0.136973	0	0
2385	0.137728	0	0
2384	0.138502	0	0
2383	0.139298	0	0
2382	0.140114	0	0
2381	0.140951	0	0
2380	0.14181	0	0
2379	0.142691	0	0
2378	0.143595	0	0
2377	0.144521	0	0
2376	0.14547	0	0
2375	0.146443	0	0
2374	0.14744	0	0
2373	0.148461	0	0
2372	0.149508	0	0
2371	0.150579	0	0
2370	0.151677	0	0
2369	0.1528	0	0
2368	0.153951	0	0
2367	0.155129	0	0
2366	0.156334	0	0
2365	0.157568	0	0
2364	0.158831	0	0
2363	0.160123	0	0
2362	0.161445	0	0
2361	0.162798	0	0
2360	0.164182	0	0
2359	0.165597	0	0
2358	0.167045	0	0
2357	0.168525	0	0
2356	0.170039	0	0
2355	0.171587	0	0
2354	0.173169	0	0
2353	0.174787	0	0
2352	0.176441	0	0
2351	0.178131	0	0
2350	0.179859	0	0
2349	0.181624	0	0
2348	0.183428	0	0
2347	0.18527	0	0
2346	0.187153	0	0
2345	0.189075	0	0
2344	0.191039	0	0
2343	0.193043	0	0
2342	0.19509	0	0
2341	0.197179	0	0
2340	0.199312	0	0
2339	0.201487	0	0
2338	0.203707	0	0
2337	0.205971	0	0
2336	0.20828	0	0
2335	0.210634	0	0
2334	0.213034	0	0
2333	0.215479	0	0
2332	0.21797	0	0
2331	0.220506	0	0
2330	0.223088	0	0
2329	0.225717	0	0
2328	0.22839	0	0
2327	0.231109	0	0
2326	0.233872	0	0
2325	0.23668	0	0
2324	0.239531	0	0
2323	0.242425	0	0
2322	0.24536	0	0
2321	0.248336	0	0
2320	0.251351	0	0
2319	0.254402	0	0
2318	0.25749	0	0
2317	0.26061	0	0
2316	0.263762	0	0
2315	0.266942	0	0
2314	0.270147	0	0
2313	0.273375	0	0
2312	0.276621	0	0
2311	0.279881	0	0
2310	0.283152	0	0
2309	0.286429	0	0
2308	0.289707	0	0
2307	0.29298	0	0
2306	0.296242	0	0
2305	0.299487	0	0
2304	0.302709	0	0
2303	0.305901	0	0
2302	0.309054	0	0
2301	0.312162	0	0
2300	0.315215	0	0
2299	0.318204	0	0
2298	0.321122	0	0
2297	0.323958	0	0
2296	0.326702	0	0
2295	0.329344	0	0
2294	0.331874	0	0
2293	0.334282	0	0
2292	0.336555	0	0
2291	0.338685	0	0
2290	0.34066	0	0
2289	0.342468	0	0
2288	0.3441	0	0
2287	0.345545	0	0
2286	0.346793	0	0
2285	0.347835	0	0
2284	0.34866	0	0
2283	0.34926	0	0
2282	0.349628	0	0
2281	0.349756	0	0
2280	0.349638	0	0
2279	0.349269	0	0
2278	0.348644	0	0
2277	0.34776	0	0
2276	0.346616	0	0
2275	0.345209	0	0
2274	0.343542	0	0
2273	0.341614	0	0
2272	0.339428	0	0
2271	0.336989	0	0
2270	0.334301	0	0
2269	0.331369	0	0
2268	0.328201	0	0
2267	0.324805	0	0
2266	0.321191	0	0
2265	0.317367	0	0
2264	0.313346	0	0
2263	0.309137	0	0
2262	0.304754	0	0
2261	0.300209	0	0
2260	0.295514	0	0
2259	0.290683	0	0
2258	0.285729	0	0
2257	0.280665	0	0
2256	0.275505	0	0
2255	0.270261	0	0
2254	0.264947	0	0
2253	0.259575	0	0
2252	0.254158	0	0
2251	0.248708	0	0
2250	0.243235	0	0
2249	0.237752	0	0
2248	0.232267	0	0
2247	0.226791	0	0
2246	0.221333	0	0
2245	0.215902	0	0
2244	0.210505	0	0
2243	0.20515	0	0
2242	0.199844	0	0
2241	0.194592	0	0
2240	0.189401	0	0
2239	0.184275	0	0
2238	0.179219	0	0
2237	0.174237	0	0
2236	0.169331	0	0
2235	0.164506	0	0
2234	0.159763	0	0
2233	0.155106	0	0
2232	0.150534	0	0
2231	0.146051	0	0
2230	0.141656	0	0
2229	0.137351	0	0
2228	0.133136	0	0
2227	0.129011	0	0
2226	0.124976	0	0
2225	0.121031	0	0
2224	0.117176	0	0
2223	0.113409	0	0
2222	0.109731	0	0
2221	0.106139	0	0
2220	0.102634	0	0
2219	0.0992136	0	0
2218	0.0958768	0	0
2217	0.0926225	0	0
2216	0.0894493	0	0
2215	0.0863557	0	0
2214	0.0833403	0	0
2213	0.0804016	0	0
2212	0.0775381	0	0
2211	0.0747482	0	0
2210	0.0720305	0	0
2209	0.0693834	0	0
2208	0.0668054	0	0
2207	0.0642949	0	0
2206	0.0618503	0	0
2205	0.0594703	0	0
2204	0.0571532	0	0
2203	0.0548978	0	0
2202	0.0527024	0	0
2201	0.0505657	0	0
2200	0.0484863	0	0
2199	0.0464628	0	0
2198	0.044494	0	0
2197	0.0425785	0	0
2196	0.040715	0	0
2195	0.0389025	0	0
2194	0.0371396	0	0
2193	0.0354252	0	0
2192	0.0337582	0	0
2191	0.0321375	0	0
2190	0.0305622	0	0
2189	0.0290311	0	0
2188	0.0275433	0	0
2187	0.026098	0	0
2186	0.0246941	0	0
2185	0.0233309	0	0
2184	0.0220076	0	0
2183	0.0207233	0	0
2182	0.0194774	0	0
2181	0.0182692	0	0
2180	0.0170979	0	0
2179	0.0159631	0	0
2178	0.014864	0	0
2177	0.0138003	0	0
2176	0.0127713	0	0
2175	0.0117768	0	0
2174	0.0108162	0	0
2173	0.00988936	0	0
2172	0.0089959	0	0
2171	0.00813563	0	0
2170	0.00730842	0	0
2169	0.00651423	0	0
2168	0.00575307	0	0
2167	0.00502512	0	0
2166	0.00433064	0	0
2165	0.0036701	0	0
2164	0.00304415	0	0
2163	0.00245376	0	0
2162	0.00190031	0	0
2161	0.00138577	0	0
2160	0.00091318	0	0
2159	0.000487436	0	0
2158	0.000117743	0	0
2157	-6.27319e-05	0	0
2156	0	0	0
2155	0	0	0
2154	0	0	0
2153	0	0	0
2152	0	0	0
2151	0	0	0
2150	0	0	0
2149	0	0	0
2148	0	0	0
2147	0	0	0
2146	0	0	0
2145	0	0	0
2144	0	0	0
2143	0	0	0
2142	0	0	0
2141	0	0	0
2140	0	0	0
2139	0	0	0
2138	0	0	0
2137	0	0	0
2136	0	0	0
2135	0	0	0
2134	0	0	0
2133	0	0	0
2132	0	0	0
2131	0	0	0
2130	0	0	0
2129	0	0	0
2128	0	0	0
2127	0	0	0
2126	0	0	0
2125	0	0	0
2124	0	0	0
2123	0	0	0
2122	0	0	0
2121	0	0	0
2120	0	0	0
2119	0	0	0
2118	0	0	0
2117	0	0	0
2116	0	0	0
2115	0	0	0
2114	0	0	0
2113	0	0	0
2112	0	0	0
2111	0	0	0
2110	0	0	0
2109	0	0	0
2108	0	0	0
2107	0	0	0
2106	0	0	0
2105	0	0	0
2104	0	0	0
2103	0	0	0
2102	0	0	0
2101	0	0	0
2100	0	0	0
2099	0	0	0
2098	0	0	0
2097	0	0	0
2096	0	0	0
2095	0	0	0
2094	0	0	0
2093	0	0	0
2092	0	0	0
2091	0	0	0
2090	0	0	0
2089	0	0	0
2088	0	0	0
2087	0	0	0
2086	0	0	0
2085	0	0	0
2084	0	0	0
2083	0	0	0
2082	0	0	0
2081	0	0	0
2080	0	0	0
2079	0	0	0
2078	0	0	0
2077	0	0	0
2076	0	0	0
2075	0	0	0
2074	0	0	0
2073	0	0	0
2072	0	0	0
2071	0	0	0
2070	0	0	0
2069	0	0	0
2068	0	0	0
2067	0	0	0
2066	0	0	0
2065	0	0	0
2064	0	0	0
2063	0	0	0
2062	0	0	0
2061	0	0	0
2060	0	0	0
2059	0	0	0
2058	0	0	0
2057	0	0	0
2056	0	0	0
2055	0	0	0
2054	0	0	0
2053	0	0	0
2052	0	0	0
