7379	-509.816	0	0
7378	-255.079	0	0
7377	-170.924	0	0
7376	-128.906	0	0
7375	-103.662	0	0
7374	-86.7912	0	0
7373	-74.7041	0	0
7372	-65.6093	0	0
7371	-58.5119	0	0
7370	-52.8152	0	0
7369	-48.1391	0	0
7368	-44.2301	0	0
7367	-40.9123	0	0
7366	-38.0603	0	0
7365	-35.5815	0	0
7364	-33.4068	0	0
7363	-31.4829	0	0
7362	-29.7686	0	0
7361	-28.2312	0	0
7360	-26.8443	0	0
7359	-25.5869	0	0
7358	-24.4414	0	0
7357	-23.3935	0	0
7356	-22.431	0	0
7355	-21.544	0	0
7354	-20.7238	0	0
7353	-19.9632	0	0
7352	-19.2557	0	0
7351	-18.5961	0	0
7350	-17.9795	0	0
7349	-17.402	0	0
7348	-16.8598	0	0
7347	-16.3499	0	0
7346	-15.8694	0	0
7345	-15.4159	0	0
7344	-14.987	0	0
7343	-14.581	0	0
7342	-14.1959	0	0
7341	-13.8303	0	0
7340	-13.4826	0	0
7339	-13.1516	0	0
7338	-12.8361	0	0
7337	-12.5351	0	0
7336	-12.2475	0	0
7335	-11.9725	0	0
7334	-11.7093	0	0
7333	-11.4572	0	0
7332	-11.2154	0	0
7331	-10.9834	0	0
7330	-10.7605	0	0
7329	-10.5463	0	0
7328	-10.3402	0	0
7327	-10.1418	0	0
7326	-9.95072	0	0
7325	-9.76649	0	0
7324	-9.58877	0	0
7323	-9.41723	0	0
7322	-9.25156	0	0
7321	-9.09146	0	0
7320	-8.93666	0	0
7319	-8.7869	0	0
7318	-8.64194	0	0
7317	-8.50155	0	0
7316	-8.36553	0	0
7315	-8.23367	0	0
7314	-8.1058	0	0
7313	-7.98172	0	0
7312	-7.86129	0	0
7311	-7.74433	0	0
7310	-7.63071	0	0
7309	-7.52029	0	0
7308	-7.41293	0	0
7307	-7.30851	0	0
7306	-7.20691	0	0
7305	-7.10802	0	0
7304	-7.01174	0	0
7303	-6.91796	0	0
7302	-6.82659	0	0
7301	-6.73754	0	0
7300	-6.65072	0	0
7299	-6.56605	0	0
7298	-6.48346	0	0
7297	-6.40287	0	0
7296	-6.3242	0	0
7295	-6.2474	0	0
7294	-6.17239	0	0
7293	-6.09912	0	0
7292	-6.02752	0	0
7291	-5.95755	0	0
7290	-5.88914	0	0
7289	-5.82225	0	0
7288	-5.75683	0	0
7287	-5.69282	0	0
7286	-5.63019	0	0
7285	-5.5689	0	0
7284	-5.50889	0	0
7283	-5.45013	0	0
7282	-5.39259	0	0
7281	-5.33623	0	0
7280	-5.281	0	0
7279	-5.22689	0	0
7278	-5.17385	0	0
7277	-5.12185	0	0
7276	-5.07087	0	0
7275	-5.02087	0	0
7274	-4.97183	0	0
7273	-4.92372	0	0
7272	-4.87652	0	0
7271	-4.8302	0	0
7270	-4.78473	0	0
7269	-4.7401	0	0
7268	-4.69628	0	0
7267	-4.65324	0	0
7266	-4.61098	0	0
7265	-4.56947	0	0
7264	-4.52868	0	0
7263	-4.48861	0	0
7262	-4.44923	0	0
7261	-4.41052	0	0
7260	-4.37247	0	0
7259	-4.33507	0	0
7258	-4.29829	0	0
7257	-4.26212	0	0
7256	-4.22655	0	0
7255	-4.19156	0	0
7254	-4.15714	0	0
7253	-4.12328	0	0
7252	-4.08995	0	0
7251	-4.05716	0	0
7250	-4.02488	0	0
7249	-3.9931	0	0
7248	-3.96182	0	0
7247	-3.93103	0	0
7246	-3.9007	0	0
7245	-3.87084	0	0
7244	-3.84142	0	0
7243	-3.81245	0	0
7242	-3.78391	0	0
7241	-3.75579	0	0
7240	-3.72808	0	0
7239	-3.70078	0	0
7238	-3.67387	0	0
7237	-3.64735	0	0
7236	-3.62121	0	0
7235	-3.59544	0	0
7234	-3.57003	0	0
7233	-3.54498	0	0
7232	-3.52028	0	0
7231	-3.49592	0	0
7230	-3.47189	0	0
7229	-3.44819	0	0
7228	-3.42482	0	0
7227	-3.40175	0	0
7226	-3.379	0	0
7225	-3.35655	0	0
7224	-3.3344	0	0
7223	-3.31254	0	0
7222	-3.29096	0	0
7221	-3.26967	0	0
7220	-3.24865	0	0
7219	-3.2279	0	0
7218	-3.20742	0	0
7217	-3.18719	0	0
7216	-3.16722	0	0
7215	-3.1475	0	0
7214	-3.12803	0	0
7213	-3.10879	0	0
7212	-3.0898	0	0
7211	-3.07103	0	0
7210	-3.0525	0	0
7209	-3.03419	0	0
7208	-3.0161	0	0
7207	-2.99823	0	0
7206	-2.98057	0	0
7205	-2.96312	0	0
7204	-2.94587	0	0
7203	-2.92883	0	0
7202	-2.91198	0	0
7201	-2.89533	0	0
7200	-2.87888	0	0
7199	-2.86261	0	0
7198	-2.84653	0	0
7197	-2.83062	0	0
7196	-2.8149	0	0
7195	-2.79936	0	0
7194	-2.78399	0	0
7193	-2.76879	0	0
7192	-2.75375	0	0
7191	-2.73888	0	0
7190	-2.72418	0	0
7189	-2.70963	0	0
7188	-2.69525	0	0
7187	-2.68101	0	0
7186	-2.66693	0	0
7185	-2.653	0	0
7184	-2.63922	0	0
7183	-2.62559	0	0
7182	-2.61209	0	0
7181	-2.59874	0	0
7180	-2.58553	0	0
7179	-2.57245	0	0
7178	-2.55951	0	0
7177	-2.5467	0	0
7176	-2.53402	0	0
7175	-2.52147	0	0
7174	-2.50905	0	0
7173	-2.49675	0	0
7172	-2.48457	0	0
7171	-2.47252	0	0
7170	-2.46059	0	0
7169	-2.44877	0	0
7168	-2.43707	0	0
7167	-2.42548	0	0
7166	-2.41401	0	0
7165	-2.40265	0	0
7164	-2.3914	0	0
7163	-2.38025	0	0
7162	-2.36921	0	0
7161	-2.35828	0	0
7160	-2.34745	0	0
7159	-2.33672	0	0
7158	-2.3261	0	0
7157	-2.31557	0	0
7156	-2.30514	0	0
7155	-2.29481	0	0
7154	-2.28457	0	0
7153	-2.27443	0	0
7152	-2.26438	0	0
7151	-2.25442	0	0
7150	-2.24455	0	0
7149	-2.23477	0	0
7148	-2.22508	0	0
7147	-2.21547	0	0
7146	-2.20595	0	0
7145	-2.19652	0	0
7144	-2.18717	0	0
7143	-2.1779	0	0
7142	-2.16871	0	0
7141	-2.1596	0	0
7140	-2.15057	0	0
7139	-2.14162	0	0
7138	-2.13275	0	0
7137	-2.12395	0	0
7136	-2.11523	0	0
7135	-2.10658	0	0
7134	-2.09801	0	0
7133	-2.08951	0	0
7132	-2.08107	0	0
7131	-2.07271	0	0
7130	-2.06442	0	0
7129	-2.0562	0	0
7128	-2.04805	0	0
7127	-2.03996	0	0
7126	-2.03194	0	0
7125	-2.02399	0	0
7124	-2.0161	0	0
7123	-2.00827	0	0
7122	-2.00051	0	0
7121	-1.99281	0	0
7120	-1.98517	0	0
7119	-1.97759	0	0
7118	-1.97008	0	0
7117	-1.96262	0	0
7116	-1.95522	0	0
7115	-1.94788	0	0
7114	-1.9406	0	0
7113	-1.93337	0	0
7112	-1.9262	0	0
7111	-1.91909	0	0
7110	-1.91203	0	0
7109	-1.90502	0	0
7108	-1.89807	0	0
7107	-1.89117	0	0
7106	-1.88433	0	0
7105	-1.87753	0	0
7104	-1.87079	0	0
7103	-1.8641	0	0
7102	-1.85746	0	0
7101	-1.85087	0	0
7100	-1.84432	0	0
7099	-1.83783	0	0
7098	-1.83138	0	0
7097	-1.82498	0	0
7096	-1.81863	0	0
7095	-1.81232	0	0
7094	-1.80606	0	0
7093	-1.79985	0	0
7092	-1.79368	0	0
7091	-1.78755	0	0
7090	-1.78147	0	0
7089	-1.77543	0	0
7088	-1.76944	0	0
7087	-1.76348	0	0
7086	-1.75757	0	0
7085	-1.7517	0	0
7084	-1.74588	0	0
7083	-1.74009	0	0
7082	-1.73434	0	0
7081	-1.72864	0	0
7080	-1.72297	0	0
7079	-1.71734	0	0
7078	-1.71175	0	0
7077	-1.7062	0	0
7076	-1.70069	0	0
7075	-1.69521	0	0
7074	-1.68977	0	0
7073	-1.68437	0	0
7072	-1.67901	0	0
7071	-1.67368	0	0
7070	-1.66838	0	0
7069	-1.66313	0	0
7068	-1.6579	0	0
7067	-1.65271	0	0
7066	-1.64756	0	0
7065	-1.64244	0	0
7064	-1.63735	0	0
7063	-1.6323	0	0
7062	-1.62728	0	0
7061	-1.62229	0	0
7060	-1.61733	0	0
7059	-1.61241	0	0
7058	-1.60752	0	0
7057	-1.60266	0	0
7056	-1.59783	0	0
7055	-1.59303	0	0
7054	-1.58826	0	0
7053	-1.58352	0	0
7052	-1.57881	0	0
7051	-1.57414	0	0
7050	-1.56949	0	0
7049	-1.56487	0	0
7048	-1.56027	0	0
7047	-1.55571	0	0
7046	-1.55118	0	0
7045	-1.54667	0	0
7044	-1.54219	0	0
7043	-1.53774	0	0
7042	-1.53331	0	0
7041	-1.52892	0	0
7040	-1.52455	0	0
7039	-1.5202	0	0
7038	-1.51588	0	0
7037	-1.51159	0	0
7036	-1.50732	0	0
7035	-1.50308	0	0
7034	-1.49887	0	0
7033	-1.49468	0	0
7032	-1.49051	0	0
7031	-1.48637	0	0
7030	-1.48225	0	0
7029	-1.47816	0	0
7028	-1.47409	0	0
7027	-1.47005	0	0
7026	-1.46603	0	0
7025	-1.46203	0	0
7024	-1.45805	0	0
7023	-1.4541	0	0
7022	-1.45017	0	0
7021	-1.44626	0	0
7020	-1.44238	0	0
7019	-1.43852	0	0
7018	-1.43468	0	0
7017	-1.43086	0	0
7016	-1.42706	0	0
7015	-1.42328	0	0
7014	-1.41953	0	0
7013	-1.41579	0	0
7012	-1.41208	0	0
7011	-1.40839	0	0
7010	-1.40472	0	0
7009	-1.40107	0	0
7008	-1.39743	0	0
7007	-1.39382	0	0
7006	-1.39023	0	0
7005	-1.38666	0	0
7004	-1.38311	0	0
7003	-1.37957	0	0
7002	-1.37606	0	0
7001	-1.37256	0	0
7000	-1.36909	0	0
6999	-1.36563	0	0
6998	-1.36219	0	0
6997	-1.35877	0	0
6996	-1.35536	0	0
6995	-1.35198	0	0
6994	-1.34861	0	0
6993	-1.34526	0	0
6992	-1.34193	0	0
6991	-1.33862	0	0
6990	-1.33532	0	0
6989	-1.33204	0	0
6988	-1.32878	0	0
6987	-1.32553	0	0
6986	-1.3223	0	0
6985	-1.31909	0	0
6984	-1.3159	0	0
6983	-1.31272	0	0
6982	-1.30955	0	0
6981	-1.30641	0	0
6980	-1.30328	0	0
6979	-1.30016	0	0
6978	-1.29706	0	0
6977	-1.29398	0	0
6976	-1.29091	0	0
6975	-1.28786	0	0
6974	-1.28482	0	0
6973	-1.2818	0	0
6972	-1.27879	0	0
6971	-1.2758	0	0
6970	-1.27282	0	0
6969	-1.26985	0	0
6968	-1.26691	0	0
6967	-1.26397	0	0
6966	-1.26105	0	0
6965	-1.25815	0	0
6964	-1.25526	0	0
6963	-1.25238	0	0
6962	-1.24952	0	0
6961	-1.24667	0	0
6960	-1.24383	0	0
6959	-1.24101	0	0
6958	-1.2382	0	0
6957	-1.2354	0	0
6956	-1.23262	0	0
6955	-1.22985	0	0
6954	-1.2271	0	0
6953	-1.22435	0	0
6952	-1.22162	0	0
6951	-1.21891	0	0
6950	-1.2162	0	0
6949	-1.21351	0	0
6948	-1.21083	0	0
6947	-1.20816	0	0
6946	-1.20551	0	0
6945	-1.20287	0	0
6944	-1.20024	0	0
6943	-1.19762	0	0
6942	-1.19501	0	0
6941	-1.19242	0	0
6940	-1.18984	0	0
6939	-1.18727	0	0
6938	-1.18471	0	0
6937	-1.18216	0	0
6936	-1.17962	0	0
6935	-1.1771	0	0
6934	-1.17459	0	0
6933	-1.17209	0	0
6932	-1.16959	0	0
6931	-1.16711	0	0
6930	-1.16465	0	0
6929	-1.16219	0	0
6928	-1.15974	0	0
6927	-1.15731	0	0
6926	-1.15488	0	0
6925	-1.15247	0	0
6924	-1.15006	0	0
6923	-1.14767	0	0
6922	-1.14528	0	0
6921	-1.14291	0	0
6920	-1.14055	0	0
6919	-1.1382	0	0
6918	-1.13585	0	0
6917	-1.13352	0	0
6916	-1.1312	0	0
6915	-1.12889	0	0
6914	-1.12658	0	0
6913	-1.12429	0	0
6912	-1.12201	0	0
6911	-1.11974	0	0
6910	-1.11747	0	0
6909	-1.11522	0	0
6908	-1.11297	0	0
6907	-1.11074	0	0
6906	-1.10851	0	0
6905	-1.10629	0	0
6904	-1.10409	0	0
6903	-1.10189	0	0
6902	-1.0997	0	0
6901	-1.09752	0	0
6900	-1.09535	0	0
6899	-1.09318	0	0
6898	-1.09103	0	0
6897	-1.08888	0	0
6896	-1.08675	0	0
6895	-1.08462	0	0
6894	-1.0825	0	0
6893	-1.08039	0	0
6892	-1.07829	0	0
6891	-1.0762	0	0
6890	-1.07411	0	0
6889	-1.07203	0	0
6888	-1.06997	0	0
6887	-1.0679	0	0
6886	-1.06585	0	0
6885	-1.06381	0	0
6884	-1.06177	0	0
6883	-1.05974	0	0
6882	-1.05772	0	0
6881	-1.05571	0	0
6880	-1.05371	0	0
6879	-1.05171	0	0
6878	-1.04972	0	0
6877	-1.04774	0	0
6876	-1.04577	0	0
6875	-1.0438	0	0
6874	-1.04185	0	0
6873	-1.0399	0	0
6872	-1.03795	0	0
6871	-1.03602	0	0
6870	-1.03409	0	0
6869	-1.03217	0	0
6868	-1.03025	0	0
6867	-1.02835	0	0
6866	-1.02645	0	0
6865	-1.02456	0	0
6864	-1.02267	0	0
6863	-1.02079	0	0
6862	-1.01892	0	0
6861	-1.01706	0	0
6860	-1.0152	0	0
6859	-1.01335	0	0
6858	-1.01151	0	0
6857	-1.00967	0	0
6856	-1.00784	0	0
6855	-1.00602	0	0
6854	-1.0042	0	0
6853	-1.00239	0	0
6852	-1.00059	0	0
6851	-0.998795	0	0
6850	-0.997005	0	0
6849	-0.995222	0	0
6848	-0.993445	0	0
6847	-0.991674	0	0
6846	-0.98991	0	0
6845	-0.988152	0	0
6844	-0.986401	0	0
6843	-0.984655	0	0
6842	-0.982916	0	0
6841	-0.981183	0	0
6840	-0.979457	0	0
6839	-0.977736	0	0
6838	-0.976021	0	0
6837	-0.974313	0	0
6836	-0.97261	0	0
6835	-0.970914	0	0
6834	-0.969223	0	0
6833	-0.967538	0	0
6832	-0.965859	0	0
6831	-0.964186	0	0
6830	-0.962519	0	0
6829	-0.960857	0	0
6828	-0.959201	0	0
6827	-0.957551	0	0
6826	-0.955907	0	0
6825	-0.954268	0	0
6824	-0.952635	0	0
6823	-0.951007	0	0
6822	-0.949385	0	0
6821	-0.947768	0	0
6820	-0.946157	0	0
6819	-0.944551	0	0
6818	-0.942951	0	0
6817	-0.941356	0	0
6816	-0.939766	0	0
6815	-0.938182	0	0
6814	-0.936603	0	0
6813	-0.935029	0	0
6812	-0.93346	0	0
6811	-0.931897	0	0
6810	-0.930339	0	0
6809	-0.928785	0	0
6808	-0.927237	0	0
6807	-0.925694	0	0
6806	-0.924156	0	0
6805	-0.922624	0	0
6804	-0.921096	0	0
6803	-0.919573	0	0
6802	-0.918055	0	0
6801	-0.916542	0	0
6800	-0.915033	0	0
6799	-0.91353	0	0
6798	-0.912032	0	0
6797	-0.910538	0	0
6796	-0.909049	0	0
6795	-0.907565	0	0
6794	-0.906085	0	0
6793	-0.90461	0	0
6792	-0.90314	0	0
6791	-0.901675	0	0
6790	-0.900214	0	0
6789	-0.898757	0	0
6788	-0.897306	0	0
6787	-0.895858	0	0
6786	-0.894416	0	0
6785	-0.892978	0	0
6784	-0.891544	0	0
6783	-0.890115	0	0
6782	-0.88869	0	0
6781	-0.887269	0	0
6780	-0.885853	0	0
6779	-0.884441	0	0
6778	-0.883034	0	0
6777	-0.881631	0	0
6776	-0.880232	0	0
6775	-0.878838	0	0
6774	-0.877447	0	0
6773	-0.876061	0	0
6772	-0.874679	0	0
6771	-0.873301	0	0
6770	-0.871928	0	0
6769	-0.870558	0	0
6768	-0.869193	0	0
6767	-0.867832	0	0
6766	-0.866474	0	0
6765	-0.865121	0	0
6764	-0.863772	0	0
6763	-0.862427	0	0
6762	-0.861085	0	0
6761	-0.859748	0	0
6760	-0.858415	0	0
6759	-0.857085	0	0
6758	-0.85576	0	0
6757	-0.854438	0	0
6756	-0.85312	0	0
6755	-0.851806	0	0
6754	-0.850496	0	0
6753	-0.849189	0	0
6752	-0.847887	0	0
6751	-0.846588	0	0
6750	-0.845293	0	0
6749	-0.844001	0	0
6748	-0.842714	0	0
6747	-0.841429	0	0
6746	-0.840149	0	0
6745	-0.838872	0	0
6744	-0.837599	0	0
6743	-0.83633	0	0
6742	-0.835064	0	0
6741	-0.833801	0	0
6740	-0.832542	0	0
6739	-0.831287	0	0
6738	-0.830035	0	0
6737	-0.828787	0	0
6736	-0.827542	0	0
6735	-0.826301	0	0
6734	-0.825063	0	0
6733	-0.823828	0	0
6732	-0.822597	0	0
6731	-0.821369	0	0
6730	-0.820145	0	0
6729	-0.818924	0	0
6728	-0.817706	0	0
6727	-0.816492	0	0
6726	-0.815281	0	0
6725	-0.814073	0	0
6724	-0.812868	0	0
6723	-0.811667	0	0
6722	-0.810469	0	0
6721	-0.809274	0	0
6720	-0.808083	0	0
6719	-0.806894	0	0
6718	-0.805709	0	0
6717	-0.804527	0	0
6716	-0.803348	0	0
6715	-0.802173	0	0
6714	-0.801	0	0
6713	-0.79983	0	0
6712	-0.798664	0	0
6711	-0.7975	0	0
6710	-0.79634	0	0
6709	-0.795183	0	0
6708	-0.794029	0	0
6707	-0.792877	0	0
6706	-0.791729	0	0
6705	-0.790584	0	0
6704	-0.789441	0	0
6703	-0.788302	0	0
6702	-0.787166	0	0
6701	-0.786032	0	0
6700	-0.784901	0	0
6699	-0.783774	0	0
6698	-0.782649	0	0
6697	-0.781527	0	0
6696	-0.780408	0	0
6695	-0.779292	0	0
6694	-0.778178	0	0
6693	-0.777068	0	0
6692	-0.77596	0	0
6691	-0.774855	0	0
6690	-0.773753	0	0
6689	-0.772653	0	0
6688	-0.771556	0	0
6687	-0.770462	0	0
6686	-0.769371	0	0
6685	-0.768282	0	0
6684	-0.767197	0	0
6683	-0.766113	0	0
6682	-0.765033	0	0
6681	-0.763955	0	0
6680	-0.76288	0	0
6679	-0.761807	0	0
6678	-0.760737	0	0
6677	-0.75967	0	0
6676	-0.758605	0	0
6675	-0.757543	0	0
6674	-0.756483	0	0
6673	-0.755426	0	0
6672	-0.754372	0	0
6671	-0.75332	0	0
6670	-0.752271	0	0
6669	-0.751224	0	0
6668	-0.750179	0	0
6667	-0.749137	0	0
6666	-0.748098	0	0
6665	-0.747061	0	0
6664	-0.746026	0	0
6663	-0.744994	0	0
6662	-0.743965	0	0
6661	-0.742938	0	0
6660	-0.741913	0	0
6659	-0.74089	0	0
6658	-0.73987	0	0
6657	-0.738853	0	0
6656	-0.737838	0	0
6655	-0.736825	0	0
6654	-0.735814	0	0
6653	-0.734806	0	0
6652	-0.7338	0	0
6651	-0.732797	0	0
6650	-0.731795	0	0
6649	-0.730796	0	0
6648	-0.7298	0	0
6647	-0.728805	0	0
6646	-0.727813	0	0
6645	-0.726823	0	0
6644	-0.725836	0	0
6643	-0.72485	0	0
6642	-0.723867	0	0
6641	-0.722886	0	0
6640	-0.721908	0	0
6639	-0.720931	0	0
6638	-0.719957	0	0
6637	-0.718985	0	0
6636	-0.718015	0	0
6635	-0.717047	0	0
6634	-0.716081	0	0
6633	-0.715117	0	0
6632	-0.714156	0	0
6631	-0.713197	0	0
6630	-0.712239	0	0
6629	-0.711284	0	0
6628	-0.710331	0	0
6627	-0.70938	0	0
6626	-0.708432	0	0
6625	-0.707485	0	0
6624	-0.70654	0	0
6623	-0.705597	0	0
6622	-0.704657	0	0
6621	-0.703718	0	0
6620	-0.702781	0	0
6619	-0.701847	0	0
6618	-0.700914	0	0
6617	-0.699984	0	0
6616	-0.699055	0	0
6615	-0.698128	0	0
6614	-0.697204	0	0
6613	-0.696281	0	0
6612	-0.69536	0	0
6611	-0.694441	0	0
6610	-0.693525	0	0
6609	-0.69261	0	0
6608	-0.691697	0	0
6607	-0.690785	0	0
6606	-0.689876	0	0
6605	-0.688969	0	0
6604	-0.688063	0	0
6603	-0.68716	0	0
6602	-0.686258	0	0
6601	-0.685358	0	0
6600	-0.68446	0	0
6599	-0.683564	0	0
6598	-0.68267	0	0
6597	-0.681777	0	0
6596	-0.680887	0	0
6595	-0.679998	0	0
6594	-0.679111	0	0
6593	-0.678226	0	0
6592	-0.677342	0	0
6591	-0.676461	0	0
6590	-0.675581	0	0
6589	-0.674703	0	0
6588	-0.673826	0	0
6587	-0.672952	0	0
6586	-0.672079	0	0
6585	-0.671208	0	0
6584	-0.670339	0	0
6583	-0.669471	0	0
6582	-0.668605	0	0
6581	-0.667741	0	0
6580	-0.666878	0	0
6579	-0.666017	0	0
6578	-0.665158	0	0
6577	-0.664301	0	0
6576	-0.663445	0	0
6575	-0.662591	0	0
6574	-0.661739	0	0
6573	-0.660888	0	0
6572	-0.660039	0	0
6571	-0.659191	0	0
6570	-0.658346	0	0
6569	-0.657501	0	0
6568	-0.656659	0	0
6567	-0.655818	0	0
6566	-0.654979	0	0
6565	-0.654141	0	0
6564	-0.653305	0	0
6563	-0.65247	0	0
6562	-0.651637	0	0
6561	-0.650806	0	0
6560	-0.649976	0	0
6559	-0.649148	0	0
6558	-0.648321	0	0
6557	-0.647496	0	0
6556	-0.646672	0	0
6555	-0.64585	0	0
6554	-0.64503	0	0
6553	-0.644211	0	0
6552	-0.643393	0	0
6551	-0.642577	0	0
6550	-0.641763	0	0
6549	-0.64095	0	0
6548	-0.640138	0	0
6547	-0.639328	0	0
6546	-0.63852	0	0
6545	-0.637713	0	0
6544	-0.636907	0	0
6543	-0.636103	0	0
6542	-0.635301	0	0
6541	-0.6345	0	0
6540	-0.6337	0	0
6539	-0.632902	0	0
6538	-0.632105	0	0
6537	-0.631309	0	0
6536	-0.630515	0	0
6535	-0.629723	0	0
6534	-0.628932	0	0
6533	-0.628142	0	0
6532	-0.627354	0	0
6531	-0.626567	0	0
6530	-0.625781	0	0
6529	-0.624997	0	0
6528	-0.624215	0	0
6527	-0.623433	0	0
6526	-0.622653	0	0
6525	-0.621875	0	0
6524	-0.621097	0	0
6523	-0.620322	0	0
6522	-0.619547	0	0
6521	-0.618774	0	0
6520	-0.618002	0	0
6519	-0.617232	0	0
6518	-0.616462	0	0
6517	-0.615694	0	0
6516	-0.614928	0	0
6515	-0.614163	0	0
6514	-0.613399	0	0
6513	-0.612636	0	0
6512	-0.611875	0	0
6511	-0.611115	0	0
6510	-0.610356	0	0
6509	-0.609599	0	0
6508	-0.608843	0	0
6507	-0.608088	0	0
6506	-0.607334	0	0
6505	-0.606582	0	0
6504	-0.605831	0	0
6503	-0.605081	0	0
6502	-0.604332	0	0
6501	-0.603585	0	0
6500	-0.602839	0	0
6499	-0.602094	0	0
6498	-0.601351	0	0
6497	-0.600608	0	0
6496	-0.599867	0	0
6495	-0.599127	0	0
6494	-0.598388	0	0
6493	-0.597651	0	0
6492	-0.596915	0	0
6491	-0.596179	0	0
6490	-0.595446	0	0
6489	-0.594713	0	0
6488	-0.593981	0	0
6487	-0.593251	0	0
6486	-0.592522	0	0
6485	-0.591794	0	0
6484	-0.591067	0	0
6483	-0.590341	0	0
6482	-0.589617	0	0
6481	-0.588894	0	0
6480	-0.588171	0	0
6479	-0.58745	0	0
6478	-0.58673	0	0
6477	-0.586012	0	0
6476	-0.585294	0	0
6475	-0.584578	0	0
6474	-0.583862	0	0
6473	-0.583148	0	0
6472	-0.582435	0	0
6471	-0.581723	0	0
6470	-0.581012	0	0
6469	-0.580302	0	0
6468	-0.579594	0	0
6467	-0.578886	0	0
6466	-0.57818	0	0
6465	-0.577474	0	0
6464	-0.57677	0	0
6463	-0.576067	0	0
6462	-0.575364	0	0
6461	-0.574663	0	0
6460	-0.573963	0	0
6459	-0.573264	0	0
6458	-0.572567	0	0
6457	-0.57187	0	0
6456	-0.571174	0	0
6455	-0.570479	0	0
6454	-0.569786	0	0
6453	-0.569093	0	0
6452	-0.568402	0	0
6451	-0.567711	0	0
6450	-0.567022	0	0
6449	-0.566333	0	0
6448	-0.565646	0	0
6447	-0.564959	0	0
6446	-0.564274	0	0
6445	-0.56359	0	0
6444	-0.562906	0	0
6443	-0.562224	0	0
6442	-0.561542	0	0
6441	-0.560862	0	0
6440	-0.560183	0	0
6439	-0.559504	0	0
6438	-0.558827	0	0
6437	-0.558151	0	0
6436	-0.557475	0	0
6435	-0.556801	0	0
6434	-0.556127	0	0
6433	-0.555455	0	0
6432	-0.554783	0	0
6431	-0.554113	0	0
6430	-0.553443	0	0
6429	-0.552775	0	0
6428	-0.552107	0	0
6427	-0.55144	0	0
6426	-0.550775	0	0
6425	-0.55011	0	0
6424	-0.549446	0	0
6423	-0.548783	0	0
6422	-0.548121	0	0
6421	-0.54746	0	0
6420	-0.5468	0	0
6419	-0.546141	0	0
6418	-0.545482	0	0
6417	-0.544825	0	0
6416	-0.544169	0	0
6415	-0.543513	0	0
6414	-0.542859	0	0
6413	-0.542205	0	0
6412	-0.541552	0	0
6411	-0.5409	0	0
6410	-0.540249	0	0
6409	-0.539599	0	0
6408	-0.53895	0	0
6407	-0.538301	0	0
6406	-0.537654	0	0
6405	-0.537007	0	0
6404	-0.536362	0	0
6403	-0.535717	0	0
6402	-0.535073	0	0
6401	-0.53443	0	0
6400	-0.533788	0	0
6399	-0.533147	0	0
6398	-0.532506	0	0
6397	-0.531867	0	0
6396	-0.531228	0	0
6395	-0.53059	0	0
6394	-0.529953	0	0
6393	-0.529317	0	0
6392	-0.528681	0	0
6391	-0.528047	0	0
6390	-0.527413	0	0
6389	-0.52678	0	0
6388	-0.526148	0	0
6387	-0.525517	0	0
6386	-0.524887	0	0
6385	-0.524257	0	0
6384	-0.523629	0	0
6383	-0.523001	0	0
6382	-0.522374	0	0
6381	-0.521748	0	0
6380	-0.521122	0	0
6379	-0.520498	0	0
6378	-0.519874	0	0
6377	-0.519251	0	0
6376	-0.518629	0	0
6375	-0.518007	0	0
6374	-0.517387	0	0
6373	-0.516767	0	0
6372	-0.516148	0	0
6371	-0.515529	0	0
6370	-0.514912	0	0
6369	-0.514295	0	0
6368	-0.51368	0	0
6367	-0.513064	0	0
6366	-0.51245	0	0
6365	-0.511837	0	0
6364	-0.511224	0	0
6363	-0.510612	0	0
6362	-0.51	0	0
6361	-0.50939	0	0
6360	-0.50878	0	0
6359	-0.508171	0	0
6358	-0.507563	0	0
6357	-0.506956	0	0
6356	-0.506349	0	0
6355	-0.505743	0	0
6354	-0.505138	0	0
6353	-0.504533	0	0
6352	-0.50393	0	0
6351	-0.503327	0	0
6350	-0.502724	0	0
6349	-0.502123	0	0
6348	-0.501522	0	0
6347	-0.500922	0	0
6346	-0.500323	0	0
6345	-0.499724	0	0
6344	-0.499126	0	0
6343	-0.498529	0	0
6342	-0.497932	0	0
6341	-0.497337	0	0
6340	-0.496742	0	0
6339	-0.496147	0	0
6338	-0.495554	0	0
6337	-0.494961	0	0
6336	-0.494369	0	0
6335	-0.493777	0	0
6334	-0.493186	0	0
6333	-0.492596	0	0
6332	-0.492007	0	0
6331	-0.491418	0	0
6330	-0.49083	0	0
6329	-0.490243	0	0
6328	-0.489656	0	0
6327	-0.48907	0	0
6326	-0.488485	0	0
6325	-0.4879	0	0
6324	-0.487316	0	0
6323	-0.486733	0	0
6322	-0.486151	0	0
6321	-0.485569	0	0
6320	-0.484988	0	0
6319	-0.484407	0	0
6318	-0.483827	0	0
6317	-0.483248	0	0
6316	-0.482669	0	0
6315	-0.482091	0	0
6314	-0.481514	0	0
6313	-0.480938	0	0
6312	-0.480362	0	0
6311	-0.479786	0	0
6310	-0.479212	0	0
6309	-0.478638	0	0
6308	-0.478064	0	0
6307	-0.477492	0	0
6306	-0.47692	0	0
6305	-0.476348	0	0
6304	-0.475777	0	0
6303	-0.475207	0	0
6302	-0.474638	0	0
6301	-0.474069	0	0
6300	-0.473501	0	0
6299	-0.472933	0	0
6298	-0.472366	0	0
6297	-0.4718	0	0
6296	-0.471234	0	0
6295	-0.470669	0	0
6294	-0.470104	0	0
6293	-0.46954	0	0
6292	-0.468977	0	0
6291	-0.468414	0	0
6290	-0.467852	0	0
6289	-0.467291	0	0
6288	-0.46673	0	0
6287	-0.46617	0	0
6286	-0.46561	0	0
6285	-0.465051	0	0
6284	-0.464493	0	0
6283	-0.463935	0	0
6282	-0.463378	0	0
6281	-0.462821	0	0
6280	-0.462265	0	0
6279	-0.46171	0	0
6278	-0.461155	0	0
6277	-0.460601	0	0
6276	-0.460047	0	0
6275	-0.459494	0	0
6274	-0.458941	0	0
6273	-0.458389	0	0
6272	-0.457838	0	0
6271	-0.457287	0	0
6270	-0.456737	0	0
6269	-0.456187	0	0
6268	-0.455638	0	0
6267	-0.45509	0	0
6266	-0.454542	0	0
6265	-0.453995	0	0
6264	-0.453448	0	0
6263	-0.452902	0	0
6262	-0.452356	0	0
6261	-0.451811	0	0
6260	-0.451267	0	0
6259	-0.450723	0	0
6258	-0.450179	0	0
6257	-0.449636	0	0
6256	-0.449094	0	0
6255	-0.448552	0	0
6254	-0.448011	0	0
6253	-0.44747	0	0
6252	-0.44693	0	0
6251	-0.446391	0	0
6250	-0.445852	0	0
6249	-0.445313	0	0
6248	-0.444775	0	0
6247	-0.444238	0	0
6246	-0.443701	0	0
6245	-0.443165	0	0
6244	-0.442629	0	0
6243	-0.442094	0	0
6242	-0.441559	0	0
6241	-0.441025	0	0
6240	-0.440491	0	0
6239	-0.439958	0	0
6238	-0.439426	0	0
6237	-0.438894	0	0
6236	-0.438362	0	0
6235	-0.437831	0	0
6234	-0.4373	0	0
6233	-0.436771	0	0
6232	-0.436241	0	0
6231	-0.435712	0	0
6230	-0.435184	0	0
6229	-0.434656	0	0
6228	-0.434128	0	0
6227	-0.433601	0	0
6226	-0.433075	0	0
6225	-0.432549	0	0
6224	-0.432024	0	0
6223	-0.431499	0	0
6222	-0.430975	0	0
6221	-0.430451	0	0
6220	-0.429927	0	0
6219	-0.429404	0	0
6218	-0.428882	0	0
6217	-0.42836	0	0
6216	-0.427839	0	0
6215	-0.427318	0	0
6214	-0.426798	0	0
6213	-0.426278	0	0
6212	-0.425758	0	0
6211	-0.425239	0	0
6210	-0.424721	0	0
6209	-0.424203	0	0
6208	-0.423686	0	0
6207	-0.423169	0	0
6206	-0.422652	0	0
6205	-0.422136	0	0
6204	-0.421621	0	0
6203	-0.421106	0	0
6202	-0.420591	0	0
6201	-0.420077	0	0
6200	-0.419563	0	0
6199	-0.41905	0	0
6198	-0.418537	0	0
6197	-0.418025	0	0
6196	-0.417514	0	0
6195	-0.417002	0	0
6194	-0.416491	0	0
6193	-0.415981	0	0
6192	-0.415471	0	0
6191	-0.414962	0	0
6190	-0.414453	0	0
6189	-0.413944	0	0
6188	-0.413436	0	0
6187	-0.412929	0	0
6186	-0.412422	0	0
6185	-0.411915	0	0
6184	-0.411409	0	0
6183	-0.410903	0	0
6182	-0.410398	0	0
6181	-0.409893	0	0
6180	-0.409389	0	0
6179	-0.408885	0	0
6178	-0.408381	0	0
6177	-0.407878	0	0
6176	-0.407376	0	0
6175	-0.406874	0	0
6174	-0.406372	0	0
6173	-0.405871	0	0
6172	-0.40537	0	0
6171	-0.404869	0	0
6170	-0.404369	0	0
6169	-0.40387	0	0
6168	-0.403371	0	0
6167	-0.402872	0	0
6166	-0.402374	0	0
6165	-0.401876	0	0
6164	-0.401379	0	0
6163	-0.400882	0	0
6162	-0.400386	0	0
6161	-0.39989	0	0
6160	-0.399394	0	0
6159	-0.398899	0	0
6158	-0.398404	0	0
6157	-0.39791	0	0
6156	-0.397416	0	0
6155	-0.396923	0	0
6154	-0.396429	0	0
6153	-0.395937	0	0
6152	-0.395445	0	0
6151	-0.394953	0	0
6150	-0.394462	0	0
6149	-0.393971	0	0
6148	-0.39348	0	0
6147	-0.39299	0	0
6146	-0.3925	0	0
6145	-0.392011	0	0
6144	-0.391522	0	0
6143	-0.391034	0	0
6142	-0.390546	0	0
6141	-0.390058	0	0
6140	-0.389571	0	0
6139	-0.389084	0	0
6138	-0.388597	0	0
6137	-0.388111	0	0
6136	-0.387626	0	0
6135	-0.387141	0	0
6134	-0.386656	0	0
6133	-0.386171	0	0
6132	-0.385687	0	0
6131	-0.385204	0	0
6130	-0.384721	0	0
6129	-0.384238	0	0
6128	-0.383755	0	0
6127	-0.383273	0	0
6126	-0.382792	0	0
6125	-0.382311	0	0
6124	-0.38183	0	0
6123	-0.381349	0	0
6122	-0.380869	0	0
6121	-0.38039	0	0
6120	-0.37991	0	0
6119	-0.379431	0	0
6118	-0.378953	0	0
6117	-0.378475	0	0
6116	-0.377997	0	0
6115	-0.37752	0	0
6114	-0.377043	0	0
6113	-0.376566	0	0
6112	-0.37609	0	0
6111	-0.375614	0	0
6110	-0.375139	0	0
6109	-0.374664	0	0
6108	-0.374189	0	0
6107	-0.373715	0	0
6106	-0.373241	0	0
6105	-0.372768	0	0
6104	-0.372294	0	0
6103	-0.371822	0	0
6102	-0.371349	0	0
6101	-0.370877	0	0
6100	-0.370406	0	0
6099	-0.369934	0	0
6098	-0.369463	0	0
6097	-0.368993	0	0
6096	-0.368523	0	0
6095	-0.368053	0	0
6094	-0.367584	0	0
6093	-0.367115	0	0
6092	-0.366646	0	0
6091	-0.366178	0	0
6090	-0.36571	0	0
6089	-0.365242	0	0
6088	-0.364775	0	0
6087	-0.364308	0	0
6086	-0.363841	0	0
6085	-0.363375	0	0
6084	-0.362909	0	0
6083	-0.362444	0	0
6082	-0.361979	0	0
6081	-0.361514	0	0
6080	-0.36105	0	0
6079	-0.360586	0	0
6078	-0.360122	0	0
6077	-0.359659	0	0
6076	-0.359196	0	0
6075	-0.358733	0	0
6074	-0.358271	0	0
6073	-0.357809	0	0
6072	-0.357348	0	0
6071	-0.356887	0	0
6070	-0.356426	0	0
6069	-0.355965	0	0
6068	-0.355505	0	0
6067	-0.355045	0	0
6066	-0.354586	0	0
6065	-0.354127	0	0
6064	-0.353668	0	0
6063	-0.35321	0	0
6062	-0.352752	0	0
6061	-0.352294	0	0
6060	-0.351837	0	0
6059	-0.35138	0	0
6058	-0.350923	0	0
6057	-0.350467	0	0
6056	-0.350011	0	0
6055	-0.349555	0	0
6054	-0.3491	0	0
6053	-0.348645	0	0
6052	-0.34819	0	0
6051	-0.347736	0	0
6050	-0.347282	0	0
6049	-0.346828	0	0
6048	-0.346375	0	0
6047	-0.345922	0	0
6046	-0.345469	0	0
6045	-0.345017	0	0
6044	-0.344565	0	0
6043	-0.344113	0	0
6042	-0.343662	0	0
6041	-0.343211	0	0
6040	-0.34276	0	0
6039	-0.34231	0	0
6038	-0.34186	0	0
6037	-0.34141	0	0
6036	-0.340961	0	0
6035	-0.340512	0	0
6034	-0.340063	0	0
6033	-0.339615	0	0
6032	-0.339167	0	0
6031	-0.338719	0	0
6030	-0.338272	0	0
6029	-0.337825	0	0
6028	-0.337378	0	0
6027	-0.336932	0	0
6026	-0.336485	0	0
6025	-0.33604	0	0
6024	-0.335594	0	0
6023	-0.335149	0	0
6022	-0.334704	0	0
6021	-0.33426	0	0
6020	-0.333816	0	0
6019	-0.333372	0	0
6018	-0.332928	0	0
6017	-0.332485	0	0
6016	-0.332042	0	0
6015	-0.331599	0	0
6014	-0.331157	0	0
6013	-0.330715	0	0
6012	-0.330273	0	0
6011	-0.329832	0	0
6010	-0.329391	0	0
6009	-0.32895	0	0
6008	-0.32851	0	0
6007	-0.32807	0	0
6006	-0.32763	0	0
6005	-0.32719	0	0
6004	-0.326751	0	0
6003	-0.326312	0	0
6002	-0.325874	0	0
6001	-0.325436	0	0
6000	-0.324998	0	0
5999	-0.32456	0	0
5998	-0.324123	0	0
5997	-0.323686	0	0
5996	-0.323249	0	0
5995	-0.322812	0	0
5994	-0.322376	0	0
5993	-0.32194	0	0
5992	-0.321505	0	0
5991	-0.32107	0	0
5990	-0.320635	0	0
5989	-0.3202	0	0
5988	-0.319766	0	0
5987	-0.319332	0	0
5986	-0.318898	0	0
5985	-0.318465	0	0
5984	-0.318032	0	0
5983	-0.317599	0	0
5982	-0.317166	0	0
5981	-0.316734	0	0
5980	-0.316302	0	0
5979	-0.31587	0	0
5978	-0.315439	0	0
5977	-0.315008	0	0
5976	-0.314577	0	0
5975	-0.314147	0	0
5974	-0.313717	0	0
5973	-0.313287	0	0
5972	-0.312857	0	0
5971	-0.312428	0	0
5970	-0.311999	0	0
5969	-0.31157	0	0
5968	-0.311142	0	0
5967	-0.310714	0	0
5966	-0.310286	0	0
5965	-0.309858	0	0
5964	-0.309431	0	0
5963	-0.309004	0	0
5962	-0.308578	0	0
5961	-0.308151	0	0
5960	-0.307725	0	0
5959	-0.307299	0	0
5958	-0.306874	0	0
5957	-0.306449	0	0
5956	-0.306024	0	0
5955	-0.305599	0	0
5954	-0.305175	0	0
5953	-0.30475	0	0
5952	-0.304327	0	0
5951	-0.303903	0	0
5950	-0.30348	0	0
5949	-0.303057	0	0
5948	-0.302634	0	0
5947	-0.302212	0	0
5946	-0.30179	0	0
5945	-0.301368	0	0
5944	-0.300946	0	0
5943	-0.300525	0	0
5942	-0.300104	0	0
5941	-0.299683	0	0
5940	-0.299263	0	0
5939	-0.298843	0	0
5938	-0.298423	0	0
5937	-0.298003	0	0
5936	-0.297584	0	0
5935	-0.297165	0	0
5934	-0.296746	0	0
5933	-0.296328	0	0
5932	-0.295909	0	0
5931	-0.295492	0	0
5930	-0.295074	0	0
5929	-0.294657	0	0
5928	-0.294239	0	0
5927	-0.293823	0	0
5926	-0.293406	0	0
5925	-0.29299	0	0
5924	-0.292574	0	0
5923	-0.292158	0	0
5922	-0.291743	0	0
5921	-0.291327	0	0
5920	-0.290912	0	0
5919	-0.290498	0	0
5918	-0.290083	0	0
5917	-0.289669	0	0
5916	-0.289255	0	0
5915	-0.288842	0	0
5914	-0.288429	0	0
5913	-0.288016	0	0
5912	-0.287603	0	0
5911	-0.28719	0	0
5910	-0.286778	0	0
5909	-0.286366	0	0
5908	-0.285954	0	0
5907	-0.285543	0	0
5906	-0.285132	0	0
5905	-0.284721	0	0
5904	-0.28431	0	0
5903	-0.2839	0	0
5902	-0.28349	0	0
5901	-0.28308	0	0
5900	-0.282671	0	0
5899	-0.282261	0	0
5898	-0.281852	0	0
5897	-0.281443	0	0
5896	-0.281035	0	0
5895	-0.280627	0	0
5894	-0.280219	0	0
5893	-0.279811	0	0
5892	-0.279404	0	0
5891	-0.278996	0	0
5890	-0.27859	0	0
5889	-0.278183	0	0
5888	-0.277777	0	0
5887	-0.27737	0	0
5886	-0.276965	0	0
5885	-0.276559	0	0
5884	-0.276154	0	0
5883	-0.275748	0	0
5882	-0.275344	0	0
5881	-0.274939	0	0
5880	-0.274535	0	0
5879	-0.274131	0	0
5878	-0.273727	0	0
5877	-0.273323	0	0
5876	-0.27292	0	0
5875	-0.272517	0	0
5874	-0.272114	0	0
5873	-0.271712	0	0
5872	-0.27131	0	0
5871	-0.270908	0	0
5870	-0.270506	0	0
5869	-0.270104	0	0
5868	-0.269703	0	0
5867	-0.269302	0	0
5866	-0.268902	0	0
5865	-0.268501	0	0
5864	-0.268101	0	0
5863	-0.267701	0	0
5862	-0.267301	0	0
5861	-0.266902	0	0
5860	-0.266503	0	0
5859	-0.266104	0	0
5858	-0.265705	0	0
5857	-0.265307	0	0
5856	-0.264909	0	0
5855	-0.264511	0	0
5854	-0.264113	0	0
5853	-0.263716	0	0
5852	-0.263318	0	0
5851	-0.262922	0	0
5850	-0.262525	0	0
5849	-0.262129	0	0
5848	-0.261732	0	0
5847	-0.261337	0	0
5846	-0.260941	0	0
5845	-0.260545	0	0
5844	-0.26015	0	0
5843	-0.259755	0	0
5842	-0.259361	0	0
5841	-0.258966	0	0
5840	-0.258572	0	0
5839	-0.258178	0	0
5838	-0.257785	0	0
5837	-0.257391	0	0
5836	-0.256998	0	0
5835	-0.256605	0	0
5834	-0.256213	0	0
5833	-0.25582	0	0
5832	-0.255428	0	0
5831	-0.255036	0	0
5830	-0.254645	0	0
5829	-0.254253	0	0
5828	-0.253862	0	0
5827	-0.253471	0	0
5826	-0.253081	0	0
5825	-0.25269	0	0
5824	-0.2523	0	0
5823	-0.25191	0	0
5822	-0.25152	0	0
5821	-0.251131	0	0
5820	-0.250742	0	0
5819	-0.250353	0	0
5818	-0.249964	0	0
5817	-0.249576	0	0
5816	-0.249188	0	0
5815	-0.2488	0	0
5814	-0.248412	0	0
5813	-0.248024	0	0
5812	-0.247637	0	0
5811	-0.24725	0	0
5810	-0.246863	0	0
5809	-0.246477	0	0
5808	-0.246091	0	0
5807	-0.245705	0	0
5806	-0.245319	0	0
5805	-0.244933	0	0
5804	-0.244548	0	0
5803	-0.244163	0	0
5802	-0.243778	0	0
5801	-0.243394	0	0
5800	-0.24301	0	0
5799	-0.242626	0	0
5798	-0.242242	0	0
5797	-0.241858	0	0
5796	-0.241475	0	0
5795	-0.241092	0	0
5794	-0.240709	0	0
5793	-0.240326	0	0
5792	-0.239944	0	0
5791	-0.239562	0	0
5790	-0.23918	0	0
5789	-0.238798	0	0
5788	-0.238417	0	0
5787	-0.238036	0	0
5786	-0.237655	0	0
5785	-0.237274	0	0
5784	-0.236894	0	0
5783	-0.236513	0	0
5782	-0.236134	0	0
5781	-0.235754	0	0
5780	-0.235374	0	0
5779	-0.234995	0	0
5778	-0.234616	0	0
5777	-0.234237	0	0
5776	-0.233859	0	0
5775	-0.233481	0	0
5774	-0.233103	0	0
5773	-0.232725	0	0
5772	-0.232347	0	0
5771	-0.23197	0	0
5770	-0.231593	0	0
5769	-0.231216	0	0
5768	-0.230839	0	0
5767	-0.230463	0	0
5766	-0.230087	0	0
5765	-0.229711	0	0
5764	-0.229335	0	0
5763	-0.22896	0	0
5762	-0.228585	0	0
5761	-0.22821	0	0
5760	-0.227835	0	0
5759	-0.227461	0	0
5758	-0.227086	0	0
5757	-0.226712	0	0
5756	-0.226339	0	0
5755	-0.225965	0	0
5754	-0.225592	0	0
5753	-0.225219	0	0
5752	-0.224846	0	0
5751	-0.224473	0	0
5750	-0.224101	0	0
5749	-0.223729	0	0
5748	-0.223357	0	0
5747	-0.222985	0	0
5746	-0.222614	0	0
5745	-0.222243	0	0
5744	-0.221872	0	0
5743	-0.221501	0	0
5742	-0.221131	0	0
5741	-0.220761	0	0
5740	-0.220391	0	0
5739	-0.220021	0	0
5738	-0.219651	0	0
5737	-0.219282	0	0
5736	-0.218913	0	0
5735	-0.218544	0	0
5734	-0.218176	0	0
5733	-0.217807	0	0
5732	-0.217439	0	0
5731	-0.217071	0	0
5730	-0.216704	0	0
5729	-0.216336	0	0
5728	-0.215969	0	0
5727	-0.215602	0	0
5726	-0.215236	0	0
5725	-0.214869	0	0
5724	-0.214503	0	0
5723	-0.214137	0	0
5722	-0.213771	0	0
5721	-0.213406	0	0
5720	-0.21304	0	0
5719	-0.212675	0	0
5718	-0.212311	0	0
5717	-0.211946	0	0
5716	-0.211582	0	0
5715	-0.211218	0	0
5714	-0.210854	0	0
5713	-0.21049	0	0
5712	-0.210127	0	0
5711	-0.209763	0	0
5710	-0.209401	0	0
5709	-0.209038	0	0
5708	-0.208675	0	0
5707	-0.208313	0	0
5706	-0.207951	0	0
5705	-0.207589	0	0
5704	-0.207228	0	0
5703	-0.206867	0	0
5702	-0.206505	0	0
5701	-0.206145	0	0
5700	-0.205784	0	0
5699	-0.205424	0	0
5698	-0.205064	0	0
5697	-0.204704	0	0
5696	-0.204344	0	0
5695	-0.203985	0	0
5694	-0.203625	0	0
5693	-0.203266	0	0
5692	-0.202908	0	0
5691	-0.202549	0	0
5690	-0.202191	0	0
5689	-0.201833	0	0
5688	-0.201475	0	0
5687	-0.201117	0	0
5686	-0.20076	0	0
5685	-0.200403	0	0
5684	-0.200046	0	0
5683	-0.19969	0	0
5682	-0.199333	0	0
5681	-0.198977	0	0
5680	-0.198621	0	0
5679	-0.198265	0	0
5678	-0.19791	0	0
5677	-0.197555	0	0
5676	-0.1972	0	0
5675	-0.196845	0	0
5674	-0.19649	0	0
5673	-0.196136	0	0
5672	-0.195782	0	0
5671	-0.195428	0	0
5670	-0.195075	0	0
5669	-0.194721	0	0
5668	-0.194368	0	0
5667	-0.194015	0	0
5666	-0.193662	0	0
5665	-0.19331	0	0
5664	-0.192958	0	0
5663	-0.192606	0	0
5662	-0.192254	0	0
5661	-0.191903	0	0
5660	-0.191551	0	0
5659	-0.1912	0	0
5658	-0.190849	0	0
5657	-0.190499	0	0
5656	-0.190148	0	0
5655	-0.189798	0	0
5654	-0.189448	0	0
5653	-0.189099	0	0
5652	-0.188749	0	0
5651	-0.1884	0	0
5650	-0.188051	0	0
5649	-0.187703	0	0
5648	-0.187354	0	0
5647	-0.187006	0	0
5646	-0.186658	0	0
5645	-0.18631	0	0
5644	-0.185963	0	0
5643	-0.185615	0	0
5642	-0.185268	0	0
5641	-0.184921	0	0
5640	-0.184575	0	0
5639	-0.184228	0	0
5638	-0.183882	0	0
5637	-0.183536	0	0
5636	-0.183191	0	0
5635	-0.182845	0	0
5634	-0.1825	0	0
5633	-0.182155	0	0
5632	-0.18181	0	0
5631	-0.181466	0	0
5630	-0.181121	0	0
5629	-0.180777	0	0
5628	-0.180433	0	0
5627	-0.18009	0	0
5626	-0.179747	0	0
5625	-0.179403	0	0
5624	-0.179061	0	0
5623	-0.178718	0	0
5622	-0.178375	0	0
5621	-0.178033	0	0
5620	-0.177691	0	0
5619	-0.17735	0	0
5618	-0.177008	0	0
5617	-0.176667	0	0
5616	-0.176326	0	0
5615	-0.175985	0	0
5614	-0.175645	0	0
5613	-0.175304	0	0
5612	-0.174964	0	0
5611	-0.174624	0	0
5610	-0.174285	0	0
5609	-0.173945	0	0
5608	-0.173606	0	0
5607	-0.173267	0	0
5606	-0.172929	0	0
5605	-0.17259	0	0
5604	-0.172252	0	0
5603	-0.171914	0	0
5602	-0.171576	0	0
5601	-0.171239	0	0
5600	-0.170902	0	0
5599	-0.170565	0	0
5598	-0.170228	0	0
5597	-0.169891	0	0
5596	-0.169555	0	0
5595	-0.169219	0	0
5594	-0.168883	0	0
5593	-0.168547	0	0
5592	-0.168212	0	0
5591	-0.167877	0	0
5590	-0.167542	0	0
5589	-0.167207	0	0
5588	-0.166873	0	0
5587	-0.166539	0	0
5586	-0.166205	0	0
5585	-0.165871	0	0
5584	-0.165538	0	0
5583	-0.165204	0	0
5582	-0.164871	0	0
5581	-0.164539	0	0
5580	-0.164206	0	0
5579	-0.163874	0	0
5578	-0.163542	0	0
5577	-0.16321	0	0
5576	-0.162878	0	0
5575	-0.162547	0	0
5574	-0.162216	0	0
5573	-0.161885	0	0
5572	-0.161554	0	0
5571	-0.161224	0	0
5570	-0.160894	0	0
5569	-0.160564	0	0
5568	-0.160234	0	0
5567	-0.159904	0	0
5566	-0.159575	0	0
5565	-0.159246	0	0
5564	-0.158917	0	0
5563	-0.158589	0	0
5562	-0.158261	0	0
5561	-0.157933	0	0
5560	-0.157605	0	0
5559	-0.157277	0	0
5558	-0.15695	0	0
5557	-0.156623	0	0
5556	-0.156296	0	0
5555	-0.155969	0	0
5554	-0.155643	0	0
5553	-0.155317	0	0
5552	-0.154991	0	0
5551	-0.154665	0	0
5550	-0.15434	0	0
5549	-0.154015	0	0
5548	-0.15369	0	0
5547	-0.153365	0	0
5546	-0.153041	0	0
5545	-0.152716	0	0
5544	-0.152392	0	0
5543	-0.152069	0	0
5542	-0.151745	0	0
5541	-0.151422	0	0
5540	-0.151099	0	0
5539	-0.150776	0	0
5538	-0.150454	0	0
5537	-0.150131	0	0
5536	-0.149809	0	0
5535	-0.149487	0	0
5534	-0.149166	0	0
5533	-0.148844	0	0
5532	-0.148523	0	0
5531	-0.148202	0	0
5530	-0.147882	0	0
5529	-0.147561	0	0
5528	-0.147241	0	0
5527	-0.146921	0	0
5526	-0.146602	0	0
5525	-0.146282	0	0
5524	-0.145963	0	0
5523	-0.145644	0	0
5522	-0.145326	0	0
5521	-0.145007	0	0
5520	-0.144689	0	0
5519	-0.144371	0	0
5518	-0.144053	0	0
5517	-0.143736	0	0
5516	-0.143418	0	0
5515	-0.143101	0	0
5514	-0.142785	0	0
5513	-0.142468	0	0
5512	-0.142152	0	0
5511	-0.141836	0	0
5510	-0.14152	0	0
5509	-0.141205	0	0
5508	-0.140889	0	0
5507	-0.140574	0	0
5506	-0.140259	0	0
5505	-0.139945	0	0
5504	-0.139631	0	0
5503	-0.139316	0	0
5502	-0.139003	0	0
5501	-0.138689	0	0
5500	-0.138376	0	0
5499	-0.138063	0	0
5498	-0.13775	0	0
5497	-0.137437	0	0
5496	-0.137125	0	0
5495	-0.136813	0	0
5494	-0.136501	0	0
5493	-0.136189	0	0
5492	-0.135878	0	0
5491	-0.135567	0	0
5490	-0.135256	0	0
5489	-0.134945	0	0
5488	-0.134635	0	0
5487	-0.134325	0	0
5486	-0.134015	0	0
5485	-0.133705	0	0
5484	-0.133396	0	0
5483	-0.133086	0	0
5482	-0.132777	0	0
5481	-0.132469	0	0
5480	-0.13216	0	0
5479	-0.131852	0	0
5478	-0.131544	0	0
5477	-0.131237	0	0
5476	-0.130929	0	0
5475	-0.130622	0	0
5474	-0.130315	0	0
5473	-0.130008	0	0
5472	-0.129702	0	0
5471	-0.129396	0	0
5470	-0.12909	0	0
5469	-0.128784	0	0
5468	-0.128479	0	0
5467	-0.128173	0	0
5466	-0.127868	0	0
5465	-0.127564	0	0
5464	-0.127259	0	0
5463	-0.126955	0	0
5462	-0.126651	0	0
5461	-0.126347	0	0
5460	-0.126044	0	0
5459	-0.125741	0	0
5458	-0.125438	0	0
5457	-0.125135	0	0
5456	-0.124833	0	0
5455	-0.12453	0	0
5454	-0.124229	0	0
5453	-0.123927	0	0
5452	-0.123625	0	0
5451	-0.123324	0	0
5450	-0.123023	0	0
5449	-0.122723	0	0
5448	-0.122422	0	0
5447	-0.122122	0	0
5446	-0.121822	0	0
5445	-0.121522	0	0
5444	-0.121223	0	0
5443	-0.120924	0	0
5442	-0.120625	0	0
5441	-0.120326	0	0
5440	-0.120028	0	0
5439	-0.11973	0	0
5438	-0.119432	0	0
5437	-0.119134	0	0
5436	-0.118837	0	0
5435	-0.118539	0	0
5434	-0.118243	0	0
5433	-0.117946	0	0
5432	-0.11765	0	0
5431	-0.117353	0	0
5430	-0.117058	0	0
5429	-0.116762	0	0
5428	-0.116467	0	0
5427	-0.116171	0	0
5426	-0.115877	0	0
5425	-0.115582	0	0
5424	-0.115288	0	0
5423	-0.114994	0	0
5422	-0.1147	0	0
5421	-0.114406	0	0
5420	-0.114113	0	0
5419	-0.11382	0	0
5418	-0.113527	0	0
5417	-0.113234	0	0
5416	-0.112942	0	0
5415	-0.11265	0	0
5414	-0.112358	0	0
5413	-0.112067	0	0
5412	-0.111776	0	0
5411	-0.111485	0	0
5410	-0.111194	0	0
5409	-0.110903	0	0
5408	-0.110613	0	0
5407	-0.110323	0	0
5406	-0.110034	0	0
5405	-0.109744	0	0
5404	-0.109455	0	0
5403	-0.109166	0	0
5402	-0.108877	0	0
5401	-0.108589	0	0
5400	-0.108301	0	0
5399	-0.108013	0	0
5398	-0.107725	0	0
5397	-0.107438	0	0
5396	-0.107151	0	0
5395	-0.106864	0	0
5394	-0.106577	0	0
5393	-0.106291	0	0
5392	-0.106005	0	0
5391	-0.105719	0	0
5390	-0.105434	0	0
5389	-0.105149	0	0
5388	-0.104864	0	0
5387	-0.104579	0	0
5386	-0.104294	0	0
5385	-0.10401	0	0
5384	-0.103726	0	0
5383	-0.103442	0	0
5382	-0.103159	0	0
5381	-0.102876	0	0
5380	-0.102593	0	0
5379	-0.10231	0	0
5378	-0.102028	0	0
5377	-0.101746	0	0
5376	-0.101464	0	0
5375	-0.101183	0	0
5374	-0.100901	0	0
5373	-0.10062	0	0
5372	-0.100339	0	0
5371	-0.100059	0	0
5370	-0.0997787	0	0
5369	-0.0994988	0	0
5368	-0.0992191	0	0
5367	-0.0989396	0	0
5366	-0.0986604	0	0
5365	-0.0983816	0	0
5364	-0.0981029	0	0
5363	-0.0978246	0	0
5362	-0.0975465	0	0
5361	-0.0972686	0	0
5360	-0.0969911	0	0
5359	-0.0967138	0	0
5358	-0.0964368	0	0
5357	-0.09616	0	0
5356	-0.0958835	0	0
5355	-0.0956073	0	0
5354	-0.0953314	0	0
5353	-0.0950557	0	0
5352	-0.0947803	0	0
5351	-0.0945052	0	0
5350	-0.0942303	0	0
5349	-0.0939557	0	0
5348	-0.0936814	0	0
5347	-0.0934073	0	0
5346	-0.0931335	0	0
5345	-0.09286	0	0
5344	-0.0925868	0	0
5343	-0.0923138	0	0
5342	-0.0920411	0	0
5341	-0.0917687	0	0
5340	-0.0914966	0	0
5339	-0.0912247	0	0
5338	-0.0909531	0	0
5337	-0.0906818	0	0
5336	-0.0904107	0	0
5335	-0.09014	0	0
5334	-0.0898694	0	0
5333	-0.0895992	0	0
5332	-0.0893293	0	0
5331	-0.0890596	0	0
5330	-0.0887902	0	0
5329	-0.088521	0	0
5328	-0.0882522	0	0
5327	-0.0879836	0	0
5326	-0.0877153	0	0
5325	-0.0874473	0	0
5324	-0.0871795	0	0
5323	-0.086912	0	0
5322	-0.0866448	0	0
5321	-0.0863779	0	0
5320	-0.0861113	0	0
5319	-0.0858449	0	0
5318	-0.0855788	0	0
5317	-0.085313	0	0
5316	-0.0850475	0	0
5315	-0.0847822	0	0
5314	-0.0845172	0	0
5313	-0.0842525	0	0
5312	-0.0839881	0	0
5311	-0.083724	0	0
5310	-0.0834601	0	0
5309	-0.0831965	0	0
5308	-0.0829332	0	0
5307	-0.0826702	0	0
5306	-0.0824075	0	0
5305	-0.082145	0	0
5304	-0.0818828	0	0
5303	-0.0816209	0	0
5302	-0.0813593	0	0
5301	-0.081098	0	0
5300	-0.0808369	0	0
5299	-0.0805762	0	0
5298	-0.0803157	0	0
5297	-0.0800555	0	0
5296	-0.0797955	0	0
5295	-0.0795359	0	0
5294	-0.0792765	0	0
5293	-0.0790175	0	0
5292	-0.0787587	0	0
5291	-0.0785002	0	0
5290	-0.0782419	0	0
5289	-0.077984	0	0
5288	-0.0777263	0	0
5287	-0.077469	0	0
5286	-0.0772119	0	0
5285	-0.0769551	0	0
5284	-0.0766986	0	0
5283	-0.0764423	0	0
5282	-0.0761864	0	0
5281	-0.0759308	0	0
5280	-0.0756754	0	0
5279	-0.0754203	0	0
5278	-0.0751655	0	0
5277	-0.074911	0	0
5276	-0.0746568	0	0
5275	-0.0744028	0	0
5274	-0.0741492	0	0
5273	-0.0738958	0	0
5272	-0.0736428	0	0
5271	-0.07339	0	0
5270	-0.0731375	0	0
5269	-0.0728853	0	0
5268	-0.0726334	0	0
5267	-0.0723818	0	0
5266	-0.0721304	0	0
5265	-0.0718794	0	0
5264	-0.0716286	0	0
5263	-0.0713782	0	0
5262	-0.071128	0	0
5261	-0.0708781	0	0
5260	-0.0706285	0	0
5259	-0.0703792	0	0
5258	-0.0701302	0	0
5257	-0.0698815	0	0
5256	-0.0696331	0	0
5255	-0.069385	0	0
5254	-0.0691371	0	0
5253	-0.0688896	0	0
5252	-0.0686423	0	0
5251	-0.0683954	0	0
5250	-0.0681487	0	0
5249	-0.0679023	0	0
5248	-0.0676563	0	0
5247	-0.0674105	0	0
5246	-0.067165	0	0
5245	-0.0669198	0	0
5244	-0.0666749	0	0
5243	-0.0664303	0	0
5242	-0.066186	0	0
5241	-0.065942	0	0
5240	-0.0656983	0	0
5239	-0.0654549	0	0
5238	-0.0652118	0	0
5237	-0.0649689	0	0
5236	-0.0647264	0	0
5235	-0.0644842	0	0
5234	-0.0642423	0	0
5233	-0.0640006	0	0
5232	-0.0637593	0	0
5231	-0.0635183	0	0
5230	-0.0632775	0	0
5229	-0.0630371	0	0
5228	-0.062797	0	0
5227	-0.0625571	0	0
5226	-0.0623176	0	0
5225	-0.0620783	0	0
5224	-0.0618394	0	0
5223	-0.0616008	0	0
5222	-0.0613624	0	0
5221	-0.0611244	0	0
5220	-0.0608867	0	0
5219	-0.0606492	0	0
5218	-0.0604121	0	0
5217	-0.0601753	0	0
5216	-0.0599387	0	0
5215	-0.0597025	0	0
5214	-0.0594666	0	0
5213	-0.059231	0	0
5212	-0.0589956	0	0
5211	-0.0587606	0	0
5210	-0.0585259	0	0
5209	-0.0582915	0	0
5208	-0.0580574	0	0
5207	-0.0578236	0	0
5206	-0.0575901	0	0
5205	-0.0573569	0	0
5204	-0.0571241	0	0
5203	-0.0568915	0	0
5202	-0.0566592	0	0
5201	-0.0564272	0	0
5200	-0.0561956	0	0
5199	-0.0559642	0	0
5198	-0.0557332	0	0
5197	-0.0555025	0	0
5196	-0.055272	0	0
5195	-0.0550419	0	0
5194	-0.0548121	0	0
5193	-0.0545826	0	0
5192	-0.0543534	0	0
5191	-0.0541245	0	0
5190	-0.0538959	0	0
5189	-0.0536676	0	0
5188	-0.0534397	0	0
5187	-0.053212	0	0
5186	-0.0529847	0	0
5185	-0.0527576	0	0
5184	-0.0525309	0	0
5183	-0.0523045	0	0
5182	-0.0520784	0	0
5181	-0.0518526	0	0
5180	-0.0516271	0	0
5179	-0.0514019	0	0
5178	-0.0511771	0	0
5177	-0.0509525	0	0
5176	-0.0507283	0	0
5175	-0.0505044	0	0
5174	-0.0502808	0	0
5173	-0.0500575	0	0
5172	-0.0498345	0	0
5171	-0.0496118	0	0
5170	-0.0493895	0	0
5169	-0.0491674	0	0
5168	-0.0489457	0	0
5167	-0.0487243	0	0
5166	-0.0485032	0	0
5165	-0.0482824	0	0
5164	-0.0480619	0	0
5163	-0.0478418	0	0
5162	-0.0476219	0	0
5161	-0.0474024	0	0
5160	-0.0471832	0	0
5159	-0.0469643	0	0
5158	-0.0467458	0	0
5157	-0.0465275	0	0
5156	-0.0463096	0	0
5155	-0.0460919	0	0
5154	-0.0458746	0	0
5153	-0.0456577	0	0
5152	-0.045441	0	0
5151	-0.0452246	0	0
5150	-0.0450086	0	0
5149	-0.0447929	0	0
5148	-0.0445775	0	0
5147	-0.0443625	0	0
5146	-0.0441477	0	0
5145	-0.0439333	0	0
5144	-0.0437192	0	0
5143	-0.0435054	0	0
5142	-0.0432919	0	0
5141	-0.0430788	0	0
5140	-0.042866	0	0
5139	-0.0426534	0	0
5138	-0.0424413	0	0
5137	-0.0422294	0	0
5136	-0.0420179	0	0
5135	-0.0418067	0	0
5134	-0.0415958	0	0
5133	-0.0413852	0	0
5132	-0.041175	0	0
5131	-0.0409651	0	0
5130	-0.0407555	0	0
5129	-0.0405462	0	0
5128	-0.0403372	0	0
5127	-0.0401286	0	0
5126	-0.0399203	0	0
5125	-0.0397124	0	0
5124	-0.0395047	0	0
5123	-0.0392974	0	0
5122	-0.0390904	0	0
5121	-0.0388837	0	0
5120	-0.0386774	0	0
5119	-0.0384714	0	0
5118	-0.0382657	0	0
5117	-0.0380604	0	0
5116	-0.0378553	0	0
5115	-0.0376506	0	0
5114	-0.0374463	0	0
5113	-0.0372422	0	0
5112	-0.0370385	0	0
5111	-0.0368351	0	0
5110	-0.0366321	0	0
5109	-0.0364293	0	0
5108	-0.0362269	0	0
5107	-0.0360249	0	0
5106	-0.0358231	0	0
5105	-0.0356217	0	0
5104	-0.0354206	0	0
5103	-0.0352199	0	0
5102	-0.0350195	0	0
5101	-0.0348194	0	0
5100	-0.0346197	0	0
5099	-0.0344202	0	0
5098	-0.0342212	0	0
5097	-0.0340224	0	0
5096	-0.033824	0	0
5095	-0.0336259	0	0
5094	-0.0334282	0	0
5093	-0.0332308	0	0
5092	-0.0330337	0	0
5091	-0.0328369	0	0
5090	-0.0326405	0	0
5089	-0.0324444	0	0
5088	-0.0322487	0	0
5087	-0.0320533	0	0
5086	-0.0318582	0	0
5085	-0.0316635	0	0
5084	-0.0314691	0	0
5083	-0.031275	0	0
5082	-0.0310813	0	0
5081	-0.0308879	0	0
5080	-0.0306949	0	0
5079	-0.0305022	0	0
5078	-0.0303098	0	0
5077	-0.0301177	0	0
5076	-0.029926	0	0
5075	-0.0297347	0	0
5074	-0.0295437	0	0
5073	-0.029353	0	0
5072	-0.0291626	0	0
5071	-0.0289726	0	0
5070	-0.028783	0	0
5069	-0.0285937	0	0
5068	-0.0284047	0	0
5067	-0.028216	0	0
5066	-0.0280278	0	0
5065	-0.0278398	0	0
5064	-0.0276522	0	0
5063	-0.0274649	0	0
5062	-0.027278	0	0
5061	-0.0270914	0	0
5060	-0.0269051	0	0
5059	-0.0267192	0	0
5058	-0.0265337	0	0
5057	-0.0263485	0	0
5056	-0.0261636	0	0
5055	-0.0259791	0	0
5054	-0.0257949	0	0
5053	-0.0256111	0	0
5052	-0.0254276	0	0
5051	-0.0252444	0	0
5050	-0.0250616	0	0
5049	-0.0248792	0	0
5048	-0.0246971	0	0
5047	-0.0245153	0	0
5046	-0.0243339	0	0
5045	-0.0241528	0	0
5044	-0.0239721	0	0
5043	-0.0237917	0	0
5042	-0.0236117	0	0
5041	-0.023432	0	0
5040	-0.0232527	0	0
5039	-0.0230737	0	0
5038	-0.0228951	0	0
5037	-0.0227168	0	0
5036	-0.0225389	0	0
5035	-0.0223613	0	0
5034	-0.022184	0	0
5033	-0.0220072	0	0
5032	-0.0218306	0	0
5031	-0.0216544	0	0
5030	-0.0214786	0	0
5029	-0.0213031	0	0
5028	-0.021128	0	0
5027	-0.0209532	0	0
5026	-0.0207788	0	0
5025	-0.0206047	0	0
5024	-0.020431	0	0
5023	-0.0202576	0	0
5022	-0.0200846	0	0
5021	-0.019912	0	0
5020	-0.0197396	0	0
5019	-0.0195677	0	0
5018	-0.0193961	0	0
5017	-0.0192248	0	0
5016	-0.019054	0	0
5015	-0.0188834	0	0
5014	-0.0187132	0	0
5013	-0.0185434	0	0
5012	-0.0183739	0	0
5011	-0.0182048	0	0
5010	-0.0180361	0	0
5009	-0.0178677	0	0
5008	-0.0176996	0	0
5007	-0.0175319	0	0
5006	-0.0173646	0	0
5005	-0.0171976	0	0
5004	-0.017031	0	0
5003	-0.0168647	0	0
5002	-0.0166989	0	0
5001	-0.0165333	0	0
5000	-0.0163681	0	0
4999	-0.0162033	0	0
4998	-0.0160388	0	0
4997	-0.0158747	0	0
4996	-0.015711	0	0
4995	-0.0155476	0	0
4994	-0.0153846	0	0
4993	-0.0152219	0	0
4992	-0.0150596	0	0
4991	-0.0148977	0	0
4990	-0.0147361	0	0
4989	-0.0145749	0	0
4988	-0.014414	0	0
4987	-0.0142535	0	0
4986	-0.0140934	0	0
4985	-0.0139336	0	0
4984	-0.0137742	0	0
4983	-0.0136152	0	0
4982	-0.0134565	0	0
4981	-0.0132982	0	0
4980	-0.0131402	0	0
4979	-0.0129826	0	0
4978	-0.0128254	0	0
4977	-0.0126685	0	0
4976	-0.012512	0	0
4975	-0.0123559	0	0
4974	-0.0122001	0	0
4973	-0.0120447	0	0
4972	-0.0118897	0	0
4971	-0.011735	0	0
4970	-0.0115807	0	0
4969	-0.0114268	0	0
4968	-0.0112732	0	0
4967	-0.01112	0	0
4966	-0.0109671	0	0
4965	-0.0108147	0	0
4964	-0.0106626	0	0
4963	-0.0105108	0	0
4962	-0.0103595	0	0
4961	-0.0102085	0	0
4960	-0.0100578	0	0
4959	-0.00990757	0	0
4958	-0.00975768	0	0
4957	-0.00960816	0	0
4956	-0.009459	0	0
4955	-0.00931022	0	0
4954	-0.0091618	0	0
4953	-0.00901375	0	0
4952	-0.00886608	0	0
4951	-0.00871877	0	0
4950	-0.00857184	0	0
4949	-0.00842527	0	0
4948	-0.00827908	0	0
4947	-0.00813326	0	0
4946	-0.00798781	0	0
4945	-0.00784273	0	0
4944	-0.00769803	0	0
4943	-0.0075537	0	0
4942	-0.00740974	0	0
4941	-0.00726615	0	0
4940	-0.00712293	0	0
4939	-0.00698009	0	0
4938	-0.00683762	0	0
4937	-0.00669553	0	0
4936	-0.00655381	0	0
4935	-0.00641246	0	0
4934	-0.00627149	0	0
4933	-0.00613089	0	0
4932	-0.00599066	0	0
4931	-0.00585081	0	0
4930	-0.00571134	0	0
4929	-0.00557224	0	0
4928	-0.00543352	0	0
4927	-0.00529517	0	0
4926	-0.0051572	0	0
4925	-0.00501961	0	0
4924	-0.00488239	0	0
4923	-0.00474555	0	0
4922	-0.00460908	0	0
4921	-0.00447299	0	0
4920	-0.00433728	0	0
4919	-0.00420195	0	0
4918	-0.00406699	0	0
4917	-0.00393242	0	0
4916	-0.00379822	0	0
4915	-0.00366439	0	0
4914	-0.00353095	0	0
4913	-0.00339789	0	0
4912	-0.0032652	0	0
4911	-0.00313289	0	0
4910	-0.00300097	0	0
4909	-0.00286942	0	0
4908	-0.00273825	0	0
4907	-0.00260746	0	0
4906	-0.00247706	0	0
4905	-0.00234703	0	0
4904	-0.00221738	0	0
4903	-0.00208811	0	0
4902	-0.00195923	0	0
4901	-0.00183072	0	0
4900	-0.0017026	0	0
4899	-0.00157486	0	0
4898	-0.0014475	0	0
4897	-0.00132052	0	0
4896	-0.00119392	0	0
4895	-0.00106771	0	0
4894	-0.000941876	0	0
4893	-0.000816426	0	0
4892	-0.00069136	0	0
4891	-0.000566676	0	0
4890	-0.000442376	0	0
4889	-0.000318459	0	0
4888	-0.000194925	0	0
4887	-7.1775e-05	0	0
4886	5.09911e-05	0	0
4885	0.000173373	0	0
4884	0.000295371	0	0
4883	0.000416984	0	0
4882	0.000538213	0	0
4881	0.000659057	0	0
4880	0.000779516	0	0
4879	0.000899591	0	0
4878	0.00101928	0	0
4877	0.00113858	0	0
4876	0.0012575	0	0
4875	0.00137603	0	0
4874	0.00149418	0	0
4873	0.00161194	0	0
4872	0.00172931	0	0
4871	0.0018463	0	0
4870	0.0019629	0	0
4869	0.00207912	0	0
4868	0.00219494	0	0
4867	0.00231038	0	0
4866	0.00242544	0	0
4865	0.0025401	0	0
4864	0.00265438	0	0
4863	0.00276827	0	0
4862	0.00288178	0	0
4861	0.00299489	0	0
4860	0.00310762	0	0
4859	0.00321996	0	0
4858	0.00333191	0	0
4857	0.00344348	0	0
4856	0.00355465	0	0
4855	0.00366544	0	0
4854	0.00377583	0	0
4853	0.00388584	0	0
4852	0.00399546	0	0
4851	0.00410469	0	0
4850	0.00421353	0	0
4849	0.00432199	0	0
4848	0.00443005	0	0
4847	0.00453772	0	0
4846	0.004645	0	0
4845	0.0047519	0	0
4844	0.0048584	0	0
4843	0.00496452	0	0
4842	0.00507024	0	0
4841	0.00517557	0	0
4840	0.00528052	0	0
4839	0.00538507	0	0
4838	0.00548924	0	0
4837	0.00559301	0	0
4836	0.00569639	0	0
4835	0.00579938	0	0
4834	0.00590198	0	0
4833	0.0060042	0	0
4832	0.00610602	0	0
4831	0.00620744	0	0
4830	0.00630848	0	0
4829	0.00640913	0	0
4828	0.00650939	0	0
4827	0.00660925	0	0
4826	0.00670873	0	0
4825	0.00680781	0	0
4824	0.0069065	0	0
4823	0.00700481	0	0
4822	0.00710272	0	0
4821	0.00720024	0	0
4820	0.00729736	0	0
4819	0.0073941	0	0
4818	0.00749045	0	0
4817	0.0075864	0	0
4816	0.00768196	0	0
4815	0.00777713	0	0
4814	0.00787192	0	0
4813	0.0079663	0	0
4812	0.0080603	0	0
4811	0.00815391	0	0
4810	0.00824712	0	0
4809	0.00833995	0	0
4808	0.00843238	0	0
4807	0.00852442	0	0
4806	0.00861608	0	0
4805	0.00870734	0	0
4804	0.0087982	0	0
4803	0.00888868	0	0
4802	0.00897877	0	0
4801	0.00906846	0	0
4800	0.00915777	0	0
4799	0.00924668	0	0
4798	0.00933521	0	0
4797	0.00942334	0	0
4796	0.00951108	0	0
4795	0.00959843	0	0
4794	0.0096854	0	0
4793	0.00977197	0	0
4792	0.00985815	0	0
4791	0.00994394	0	0
4790	0.0100293	0	0
4789	0.0101143	0	0
4788	0.010199	0	0
4787	0.0102832	0	0
4786	0.010367	0	0
4785	0.0104505	0	0
4784	0.0105335	0	0
4783	0.0106162	0	0
4782	0.0106985	0	0
4781	0.0107804	0	0
4780	0.0108619	0	0
4779	0.010943	0	0
4778	0.0110237	0	0
4777	0.0111041	0	0
4776	0.011184	0	0
4775	0.0112636	0	0
4774	0.0113428	0	0
4773	0.0114216	0	0
4772	0.0115	0	0
4771	0.011578	0	0
4770	0.0116556	0	0
4769	0.0117328	0	0
4768	0.0118097	0	0
4767	0.0118861	0	0
4766	0.0119622	0	0
4765	0.0120379	0	0
4764	0.0121132	0	0
4763	0.0121881	0	0
4762	0.0122627	0	0
4761	0.0123368	0	0
4760	0.0124106	0	0
4759	0.0124839	0	0
4758	0.0125569	0	0
4757	0.0126295	0	0
4756	0.0127018	0	0
4755	0.0127736	0	0
4754	0.0128451	0	0
4753	0.0129161	0	0
4752	0.0129868	0	0
4751	0.0130571	0	0
4750	0.0131271	0	0
4749	0.0131966	0	0
4748	0.0132658	0	0
4747	0.0133345	0	0
4746	0.0134029	0	0
4745	0.013471	0	0
4744	0.0135386	0	0
4743	0.0136058	0	0
4742	0.0136727	0	0
4741	0.0137392	0	0
4740	0.0138053	0	0
4739	0.0138711	0	0
4738	0.0139364	0	0
4737	0.0140014	0	0
4736	0.014066	0	0
4735	0.0141303	0	0
4734	0.0141941	0	0
4733	0.0142576	0	0
4732	0.0143207	0	0
4731	0.0143834	0	0
4730	0.0144458	0	0
4729	0.0145078	0	0
4728	0.0145694	0	0
4727	0.0146306	0	0
4726	0.0146915	0	0
4725	0.0147519	0	0
4724	0.0148121	0	0
4723	0.0148718	0	0
4722	0.0149312	0	0
4721	0.0149902	0	0
4720	0.0150488	0	0
4719	0.0151071	0	0
4718	0.0151649	0	0
4717	0.0152225	0	0
4716	0.0152796	0	0
4715	0.0153364	0	0
4714	0.0153928	0	0
4713	0.0154489	0	0
4712	0.0155046	0	0
4711	0.0155599	0	0
4710	0.0156149	0	0
4709	0.0156695	0	0
4708	0.0157237	0	0
4707	0.0157776	0	0
4706	0.0158311	0	0
4705	0.0158843	0	0
4704	0.015937	0	0
4703	0.0159895	0	0
4702	0.0160416	0	0
4701	0.0160933	0	0
4700	0.0161446	0	0
4699	0.0161956	0	0
4698	0.0162463	0	0
4697	0.0162966	0	0
4696	0.0163465	0	0
4695	0.0163961	0	0
4694	0.0164453	0	0
4693	0.0164942	0	0
4692	0.0165427	0	0
4691	0.0165909	0	0
4690	0.0166387	0	0
4689	0.0166862	0	0
4688	0.0167333	0	0
4687	0.0167801	0	0
4686	0.0168265	0	0
4685	0.0168726	0	0
4684	0.0169183	0	0
4683	0.0169637	0	0
4682	0.0170088	0	0
4681	0.0170535	0	0
4680	0.0170979	0	0
4679	0.0171419	0	0
4678	0.0171856	0	0
4677	0.0172289	0	0
4676	0.0172719	0	0
4675	0.0173146	0	0
4674	0.017357	0	0
4673	0.017399	0	0
4672	0.0174406	0	0
4671	0.017482	0	0
4670	0.017523	0	0
4669	0.0175636	0	0
4668	0.017604	0	0
4667	0.017644	0	0
4666	0.0176837	0	0
4665	0.017723	0	0
4664	0.017762	0	0
4663	0.0178007	0	0
4662	0.0178391	0	0
4661	0.0178772	0	0
4660	0.0179149	0	0
4659	0.0179523	0	0
4658	0.0179894	0	0
4657	0.0180262	0	0
4656	0.0180626	0	0
4655	0.0180987	0	0
4654	0.0181345	0	0
4653	0.01817	0	0
4652	0.0182052	0	0
4651	0.0182401	0	0
4650	0.0182746	0	0
4649	0.0183089	0	0
4648	0.0183428	0	0
4647	0.0183764	0	0
4646	0.0184098	0	0
4645	0.0184428	0	0
4644	0.0184755	0	0
4643	0.0185079	0	0
4642	0.01854	0	0
4641	0.0185717	0	0
4640	0.0186032	0	0
4639	0.0186344	0	0
4638	0.0186653	0	0
4637	0.0186959	0	0
4636	0.0187262	0	0
4635	0.0187562	0	0
4634	0.0187859	0	0
4633	0.0188153	0	0
4632	0.0188444	0	0
4631	0.0188732	0	0
4630	0.0189017	0	0
4629	0.0189299	0	0
4628	0.0189579	0	0
4627	0.0189855	0	0
4626	0.0190129	0	0
4625	0.01904	0	0
4624	0.0190668	0	0
4623	0.0190933	0	0
4622	0.0191195	0	0
4621	0.0191455	0	0
4620	0.0191712	0	0
4619	0.0191965	0	0
4618	0.0192217	0	0
4617	0.0192465	0	0
4616	0.019271	0	0
4615	0.0192953	0	0
4614	0.0193193	0	0
4613	0.0193431	0	0
4612	0.0193665	0	0
4611	0.0193897	0	0
4610	0.0194126	0	0
4609	0.0194353	0	0
4608	0.0194577	0	0
4607	0.0194798	0	0
4606	0.0195016	0	0
4605	0.0195232	0	0
4604	0.0195445	0	0
4603	0.0195656	0	0
4602	0.0195863	0	0
4601	0.0196069	0	0
4600	0.0196271	0	0
4599	0.0196471	0	0
4598	0.0196669	0	0
4597	0.0196864	0	0
4596	0.0197056	0	0
4595	0.0197246	0	0
4594	0.0197433	0	0
4593	0.0197617	0	0
4592	0.0197799	0	0
4591	0.0197979	0	0
4590	0.0198156	0	0
4589	0.019833	0	0
4588	0.0198502	0	0
4587	0.0198671	0	0
4586	0.0198838	0	0
4585	0.0199003	0	0
4584	0.0199164	0	0
4583	0.0199324	0	0
4582	0.0199481	0	0
4581	0.0199635	0	0
4580	0.0199787	0	0
4579	0.0199936	0	0
4578	0.0200083	0	0
4577	0.0200228	0	0
4576	0.020037	0	0
4575	0.020051	0	0
4574	0.0200647	0	0
4573	0.0200781	0	0
4572	0.0200914	0	0
4571	0.0201044	0	0
4570	0.0201171	0	0
4569	0.0201296	0	0
4568	0.0201418	0	0
4567	0.0201539	0	0
4566	0.0201656	0	0
4565	0.0201771	0	0
4564	0.0201884	0	0
4563	0.0201995	0	0
4562	0.0202103	0	0
4561	0.0202208	0	0
4560	0.0202312	0	0
4559	0.0202412	0	0
4558	0.0202511	0	0
4557	0.0202607	0	0
4556	0.02027	0	0
4555	0.0202791	0	0
4554	0.020288	0	0
4553	0.0202966	0	0
4552	0.020305	0	0
4551	0.0203132	0	0
4550	0.0203211	0	0
4549	0.0203287	0	0
4548	0.0203362	0	0
4547	0.0203433	0	0
4546	0.0203503	0	0
4545	0.020357	0	0
4544	0.0203634	0	0
4543	0.0203697	0	0
4542	0.0203756	0	0
4541	0.0203814	0	0
4540	0.0203869	0	0
4539	0.0203921	0	0
4538	0.0203971	0	0
4537	0.0204019	0	0
4536	0.0204064	0	0
4535	0.0204107	0	0
4534	0.0204147	0	0
4533	0.0204185	0	0
4532	0.0204221	0	0
4531	0.0204254	0	0
4530	0.0204284	0	0
4529	0.0204312	0	0
4528	0.0204338	0	0
4527	0.0204361	0	0
4526	0.0204382	0	0
4525	0.02044	0	0
4524	0.0204416	0	0
4523	0.020443	0	0
4522	0.0204441	0	0
4521	0.0204449	0	0
4520	0.0204455	0	0
4519	0.0204459	0	0
4518	0.020446	0	0
4517	0.0204459	0	0
4516	0.0204455	0	0
4515	0.0204449	0	0
4514	0.020444	0	0
4513	0.0204429	0	0
4512	0.0204415	0	0
4511	0.0204399	0	0
4510	0.020438	0	0
4509	0.0204359	0	0
4508	0.0204335	0	0
4507	0.0204309	0	0
4506	0.0204281	0	0
4505	0.020425	0	0
4504	0.0204216	0	0
4503	0.020418	0	0
4502	0.0204141	0	0
4501	0.02041	0	0
4500	0.0204057	0	0
4499	0.0204011	0	0
4498	0.0203962	0	0
4497	0.0203911	0	0
4496	0.0203858	0	0
4495	0.0203802	0	0
4494	0.0203743	0	0
4493	0.0203682	0	0
4492	0.0203619	0	0
4491	0.0203553	0	0
4490	0.0203485	0	0
4489	0.0203414	0	0
4488	0.020334	0	0
4487	0.0203264	0	0
4486	0.0203186	0	0
4485	0.0203105	0	0
4484	0.0203021	0	0
4483	0.0202936	0	0
4482	0.0202847	0	0
4481	0.0202756	0	0
4480	0.0202663	0	0
4479	0.0202567	0	0
4478	0.0202468	0	0
4477	0.0202367	0	0
4476	0.0202264	0	0
4475	0.0202158	0	0
4474	0.020205	0	0
4473	0.0201939	0	0
4472	0.0201825	0	0
4471	0.0201709	0	0
4470	0.0201591	0	0
4469	0.020147	0	0
4468	0.0201346	0	0
4467	0.020122	0	0
4466	0.0201092	0	0
4465	0.0200961	0	0
4464	0.0200827	0	0
4463	0.0200691	0	0
4462	0.0200552	0	0
4461	0.0200411	0	0
4460	0.0200267	0	0
4459	0.0200121	0	0
4458	0.0199972	0	0
4457	0.0199821	0	0
4456	0.0199667	0	0
4455	0.019951	0	0
4454	0.0199351	0	0
4453	0.0199189	0	0
4452	0.0199025	0	0
4451	0.0198858	0	0
4450	0.0198689	0	0
4449	0.0198516	0	0
4448	0.0198342	0	0
4447	0.0198164	0	0
4446	0.0197984	0	0
4445	0.0197802	0	0
4444	0.0197616	0	0
4443	0.0197429	0	0
4442	0.0197238	0	0
4441	0.0197045	0	0
4440	0.0196849	0	0
4439	0.019665	0	0
4438	0.0196448	0	0
4437	0.0196244	0	0
4436	0.0196037	0	0
4435	0.0195827	0	0
4434	0.0195615	0	0
4433	0.0195399	0	0
4432	0.0195181	0	0
4431	0.019496	0	0
4430	0.0194736	0	0
4429	0.0194509	0	0
4428	0.019428	0	0
4427	0.0194047	0	0
4426	0.0193812	0	0
4425	0.0193573	0	0
4424	0.0193332	0	0
4423	0.0193087	0	0
4422	0.0192839	0	0
4421	0.0192589	0	0
4420	0.0192335	0	0
4419	0.0192078	0	0
4418	0.0191818	0	0
4417	0.0191555	0	0
4416	0.0191288	0	0
4415	0.0191019	0	0
4414	0.0190746	0	0
4413	0.0190469	0	0
4412	0.019019	0	0
4411	0.0189907	0	0
4410	0.018962	0	0
4409	0.018933	0	0
4408	0.0189037	0	0
4407	0.0188739	0	0
4406	0.0188439	0	0
4405	0.0188134	0	0
4404	0.0187826	0	0
4403	0.0187514	0	0
4402	0.0187199	0	0
4401	0.0186879	0	0
4400	0.0186556	0	0
4399	0.0186228	0	0
4398	0.0185897	0	0
4397	0.0185561	0	0
4396	0.0185221	0	0
4395	0.0184877	0	0
4394	0.0184529	0	0
4393	0.0184176	0	0
4392	0.0183819	0	0
4391	0.0183458	0	0
4390	0.0183092	0	0
4389	0.0182721	0	0
4388	0.0182345	0	0
4387	0.0181965	0	0
4386	0.018158	0	0
4385	0.0181189	0	0
4384	0.0180794	0	0
4383	0.0180394	0	0
4382	0.0179988	0	0
4381	0.0179577	0	0
4380	0.0179161	0	0
4379	0.0178739	0	0
4378	0.0178312	0	0
4377	0.0177879	0	0
4376	0.0177441	0	0
4375	0.0176996	0	0
4374	0.0176546	0	0
4373	0.017609	0	0
4372	0.0175627	0	0
4371	0.0175159	0	0
4370	0.0174685	0	0
4369	0.0174204	0	0
4368	0.0173717	0	0
4367	0.0173224	0	0
4366	0.0172725	0	0
4365	0.017222	0	0
4364	0.0171708	0	0
4363	0.017119	0	0
4362	0.0170665	0	0
4361	0.0170135	0	0
4360	0.0169599	0	0
4359	0.0169057	0	0
4358	0.0168509	0	0
4357	0.0167956	0	0
4356	0.0167397	0	0
4355	0.0166834	0	0
4354	0.0166265	0	0
4353	0.0165693	0	0
4352	0.0165117	0	0
4351	0.0164538	0	0
4350	0.0163956	0	0
4349	0.0163372	0	0
4348	0.0162787	0	0
4347	0.0162202	0	0
4346	0.0161618	0	0
4345	0.0161035	0	0
4344	0.0160455	0	0
4343	0.0159879	0	0
4342	0.015931	0	0
4341	0.0158747	0	0
4340	0.0158194	0	0
4339	0.0157651	0	0
4338	0.0157121	0	0
4337	0.0156606	0	0
4336	0.0156109	0	0
4335	0.0155631	0	0
4334	0.0155175	0	0
4333	0.0154744	0	0
4332	0.015434	0	0
4331	0.0153967	0	0
4330	0.0153628	0	0
4329	0.0153324	0	0
4328	0.015306	0	0
4327	0.0152838	0	0
4326	0.015266	0	0
4325	0.0152531	0	0
4324	0.0152452	0	0
4323	0.0152426	0	0
4322	0.0152455	0	0
4321	0.0152541	0	0
4320	0.0152685	0	0
4319	0.015289	0	0
4318	0.0153155	0	0
4317	0.0153482	0	0
4316	0.0153869	0	0
4315	0.0154317	0	0
4314	0.0154824	0	0
4313	0.0155388	0	0
4312	0.0156007	0	0
4311	0.0156679	0	0
4310	0.0157398	0	0
4309	0.0158162	0	0
4308	0.0158965	0	0
4307	0.0159801	0	0
4306	0.0160666	0	0
4305	0.0161552	0	0
4304	0.0162453	0	0
4303	0.0163362	0	0
4302	0.016427	0	0
4301	0.016517	0	0
4300	0.0166054	0	0
4299	0.0166914	0	0
4298	0.0167742	0	0
4297	0.0168531	0	0
4296	0.0169273	0	0
4295	0.0169961	0	0
4294	0.0170589	0	0
4293	0.0171151	0	0
4292	0.0171641	0	0
4291	0.0172057	0	0
4290	0.0172394	0	0
4289	0.0172651	0	0
4288	0.0172826	0	0
4287	0.0172919	0	0
4286	0.0172931	0	0
4285	0.0172863	0	0
4284	0.0172718	0	0
4283	0.0172499	0	0
4282	0.017221	0	0
4281	0.0171855	0	0
4280	0.017144	0	0
4279	0.0170968	0	0
4278	0.0170447	0	0
4277	0.016988	0	0
4276	0.0169274	0	0
4275	0.0168633	0	0
4274	0.0167963	0	0
4273	0.0167269	0	0
4272	0.0166556	0	0
4271	0.0165827	0	0
4270	0.0165087	0	0
4269	0.016434	0	0
4268	0.0163588	0	0
4267	0.0162836	0	0
4266	0.0162085	0	0
4265	0.0161338	0	0
4264	0.0160597	0	0
4263	0.0159865	0	0
4262	0.0159142	0	0
4261	0.015843	0	0
4260	0.015773	0	0
4259	0.0157043	0	0
4258	0.015637	0	0
4257	0.0155712	0	0
4256	0.0155069	0	0
4255	0.0154441	0	0
4254	0.0153829	0	0
4253	0.0153234	0	0
4252	0.0152654	0	0
4251	0.0152091	0	0
4250	0.0151545	0	0
4249	0.0151015	0	0
4248	0.0150502	0	0
4247	0.0150006	0	0
4246	0.0149526	0	0
4245	0.0149063	0	0
4244	0.0148616	0	0
4243	0.0148186	0	0
4242	0.0147773	0	0
4241	0.0147376	0	0
4240	0.0146996	0	0
4239	0.0146633	0	0
4238	0.0146286	0	0
4237	0.0145957	0	0
4236	0.0145644	0	0
4235	0.0145348	0	0
4234	0.0145069	0	0
4233	0.0144808	0	0
4232	0.0144564	0	0
4231	0.0144337	0	0
4230	0.0144129	0	0
4229	0.0143939	0	0
4228	0.0143767	0	0
4227	0.0143615	0	0
4226	0.0143481	0	0
4225	0.0143367	0	0
4224	0.0143274	0	0
4223	0.01432	0	0
4222	0.0143148	0	0
4221	0.0143117	0	0
4220	0.0143109	0	0
4219	0.0143123	0	0
4218	0.014316	0	0
4217	0.0143222	0	0
4216	0.0143308	0	0
4215	0.014342	0	0
4214	0.0143559	0	0
4213	0.0143724	0	0
4212	0.0143918	0	0
4211	0.0144141	0	0
4210	0.0144394	0	0
4209	0.0144678	0	0
4208	0.0144995	0	0
4207	0.0145345	0	0
4206	0.014573	0	0
4205	0.014615	0	0
4204	0.0146609	0	0
4203	0.0147105	0	0
4202	0.0147643	0	0
4201	0.0148221	0	0
4200	0.0148843	0	0
4199	0.0149511	0	0
4198	0.0150224	0	0
4197	0.0150987	0	0
4196	0.0151799	0	0
4195	0.0152664	0	0
4194	0.0153583	0	0
4193	0.0154558	0	0
4192	0.0155591	0	0
4191	0.0156685	0	0
4190	0.0157841	0	0
4189	0.0159061	0	0
4188	0.0160349	0	0
4187	0.0161706	0	0
4186	0.0163134	0	0
4185	0.0164636	0	0
4184	0.0166213	0	0
4183	0.0167869	0	0
4182	0.0169604	0	0
4181	0.0171421	0	0
4180	0.0173322	0	0
4179	0.0175308	0	0
4178	0.0177381	0	0
4177	0.0179542	0	0
4176	0.0181791	0	0
4175	0.018413	0	0
4174	0.0186557	0	0
4173	0.0189073	0	0
4172	0.0191676	0	0
4171	0.0194365	0	0
4170	0.0197136	0	0
4169	0.0199987	0	0
4168	0.0202912	0	0
4167	0.0205907	0	0
4166	0.0208964	0	0
4165	0.0212075	0	0
4164	0.0215231	0	0
4163	0.021842	0	0
4162	0.0221631	0	0
4161	0.0224849	0	0
4160	0.0228059	0	0
4159	0.0231243	0	0
4158	0.0234381	0	0
4157	0.0237454	0	0
4156	0.024044	0	0
4155	0.0243316	0	0
4154	0.0246057	0	0
4153	0.024864	0	0
4152	0.0251038	0	0
4151	0.0253227	0	0
4150	0.0255184	0	0
4149	0.0256884	0	0
4148	0.0258305	0	0
4147	0.0259429	0	0
4146	0.0260237	0	0
4145	0.0260716	0	0
4144	0.0260853	0	0
4143	0.0260643	0	0
4142	0.026008	0	0
4141	0.0259165	0	0
4140	0.0257902	0	0
4139	0.02563	0	0
4138	0.025437	0	0
4137	0.0252128	0	0
4136	0.0249592	0	0
4135	0.0246785	0	0
4134	0.0243734	0	0
4133	0.0240485	0	0
4132	0.023705	0	0
4131	0.0233375	0	0
4130	0.0229533	0	0
4129	0.0225556	0	0
4128	0.0221467	0	0
4127	0.021729	0	0
4126	0.0213047	0	0
4125	0.0208759	0	0
4124	0.0204445	0	0
4123	0.0200123	0	0
4122	0.0195809	0	0
4121	0.0191517	0	0
4120	0.018726	0	0
4119	0.0183049	0	0
4118	0.0178894	0	0
4117	0.0174803	0	0
4116	0.0170783	0	0
4115	0.016684	0	0
4114	0.0162978	0	0
4113	0.01592	0	0
4112	0.0155511	0	0
4111	0.015191	0	0
4110	0.0148401	0	0
4109	0.0144982	0	0
4108	0.0141655	0	0
4107	0.0138419	0	0
4106	0.0135274	0	0
4105	0.0132217	0	0
4104	0.0129248	0	0
4103	0.0126364	0	0
4102	0.0123566	0	0
4101	0.0120849	0	0
4100	0.0118213	0	0
4099	0.0115655	0	0
4098	0.0113173	0	0
4097	0.0110766	0	0
4096	0.0108429	0	0
4095	0.0106162	0	0
4094	0.0103963	0	0
4093	0.0101828	0	0
4092	0.00997571	0	0
4091	0.00977466	0	0
4090	0.0095795	0	0
4089	0.00938949	0	0
4088	0.00920489	0	0
4087	0.00902562	0	0
4086	0.0088515	0	0
4085	0.00868236	0	0
4084	0.00851803	0	0
4083	0.00835834	0	0
4082	0.00820315	0	0
4081	0.0080523	0	0
4080	0.00790566	0	0
4079	0.00776309	0	0
4078	0.00762445	0	0
4077	0.00748964	0	0
4076	0.00735852	0	0
4075	0.00723099	0	0
4074	0.00710694	0	0
4073	0.00698627	0	0
4072	0.00686887	0	0
4071	0.00675467	0	0
4070	0.00664356	0	0
4069	0.00653547	0	0
4068	0.00643031	0	0
4067	0.00632801	0	0
4066	0.0062285	0	0
4065	0.00613172	0	0
4064	0.00603759	0	0
4063	0.00594605	0	0
4062	0.00585706	0	0
4061	0.00577055	0	0
4060	0.00568646	0	0
4059	0.00560477	0	0
4058	0.0055254	0	0
4057	0.00544833	0	0
4056	0.00537352	0	0
4055	0.00530091	0	0
4054	0.00523048	0	0
4053	0.00516219	0	0
4052	0.005096	0	0
4051	0.0050319	0	0
4050	0.00496984	0	0
4049	0.0049098	0	0
4048	0.00485175	0	0
4047	0.00479567	0	0
4046	0.00474154	0	0
4045	0.00468934	0	0
4044	0.00463904	0	0
4043	0.00459062	0	0
4042	0.00454408	0	0
4041	0.00449938	0	0
4040	0.00445652	0	0
4039	0.00441549	0	0
4038	0.00437626	0	0
4037	0.00433882	0	0
4036	0.00430317	0	0
4035	0.0042693	0	0
4034	0.00423719	0	0
4033	0.00420683	0	0
4032	0.00417822	0	0
4031	0.00415135	0	0
4030	0.00412621	0	0
4029	0.0041028	0	0
4028	0.00408111	0	0
4027	0.00406114	0	0
4026	0.00404289	0	0
4025	0.00402635	0	0
4024	0.00401152	0	0
4023	0.0039984	0	0
4022	0.00398698	0	0
4021	0.00397728	0	0
4020	0.00396929	0	0
4019	0.00396302	0	0
4018	0.00395846	0	0
4017	0.00395562	0	0
4016	0.00395452	0	0
4015	0.00395514	0	0
4014	0.0039575	0	0
4013	0.00396161	0	0
4012	0.00396747	0	0
4011	0.00397511	0	0
4010	0.00398451	0	0
4009	0.00399571	0	0
4008	0.00400871	0	0
4007	0.00402353	0	0
4006	0.00404018	0	0
4005	0.00405868	0	0
4004	0.00407905	0	0
4003	0.00410131	0	0
4002	0.00412547	0	0
4001	0.00415156	0	0
4000	0.00417961	0	0
3999	0.00420963	0	0
3998	0.00424165	0	0
3997	0.00427571	0	0
3996	0.00431181	0	0
3995	0.00435001	0	0
3994	0.00439032	0	0
3993	0.00443278	0	0
3992	0.00447741	0	0
3991	0.00452426	0	0
3990	0.00457335	0	0
3989	0.00462471	0	0
3988	0.00467838	0	0
3987	0.00473439	0	0
3986	0.00479278	0	0
3985	0.00485357	0	0
3984	0.0049168	0	0
3983	0.00498248	0	0
3982	0.00505065	0	0
3981	0.00512133	0	0
3980	0.00519454	0	0
3979	0.00527029	0	0
3978	0.00534858	0	0
3977	0.00542943	0	0
3976	0.00551281	0	0
3975	0.00559872	0	0
3974	0.00568713	0	0
3973	0.005778	0	0
3972	0.00587128	0	0
3971	0.0059669	0	0
3970	0.00606477	0	0
3969	0.00616478	0	0
3968	0.00626681	0	0
3967	0.00637071	0	0
3966	0.00647628	0	0
3965	0.00658332	0	0
3964	0.0066916	0	0
3963	0.00680081	0	0
3962	0.00691065	0	0
3961	0.00702077	0	0
3960	0.00713074	0	0
3959	0.00724014	0	0
3958	0.00734846	0	0
3957	0.00745516	0	0
3956	0.00755965	0	0
3955	0.0076613	0	0
3954	0.00775942	0	0
3953	0.00785327	0	0
3952	0.00794211	0	0
3951	0.00802513	0	0
3950	0.0081015	0	0
3949	0.00817038	0	0
3948	0.00823093	0	0
3947	0.00828231	0	0
3946	0.0083237	0	0
3945	0.00835431	0	0
3944	0.00837341	0	0
3943	0.00838034	0	0
3942	0.00837452	0	0
3941	0.00835548	0	0
3940	0.00832285	0	0
3939	0.00827642	0	0
3938	0.00821611	0	0
3937	0.00814198	0	0
3936	0.00805421	0	0
3935	0.00795312	0	0
3934	0.00783913	0	0
3933	0.00771282	0	0
3932	0.00757487	0	0
3931	0.00742607	0	0
3930	0.00726732	0	0
3929	0.00709959	0	0
3928	0.00692387	0	0
3927	0.00674125	0	0
3926	0.00655278	0	0
3925	0.00635954	0	0
3924	0.00616259	0	0
3923	0.00596296	0	0
3922	0.00576163	0	0
3921	0.00555953	0	0
3920	0.00535754	0	0
3919	0.00515644	0	0
3918	0.00495697	0	0
3917	0.00475978	0	0
3916	0.00456546	0	0
3915	0.0043745	0	0
3914	0.00418734	0	0
3913	0.00400435	0	0
3912	0.00382583	0	0
3911	0.00365203	0	0
3910	0.00348313	0	0
3909	0.00331928	0	0
3908	0.00316057	0	0
3907	0.00300705	0	0
3906	0.00285875	0	0
3905	0.00271566	0	0
3904	0.00257774	0	0
3903	0.00244494	0	0
3902	0.00231717	0	0
3901	0.00219435	0	0
3900	0.00207636	0	0
3899	0.00196311	0	0
3898	0.00185445	0	0
3897	0.00175028	0	0
3896	0.00165044	0	0
3895	0.00155481	0	0
3894	0.00146326	0	0
3893	0.00137564	0	0
3892	0.00129183	0	0
3891	0.00121168	0	0
3890	0.00113508	0	0
3889	0.00106188	0	0
3888	0.000991981	0	0
3887	0.000925248	0	0
3886	0.000861567	0	0
3885	0.000800827	0	0
3884	0.000742921	0	0
3883	0.000687746	0	0
3882	0.000635204	0	0
3881	0.0005852	0	0
3880	0.000537647	0	0
3879	0.000492458	0	0
3878	0.000449555	0	0
3877	0.000408862	0	0
3876	0.000370308	0	0
3875	0.000333828	0	0
3874	0.000299359	0	0
3873	0.000266845	0	0
3872	0.000236235	0	0
3871	0.000207481	0	0
3870	0.000180542	0	0
3869	0.000155382	0	0
3868	0.000131972	0	0
3867	0.000110288	0	0
3866	9.03176e-05	0	0
3865	7.20566e-05	0	0
3864	5.55151e-05	0	0
3863	4.07216e-05	0	0
3862	2.77327e-05	0	0
3861	1.66515e-05	0	0
3860	7.6705e-06	0	0
3859	1.20619e-06	0	0
3858	-5.76035e-07	0	0
3857	0	0	0
3856	0	0	0
3855	0	0	0
3854	0	0	0
3853	0	0	0
3852	0	0	0
3851	0	0	0
3850	0	0	0
3849	0	0	0
3848	0	0	0
3847	0	0	0
3846	0	0	0
3845	0	0	0
3844	0	0	0
3843	0	0	0
3842	0	0	0
3841	0	0	0
3840	0	0	0
3839	0	0	0
3838	0	0	0
3837	0	0	0
3836	0	0	0
3835	0	0	0
3834	0	0	0
3833	0	0	0
3832	0	0	0
3831	0	0	0
3830	0	0	0
3829	0	0	0
3828	0	0	0
3827	0	0	0
3826	0	0	0
3825	0	0	0
3824	0	0	0
3823	0	0	0
3822	0	0	0
3821	0	0	0
3820	0	0	0
3819	0	0	0
3818	0	0	0
3817	0	0	0
3816	0	0	0
3815	0	0	0
3814	0	0	0
3813	0	0	0
3812	0	0	0
3811	0	0	0
3810	0	0	0
3809	0	0	0
3808	0	0	0
3807	0	0	0
3806	0	0	0
3805	0	0	0
3804	0	0	0
3803	0	0	0
3802	0	0	0
3801	0	0	0
3800	0	0	0
3799	0	0	0
3798	0	0	0
3797	0	0	0
3796	0	0	0
3795	0	0	0
3794	0	0	0
3793	0	0	0
3792	0	0	0
3791	0	0	0
3790	0	0	0
3789	0	0	0
3788	0	0	0
