8379	-389.983	0	0
8378	-195.386	0	0
8377	-131.017	0	0
8376	-98.843	0	0
8375	-79.4973	0	0
8374	-66.5594	0	0
8373	-57.2851	0	0
8372	-50.3037	0	0
8371	-44.8536	0	0
8370	-40.4779	0	0
8369	-36.8853	0	0
8368	-33.8814	0	0
8367	-31.3316	0	0
8366	-29.1394	0	0
8365	-27.234	0	0
8364	-25.5622	0	0
8363	-24.0832	0	0
8362	-22.7652	0	0
8361	-21.5832	0	0
8360	-20.517	0	0
8359	-19.5504	0	0
8358	-18.6698	0	0
8357	-17.8642	0	0
8356	-17.1245	0	0
8355	-16.4427	0	0
8354	-15.8124	0	0
8353	-15.2278	0	0
8352	-14.6842	0	0
8351	-14.1774	0	0
8350	-13.7038	0	0
8349	-13.2601	0	0
8348	-12.8437	0	0
8347	-12.4521	0	0
8346	-12.0832	0	0
8345	-11.7349	0	0
8344	-11.4058	0	0
8343	-11.0941	0	0
8342	-10.7986	0	0
8341	-10.518	0	0
8340	-10.2513	0	0
8339	-9.99735	0	0
8338	-9.75537	0	0
8337	-9.52452	0	0
8336	-9.30403	0	0
8335	-9.09323	0	0
8334	-8.89149	0	0
8333	-8.69826	0	0
8332	-8.51299	0	0
8331	-8.33522	0	0
8330	-8.16451	0	0
8329	-8.00043	0	0
8328	-7.84262	0	0
8327	-7.69073	0	0
8326	-7.54442	0	0
8325	-7.40341	0	0
8324	-7.26741	0	0
8323	-7.13616	0	0
8322	-7.00942	0	0
8321	-6.88696	0	0
8320	-6.76858	0	0
8319	-6.65407	0	0
8318	-6.54325	0	0
8317	-6.43594	0	0
8316	-6.33199	0	0
8315	-6.23124	0	0
8314	-6.13354	0	0
8313	-6.03877	0	0
8312	-5.94678	0	0
8311	-5.85748	0	0
8310	-5.77073	0	0
8309	-5.68644	0	0
8308	-5.6045	0	0
8307	-5.52481	0	0
8306	-5.44729	0	0
8305	-5.37186	0	0
8304	-5.29842	0	0
8303	-5.2269	0	0
8302	-5.15723	0	0
8301	-5.08934	0	0
8300	-5.02316	0	0
8299	-4.95864	0	0
8298	-4.8957	0	0
8297	-4.83429	0	0
8296	-4.77437	0	0
8295	-4.71587	0	0
8294	-4.65875	0	0
8293	-4.60296	0	0
8292	-4.54845	0	0
8291	-4.49519	0	0
8290	-4.44312	0	0
8289	-4.39222	0	0
8288	-4.34244	0	0
8287	-4.29375	0	0
8286	-4.24611	0	0
8285	-4.1995	0	0
8284	-4.15387	0	0
8283	-4.10919	0	0
8282	-4.06545	0	0
8281	-4.02261	0	0
8280	-3.98064	0	0
8279	-3.93952	0	0
8278	-3.89922	0	0
8277	-3.85972	0	0
8276	-3.82099	0	0
8275	-3.78302	0	0
8274	-3.74578	0	0
8273	-3.70926	0	0
8272	-3.67342	0	0
8271	-3.63826	0	0
8270	-3.60375	0	0
8269	-3.56988	0	0
8268	-3.53663	0	0
8267	-3.50399	0	0
8266	-3.47193	0	0
8265	-3.44044	0	0
8264	-3.40951	0	0
8263	-3.37912	0	0
8262	-3.34926	0	0
8261	-3.31992	0	0
8260	-3.29108	0	0
8259	-3.26273	0	0
8258	-3.23486	0	0
8257	-3.20745	0	0
8256	-3.1805	0	0
8255	-3.15399	0	0
8254	-3.12792	0	0
8253	-3.10227	0	0
8252	-3.07704	0	0
8251	-3.0522	0	0
8250	-3.02776	0	0
8249	-3.00371	0	0
8248	-2.98003	0	0
8247	-2.95672	0	0
8246	-2.93377	0	0
8245	-2.91117	0	0
8244	-2.88891	0	0
8243	-2.86699	0	0
8242	-2.8454	0	0
8241	-2.82413	0	0
8240	-2.80318	0	0
8239	-2.78253	0	0
8238	-2.76218	0	0
8237	-2.74213	0	0
8236	-2.72237	0	0
8235	-2.70288	0	0
8234	-2.68368	0	0
8233	-2.66475	0	0
8232	-2.64608	0	0
8231	-2.62767	0	0
8230	-2.60951	0	0
8229	-2.59161	0	0
8228	-2.57395	0	0
8227	-2.55653	0	0
8226	-2.53934	0	0
8225	-2.52239	0	0
8224	-2.50566	0	0
8223	-2.48915	0	0
8222	-2.47286	0	0
8221	-2.45679	0	0
8220	-2.44092	0	0
8219	-2.42525	0	0
8218	-2.40979	0	0
8217	-2.39453	0	0
8216	-2.37946	0	0
8215	-2.36457	0	0
8214	-2.34988	0	0
8213	-2.33537	0	0
8212	-2.32104	0	0
8211	-2.30688	0	0
8210	-2.2929	0	0
8209	-2.27909	0	0
8208	-2.26545	0	0
8207	-2.25197	0	0
8206	-2.23865	0	0
8205	-2.2255	0	0
8204	-2.21249	0	0
8203	-2.19964	0	0
8202	-2.18695	0	0
8201	-2.1744	0	0
8200	-2.16199	0	0
8199	-2.14973	0	0
8198	-2.13761	0	0
8197	-2.12562	0	0
8196	-2.11378	0	0
8195	-2.10206	0	0
8194	-2.09048	0	0
8193	-2.07903	0	0
8192	-2.0677	0	0
8191	-2.0565	0	0
8190	-2.04543	0	0
8189	-2.03447	0	0
8188	-2.02364	0	0
8187	-2.01292	0	0
8186	-2.00231	0	0
8185	-1.99183	0	0
8184	-1.98145	0	0
8183	-1.97118	0	0
8182	-1.96102	0	0
8181	-1.95097	0	0
8180	-1.94102	0	0
8179	-1.93118	0	0
8178	-1.92144	0	0
8177	-1.91179	0	0
8176	-1.90225	0	0
8175	-1.89281	0	0
8174	-1.88346	0	0
8173	-1.8742	0	0
8172	-1.86504	0	0
8171	-1.85597	0	0
8170	-1.84699	0	0
8169	-1.8381	0	0
8168	-1.8293	0	0
8167	-1.82058	0	0
8166	-1.81195	0	0
8165	-1.80341	0	0
8164	-1.79494	0	0
8163	-1.78656	0	0
8162	-1.77826	0	0
8161	-1.77004	0	0
8160	-1.76189	0	0
8159	-1.75383	0	0
8158	-1.74584	0	0
8157	-1.73792	0	0
8156	-1.73008	0	0
8155	-1.72231	0	0
8154	-1.71461	0	0
8153	-1.70699	0	0
8152	-1.69943	0	0
8151	-1.69195	0	0
8150	-1.68453	0	0
8149	-1.67718	0	0
8148	-1.66989	0	0
8147	-1.66267	0	0
8146	-1.65552	0	0
8145	-1.64843	0	0
8144	-1.6414	0	0
8143	-1.63443	0	0
8142	-1.62753	0	0
8141	-1.62069	0	0
8140	-1.6139	0	0
8139	-1.60718	0	0
8138	-1.60051	0	0
8137	-1.5939	0	0
8136	-1.58735	0	0
8135	-1.58085	0	0
8134	-1.57441	0	0
8133	-1.56802	0	0
8132	-1.56169	0	0
8131	-1.55541	0	0
8130	-1.54918	0	0
8129	-1.543	0	0
8128	-1.53688	0	0
8127	-1.53081	0	0
8126	-1.52478	0	0
8125	-1.51881	0	0
8124	-1.51288	0	0
8123	-1.50701	0	0
8122	-1.50118	0	0
8121	-1.49539	0	0
8120	-1.48966	0	0
8119	-1.48397	0	0
8118	-1.47832	0	0
8117	-1.47272	0	0
8116	-1.46717	0	0
8115	-1.46166	0	0
8114	-1.45619	0	0
8113	-1.45077	0	0
8112	-1.44538	0	0
8111	-1.44004	0	0
8110	-1.43474	0	0
8109	-1.42948	0	0
8108	-1.42426	0	0
8107	-1.41909	0	0
8106	-1.41395	0	0
8105	-1.40885	0	0
8104	-1.40379	0	0
8103	-1.39876	0	0
8102	-1.39378	0	0
8101	-1.38883	0	0
8100	-1.38392	0	0
8099	-1.37904	0	0
8098	-1.3742	0	0
8097	-1.3694	0	0
8096	-1.36463	0	0
8095	-1.3599	0	0
8094	-1.3552	0	0
8093	-1.35054	0	0
8092	-1.34591	0	0
8091	-1.34131	0	0
8090	-1.33675	0	0
8089	-1.33222	0	0
8088	-1.32772	0	0
8087	-1.32325	0	0
8086	-1.31882	0	0
8085	-1.31441	0	0
8084	-1.31004	0	0
8083	-1.3057	0	0
8082	-1.30139	0	0
8081	-1.2971	0	0
8080	-1.29285	0	0
8079	-1.28863	0	0
8078	-1.28444	0	0
8077	-1.28027	0	0
8076	-1.27614	0	0
8075	-1.27203	0	0
8074	-1.26795	0	0
8073	-1.2639	0	0
8072	-1.25987	0	0
8071	-1.25587	0	0
8070	-1.2519	0	0
8069	-1.24796	0	0
8068	-1.24404	0	0
8067	-1.24015	0	0
8066	-1.23628	0	0
8065	-1.23244	0	0
8064	-1.22862	0	0
8063	-1.22483	0	0
8062	-1.22107	0	0
8061	-1.21733	0	0
8060	-1.21361	0	0
8059	-1.20992	0	0
8058	-1.20625	0	0
8057	-1.2026	0	0
8056	-1.19898	0	0
8055	-1.19538	0	0
8054	-1.1918	0	0
8053	-1.18825	0	0
8052	-1.18472	0	0
8051	-1.18121	0	0
8050	-1.17772	0	0
8049	-1.17425	0	0
8048	-1.17081	0	0
8047	-1.16739	0	0
8046	-1.16399	0	0
8045	-1.16061	0	0
8044	-1.15725	0	0
8043	-1.15391	0	0
8042	-1.15059	0	0
8041	-1.14729	0	0
8040	-1.14401	0	0
8039	-1.14076	0	0
8038	-1.13752	0	0
8037	-1.1343	0	0
8036	-1.1311	0	0
8035	-1.12792	0	0
8034	-1.12476	0	0
8033	-1.12161	0	0
8032	-1.11849	0	0
8031	-1.11538	0	0
8030	-1.1123	0	0
8029	-1.10923	0	0
8028	-1.10618	0	0
8027	-1.10314	0	0
8026	-1.10013	0	0
8025	-1.09713	0	0
8024	-1.09415	0	0
8023	-1.09118	0	0
8022	-1.08824	0	0
8021	-1.08531	0	0
8020	-1.08239	0	0
8019	-1.0795	0	0
8018	-1.07662	0	0
8017	-1.07375	0	0
8016	-1.0709	0	0
8015	-1.06807	0	0
8014	-1.06526	0	0
8013	-1.06246	0	0
8012	-1.05967	0	0
8011	-1.0569	0	0
8010	-1.05415	0	0
8009	-1.05141	0	0
8008	-1.04869	0	0
8007	-1.04598	0	0
8006	-1.04329	0	0
8005	-1.04061	0	0
8004	-1.03794	0	0
8003	-1.03529	0	0
8002	-1.03266	0	0
8001	-1.03004	0	0
8000	-1.02743	0	0
7999	-1.02484	0	0
7998	-1.02226	0	0
7997	-1.01969	0	0
7996	-1.01714	0	0
7995	-1.0146	0	0
7994	-1.01208	0	0
7993	-1.00956	0	0
7992	-1.00707	0	0
7991	-1.00458	0	0
7990	-1.00211	0	0
7989	-0.999649	0	0
7988	-0.997202	0	0
7987	-0.994768	0	0
7986	-0.992347	0	0
7985	-0.989938	0	0
7984	-0.987542	0	0
7983	-0.985157	0	0
7982	-0.982785	0	0
7981	-0.980425	0	0
7980	-0.978077	0	0
7979	-0.975741	0	0
7978	-0.973417	0	0
7977	-0.971104	0	0
7976	-0.968803	0	0
7975	-0.966513	0	0
7974	-0.964235	0	0
7973	-0.961969	0	0
7972	-0.959713	0	0
7971	-0.957469	0	0
7970	-0.955235	0	0
7969	-0.953013	0	0
7968	-0.950802	0	0
7967	-0.948601	0	0
7966	-0.946412	0	0
7965	-0.944233	0	0
7964	-0.942064	0	0
7963	-0.939906	0	0
7962	-0.937759	0	0
7961	-0.935621	0	0
7960	-0.933494	0	0
7959	-0.931378	0	0
7958	-0.929271	0	0
7957	-0.927174	0	0
7956	-0.925088	0	0
7955	-0.923011	0	0
7954	-0.920944	0	0
7953	-0.918887	0	0
7952	-0.916839	0	0
7951	-0.914801	0	0
7950	-0.912773	0	0
7949	-0.910754	0	0
7948	-0.908744	0	0
7947	-0.906744	0	0
7946	-0.904753	0	0
7945	-0.902771	0	0
7944	-0.900799	0	0
7943	-0.898835	0	0
7942	-0.89688	0	0
7941	-0.894934	0	0
7940	-0.892998	0	0
7939	-0.891069	0	0
7938	-0.88915	0	0
7937	-0.887239	0	0
7936	-0.885337	0	0
7935	-0.883444	0	0
7934	-0.881559	0	0
7933	-0.879682	0	0
7932	-0.877814	0	0
7931	-0.875954	0	0
7930	-0.874102	0	0
7929	-0.872258	0	0
7928	-0.870423	0	0
7927	-0.868595	0	0
7926	-0.866776	0	0
7925	-0.864965	0	0
7924	-0.863161	0	0
7923	-0.861365	0	0
7922	-0.859577	0	0
7921	-0.857797	0	0
7920	-0.856025	0	0
7919	-0.85426	0	0
7918	-0.852503	0	0
7917	-0.850753	0	0
7916	-0.849011	0	0
7915	-0.847276	0	0
7914	-0.845549	0	0
7913	-0.843828	0	0
7912	-0.842116	0	0
7911	-0.84041	0	0
7910	-0.838711	0	0
7909	-0.83702	0	0
7908	-0.835336	0	0
7907	-0.833659	0	0
7906	-0.831988	0	0
7905	-0.830325	0	0
7904	-0.828669	0	0
7903	-0.827019	0	0
7902	-0.825376	0	0
7901	-0.82374	0	0
7900	-0.822111	0	0
7899	-0.820489	0	0
7898	-0.818873	0	0
7897	-0.817263	0	0
7896	-0.81566	0	0
7895	-0.814064	0	0
7894	-0.812474	0	0
7893	-0.81089	0	0
7892	-0.809313	0	0
7891	-0.807742	0	0
7890	-0.806178	0	0
7889	-0.804619	0	0
7888	-0.803067	0	0
7887	-0.801521	0	0
7886	-0.799981	0	0
7885	-0.798447	0	0
7884	-0.79692	0	0
7883	-0.795398	0	0
7882	-0.793882	0	0
7881	-0.792372	0	0
7880	-0.790868	0	0
7879	-0.78937	0	0
7878	-0.787878	0	0
7877	-0.786391	0	0
7876	-0.784911	0	0
7875	-0.783436	0	0
7874	-0.781966	0	0
7873	-0.780502	0	0
7872	-0.779044	0	0
7871	-0.777592	0	0
7870	-0.776144	0	0
7869	-0.774703	0	0
7868	-0.773267	0	0
7867	-0.771836	0	0
7866	-0.770411	0	0
7865	-0.768991	0	0
7864	-0.767576	0	0
7863	-0.766167	0	0
7862	-0.764762	0	0
7861	-0.763364	0	0
7860	-0.76197	0	0
7859	-0.760581	0	0
7858	-0.759198	0	0
7857	-0.75782	0	0
7856	-0.756446	0	0
7855	-0.755078	0	0
7854	-0.753715	0	0
7853	-0.752357	0	0
7852	-0.751004	0	0
7851	-0.749655	0	0
7850	-0.748312	0	0
7849	-0.746973	0	0
7848	-0.745639	0	0
7847	-0.74431	0	0
7846	-0.742986	0	0
7845	-0.741667	0	0
7844	-0.740352	0	0
7843	-0.739042	0	0
7842	-0.737736	0	0
7841	-0.736436	0	0
7840	-0.735139	0	0
7839	-0.733848	0	0
7838	-0.732561	0	0
7837	-0.731278	0	0
7836	-0.73	0	0
7835	-0.728727	0	0
7834	-0.727457	0	0
7833	-0.726193	0	0
7832	-0.724932	0	0
7831	-0.723676	0	0
7830	-0.722425	0	0
7829	-0.721177	0	0
7828	-0.719934	0	0
7827	-0.718696	0	0
7826	-0.717461	0	0
7825	-0.716231	0	0
7824	-0.715005	0	0
7823	-0.713783	0	0
7822	-0.712565	0	0
7821	-0.711351	0	0
7820	-0.710141	0	0
7819	-0.708936	0	0
7818	-0.707734	0	0
7817	-0.706537	0	0
7816	-0.705343	0	0
7815	-0.704154	0	0
7814	-0.702968	0	0
7813	-0.701787	0	0
7812	-0.700609	0	0
7811	-0.699435	0	0
7810	-0.698265	0	0
7809	-0.697099	0	0
7808	-0.695937	0	0
7807	-0.694779	0	0
7806	-0.693624	0	0
7805	-0.692473	0	0
7804	-0.691326	0	0
7803	-0.690182	0	0
7802	-0.689043	0	0
7801	-0.687906	0	0
7800	-0.686774	0	0
7799	-0.685645	0	0
7798	-0.68452	0	0
7797	-0.683398	0	0
7796	-0.68228	0	0
7795	-0.681166	0	0
7794	-0.680055	0	0
7793	-0.678948	0	0
7792	-0.677844	0	0
7791	-0.676743	0	0
7790	-0.675646	0	0
7789	-0.674553	0	0
7788	-0.673463	0	0
7787	-0.672376	0	0
7786	-0.671293	0	0
7785	-0.670213	0	0
7784	-0.669136	0	0
7783	-0.668063	0	0
7782	-0.666993	0	0
7781	-0.665927	0	0
7780	-0.664863	0	0
7779	-0.663803	0	0
7778	-0.662746	0	0
7777	-0.661693	0	0
7776	-0.660642	0	0
7775	-0.659595	0	0
7774	-0.658551	0	0
7773	-0.65751	0	0
7772	-0.656473	0	0
7771	-0.655438	0	0
7770	-0.654406	0	0
7769	-0.653378	0	0
7768	-0.652353	0	0
7767	-0.65133	0	0
7766	-0.650311	0	0
7765	-0.649295	0	0
7764	-0.648282	0	0
7763	-0.647272	0	0
7762	-0.646264	0	0
7761	-0.64526	0	0
7760	-0.644259	0	0
7759	-0.643261	0	0
7758	-0.642265	0	0
7757	-0.641273	0	0
7756	-0.640283	0	0
7755	-0.639296	0	0
7754	-0.638312	0	0
7753	-0.637331	0	0
7752	-0.636353	0	0
7751	-0.635377	0	0
7750	-0.634405	0	0
7749	-0.633435	0	0
7748	-0.632468	0	0
7747	-0.631504	0	0
7746	-0.630542	0	0
7745	-0.629583	0	0
7744	-0.628627	0	0
7743	-0.627674	0	0
7742	-0.626723	0	0
7741	-0.625775	0	0
7740	-0.62483	0	0
7739	-0.623887	0	0
7738	-0.622947	0	0
7737	-0.622009	0	0
7736	-0.621074	0	0
7735	-0.620142	0	0
7734	-0.619213	0	0
7733	-0.618285	0	0
7732	-0.617361	0	0
7731	-0.616439	0	0
7730	-0.615519	0	0
7729	-0.614602	0	0
7728	-0.613688	0	0
7727	-0.612776	0	0
7726	-0.611867	0	0
7725	-0.61096	0	0
7724	-0.610055	0	0
7723	-0.609153	0	0
7722	-0.608253	0	0
7721	-0.607356	0	0
7720	-0.606461	0	0
7719	-0.605569	0	0
7718	-0.604679	0	0
7717	-0.603791	0	0
7716	-0.602906	0	0
7715	-0.602023	0	0
7714	-0.601142	0	0
7713	-0.600264	0	0
7712	-0.599388	0	0
7711	-0.598514	0	0
7710	-0.597643	0	0
7709	-0.596774	0	0
7708	-0.595907	0	0
7707	-0.595042	0	0
7706	-0.59418	0	0
7705	-0.59332	0	0
7704	-0.592462	0	0
7703	-0.591607	0	0
7702	-0.590753	0	0
7701	-0.589902	0	0
7700	-0.589053	0	0
7699	-0.588206	0	0
7698	-0.587362	0	0
7697	-0.586519	0	0
7696	-0.585679	0	0
7695	-0.58484	0	0
7694	-0.584004	0	0
7693	-0.58317	0	0
7692	-0.582339	0	0
7691	-0.581509	0	0
7690	-0.580681	0	0
7689	-0.579855	0	0
7688	-0.579032	0	0
7687	-0.57821	0	0
7686	-0.577391	0	0
7685	-0.576574	0	0
7684	-0.575758	0	0
7683	-0.574945	0	0
7682	-0.574134	0	0
7681	-0.573324	0	0
7680	-0.572517	0	0
7679	-0.571711	0	0
7678	-0.570908	0	0
7677	-0.570107	0	0
7676	-0.569307	0	0
7675	-0.56851	0	0
7674	-0.567714	0	0
7673	-0.56692	0	0
7672	-0.566129	0	0
7671	-0.565339	0	0
7670	-0.564551	0	0
7669	-0.563765	0	0
7668	-0.562981	0	0
7667	-0.562198	0	0
7666	-0.561418	0	0
7665	-0.56064	0	0
7664	-0.559863	0	0
7663	-0.559088	0	0
7662	-0.558315	0	0
7661	-0.557544	0	0
7660	-0.556774	0	0
7659	-0.556007	0	0
7658	-0.555241	0	0
7657	-0.554477	0	0
7656	-0.553715	0	0
7655	-0.552955	0	0
7654	-0.552196	0	0
7653	-0.551439	0	0
7652	-0.550684	0	0
7651	-0.549931	0	0
7650	-0.549179	0	0
7649	-0.548429	0	0
7648	-0.547681	0	0
7647	-0.546934	0	0
7646	-0.54619	0	0
7645	-0.545446	0	0
7644	-0.544705	0	0
7643	-0.543965	0	0
7642	-0.543227	0	0
7641	-0.542491	0	0
7640	-0.541756	0	0
7639	-0.541023	0	0
7638	-0.540292	0	0
7637	-0.539562	0	0
7636	-0.538834	0	0
7635	-0.538108	0	0
7634	-0.537383	0	0
7633	-0.53666	0	0
7632	-0.535938	0	0
7631	-0.535218	0	0
7630	-0.5345	0	0
7629	-0.533783	0	0
7628	-0.533067	0	0
7627	-0.532354	0	0
7626	-0.531642	0	0
7625	-0.530931	0	0
7624	-0.530222	0	0
7623	-0.529515	0	0
7622	-0.528809	0	0
7621	-0.528104	0	0
7620	-0.527401	0	0
7619	-0.5267	0	0
7618	-0.526	0	0
7617	-0.525302	0	0
7616	-0.524605	0	0
7615	-0.523909	0	0
7614	-0.523216	0	0
7613	-0.522523	0	0
7612	-0.521832	0	0
7611	-0.521143	0	0
7610	-0.520455	0	0
7609	-0.519768	0	0
7608	-0.519083	0	0
7607	-0.5184	0	0
7606	-0.517717	0	0
7605	-0.517037	0	0
7604	-0.516357	0	0
7603	-0.515679	0	0
7602	-0.515003	0	0
7601	-0.514328	0	0
7600	-0.513654	0	0
7599	-0.512982	0	0
7598	-0.512311	0	0
7597	-0.511641	0	0
7596	-0.510973	0	0
7595	-0.510306	0	0
7594	-0.509641	0	0
7593	-0.508977	0	0
7592	-0.508314	0	0
7591	-0.507653	0	0
7590	-0.506993	0	0
7589	-0.506334	0	0
7588	-0.505677	0	0
7587	-0.505021	0	0
7586	-0.504366	0	0
7585	-0.503712	0	0
7584	-0.50306	0	0
7583	-0.50241	0	0
7582	-0.50176	0	0
7581	-0.501112	0	0
7580	-0.500465	0	0
7579	-0.49982	0	0
7578	-0.499175	0	0
7577	-0.498532	0	0
7576	-0.49789	0	0
7575	-0.49725	0	0
7574	-0.496611	0	0
7573	-0.495973	0	0
7572	-0.495336	0	0
7571	-0.4947	0	0
7570	-0.494066	0	0
7569	-0.493433	0	0
7568	-0.492801	0	0
7567	-0.492171	0	0
7566	-0.491541	0	0
7565	-0.490913	0	0
7564	-0.490286	0	0
7563	-0.489661	0	0
7562	-0.489036	0	0
7561	-0.488413	0	0
7560	-0.487791	0	0
7559	-0.48717	0	0
7558	-0.48655	0	0
7557	-0.485931	0	0
7556	-0.485314	0	0
7555	-0.484698	0	0
7554	-0.484083	0	0
7553	-0.483469	0	0
7552	-0.482856	0	0
7551	-0.482244	0	0
7550	-0.481634	0	0
7549	-0.481024	0	0
7548	-0.480416	0	0
7547	-0.479809	0	0
7546	-0.479203	0	0
7545	-0.478598	0	0
7544	-0.477995	0	0
7543	-0.477392	0	0
7542	-0.476791	0	0
7541	-0.47619	0	0
7540	-0.475591	0	0
7539	-0.474993	0	0
7538	-0.474396	0	0
7537	-0.4738	0	0
7536	-0.473205	0	0
7535	-0.472611	0	0
7534	-0.472018	0	0
7533	-0.471426	0	0
7532	-0.470836	0	0
7531	-0.470246	0	0
7530	-0.469658	0	0
7529	-0.46907	0	0
7528	-0.468484	0	0
7527	-0.467899	0	0
7526	-0.467314	0	0
7525	-0.466731	0	0
7524	-0.466149	0	0
7523	-0.465568	0	0
7522	-0.464987	0	0
7521	-0.464408	0	0
7520	-0.46383	0	0
7519	-0.463253	0	0
7518	-0.462677	0	0
7517	-0.462102	0	0
7516	-0.461528	0	0
7515	-0.460955	0	0
7514	-0.460383	0	0
7513	-0.459811	0	0
7512	-0.459241	0	0
7511	-0.458672	0	0
7510	-0.458104	0	0
7509	-0.457537	0	0
7508	-0.456971	0	0
7507	-0.456405	0	0
7506	-0.455841	0	0
7505	-0.455278	0	0
7504	-0.454716	0	0
7503	-0.454154	0	0
7502	-0.453594	0	0
7501	-0.453034	0	0
7500	-0.452476	0	0
7499	-0.451918	0	0
7498	-0.451362	0	0
7497	-0.450806	0	0
7496	-0.450251	0	0
7495	-0.449697	0	0
7494	-0.449144	0	0
7493	-0.448592	0	0
7492	-0.448041	0	0
7491	-0.447491	0	0
7490	-0.446942	0	0
7489	-0.446393	0	0
7488	-0.445846	0	0
7487	-0.445299	0	0
7486	-0.444754	0	0
7485	-0.444209	0	0
7484	-0.443665	0	0
7483	-0.443122	0	0
7482	-0.44258	0	0
7481	-0.442039	0	0
7480	-0.441499	0	0
7479	-0.440959	0	0
7478	-0.440421	0	0
7477	-0.439883	0	0
7476	-0.439346	0	0
7475	-0.43881	0	0
7474	-0.438275	0	0
7473	-0.437741	0	0
7472	-0.437207	0	0
7471	-0.436675	0	0
7470	-0.436143	0	0
7469	-0.435612	0	0
7468	-0.435082	0	0
7467	-0.434553	0	0
7466	-0.434025	0	0
7465	-0.433497	0	0
7464	-0.432971	0	0
7463	-0.432445	0	0
7462	-0.43192	0	0
7461	-0.431396	0	0
7460	-0.430872	0	0
7459	-0.43035	0	0
7458	-0.429828	0	0
7457	-0.429307	0	0
7456	-0.428787	0	0
7455	-0.428267	0	0
7454	-0.427749	0	0
7453	-0.427231	0	0
7452	-0.426714	0	0
7451	-0.426198	0	0
7450	-0.425683	0	0
7449	-0.425168	0	0
7448	-0.424655	0	0
7447	-0.424142	0	0
7446	-0.423629	0	0
7445	-0.423118	0	0
7444	-0.422607	0	0
7443	-0.422097	0	0
7442	-0.421588	0	0
7441	-0.42108	0	0
7440	-0.420572	0	0
7439	-0.420065	0	0
7438	-0.419559	0	0
7437	-0.419054	0	0
7436	-0.418549	0	0
7435	-0.418046	0	0
7434	-0.417543	0	0
7433	-0.41704	0	0
7432	-0.416539	0	0
7431	-0.416038	0	0
7430	-0.415538	0	0
7429	-0.415038	0	0
7428	-0.41454	0	0
7427	-0.414042	0	0
7426	-0.413545	0	0
7425	-0.413048	0	0
7424	-0.412553	0	0
7423	-0.412058	0	0
7422	-0.411563	0	0
7421	-0.41107	0	0
7420	-0.410577	0	0
7419	-0.410085	0	0
7418	-0.409593	0	0
7417	-0.409103	0	0
7416	-0.408613	0	0
7415	-0.408123	0	0
7414	-0.407635	0	0
7413	-0.407147	0	0
7412	-0.406659	0	0
7411	-0.406173	0	0
7410	-0.405687	0	0
7409	-0.405202	0	0
7408	-0.404717	0	0
7407	-0.404234	0	0
7406	-0.403751	0	0
7405	-0.403268	0	0
7404	-0.402786	0	0
7403	-0.402305	0	0
7402	-0.401825	0	0
7401	-0.401345	0	0
7400	-0.400866	0	0
7399	-0.400388	0	0
7398	-0.39991	0	0
7397	-0.399433	0	0
7396	-0.398956	0	0
7395	-0.398481	0	0
7394	-0.398005	0	0
7393	-0.397531	0	0
7392	-0.397057	0	0
7391	-0.396584	0	0
7390	-0.396111	0	0
7389	-0.39564	0	0
7388	-0.395168	0	0
7387	-0.394698	0	0
7386	-0.394228	0	0
7385	-0.393759	0	0
7384	-0.39329	0	0
7383	-0.392822	0	0
7382	-0.392354	0	0
7381	-0.391888	0	0
7380	-0.391421	0	0
7379	-0.390956	0	0
7378	-0.390491	0	0
7377	-0.390027	0	0
7376	-0.389563	0	0
7375	-0.3891	0	0
7374	-0.388637	0	0
7373	-0.388175	0	0
7372	-0.387714	0	0
7371	-0.387254	0	0
7370	-0.386794	0	0
7369	-0.386334	0	0
7368	-0.385875	0	0
7367	-0.385417	0	0
7366	-0.38496	0	0
7365	-0.384502	0	0
7364	-0.384046	0	0
7363	-0.38359	0	0
7362	-0.383135	0	0
7361	-0.38268	0	0
7360	-0.382226	0	0
7359	-0.381773	0	0
7358	-0.38132	0	0
7357	-0.380867	0	0
7356	-0.380416	0	0
7355	-0.379965	0	0
7354	-0.379514	0	0
7353	-0.379064	0	0
7352	-0.378615	0	0
7351	-0.378166	0	0
7350	-0.377717	0	0
7349	-0.37727	0	0
7348	-0.376822	0	0
7347	-0.376376	0	0
7346	-0.37593	0	0
7345	-0.375484	0	0
7344	-0.375039	0	0
7343	-0.374595	0	0
7342	-0.374151	0	0
7341	-0.373708	0	0
7340	-0.373265	0	0
7339	-0.372823	0	0
7338	-0.372381	0	0
7337	-0.37194	0	0
7336	-0.3715	0	0
7335	-0.37106	0	0
7334	-0.37062	0	0
7333	-0.370182	0	0
7332	-0.369743	0	0
7331	-0.369305	0	0
7330	-0.368868	0	0
7329	-0.368431	0	0
7328	-0.367995	0	0
7327	-0.367559	0	0
7326	-0.367124	0	0
7325	-0.36669	0	0
7324	-0.366256	0	0
7323	-0.365822	0	0
7322	-0.365389	0	0
7321	-0.364956	0	0
7320	-0.364524	0	0
7319	-0.364093	0	0
7318	-0.363662	0	0
7317	-0.363231	0	0
7316	-0.362802	0	0
7315	-0.362372	0	0
7314	-0.361943	0	0
7313	-0.361515	0	0
7312	-0.361087	0	0
7311	-0.360659	0	0
7310	-0.360232	0	0
7309	-0.359806	0	0
7308	-0.35938	0	0
7307	-0.358955	0	0
7306	-0.35853	0	0
7305	-0.358105	0	0
7304	-0.357682	0	0
7303	-0.357258	0	0
7302	-0.356835	0	0
7301	-0.356413	0	0
7300	-0.355991	0	0
7299	-0.355569	0	0
7298	-0.355148	0	0
7297	-0.354728	0	0
7296	-0.354308	0	0
7295	-0.353888	0	0
7294	-0.353469	0	0
7293	-0.353051	0	0
7292	-0.352633	0	0
7291	-0.352215	0	0
7290	-0.351798	0	0
7289	-0.351381	0	0
7288	-0.350965	0	0
7287	-0.35055	0	0
7286	-0.350134	0	0
7285	-0.34972	0	0
7284	-0.349305	0	0
7283	-0.348891	0	0
7282	-0.348478	0	0
7281	-0.348065	0	0
7280	-0.347653	0	0
7279	-0.347241	0	0
7278	-0.346829	0	0
7277	-0.346418	0	0
7276	-0.346008	0	0
7275	-0.345597	0	0
7274	-0.345188	0	0
7273	-0.344779	0	0
7272	-0.34437	0	0
7271	-0.343961	0	0
7270	-0.343554	0	0
7269	-0.343146	0	0
7268	-0.342739	0	0
7267	-0.342333	0	0
7266	-0.341926	0	0
7265	-0.341521	0	0
7264	-0.341116	0	0
7263	-0.340711	0	0
7262	-0.340307	0	0
7261	-0.339903	0	0
7260	-0.339499	0	0
7259	-0.339096	0	0
7258	-0.338694	0	0
7257	-0.338291	0	0
7256	-0.33789	0	0
7255	-0.337488	0	0
7254	-0.337088	0	0
7253	-0.336687	0	0
7252	-0.336287	0	0
7251	-0.335888	0	0
7250	-0.335488	0	0
7249	-0.33509	0	0
7248	-0.334691	0	0
7247	-0.334294	0	0
7246	-0.333896	0	0
7245	-0.333499	0	0
7244	-0.333102	0	0
7243	-0.332706	0	0
7242	-0.332311	0	0
7241	-0.331915	0	0
7240	-0.33152	0	0
7239	-0.331126	0	0
7238	-0.330732	0	0
7237	-0.330338	0	0
7236	-0.329945	0	0
7235	-0.329552	0	0
7234	-0.329159	0	0
7233	-0.328767	0	0
7232	-0.328375	0	0
7231	-0.327984	0	0
7230	-0.327593	0	0
7229	-0.327203	0	0
7228	-0.326813	0	0
7227	-0.326423	0	0
7226	-0.326034	0	0
7225	-0.325645	0	0
7224	-0.325256	0	0
7223	-0.324868	0	0
7222	-0.324481	0	0
7221	-0.324093	0	0
7220	-0.323707	0	0
7219	-0.32332	0	0
7218	-0.322934	0	0
7217	-0.322548	0	0
7216	-0.322163	0	0
7215	-0.321778	0	0
7214	-0.321393	0	0
7213	-0.321009	0	0
7212	-0.320625	0	0
7211	-0.320242	0	0
7210	-0.319859	0	0
7209	-0.319476	0	0
7208	-0.319094	0	0
7207	-0.318712	0	0
7206	-0.318331	0	0
7205	-0.31795	0	0
7204	-0.317569	0	0
7203	-0.317189	0	0
7202	-0.316809	0	0
7201	-0.316429	0	0
7200	-0.31605	0	0
7199	-0.315671	0	0
7198	-0.315292	0	0
7197	-0.314914	0	0
7196	-0.314537	0	0
7195	-0.314159	0	0
7194	-0.313782	0	0
7193	-0.313406	0	0
7192	-0.313029	0	0
7191	-0.312653	0	0
7190	-0.312278	0	0
7189	-0.311903	0	0
7188	-0.311528	0	0
7187	-0.311153	0	0
7186	-0.310779	0	0
7185	-0.310405	0	0
7184	-0.310032	0	0
7183	-0.309659	0	0
7182	-0.309286	0	0
7181	-0.308914	0	0
7180	-0.308542	0	0
7179	-0.30817	0	0
7178	-0.307799	0	0
7177	-0.307428	0	0
7176	-0.307058	0	0
7175	-0.306688	0	0
7174	-0.306318	0	0
7173	-0.305948	0	0
7172	-0.305579	0	0
7171	-0.30521	0	0
7170	-0.304842	0	0
7169	-0.304474	0	0
7168	-0.304106	0	0
7167	-0.303739	0	0
7166	-0.303371	0	0
7165	-0.303005	0	0
7164	-0.302638	0	0
7163	-0.302272	0	0
7162	-0.301907	0	0
7161	-0.301541	0	0
7160	-0.301176	0	0
7159	-0.300812	0	0
7158	-0.300447	0	0
7157	-0.300083	0	0
7156	-0.299719	0	0
7155	-0.299356	0	0
7154	-0.298993	0	0
7153	-0.29863	0	0
7152	-0.298268	0	0
7151	-0.297906	0	0
7150	-0.297544	0	0
7149	-0.297183	0	0
7148	-0.296822	0	0
7147	-0.296461	0	0
7146	-0.296101	0	0
7145	-0.295741	0	0
7144	-0.295381	0	0
7143	-0.295022	0	0
7142	-0.294663	0	0
7141	-0.294304	0	0
7140	-0.293946	0	0
7139	-0.293587	0	0
7138	-0.29323	0	0
7137	-0.292872	0	0
7136	-0.292515	0	0
7135	-0.292158	0	0
7134	-0.291802	0	0
7133	-0.291446	0	0
7132	-0.29109	0	0
7131	-0.290734	0	0
7130	-0.290379	0	0
7129	-0.290024	0	0
7128	-0.289669	0	0
7127	-0.289315	0	0
7126	-0.288961	0	0
7125	-0.288608	0	0
7124	-0.288254	0	0
7123	-0.287901	0	0
7122	-0.287548	0	0
7121	-0.287196	0	0
7120	-0.286844	0	0
7119	-0.286492	0	0
7118	-0.286141	0	0
7117	-0.28579	0	0
7116	-0.285439	0	0
7115	-0.285088	0	0
7114	-0.284738	0	0
7113	-0.284388	0	0
7112	-0.284038	0	0
7111	-0.283689	0	0
7110	-0.28334	0	0
7109	-0.282991	0	0
7108	-0.282643	0	0
7107	-0.282294	0	0
7106	-0.281947	0	0
7105	-0.281599	0	0
7104	-0.281252	0	0
7103	-0.280905	0	0
7102	-0.280558	0	0
7101	-0.280212	0	0
7100	-0.279866	0	0
7099	-0.27952	0	0
7098	-0.279175	0	0
7097	-0.278829	0	0
7096	-0.278485	0	0
7095	-0.27814	0	0
7094	-0.277796	0	0
7093	-0.277452	0	0
7092	-0.277108	0	0
7091	-0.276765	0	0
7090	-0.276421	0	0
7089	-0.276079	0	0
7088	-0.275736	0	0
7087	-0.275394	0	0
7086	-0.275052	0	0
7085	-0.27471	0	0
7084	-0.274369	0	0
7083	-0.274028	0	0
7082	-0.273687	0	0
7081	-0.273346	0	0
7080	-0.273006	0	0
7079	-0.272666	0	0
7078	-0.272326	0	0
7077	-0.271987	0	0
7076	-0.271648	0	0
7075	-0.271309	0	0
7074	-0.27097	0	0
7073	-0.270632	0	0
7072	-0.270294	0	0
7071	-0.269956	0	0
7070	-0.269619	0	0
7069	-0.269282	0	0
7068	-0.268945	0	0
7067	-0.268608	0	0
7066	-0.268272	0	0
7065	-0.267936	0	0
7064	-0.2676	0	0
7063	-0.267264	0	0
7062	-0.266929	0	0
7061	-0.266594	0	0
7060	-0.266259	0	0
7059	-0.265925	0	0
7058	-0.265591	0	0
7057	-0.265257	0	0
7056	-0.264923	0	0
7055	-0.26459	0	0
7054	-0.264257	0	0
7053	-0.263924	0	0
7052	-0.263592	0	0
7051	-0.263259	0	0
7050	-0.262927	0	0
7049	-0.262596	0	0
7048	-0.262264	0	0
7047	-0.261933	0	0
7046	-0.261602	0	0
7045	-0.261271	0	0
7044	-0.260941	0	0
7043	-0.260611	0	0
7042	-0.260281	0	0
7041	-0.259951	0	0
7040	-0.259622	0	0
7039	-0.259293	0	0
7038	-0.258964	0	0
7037	-0.258635	0	0
7036	-0.258307	0	0
7035	-0.257979	0	0
7034	-0.257651	0	0
7033	-0.257324	0	0
7032	-0.256996	0	0
7031	-0.256669	0	0
7030	-0.256343	0	0
7029	-0.256016	0	0
7028	-0.25569	0	0
7027	-0.255364	0	0
7026	-0.255038	0	0
7025	-0.254713	0	0
7024	-0.254388	0	0
7023	-0.254063	0	0
7022	-0.253738	0	0
7021	-0.253413	0	0
7020	-0.253089	0	0
7019	-0.252765	0	0
7018	-0.252442	0	0
7017	-0.252118	0	0
7016	-0.251795	0	0
7015	-0.251472	0	0
7014	-0.251149	0	0
7013	-0.250827	0	0
7012	-0.250505	0	0
7011	-0.250183	0	0
7010	-0.249861	0	0
7009	-0.24954	0	0
7008	-0.249218	0	0
7007	-0.248897	0	0
7006	-0.248577	0	0
7005	-0.248256	0	0
7004	-0.247936	0	0
7003	-0.247616	0	0
7002	-0.247296	0	0
7001	-0.246977	0	0
7000	-0.246658	0	0
6999	-0.246339	0	0
6998	-0.24602	0	0
6997	-0.245702	0	0
6996	-0.245383	0	0
6995	-0.245065	0	0
6994	-0.244748	0	0
6993	-0.24443	0	0
6992	-0.244113	0	0
6991	-0.243796	0	0
6990	-0.243479	0	0
6989	-0.243162	0	0
6988	-0.242846	0	0
6987	-0.24253	0	0
6986	-0.242214	0	0
6985	-0.241898	0	0
6984	-0.241583	0	0
6983	-0.241268	0	0
6982	-0.240953	0	0
6981	-0.240638	0	0
6980	-0.240324	0	0
6979	-0.24001	0	0
6978	-0.239696	0	0
6977	-0.239382	0	0
6976	-0.239069	0	0
6975	-0.238755	0	0
6974	-0.238442	0	0
6973	-0.23813	0	0
6972	-0.237817	0	0
6971	-0.237505	0	0
6970	-0.237193	0	0
6969	-0.236881	0	0
6968	-0.236569	0	0
6967	-0.236258	0	0
6966	-0.235947	0	0
6965	-0.235636	0	0
6964	-0.235325	0	0
6963	-0.235015	0	0
6962	-0.234705	0	0
6961	-0.234395	0	0
6960	-0.234085	0	0
6959	-0.233775	0	0
6958	-0.233466	0	0
6957	-0.233157	0	0
6956	-0.232848	0	0
6955	-0.232539	0	0
6954	-0.232231	0	0
6953	-0.231923	0	0
6952	-0.231615	0	0
6951	-0.231307	0	0
6950	-0.231	0	0
6949	-0.230692	0	0
6948	-0.230385	0	0
6947	-0.230079	0	0
6946	-0.229772	0	0
6945	-0.229466	0	0
6944	-0.22916	0	0
6943	-0.228854	0	0
6942	-0.228548	0	0
6941	-0.228242	0	0
6940	-0.227937	0	0
6939	-0.227632	0	0
6938	-0.227327	0	0
6937	-0.227023	0	0
6936	-0.226718	0	0
6935	-0.226414	0	0
6934	-0.22611	0	0
6933	-0.225807	0	0
6932	-0.225503	0	0
6931	-0.2252	0	0
6930	-0.224897	0	0
6929	-0.224594	0	0
6928	-0.224292	0	0
6927	-0.223989	0	0
6926	-0.223687	0	0
6925	-0.223385	0	0
6924	-0.223083	0	0
6923	-0.222782	0	0
6922	-0.222481	0	0
6921	-0.22218	0	0
6920	-0.221879	0	0
6919	-0.221578	0	0
6918	-0.221278	0	0
6917	-0.220977	0	0
6916	-0.220677	0	0
6915	-0.220378	0	0
6914	-0.220078	0	0
6913	-0.219779	0	0
6912	-0.21948	0	0
6911	-0.219181	0	0
6910	-0.218882	0	0
6909	-0.218583	0	0
6908	-0.218285	0	0
6907	-0.217987	0	0
6906	-0.217689	0	0
6905	-0.217392	0	0
6904	-0.217094	0	0
6903	-0.216797	0	0
6902	-0.2165	0	0
6901	-0.216203	0	0
6900	-0.215907	0	0
6899	-0.21561	0	0
6898	-0.215314	0	0
6897	-0.215018	0	0
6896	-0.214722	0	0
6895	-0.214427	0	0
6894	-0.214132	0	0
6893	-0.213836	0	0
6892	-0.213542	0	0
6891	-0.213247	0	0
6890	-0.212952	0	0
6889	-0.212658	0	0
6888	-0.212364	0	0
6887	-0.21207	0	0
6886	-0.211776	0	0
6885	-0.211483	0	0
6884	-0.21119	0	0
6883	-0.210897	0	0
6882	-0.210604	0	0
6881	-0.210311	0	0
6880	-0.210019	0	0
6879	-0.209727	0	0
6878	-0.209435	0	0
6877	-0.209143	0	0
6876	-0.208851	0	0
6875	-0.20856	0	0
6874	-0.208269	0	0
6873	-0.207978	0	0
6872	-0.207687	0	0
6871	-0.207396	0	0
6870	-0.207106	0	0
6869	-0.206816	0	0
6868	-0.206526	0	0
6867	-0.206236	0	0
6866	-0.205947	0	0
6865	-0.205657	0	0
6864	-0.205368	0	0
6863	-0.205079	0	0
6862	-0.20479	0	0
6861	-0.204502	0	0
6860	-0.204213	0	0
6859	-0.203925	0	0
6858	-0.203637	0	0
6857	-0.20335	0	0
6856	-0.203062	0	0
6855	-0.202775	0	0
6854	-0.202488	0	0
6853	-0.202201	0	0
6852	-0.201914	0	0
6851	-0.201627	0	0
6850	-0.201341	0	0
6849	-0.201055	0	0
6848	-0.200769	0	0
6847	-0.200483	0	0
6846	-0.200198	0	0
6845	-0.199912	0	0
6844	-0.199627	0	0
6843	-0.199342	0	0
6842	-0.199057	0	0
6841	-0.198773	0	0
6840	-0.198489	0	0
6839	-0.198204	0	0
6838	-0.19792	0	0
6837	-0.197637	0	0
6836	-0.197353	0	0
6835	-0.19707	0	0
6834	-0.196787	0	0
6833	-0.196504	0	0
6832	-0.196221	0	0
6831	-0.195938	0	0
6830	-0.195656	0	0
6829	-0.195374	0	0
6828	-0.195092	0	0
6827	-0.19481	0	0
6826	-0.194528	0	0
6825	-0.194247	0	0
6824	-0.193965	0	0
6823	-0.193684	0	0
6822	-0.193404	0	0
6821	-0.193123	0	0
6820	-0.192842	0	0
6819	-0.192562	0	0
6818	-0.192282	0	0
6817	-0.192002	0	0
6816	-0.191723	0	0
6815	-0.191443	0	0
6814	-0.191164	0	0
6813	-0.190885	0	0
6812	-0.190606	0	0
6811	-0.190327	0	0
6810	-0.190049	0	0
6809	-0.18977	0	0
6808	-0.189492	0	0
6807	-0.189214	0	0
6806	-0.188936	0	0
6805	-0.188659	0	0
6804	-0.188381	0	0
6803	-0.188104	0	0
6802	-0.187827	0	0
6801	-0.18755	0	0
6800	-0.187274	0	0
6799	-0.186997	0	0
6798	-0.186721	0	0
6797	-0.186445	0	0
6796	-0.186169	0	0
6795	-0.185893	0	0
6794	-0.185618	0	0
6793	-0.185343	0	0
6792	-0.185068	0	0
6791	-0.184793	0	0
6790	-0.184518	0	0
6789	-0.184243	0	0
6788	-0.183969	0	0
6787	-0.183695	0	0
6786	-0.183421	0	0
6785	-0.183147	0	0
6784	-0.182874	0	0
6783	-0.1826	0	0
6782	-0.182327	0	0
6781	-0.182054	0	0
6780	-0.181781	0	0
6779	-0.181508	0	0
6778	-0.181236	0	0
6777	-0.180964	0	0
6776	-0.180691	0	0
6775	-0.18042	0	0
6774	-0.180148	0	0
6773	-0.179876	0	0
6772	-0.179605	0	0
6771	-0.179334	0	0
6770	-0.179063	0	0
6769	-0.178792	0	0
6768	-0.178521	0	0
6767	-0.178251	0	0
6766	-0.177981	0	0
6765	-0.177711	0	0
6764	-0.177441	0	0
6763	-0.177171	0	0
6762	-0.176902	0	0
6761	-0.176632	0	0
6760	-0.176363	0	0
6759	-0.176094	0	0
6758	-0.175825	0	0
6757	-0.175557	0	0
6756	-0.175288	0	0
6755	-0.17502	0	0
6754	-0.174752	0	0
6753	-0.174484	0	0
6752	-0.174217	0	0
6751	-0.173949	0	0
6750	-0.173682	0	0
6749	-0.173415	0	0
6748	-0.173148	0	0
6747	-0.172881	0	0
6746	-0.172614	0	0
6745	-0.172348	0	0
6744	-0.172082	0	0
6743	-0.171816	0	0
6742	-0.17155	0	0
6741	-0.171284	0	0
6740	-0.171019	0	0
6739	-0.170754	0	0
6738	-0.170489	0	0
6737	-0.170224	0	0
6736	-0.169959	0	0
6735	-0.169694	0	0
6734	-0.16943	0	0
6733	-0.169166	0	0
6732	-0.168902	0	0
6731	-0.168638	0	0
6730	-0.168374	0	0
6729	-0.168111	0	0
6728	-0.167847	0	0
6727	-0.167584	0	0
6726	-0.167321	0	0
6725	-0.167059	0	0
6724	-0.166796	0	0
6723	-0.166534	0	0
6722	-0.166272	0	0
6721	-0.166009	0	0
6720	-0.165748	0	0
6719	-0.165486	0	0
6718	-0.165224	0	0
6717	-0.164963	0	0
6716	-0.164702	0	0
6715	-0.164441	0	0
6714	-0.16418	0	0
6713	-0.16392	0	0
6712	-0.163659	0	0
6711	-0.163399	0	0
6710	-0.163139	0	0
6709	-0.162879	0	0
6708	-0.16262	0	0
6707	-0.16236	0	0
6706	-0.162101	0	0
6705	-0.161842	0	0
6704	-0.161583	0	0
6703	-0.161324	0	0
6702	-0.161065	0	0
6701	-0.160807	0	0
6700	-0.160548	0	0
6699	-0.16029	0	0
6698	-0.160032	0	0
6697	-0.159775	0	0
6696	-0.159517	0	0
6695	-0.15926	0	0
6694	-0.159003	0	0
6693	-0.158746	0	0
6692	-0.158489	0	0
6691	-0.158232	0	0
6690	-0.157976	0	0
6689	-0.157719	0	0
6688	-0.157463	0	0
6687	-0.157207	0	0
6686	-0.156951	0	0
6685	-0.156696	0	0
6684	-0.15644	0	0
6683	-0.156185	0	0
6682	-0.15593	0	0
6681	-0.155675	0	0
6680	-0.155421	0	0
6679	-0.155166	0	0
6678	-0.154912	0	0
6677	-0.154658	0	0
6676	-0.154404	0	0
6675	-0.15415	0	0
6674	-0.153896	0	0
6673	-0.153643	0	0
6672	-0.153389	0	0
6671	-0.153136	0	0
6670	-0.152883	0	0
6669	-0.15263	0	0
6668	-0.152378	0	0
6667	-0.152125	0	0
6666	-0.151873	0	0
6665	-0.151621	0	0
6664	-0.151369	0	0
6663	-0.151118	0	0
6662	-0.150866	0	0
6661	-0.150615	0	0
6660	-0.150364	0	0
6659	-0.150113	0	0
6658	-0.149862	0	0
6657	-0.149611	0	0
6656	-0.149361	0	0
6655	-0.14911	0	0
6654	-0.14886	0	0
6653	-0.14861	0	0
6652	-0.14836	0	0
6651	-0.148111	0	0
6650	-0.147861	0	0
6649	-0.147612	0	0
6648	-0.147363	0	0
6647	-0.147114	0	0
6646	-0.146865	0	0
6645	-0.146617	0	0
6644	-0.146369	0	0
6643	-0.14612	0	0
6642	-0.145872	0	0
6641	-0.145625	0	0
6640	-0.145377	0	0
6639	-0.145129	0	0
6638	-0.144882	0	0
6637	-0.144635	0	0
6636	-0.144388	0	0
6635	-0.144141	0	0
6634	-0.143894	0	0
6633	-0.143648	0	0
6632	-0.143402	0	0
6631	-0.143156	0	0
6630	-0.14291	0	0
6629	-0.142664	0	0
6628	-0.142418	0	0
6627	-0.142173	0	0
6626	-0.141928	0	0
6625	-0.141683	0	0
6624	-0.141438	0	0
6623	-0.141193	0	0
6622	-0.140949	0	0
6621	-0.140704	0	0
6620	-0.14046	0	0
6619	-0.140216	0	0
6618	-0.139972	0	0
6617	-0.139729	0	0
6616	-0.139485	0	0
6615	-0.139242	0	0
6614	-0.138999	0	0
6613	-0.138756	0	0
6612	-0.138513	0	0
6611	-0.13827	0	0
6610	-0.138028	0	0
6609	-0.137786	0	0
6608	-0.137544	0	0
6607	-0.137302	0	0
6606	-0.13706	0	0
6605	-0.136818	0	0
6604	-0.136577	0	0
6603	-0.136336	0	0
6602	-0.136095	0	0
6601	-0.135854	0	0
6600	-0.135613	0	0
6599	-0.135373	0	0
6598	-0.135132	0	0
6597	-0.134892	0	0
6596	-0.134652	0	0
6595	-0.134412	0	0
6594	-0.134172	0	0
6593	-0.133933	0	0
6592	-0.133694	0	0
6591	-0.133455	0	0
6590	-0.133216	0	0
6589	-0.132977	0	0
6588	-0.132738	0	0
6587	-0.1325	0	0
6586	-0.132261	0	0
6585	-0.132023	0	0
6584	-0.131785	0	0
6583	-0.131548	0	0
6582	-0.13131	0	0
6581	-0.131073	0	0
6580	-0.130835	0	0
6579	-0.130598	0	0
6578	-0.130362	0	0
6577	-0.130125	0	0
6576	-0.129888	0	0
6575	-0.129652	0	0
6574	-0.129416	0	0
6573	-0.12918	0	0
6572	-0.128944	0	0
6571	-0.128708	0	0
6570	-0.128473	0	0
6569	-0.128237	0	0
6568	-0.128002	0	0
6567	-0.127767	0	0
6566	-0.127532	0	0
6565	-0.127298	0	0
6564	-0.127063	0	0
6563	-0.126829	0	0
6562	-0.126595	0	0
6561	-0.126361	0	0
6560	-0.126127	0	0
6559	-0.125894	0	0
6558	-0.12566	0	0
6557	-0.125427	0	0
6556	-0.125194	0	0
6555	-0.124961	0	0
6554	-0.124728	0	0
6553	-0.124496	0	0
6552	-0.124263	0	0
6551	-0.124031	0	0
6550	-0.123799	0	0
6549	-0.123567	0	0
6548	-0.123336	0	0
6547	-0.123104	0	0
6546	-0.122873	0	0
6545	-0.122642	0	0
6544	-0.122411	0	0
6543	-0.12218	0	0
6542	-0.121949	0	0
6541	-0.121719	0	0
6540	-0.121488	0	0
6539	-0.121258	0	0
6538	-0.121028	0	0
6537	-0.120799	0	0
6536	-0.120569	0	0
6535	-0.120339	0	0
6534	-0.12011	0	0
6533	-0.119881	0	0
6532	-0.119652	0	0
6531	-0.119423	0	0
6530	-0.119195	0	0
6529	-0.118967	0	0
6528	-0.118738	0	0
6527	-0.11851	0	0
6526	-0.118282	0	0
6525	-0.118055	0	0
6524	-0.117827	0	0
6523	-0.1176	0	0
6522	-0.117373	0	0
6521	-0.117146	0	0
6520	-0.116919	0	0
6519	-0.116692	0	0
6518	-0.116466	0	0
6517	-0.116239	0	0
6516	-0.116013	0	0
6515	-0.115787	0	0
6514	-0.115562	0	0
6513	-0.115336	0	0
6512	-0.11511	0	0
6511	-0.114885	0	0
6510	-0.11466	0	0
6509	-0.114435	0	0
6508	-0.11421	0	0
6507	-0.113986	0	0
6506	-0.113761	0	0
6505	-0.113537	0	0
6504	-0.113313	0	0
6503	-0.113089	0	0
6502	-0.112866	0	0
6501	-0.112642	0	0
6500	-0.112419	0	0
6499	-0.112196	0	0
6498	-0.111973	0	0
6497	-0.11175	0	0
6496	-0.111527	0	0
6495	-0.111305	0	0
6494	-0.111082	0	0
6493	-0.11086	0	0
6492	-0.110638	0	0
6491	-0.110416	0	0
6490	-0.110195	0	0
6489	-0.109973	0	0
6488	-0.109752	0	0
6487	-0.109531	0	0
6486	-0.10931	0	0
6485	-0.109089	0	0
6484	-0.108869	0	0
6483	-0.108648	0	0
6482	-0.108428	0	0
6481	-0.108208	0	0
6480	-0.107988	0	0
6479	-0.107769	0	0
6478	-0.107549	0	0
6477	-0.10733	0	0
6476	-0.107111	0	0
6475	-0.106892	0	0
6474	-0.106673	0	0
6473	-0.106454	0	0
6472	-0.106236	0	0
6471	-0.106017	0	0
6470	-0.105799	0	0
6469	-0.105581	0	0
6468	-0.105364	0	0
6467	-0.105146	0	0
6466	-0.104929	0	0
6465	-0.104711	0	0
6464	-0.104494	0	0
6463	-0.104277	0	0
6462	-0.104061	0	0
6461	-0.103844	0	0
6460	-0.103628	0	0
6459	-0.103411	0	0
6458	-0.103195	0	0
6457	-0.10298	0	0
6456	-0.102764	0	0
6455	-0.102548	0	0
6454	-0.102333	0	0
6453	-0.102118	0	0
6452	-0.101903	0	0
6451	-0.101688	0	0
6450	-0.101474	0	0
6449	-0.101259	0	0
6448	-0.101045	0	0
6447	-0.100831	0	0
6446	-0.100617	0	0
6445	-0.100403	0	0
6444	-0.10019	0	0
6443	-0.0999763	0	0
6442	-0.0997631	0	0
6441	-0.09955	0	0
6440	-0.0993372	0	0
6439	-0.0991245	0	0
6438	-0.098912	0	0
6437	-0.0986997	0	0
6436	-0.0984875	0	0
6435	-0.0982755	0	0
6434	-0.0980638	0	0
6433	-0.0978521	0	0
6432	-0.0976407	0	0
6431	-0.0974294	0	0
6430	-0.0972183	0	0
6429	-0.0970074	0	0
6428	-0.0967967	0	0
6427	-0.0965861	0	0
6426	-0.0963757	0	0
6425	-0.0961655	0	0
6424	-0.0959555	0	0
6423	-0.0957456	0	0
6422	-0.095536	0	0
6421	-0.0953265	0	0
6420	-0.0951171	0	0
6419	-0.094908	0	0
6418	-0.094699	0	0
6417	-0.0944902	0	0
6416	-0.0942816	0	0
6415	-0.0940732	0	0
6414	-0.0938649	0	0
6413	-0.0936568	0	0
6412	-0.0934489	0	0
6411	-0.0932412	0	0
6410	-0.0930337	0	0
6409	-0.0928263	0	0
6408	-0.0926191	0	0
6407	-0.0924121	0	0
6406	-0.0922052	0	0
6405	-0.0919986	0	0
6404	-0.0917921	0	0
6403	-0.0915858	0	0
6402	-0.0913797	0	0
6401	-0.0911737	0	0
6400	-0.0909679	0	0
6399	-0.0907623	0	0
6398	-0.0905569	0	0
6397	-0.0903517	0	0
6396	-0.0901466	0	0
6395	-0.0899418	0	0
6394	-0.0897371	0	0
6393	-0.0895325	0	0
6392	-0.0893282	0	0
6391	-0.089124	0	0
6390	-0.08892	0	0
6389	-0.0887162	0	0
6388	-0.0885126	0	0
6387	-0.0883092	0	0
6386	-0.0881059	0	0
6385	-0.0879028	0	0
6384	-0.0876999	0	0
6383	-0.0874971	0	0
6382	-0.0872946	0	0
6381	-0.0870922	0	0
6380	-0.08689	0	0
6379	-0.086688	0	0
6378	-0.0864862	0	0
6377	-0.0862845	0	0
6376	-0.086083	0	0
6375	-0.0858817	0	0
6374	-0.0856806	0	0
6373	-0.0854797	0	0
6372	-0.0852789	0	0
6371	-0.0850783	0	0
6370	-0.0848779	0	0
6369	-0.0846777	0	0
6368	-0.0844777	0	0
6367	-0.0842778	0	0
6366	-0.0840781	0	0
6365	-0.0838786	0	0
6364	-0.0836793	0	0
6363	-0.0834802	0	0
6362	-0.0832812	0	0
6361	-0.0830824	0	0
6360	-0.0828838	0	0
6359	-0.0826854	0	0
6358	-0.0824872	0	0
6357	-0.0822891	0	0
6356	-0.0820913	0	0
6355	-0.0818936	0	0
6354	-0.0816961	0	0
6353	-0.0814987	0	0
6352	-0.0813016	0	0
6351	-0.0811046	0	0
6350	-0.0809078	0	0
6349	-0.0807112	0	0
6348	-0.0805148	0	0
6347	-0.0803185	0	0
6346	-0.0801225	0	0
6345	-0.0799266	0	0
6344	-0.0797309	0	0
6343	-0.0795354	0	0
6342	-0.0793401	0	0
6341	-0.0791449	0	0
6340	-0.0789499	0	0
6339	-0.0787551	0	0
6338	-0.0785605	0	0
6337	-0.0783661	0	0
6336	-0.0781719	0	0
6335	-0.0779778	0	0
6334	-0.0777839	0	0
6333	-0.0775902	0	0
6332	-0.0773967	0	0
6331	-0.0772034	0	0
6330	-0.0770102	0	0
6329	-0.0768173	0	0
6328	-0.0766245	0	0
6327	-0.0764319	0	0
6326	-0.0762395	0	0
6325	-0.0760473	0	0
6324	-0.0758552	0	0
6323	-0.0756633	0	0
6322	-0.0754717	0	0
6321	-0.0752802	0	0
6320	-0.0750888	0	0
6319	-0.0748977	0	0
6318	-0.0747068	0	0
6317	-0.074516	0	0
6316	-0.0743254	0	0
6315	-0.074135	0	0
6314	-0.0739448	0	0
6313	-0.0737548	0	0
6312	-0.0735649	0	0
6311	-0.0733753	0	0
6310	-0.0731858	0	0
6309	-0.0729965	0	0
6308	-0.0728074	0	0
6307	-0.0726185	0	0
6306	-0.0724297	0	0
6305	-0.0722412	0	0
6304	-0.0720528	0	0
6303	-0.0718646	0	0
6302	-0.0716766	0	0
6301	-0.0714888	0	0
6300	-0.0713011	0	0
6299	-0.0711137	0	0
6298	-0.0709264	0	0
6297	-0.0707394	0	0
6296	-0.0705525	0	0
6295	-0.0703658	0	0
6294	-0.0701792	0	0
6293	-0.0699929	0	0
6292	-0.0698068	0	0
6291	-0.0696208	0	0
6290	-0.069435	0	0
6289	-0.0692494	0	0
6288	-0.069064	0	0
6287	-0.0688788	0	0
6286	-0.0686938	0	0
6285	-0.0685089	0	0
6284	-0.0683243	0	0
6283	-0.0681398	0	0
6282	-0.0679555	0	0
6281	-0.0677714	0	0
6280	-0.0675875	0	0
6279	-0.0674037	0	0
6278	-0.0672202	0	0
6277	-0.0670369	0	0
6276	-0.0668537	0	0
6275	-0.0666707	0	0
6274	-0.0664879	0	0
6273	-0.0663053	0	0
6272	-0.0661229	0	0
6271	-0.0659406	0	0
6270	-0.0657586	0	0
6269	-0.0655767	0	0
6268	-0.0653951	0	0
6267	-0.0652136	0	0
6266	-0.0650323	0	0
6265	-0.0648512	0	0
6264	-0.0646703	0	0
6263	-0.0644895	0	0
6262	-0.064309	0	0
6261	-0.0641286	0	0
6260	-0.0639485	0	0
6259	-0.0637685	0	0
6258	-0.0635887	0	0
6257	-0.0634091	0	0
6256	-0.0632297	0	0
6255	-0.0630505	0	0
6254	-0.0628714	0	0
6253	-0.0626926	0	0
6252	-0.0625139	0	0
6251	-0.0623354	0	0
6250	-0.0621572	0	0
6249	-0.0619791	0	0
6248	-0.0618012	0	0
6247	-0.0616235	0	0
6246	-0.0614459	0	0
6245	-0.0612686	0	0
6244	-0.0610915	0	0
6243	-0.0609145	0	0
6242	-0.0607377	0	0
6241	-0.0605612	0	0
6240	-0.0603848	0	0
6239	-0.0602086	0	0
6238	-0.0600326	0	0
6237	-0.0598568	0	0
6236	-0.0596811	0	0
6235	-0.0595057	0	0
6234	-0.0593305	0	0
6233	-0.0591554	0	0
6232	-0.0589806	0	0
6231	-0.0588059	0	0
6230	-0.0586314	0	0
6229	-0.0584571	0	0
6228	-0.058283	0	0
6227	-0.0581091	0	0
6226	-0.0579354	0	0
6225	-0.0577619	0	0
6224	-0.0575885	0	0
6223	-0.0574154	0	0
6222	-0.0572424	0	0
6221	-0.0570697	0	0
6220	-0.0568971	0	0
6219	-0.0567247	0	0
6218	-0.0565525	0	0
6217	-0.0563806	0	0
6216	-0.0562088	0	0
6215	-0.0560371	0	0
6214	-0.0558657	0	0
6213	-0.0556945	0	0
6212	-0.0555235	0	0
6211	-0.0553526	0	0
6210	-0.055182	0	0
6209	-0.0550115	0	0
6208	-0.0548413	0	0
6207	-0.0546712	0	0
6206	-0.0545013	0	0
6205	-0.0543317	0	0
6204	-0.0541622	0	0
6203	-0.0539929	0	0
6202	-0.0538238	0	0
6201	-0.0536549	0	0
6200	-0.0534861	0	0
6199	-0.0533176	0	0
6198	-0.0531493	0	0
6197	-0.0529812	0	0
6196	-0.0528132	0	0
6195	-0.0526455	0	0
6194	-0.0524779	0	0
6193	-0.0523106	0	0
6192	-0.0521434	0	0
6191	-0.0519764	0	0
6190	-0.0518096	0	0
6189	-0.0516431	0	0
6188	-0.0514767	0	0
6187	-0.0513105	0	0
6186	-0.0511445	0	0
6185	-0.0509787	0	0
6184	-0.0508131	0	0
6183	-0.0506477	0	0
6182	-0.0504825	0	0
6181	-0.0503174	0	0
6180	-0.0501526	0	0
6179	-0.049988	0	0
6178	-0.0498235	0	0
6177	-0.0496593	0	0
6176	-0.0494952	0	0
6175	-0.0493314	0	0
6174	-0.0491677	0	0
6173	-0.0490043	0	0
6172	-0.048841	0	0
6171	-0.048678	0	0
6170	-0.0485151	0	0
6169	-0.0483524	0	0
6168	-0.0481899	0	0
6167	-0.0480277	0	0
6166	-0.0478656	0	0
6165	-0.0477037	0	0
6164	-0.047542	0	0
6163	-0.0473805	0	0
6162	-0.0472192	0	0
6161	-0.0470581	0	0
6160	-0.0468972	0	0
6159	-0.0467365	0	0
6158	-0.046576	0	0
6157	-0.0464157	0	0
6156	-0.0462556	0	0
6155	-0.0460956	0	0
6154	-0.0459359	0	0
6153	-0.0457764	0	0
6152	-0.0456171	0	0
6151	-0.045458	0	0
6150	-0.045299	0	0
6149	-0.0451403	0	0
6148	-0.0449818	0	0
6147	-0.0448234	0	0
6146	-0.0446653	0	0
6145	-0.0445074	0	0
6144	-0.0443496	0	0
6143	-0.0441921	0	0
6142	-0.0440347	0	0
6141	-0.0438776	0	0
6140	-0.0437207	0	0
6139	-0.0435639	0	0
6138	-0.0434074	0	0
6137	-0.043251	0	0
6136	-0.0430949	0	0
6135	-0.0429389	0	0
6134	-0.0427832	0	0
6133	-0.0426276	0	0
6132	-0.0424723	0	0
6131	-0.0423171	0	0
6130	-0.0421622	0	0
6129	-0.0420074	0	0
6128	-0.0418529	0	0
6127	-0.0416985	0	0
6126	-0.0415444	0	0
6125	-0.0413904	0	0
6124	-0.0412367	0	0
6123	-0.0410832	0	0
6122	-0.0409298	0	0
6121	-0.0407767	0	0
6120	-0.0406237	0	0
6119	-0.040471	0	0
6118	-0.0403184	0	0
6117	-0.0401661	0	0
6116	-0.0400139	0	0
6115	-0.039862	0	0
6114	-0.0397103	0	0
6113	-0.0395587	0	0
6112	-0.0394074	0	0
6111	-0.0392562	0	0
6110	-0.0391053	0	0
6109	-0.0389546	0	0
6108	-0.0388041	0	0
6107	-0.0386537	0	0
6106	-0.0385036	0	0
6105	-0.0383537	0	0
6104	-0.0382039	0	0
6103	-0.0380544	0	0
6102	-0.0379051	0	0
6101	-0.037756	0	0
6100	-0.0376071	0	0
6099	-0.0374584	0	0
6098	-0.0373099	0	0
6097	-0.0371616	0	0
6096	-0.0370135	0	0
6095	-0.0368656	0	0
6094	-0.0367179	0	0
6093	-0.0365704	0	0
6092	-0.0364231	0	0
6091	-0.036276	0	0
6090	-0.0361291	0	0
6089	-0.0359824	0	0
6088	-0.035836	0	0
6087	-0.0356897	0	0
6086	-0.0355436	0	0
6085	-0.0353978	0	0
6084	-0.0352521	0	0
6083	-0.0351066	0	0
6082	-0.0349614	0	0
6081	-0.0348163	0	0
6080	-0.0346715	0	0
6079	-0.0345269	0	0
6078	-0.0343824	0	0
6077	-0.0342382	0	0
6076	-0.0340942	0	0
6075	-0.0339503	0	0
6074	-0.0338067	0	0
6073	-0.0336633	0	0
6072	-0.0335201	0	0
6071	-0.0333771	0	0
6070	-0.0332343	0	0
6069	-0.0330917	0	0
6068	-0.0329493	0	0
6067	-0.0328072	0	0
6066	-0.0326652	0	0
6065	-0.0325234	0	0
6064	-0.0323818	0	0
6063	-0.0322405	0	0
6062	-0.0320993	0	0
6061	-0.0319584	0	0
6060	-0.0318177	0	0
6059	-0.0316771	0	0
6058	-0.0315368	0	0
6057	-0.0313967	0	0
6056	-0.0312568	0	0
6055	-0.0311171	0	0
6054	-0.0309776	0	0
6053	-0.0308383	0	0
6052	-0.0306992	0	0
6051	-0.0305603	0	0
6050	-0.0304216	0	0
6049	-0.0302832	0	0
6048	-0.0301449	0	0
6047	-0.0300068	0	0
6046	-0.029869	0	0
6045	-0.0297314	0	0
6044	-0.0295939	0	0
6043	-0.0294567	0	0
6042	-0.0293197	0	0
6041	-0.0291829	0	0
6040	-0.0290463	0	0
6039	-0.0289099	0	0
6038	-0.0287737	0	0
6037	-0.0286377	0	0
6036	-0.028502	0	0
6035	-0.0283664	0	0
6034	-0.0282311	0	0
6033	-0.0280959	0	0
6032	-0.027961	0	0
6031	-0.0278263	0	0
6030	-0.0276918	0	0
6029	-0.0275575	0	0
6028	-0.0274234	0	0
6027	-0.0272895	0	0
6026	-0.0271558	0	0
6025	-0.0270223	0	0
6024	-0.0268891	0	0
6023	-0.026756	0	0
6022	-0.0266232	0	0
6021	-0.0264905	0	0
6020	-0.0263581	0	0
6019	-0.0262259	0	0
6018	-0.0260939	0	0
6017	-0.0259621	0	0
6016	-0.0258305	0	0
6015	-0.0256991	0	0
6014	-0.025568	0	0
6013	-0.025437	0	0
6012	-0.0253063	0	0
6011	-0.0251757	0	0
6010	-0.0250454	0	0
6009	-0.0249153	0	0
6008	-0.0247854	0	0
6007	-0.0246557	0	0
6006	-0.0245262	0	0
6005	-0.024397	0	0
6004	-0.0242679	0	0
6003	-0.0241391	0	0
6002	-0.0240104	0	0
6001	-0.023882	0	0
6000	-0.0237538	0	0
5999	-0.0236258	0	0
5998	-0.023498	0	0
5997	-0.0233704	0	0
5996	-0.0232431	0	0
5995	-0.0231159	0	0
5994	-0.022989	0	0
5993	-0.0228622	0	0
5992	-0.0227357	0	0
5991	-0.0226094	0	0
5990	-0.0224833	0	0
5989	-0.0223574	0	0
5988	-0.0222318	0	0
5987	-0.0221063	0	0
5986	-0.021981	0	0
5985	-0.021856	0	0
5984	-0.0217312	0	0
5983	-0.0216066	0	0
5982	-0.0214822	0	0
5981	-0.021358	0	0
5980	-0.021234	0	0
5979	-0.0211103	0	0
5978	-0.0209867	0	0
5977	-0.0208634	0	0
5976	-0.0207403	0	0
5975	-0.0206174	0	0
5974	-0.0204947	0	0
5973	-0.0203722	0	0
5972	-0.02025	0	0
5971	-0.0201279	0	0
5970	-0.0200061	0	0
5969	-0.0198845	0	0
5968	-0.0197631	0	0
5967	-0.0196419	0	0
5966	-0.0195209	0	0
5965	-0.0194001	0	0
5964	-0.0192796	0	0
5963	-0.0191593	0	0
5962	-0.0190391	0	0
5961	-0.0189192	0	0
5960	-0.0187995	0	0
5959	-0.0186801	0	0
5958	-0.0185608	0	0
5957	-0.0184418	0	0
5956	-0.0183229	0	0
5955	-0.0182043	0	0
5954	-0.0180859	0	0
5953	-0.0179677	0	0
5952	-0.0178497	0	0
5951	-0.017732	0	0
5950	-0.0176145	0	0
5949	-0.0174971	0	0
5948	-0.01738	0	0
5947	-0.0172631	0	0
5946	-0.0171465	0	0
5945	-0.01703	0	0
5944	-0.0169137	0	0
5943	-0.0167977	0	0
5942	-0.0166819	0	0
5941	-0.0165663	0	0
5940	-0.0164509	0	0
5939	-0.0163358	0	0
5938	-0.0162208	0	0
5937	-0.0161061	0	0
5936	-0.0159916	0	0
5935	-0.0158773	0	0
5934	-0.0157632	0	0
5933	-0.0156493	0	0
5932	-0.0155357	0	0
5931	-0.0154223	0	0
5930	-0.015309	0	0
5929	-0.015196	0	0
5928	-0.0150833	0	0
5927	-0.0149707	0	0
5926	-0.0148584	0	0
5925	-0.0147462	0	0
5924	-0.0146343	0	0
5923	-0.0145226	0	0
5922	-0.0144112	0	0
5921	-0.0142999	0	0
5920	-0.0141889	0	0
5919	-0.0140781	0	0
5918	-0.0139674	0	0
5917	-0.0138571	0	0
5916	-0.0137469	0	0
5915	-0.013637	0	0
5914	-0.0135272	0	0
5913	-0.0134177	0	0
5912	-0.0133084	0	0
5911	-0.0131993	0	0
5910	-0.0130905	0	0
5909	-0.0129819	0	0
5908	-0.0128734	0	0
5907	-0.0127652	0	0
5906	-0.0126573	0	0
5905	-0.0125495	0	0
5904	-0.0124419	0	0
5903	-0.0123346	0	0
5902	-0.0122275	0	0
5901	-0.0121206	0	0
5900	-0.012014	0	0
5899	-0.0119075	0	0
5898	-0.0118013	0	0
5897	-0.0116953	0	0
5896	-0.0115895	0	0
5895	-0.0114839	0	0
5894	-0.0113786	0	0
5893	-0.0112735	0	0
5892	-0.0111685	0	0
5891	-0.0110639	0	0
5890	-0.0109594	0	0
5889	-0.0108551	0	0
5888	-0.0107511	0	0
5887	-0.0106473	0	0
5886	-0.0105437	0	0
5885	-0.0104403	0	0
5884	-0.0103372	0	0
5883	-0.0102343	0	0
5882	-0.0101316	0	0
5881	-0.0100291	0	0
5880	-0.00992681	0	0
5879	-0.00982476	0	0
5878	-0.00972294	0	0
5877	-0.00962134	0	0
5876	-0.00951995	0	0
5875	-0.00941879	0	0
5874	-0.00931785	0	0
5873	-0.00921713	0	0
5872	-0.00911663	0	0
5871	-0.00901636	0	0
5870	-0.0089163	0	0
5869	-0.00881647	0	0
5868	-0.00871685	0	0
5867	-0.00861746	0	0
5866	-0.00851829	0	0
5865	-0.00841934	0	0
5864	-0.00832062	0	0
5863	-0.00822211	0	0
5862	-0.00812383	0	0
5861	-0.00802577	0	0
5860	-0.00792793	0	0
5859	-0.00783031	0	0
5858	-0.00773291	0	0
5857	-0.00763574	0	0
5856	-0.00753879	0	0
5855	-0.00744206	0	0
5854	-0.00734555	0	0
5853	-0.00724926	0	0
5852	-0.0071532	0	0
5851	-0.00705736	0	0
5850	-0.00696174	0	0
5849	-0.00686635	0	0
5848	-0.00677118	0	0
5847	-0.00667623	0	0
5846	-0.0065815	0	0
5845	-0.00648699	0	0
5844	-0.00639271	0	0
5843	-0.00629865	0	0
5842	-0.00620482	0	0
5841	-0.0061112	0	0
5840	-0.00601781	0	0
5839	-0.00592465	0	0
5838	-0.0058317	0	0
5837	-0.00573898	0	0
5836	-0.00564648	0	0
5835	-0.00555421	0	0
5834	-0.00546216	0	0
5833	-0.00537033	0	0
5832	-0.00527872	0	0
5831	-0.00518734	0	0
5830	-0.00509619	0	0
5829	-0.00500525	0	0
5828	-0.00491454	0	0
5827	-0.00482406	0	0
5826	-0.00473379	0	0
5825	-0.00464375	0	0
5824	-0.00455394	0	0
5823	-0.00446435	0	0
5822	-0.00437498	0	0
5821	-0.00428584	0	0
5820	-0.00419692	0	0
5819	-0.00410822	0	0
5818	-0.00401975	0	0
5817	-0.0039315	0	0
5816	-0.00384348	0	0
5815	-0.00375568	0	0
5814	-0.0036681	0	0
5813	-0.00358075	0	0
5812	-0.00349363	0	0
5811	-0.00340672	0	0
5810	-0.00332005	0	0
5809	-0.00323359	0	0
5808	-0.00314737	0	0
5807	-0.00306136	0	0
5806	-0.00297558	0	0
5805	-0.00289003	0	0
5804	-0.0028047	0	0
5803	-0.00271959	0	0
5802	-0.00263471	0	0
5801	-0.00255005	0	0
5800	-0.00246562	0	0
5799	-0.00238142	0	0
5798	-0.00229744	0	0
5797	-0.00221368	0	0
5796	-0.00213015	0	0
5795	-0.00204684	0	0
5794	-0.00196376	0	0
5793	-0.00188091	0	0
5792	-0.00179828	0	0
5791	-0.00171587	0	0
5790	-0.00163369	0	0
5789	-0.00155174	0	0
5788	-0.00147001	0	0
5787	-0.0013885	0	0
5786	-0.00130722	0	0
5785	-0.00122617	0	0
5784	-0.00114534	0	0
5783	-0.00106474	0	0
5782	-0.000984361	0	0
5781	-0.000904209	0	0
5780	-0.000824283	0	0
5779	-0.000744583	0	0
5778	-0.000665109	0	0
5777	-0.00058586	0	0
5776	-0.000506837	0	0
5775	-0.00042804	0	0
5774	-0.000349468	0	0
5773	-0.000271122	0	0
5772	-0.000193003	0	0
5771	-0.000115109	0	0
5770	-3.74411e-05	0	0
5769	4.00008e-05	0	0
5768	0.000117217	0	0
5767	0.000194206	0	0
5766	0.00027097	0	0
5765	0.000347508	0	0
5764	0.000423819	0	0
5763	0.000499905	0	0
5762	0.000575764	0	0
5761	0.000651396	0	0
5760	0.000726803	0	0
5759	0.000801983	0	0
5758	0.000876937	0	0
5757	0.000951665	0	0
5756	0.00102617	0	0
5755	0.00110044	0	0
5754	0.00117449	0	0
5753	0.00124831	0	0
5752	0.00132191	0	0
5751	0.00139528	0	0
5750	0.00146842	0	0
5749	0.00154133	0	0
5748	0.00161402	0	0
5747	0.00168649	0	0
5746	0.00175872	0	0
5745	0.00183073	0	0
5744	0.00190251	0	0
5743	0.00197407	0	0
5742	0.0020454	0	0
5741	0.0021165	0	0
5740	0.00218738	0	0
5739	0.00225802	0	0
5738	0.00232845	0	0
5737	0.00239864	0	0
5736	0.00246861	0	0
5735	0.00253835	0	0
5734	0.00260786	0	0
5733	0.00267715	0	0
5732	0.00274621	0	0
5731	0.00281504	0	0
5730	0.00288365	0	0
5729	0.00295203	0	0
5728	0.00302018	0	0
5727	0.0030881	0	0
5726	0.0031558	0	0
5725	0.00322327	0	0
5724	0.00329052	0	0
5723	0.00335753	0	0
5722	0.00342432	0	0
5721	0.00349088	0	0
5720	0.00355722	0	0
5719	0.00362332	0	0
5718	0.0036892	0	0
5717	0.00375486	0	0
5716	0.00382028	0	0
5715	0.00388548	0	0
5714	0.00395045	0	0
5713	0.0040152	0	0
5712	0.00407971	0	0
5711	0.004144	0	0
5710	0.00420806	0	0
5709	0.0042719	0	0
5708	0.0043355	0	0
5707	0.00439888	0	0
5706	0.00446203	0	0
5705	0.00452496	0	0
5704	0.00458765	0	0
5703	0.00465012	0	0
5702	0.00471237	0	0
5701	0.00477438	0	0
5700	0.00483617	0	0
5699	0.00489773	0	0
5698	0.00495906	0	0
5697	0.00502016	0	0
5696	0.00508104	0	0
5695	0.00514169	0	0
5694	0.00520211	0	0
5693	0.00526231	0	0
5692	0.00532227	0	0
5691	0.00538201	0	0
5690	0.00544153	0	0
5689	0.00550081	0	0
5688	0.00555987	0	0
5687	0.0056187	0	0
5686	0.0056773	0	0
5685	0.00573567	0	0
5684	0.00579382	0	0
5683	0.00585174	0	0
5682	0.00590943	0	0
5681	0.0059669	0	0
5680	0.00602413	0	0
5679	0.00608114	0	0
5678	0.00613792	0	0
5677	0.00619448	0	0
5676	0.00625081	0	0
5675	0.00630691	0	0
5674	0.00636278	0	0
5673	0.00641842	0	0
5672	0.00647384	0	0
5671	0.00652903	0	0
5670	0.00658399	0	0
5669	0.00663873	0	0
5668	0.00669323	0	0
5667	0.00674751	0	0
5666	0.00680157	0	0
5665	0.00685539	0	0
5664	0.00690899	0	0
5663	0.00696236	0	0
5662	0.00701551	0	0
5661	0.00706842	0	0
5660	0.00712111	0	0
5659	0.00717357	0	0
5658	0.00722581	0	0
5657	0.00727781	0	0
5656	0.00732959	0	0
5655	0.00738115	0	0
5654	0.00743247	0	0
5653	0.00748357	0	0
5652	0.00753444	0	0
5651	0.00758509	0	0
5650	0.00763551	0	0
5649	0.0076857	0	0
5648	0.00773566	0	0
5647	0.0077854	0	0
5646	0.00783491	0	0
5645	0.00788419	0	0
5644	0.00793325	0	0
5643	0.00798208	0	0
5642	0.00803068	0	0
5641	0.00807905	0	0
5640	0.0081272	0	0
5639	0.00817512	0	0
5638	0.00822282	0	0
5637	0.00827029	0	0
5636	0.00831753	0	0
5635	0.00836455	0	0
5634	0.00841134	0	0
5633	0.0084579	0	0
5632	0.00850424	0	0
5631	0.00855035	0	0
5630	0.00859623	0	0
5629	0.00864189	0	0
5628	0.00868732	0	0
5627	0.00873252	0	0
5626	0.0087775	0	0
5625	0.00882226	0	0
5624	0.00886678	0	0
5623	0.00891108	0	0
5622	0.00895516	0	0
5621	0.00899901	0	0
5620	0.00904263	0	0
5619	0.00908603	0	0
5618	0.0091292	0	0
5617	0.00917214	0	0
5616	0.00921486	0	0
5615	0.00925736	0	0
5614	0.00929963	0	0
5613	0.00934167	0	0
5612	0.00938349	0	0
5611	0.00942508	0	0
5610	0.00946645	0	0
5609	0.00950759	0	0
5608	0.00954851	0	0
5607	0.0095892	0	0
5606	0.00962967	0	0
5605	0.00966991	0	0
5604	0.00970993	0	0
5603	0.00974972	0	0
5602	0.00978928	0	0
5601	0.00982863	0	0
5600	0.00986774	0	0
5599	0.00990664	0	0
5598	0.00994531	0	0
5597	0.00998375	0	0
5596	0.010022	0	0
5595	0.01006	0	0
5594	0.0100977	0	0
5593	0.0101353	0	0
5592	0.0101726	0	0
5591	0.0102097	0	0
5590	0.0102466	0	0
5589	0.0102832	0	0
5588	0.0103197	0	0
5587	0.0103559	0	0
5586	0.0103918	0	0
5585	0.0104276	0	0
5584	0.0104631	0	0
5583	0.0104984	0	0
5582	0.0105335	0	0
5581	0.0105684	0	0
5580	0.010603	0	0
5579	0.0106374	0	0
5578	0.0106716	0	0
5577	0.0107056	0	0
5576	0.0107394	0	0
5575	0.0107729	0	0
5574	0.0108062	0	0
5573	0.0108393	0	0
5572	0.0108721	0	0
5571	0.0109048	0	0
5570	0.0109372	0	0
5569	0.0109694	0	0
5568	0.0110013	0	0
5567	0.0110331	0	0
5566	0.0110646	0	0
5565	0.0110959	0	0
5564	0.011127	0	0
5563	0.0111579	0	0
5562	0.0111885	0	0
5561	0.0112189	0	0
5560	0.0112491	0	0
5559	0.0112791	0	0
5558	0.0113089	0	0
5557	0.0113384	0	0
5556	0.0113677	0	0
5555	0.0113968	0	0
5554	0.0114257	0	0
5553	0.0114544	0	0
5552	0.0114828	0	0
5551	0.011511	0	0
5550	0.011539	0	0
5549	0.0115668	0	0
5548	0.0115944	0	0
5547	0.0116217	0	0
5546	0.0116488	0	0
5545	0.0116757	0	0
5544	0.0117024	0	0
5543	0.0117289	0	0
5542	0.0117551	0	0
5541	0.0117811	0	0
5540	0.0118069	0	0
5539	0.0118325	0	0
5538	0.0118579	0	0
5537	0.0118831	0	0
5536	0.011908	0	0
5535	0.0119327	0	0
5534	0.0119572	0	0
5533	0.0119815	0	0
5532	0.0120056	0	0
5531	0.0120294	0	0
5530	0.0120531	0	0
5529	0.0120765	0	0
5528	0.0120997	0	0
5527	0.0121227	0	0
5526	0.0121455	0	0
5525	0.012168	0	0
5524	0.0121904	0	0
5523	0.0122125	0	0
5522	0.0122344	0	0
5521	0.0122561	0	0
5520	0.0122776	0	0
5519	0.0122988	0	0
5518	0.0123199	0	0
5517	0.0123407	0	0
5516	0.0123614	0	0
5515	0.0123818	0	0
5514	0.012402	0	0
5513	0.012422	0	0
5512	0.0124417	0	0
5511	0.0124613	0	0
5510	0.0124807	0	0
5509	0.0124998	0	0
5508	0.0125187	0	0
5507	0.0125374	0	0
5506	0.012556	0	0
5505	0.0125742	0	0
5504	0.0125923	0	0
5503	0.0126102	0	0
5502	0.0126279	0	0
5501	0.0126453	0	0
5500	0.0126626	0	0
5499	0.0126796	0	0
5498	0.0126964	0	0
5497	0.012713	0	0
5496	0.0127295	0	0
5495	0.0127457	0	0
5494	0.0127617	0	0
5493	0.0127774	0	0
5492	0.012793	0	0
5491	0.0128084	0	0
5490	0.0128236	0	0
5489	0.0128385	0	0
5488	0.0128533	0	0
5487	0.0128678	0	0
5486	0.0128822	0	0
5485	0.0128963	0	0
5484	0.0129102	0	0
5483	0.012924	0	0
5482	0.0129375	0	0
5481	0.0129508	0	0
5480	0.0129639	0	0
5479	0.0129768	0	0
5478	0.0129895	0	0
5477	0.0130021	0	0
5476	0.0130144	0	0
5475	0.0130265	0	0
5474	0.0130384	0	0
5473	0.0130501	0	0
5472	0.0130616	0	0
5471	0.0130729	0	0
5470	0.013084	0	0
5469	0.0130949	0	0
5468	0.0131056	0	0
5467	0.0131161	0	0
5466	0.0131264	0	0
5465	0.0131366	0	0
5464	0.0131465	0	0
5463	0.0131562	0	0
5462	0.0131657	0	0
5461	0.013175	0	0
5460	0.0131842	0	0
5459	0.0131931	0	0
5458	0.0132019	0	0
5457	0.0132104	0	0
5456	0.0132188	0	0
5455	0.0132269	0	0
5454	0.0132349	0	0
5453	0.0132427	0	0
5452	0.0132503	0	0
5451	0.0132577	0	0
5450	0.0132649	0	0
5449	0.0132719	0	0
5448	0.0132787	0	0
5447	0.0132853	0	0
5446	0.0132918	0	0
5445	0.013298	0	0
5444	0.0133041	0	0
5443	0.01331	0	0
5442	0.0133157	0	0
5441	0.0133212	0	0
5440	0.0133265	0	0
5439	0.0133317	0	0
5438	0.0133366	0	0
5437	0.0133414	0	0
5436	0.013346	0	0
5435	0.0133504	0	0
5434	0.0133546	0	0
5433	0.0133587	0	0
5432	0.0133625	0	0
5431	0.0133662	0	0
5430	0.0133697	0	0
5429	0.013373	0	0
5428	0.0133762	0	0
5427	0.0133791	0	0
5426	0.0133819	0	0
5425	0.0133845	0	0
5424	0.013387	0	0
5423	0.0133892	0	0
5422	0.0133913	0	0
5421	0.0133932	0	0
5420	0.013395	0	0
5419	0.0133965	0	0
5418	0.0133979	0	0
5417	0.0133991	0	0
5416	0.0134002	0	0
5415	0.0134011	0	0
5414	0.0134018	0	0
5413	0.0134023	0	0
5412	0.0134027	0	0
5411	0.0134029	0	0
5410	0.0134029	0	0
5409	0.0134028	0	0
5408	0.0134025	0	0
5407	0.0134021	0	0
5406	0.0134015	0	0
5405	0.0134007	0	0
5404	0.0133997	0	0
5403	0.0133986	0	0
5402	0.0133974	0	0
5401	0.0133959	0	0
5400	0.0133943	0	0
5399	0.0133926	0	0
5398	0.0133907	0	0
5397	0.0133886	0	0
5396	0.0133864	0	0
5395	0.0133841	0	0
5394	0.0133815	0	0
5393	0.0133789	0	0
5392	0.013376	0	0
5391	0.013373	0	0
5390	0.0133699	0	0
5389	0.0133666	0	0
5388	0.0133632	0	0
5387	0.0133596	0	0
5386	0.0133559	0	0
5385	0.013352	0	0
5384	0.013348	0	0
5383	0.0133438	0	0
5382	0.0133395	0	0
5381	0.0133351	0	0
5380	0.0133305	0	0
5379	0.0133257	0	0
5378	0.0133208	0	0
5377	0.0133158	0	0
5376	0.0133107	0	0
5375	0.0133054	0	0
5374	0.0132999	0	0
5373	0.0132944	0	0
5372	0.0132886	0	0
5371	0.0132828	0	0
5370	0.0132768	0	0
5369	0.0132707	0	0
5368	0.0132645	0	0
5367	0.0132581	0	0
5366	0.0132516	0	0
5365	0.013245	0	0
5364	0.0132382	0	0
5363	0.0132313	0	0
5362	0.0132243	0	0
5361	0.0132171	0	0
5360	0.0132099	0	0
5359	0.0132025	0	0
5358	0.013195	0	0
5357	0.0131873	0	0
5356	0.0131796	0	0
5355	0.0131717	0	0
5354	0.0131637	0	0
5353	0.0131556	0	0
5352	0.0131473	0	0
5351	0.013139	0	0
5350	0.0131305	0	0
5349	0.0131219	0	0
5348	0.0131132	0	0
5347	0.0131044	0	0
5346	0.0130955	0	0
5345	0.0130864	0	0
5344	0.0130773	0	0
5343	0.013068	0	0
5342	0.0130587	0	0
5341	0.0130492	0	0
5340	0.0130396	0	0
5339	0.0130299	0	0
5338	0.0130201	0	0
5337	0.0130102	0	0
5336	0.0130002	0	0
5335	0.0129901	0	0
5334	0.0129799	0	0
5333	0.0129695	0	0
5332	0.0129591	0	0
5331	0.0129486	0	0
5330	0.012938	0	0
5329	0.0129273	0	0
5328	0.0129164	0	0
5327	0.0129055	0	0
5326	0.0128945	0	0
5325	0.0128834	0	0
5324	0.0128722	0	0
5323	0.0128609	0	0
5322	0.0128495	0	0
5321	0.012838	0	0
5320	0.0128264	0	0
5319	0.0128148	0	0
5318	0.012803	0	0
5317	0.0127912	0	0
5316	0.0127792	0	0
5315	0.0127672	0	0
5314	0.0127551	0	0
5313	0.0127429	0	0
5312	0.0127306	0	0
5311	0.0127182	0	0
5310	0.0127057	0	0
5309	0.0126931	0	0
5308	0.0126805	0	0
5307	0.0126678	0	0
5306	0.0126549	0	0
5305	0.012642	0	0
5304	0.012629	0	0
5303	0.012616	0	0
5302	0.0126028	0	0
5301	0.0125896	0	0
5300	0.0125763	0	0
5299	0.0125629	0	0
5298	0.0125494	0	0
5297	0.0125358	0	0
5296	0.0125222	0	0
5295	0.0125084	0	0
5294	0.0124946	0	0
5293	0.0124807	0	0
5292	0.0124668	0	0
5291	0.0124527	0	0
5290	0.0124386	0	0
5289	0.0124244	0	0
5288	0.0124101	0	0
5287	0.0123957	0	0
5286	0.0123813	0	0
5285	0.0123668	0	0
5284	0.0123522	0	0
5283	0.0123375	0	0
5282	0.0123227	0	0
5281	0.0123079	0	0
5280	0.012293	0	0
5279	0.012278	0	0
5278	0.0122629	0	0
5277	0.0122478	0	0
5276	0.0122325	0	0
5275	0.0122172	0	0
5274	0.0122018	0	0
5273	0.0121864	0	0
5272	0.0121709	0	0
5271	0.0121552	0	0
5270	0.0121396	0	0
5269	0.0121238	0	0
5268	0.0121079	0	0
5267	0.012092	0	0
5266	0.012076	0	0
5265	0.0120599	0	0
5264	0.0120438	0	0
5263	0.0120276	0	0
5262	0.0120113	0	0
5261	0.0119949	0	0
5260	0.0119784	0	0
5259	0.0119619	0	0
5258	0.0119453	0	0
5257	0.0119286	0	0
5256	0.0119118	0	0
5255	0.011895	0	0
5254	0.0118781	0	0
5253	0.0118611	0	0
5252	0.011844	0	0
5251	0.0118269	0	0
5250	0.0118097	0	0
5249	0.0117924	0	0
5248	0.011775	0	0
5247	0.0117576	0	0
5246	0.01174	0	0
5245	0.0117224	0	0
5244	0.0117048	0	0
5243	0.011687	0	0
5242	0.0116692	0	0
5241	0.0116513	0	0
5240	0.0116334	0	0
5239	0.0116153	0	0
5238	0.0115972	0	0
5237	0.0115791	0	0
5236	0.0115608	0	0
5235	0.0115425	0	0
5234	0.0115241	0	0
5233	0.0115056	0	0
5232	0.0114871	0	0
5231	0.0114685	0	0
5230	0.0114498	0	0
5229	0.011431	0	0
5228	0.0114122	0	0
5227	0.0113933	0	0
5226	0.0113744	0	0
5225	0.0113554	0	0
5224	0.0113363	0	0
5223	0.0113171	0	0
5222	0.0112979	0	0
5221	0.0112786	0	0
5220	0.0112592	0	0
5219	0.0112398	0	0
5218	0.0112203	0	0
5217	0.0112008	0	0
5216	0.0111812	0	0
5215	0.0111615	0	0
5214	0.0111417	0	0
5213	0.0111219	0	0
5212	0.0111021	0	0
5211	0.0110822	0	0
5210	0.0110622	0	0
5209	0.0110421	0	0
5208	0.011022	0	0
5207	0.0110019	0	0
5206	0.0109816	0	0
5205	0.0109614	0	0
5204	0.010941	0	0
5203	0.0109206	0	0
5202	0.0109002	0	0
5201	0.0108797	0	0
5200	0.0108592	0	0
5199	0.0108385	0	0
5198	0.0108179	0	0
5197	0.0107972	0	0
5196	0.0107764	0	0
5195	0.0107556	0	0
5194	0.0107347	0	0
5193	0.0107138	0	0
5192	0.0106929	0	0
5191	0.0106718	0	0
5190	0.0106508	0	0
5189	0.0106297	0	0
5188	0.0106085	0	0
5187	0.0105873	0	0
5186	0.0105661	0	0
5185	0.0105448	0	0
5184	0.0105234	0	0
5183	0.0105021	0	0
5182	0.0104806	0	0
5181	0.0104592	0	0
5180	0.0104377	0	0
5179	0.0104161	0	0
5178	0.0103945	0	0
5177	0.0103729	0	0
5176	0.0103512	0	0
5175	0.0103295	0	0
5174	0.0103078	0	0
5173	0.010286	0	0
5172	0.0102641	0	0
5171	0.0102423	0	0
5170	0.0102204	0	0
5169	0.0101985	0	0
5168	0.0101765	0	0
5167	0.0101545	0	0
5166	0.0101325	0	0
5165	0.0101104	0	0
5164	0.0100883	0	0
5163	0.0100662	0	0
5162	0.010044	0	0
5161	0.0100218	0	0
5160	0.00999963	0	0
5159	0.00997739	0	0
5158	0.00995512	0	0
5157	0.00993282	0	0
5156	0.0099105	0	0
5155	0.00988815	0	0
5154	0.00986578	0	0
5153	0.00984339	0	0
5152	0.00982097	0	0
5151	0.00979853	0	0
5150	0.00977607	0	0
5149	0.00975359	0	0
5148	0.00973109	0	0
5147	0.00970858	0	0
5146	0.00968604	0	0
5145	0.00966349	0	0
5144	0.00964093	0	0
5143	0.00961836	0	0
5142	0.00959577	0	0
5141	0.00957317	0	0
5140	0.00955056	0	0
5139	0.00952795	0	0
5138	0.00950532	0	0
5137	0.00948269	0	0
5136	0.00946006	0	0
5135	0.00943743	0	0
5134	0.0094148	0	0
5133	0.00939216	0	0
5132	0.00936954	0	0
5131	0.00934691	0	0
5130	0.0093243	0	0
5129	0.00930169	0	0
5128	0.0092791	0	0
5127	0.00925652	0	0
5126	0.00923396	0	0
5125	0.00921142	0	0
5124	0.0091889	0	0
5123	0.00916641	0	0
5122	0.00914395	0	0
5121	0.00912152	0	0
5120	0.00909913	0	0
5119	0.00907677	0	0
5118	0.00905446	0	0
5117	0.0090322	0	0
5116	0.00901	0	0
5115	0.00898785	0	0
5114	0.00896577	0	0
5113	0.00894375	0	0
5112	0.00892182	0	0
5111	0.00889996	0	0
5110	0.00887819	0	0
5109	0.00885652	0	0
5108	0.00883496	0	0
5107	0.00881351	0	0
5106	0.00879218	0	0
5105	0.00877098	0	0
5104	0.00874993	0	0
5103	0.00872903	0	0
5102	0.00870829	0	0
5101	0.00868774	0	0
5100	0.00866738	0	0
5099	0.00864722	0	0
5098	0.00862729	0	0
5097	0.0086076	0	0
5096	0.00858818	0	0
5095	0.00856903	0	0
5094	0.00855018	0	0
5093	0.00853166	0	0
5092	0.00851348	0	0
5091	0.00849568	0	0
5090	0.00847828	0	0
5089	0.00846131	0	0
5088	0.0084448	0	0
5087	0.00842878	0	0
5086	0.0084133	0	0
5085	0.00839838	0	0
5084	0.00838407	0	0
5083	0.0083704	0	0
5082	0.00835743	0	0
5081	0.00834519	0	0
5080	0.00833372	0	0
5079	0.00832309	0	0
5078	0.00831333	0	0
5077	0.00830449	0	0
5076	0.00829664	0	0
5075	0.0082898	0	0
5074	0.00828404	0	0
5073	0.00827941	0	0
5072	0.00827595	0	0
5071	0.0082737	0	0
5070	0.00827271	0	0
5069	0.00827302	0	0
5068	0.00827466	0	0
5067	0.00827765	0	0
5066	0.00828203	0	0
5065	0.00828779	0	0
5064	0.00829494	0	0
5063	0.00830348	0	0
5062	0.00831339	0	0
5061	0.00832464	0	0
5060	0.00833718	0	0
5059	0.00835096	0	0
5058	0.0083659	0	0
5057	0.0083819	0	0
5056	0.00839888	0	0
5055	0.00841668	0	0
5054	0.00843518	0	0
5053	0.00845421	0	0
5052	0.00847358	0	0
5051	0.0084931	0	0
5050	0.00851255	0	0
5049	0.00853168	0	0
5048	0.00855026	0	0
5047	0.00856801	0	0
5046	0.00858467	0	0
5045	0.00859995	0	0
5044	0.00861358	0	0
5043	0.00862528	0	0
5042	0.00863478	0	0
5041	0.00864183	0	0
5040	0.0086462	0	0
5039	0.00864767	0	0
5038	0.00864608	0	0
5037	0.00864129	0	0
5036	0.00863319	0	0
5035	0.00862174	0	0
5034	0.00860691	0	0
5033	0.00858874	0	0
5032	0.00856732	0	0
5031	0.00854275	0	0
5030	0.0085152	0	0
5029	0.00848485	0	0
5028	0.00845192	0	0
5027	0.00841665	0	0
5026	0.00837929	0	0
5025	0.00834011	0	0
5024	0.00829938	0	0
5023	0.00825736	0	0
5022	0.00821433	0	0
5021	0.00817052	0	0
5020	0.00812619	0	0
5019	0.00808156	0	0
5018	0.00803685	0	0
5017	0.00799224	0	0
5016	0.00794791	0	0
5015	0.00790402	0	0
5014	0.00786071	0	0
5013	0.0078181	0	0
5012	0.00777631	0	0
5011	0.00773542	0	0
5010	0.00769551	0	0
5009	0.00765666	0	0
5008	0.00761892	0	0
5007	0.00758233	0	0
5006	0.00754694	0	0
5005	0.00751278	0	0
5004	0.00747987	0	0
5003	0.00744823	0	0
5002	0.00741788	0	0
5001	0.00738884	0	0
5000	0.0073611	0	0
4999	0.00733468	0	0
4998	0.00730959	0	0
4997	0.00728582	0	0
4996	0.00726339	0	0
4995	0.00724229	0	0
4994	0.00722253	0	0
4993	0.00720413	0	0
4992	0.00718707	0	0
4991	0.00717138	0	0
4990	0.00715705	0	0
4989	0.0071441	0	0
4988	0.00713253	0	0
4987	0.00712237	0	0
4986	0.00711362	0	0
4985	0.00710631	0	0
4984	0.00710044	0	0
4983	0.00709605	0	0
4982	0.00709315	0	0
4981	0.00709177	0	0
4980	0.00709194	0	0
4979	0.00709368	0	0
4978	0.00709704	0	0
4977	0.00710205	0	0
4976	0.00710874	0	0
4975	0.00711716	0	0
4974	0.00712735	0	0
4973	0.00713936	0	0
4972	0.00715325	0	0
4971	0.00716906	0	0
4970	0.00718685	0	0
4969	0.00720669	0	0
4968	0.00722865	0	0
4967	0.00725278	0	0
4966	0.00727917	0	0
4965	0.00730788	0	0
4964	0.00733901	0	0
4963	0.00737264	0	0
4962	0.00740886	0	0
4961	0.00744776	0	0
4960	0.00748944	0	0
4959	0.00753402	0	0
4958	0.00758159	0	0
4957	0.00763229	0	0
4956	0.00768622	0	0
4955	0.00774351	0	0
4954	0.00780431	0	0
4953	0.00786874	0	0
4952	0.00793695	0	0
4951	0.0080091	0	0
4950	0.00808533	0	0
4949	0.00816582	0	0
4948	0.00825073	0	0
4947	0.00834024	0	0
4946	0.00843452	0	0
4945	0.00853376	0	0
4944	0.00863815	0	0
4943	0.00874789	0	0
4942	0.00886317	0	0
4941	0.0089842	0	0
4940	0.00911118	0	0
4939	0.0092443	0	0
4938	0.00938378	0	0
4937	0.00952981	0	0
4936	0.00968259	0	0
4935	0.00984229	0	0
4934	0.0100091	0	0
4933	0.0101832	0	0
4932	0.0103647	0	0
4931	0.0105537	0	0
4930	0.0107503	0	0
4929	0.0109547	0	0
4928	0.0111667	0	0
4927	0.0113864	0	0
4926	0.0116137	0	0
4925	0.0118484	0	0
4924	0.0120904	0	0
4923	0.0123392	0	0
4922	0.0125946	0	0
4921	0.0128559	0	0
4920	0.0131226	0	0
4919	0.013394	0	0
4918	0.013669	0	0
4917	0.0139468	0	0
4916	0.0142261	0	0
4915	0.0145055	0	0
4914	0.0147835	0	0
4913	0.0150585	0	0
4912	0.0153286	0	0
4911	0.0155919	0	0
4910	0.0158462	0	0
4909	0.0160893	0	0
4908	0.016319	0	0
4907	0.0165329	0	0
4906	0.0167286	0	0
4905	0.0169039	0	0
4904	0.0170566	0	0
4903	0.0171847	0	0
4902	0.0172862	0	0
4901	0.0173597	0	0
4900	0.0174038	0	0
4899	0.0174175	0	0
4898	0.0174003	0	0
4897	0.0173519	0	0
4896	0.0172726	0	0
4895	0.0171629	0	0
4894	0.0170238	0	0
4893	0.0168566	0	0
4892	0.0166629	0	0
4891	0.0164446	0	0
4890	0.016204	0	0
4889	0.0159437	0	0
4888	0.0156659	0	0
4887	0.0153708	0	0
4886	0.015062	0	0
4885	0.0147421	0	0
4884	0.0144132	0	0
4883	0.0140777	0	0
4882	0.0137375	0	0
4881	0.0133945	0	0
4880	0.0130505	0	0
4879	0.0127071	0	0
4878	0.0123655	0	0
4877	0.0120271	0	0
4876	0.0116929	0	0
4875	0.0113638	0	0
4874	0.0110406	0	0
4873	0.0107239	0	0
4872	0.0104143	0	0
4871	0.0101121	0	0
4870	0.00981764	0	0
4869	0.00953115	0	0
4868	0.00925275	0	0
4867	0.00898252	0	0
4866	0.00872048	0	0
4865	0.00846658	0	0
4864	0.00822075	0	0
4863	0.00798288	0	0
4862	0.00775282	0	0
4861	0.00753043	0	0
4860	0.00731551	0	0
4859	0.00710787	0	0
4858	0.00690732	0	0
4857	0.00671363	0	0
4856	0.00652659	0	0
4855	0.00634599	0	0
4854	0.0061716	0	0
4853	0.00600321	0	0
4852	0.0058406	0	0
4851	0.00568357	0	0
4850	0.0055319	0	0
4849	0.00538541	0	0
4848	0.00524371	0	0
4847	0.00510666	0	0
4846	0.00497423	0	0
4845	0.00484622	0	0
4844	0.00472247	0	0
4843	0.00460281	0	0
4842	0.00448709	0	0
4841	0.00437515	0	0
4840	0.00426686	0	0
4839	0.00416207	0	0
4838	0.00406065	0	0
4837	0.00396247	0	0
4836	0.00386743	0	0
4835	0.00377539	0	0
4834	0.00368625	0	0
4833	0.00359992	0	0
4832	0.00351628	0	0
4831	0.00343525	0	0
4830	0.00335673	0	0
4829	0.00328064	0	0
4828	0.00320691	0	0
4827	0.00313545	0	0
4826	0.00306619	0	0
4825	0.00299906	0	0
4824	0.00293399	0	0
4823	0.00287093	0	0
4822	0.00280981	0	0
4821	0.00275058	0	0
4820	0.00269319	0	0
4819	0.00263757	0	0
4818	0.0025837	0	0
4817	0.00253151	0	0
4816	0.00248096	0	0
4815	0.00243203	0	0
4814	0.00238465	0	0
4813	0.00233881	0	0
4812	0.00229446	0	0
4811	0.00225157	0	0
4810	0.0022101	0	0
4809	0.00217004	0	0
4808	0.00213134	0	0
4807	0.00209398	0	0
4806	0.00205794	0	0
4805	0.00202319	0	0
4804	0.00198971	0	0
4803	0.00195747	0	0
4802	0.00192645	0	0
4801	0.00189664	0	0
4800	0.00186802	0	0
4799	0.00184055	0	0
4798	0.00181424	0	0
4797	0.00178906	0	0
4796	0.001765	0	0
4795	0.00174203	0	0
4794	0.00172016	0	0
4793	0.00169935	0	0
4792	0.00167961	0	0
4791	0.00166092	0	0
4790	0.00164326	0	0
4789	0.00162664	0	0
4788	0.00161102	0	0
4787	0.00159642	0	0
4786	0.00158281	0	0
4785	0.00157019	0	0
4784	0.00155856	0	0
4783	0.0015479	0	0
4782	0.0015382	0	0
4781	0.00152947	0	0
4780	0.0015217	0	0
4779	0.00151488	0	0
4778	0.00150901	0	0
4777	0.00150408	0	0
4776	0.0015001	0	0
4775	0.00149705	0	0
4774	0.00149494	0	0
4773	0.00149377	0	0
4772	0.00149354	0	0
4771	0.00149424	0	0
4770	0.00149588	0	0
4769	0.00149846	0	0
4768	0.00150198	0	0
4767	0.00150645	0	0
4766	0.00151187	0	0
4765	0.00151824	0	0
4764	0.00152556	0	0
4763	0.00153386	0	0
4762	0.00154312	0	0
4761	0.00155336	0	0
4760	0.00156458	0	0
4759	0.0015768	0	0
4758	0.00159002	0	0
4757	0.00160425	0	0
4756	0.00161951	0	0
4755	0.00163579	0	0
4754	0.00165311	0	0
4753	0.00167149	0	0
4752	0.00169092	0	0
4751	0.00171143	0	0
4750	0.00173301	0	0
4749	0.00175569	0	0
4748	0.00177945	0	0
4747	0.00180432	0	0
4746	0.0018303	0	0
4745	0.00185738	0	0
4744	0.00188557	0	0
4743	0.00191486	0	0
4742	0.00194526	0	0
4741	0.00197674	0	0
4740	0.00200929	0	0
4739	0.00204289	0	0
4738	0.00207751	0	0
4737	0.00211312	0	0
4736	0.00214967	0	0
4735	0.0021871	0	0
4734	0.00222535	0	0
4733	0.00226435	0	0
4732	0.00230399	0	0
4731	0.00234418	0	0
4730	0.0023848	0	0
4729	0.00242569	0	0
4728	0.00246671	0	0
4727	0.00250768	0	0
4726	0.00254839	0	0
4725	0.00258862	0	0
4724	0.00262813	0	0
4723	0.00266666	0	0
4722	0.00270391	0	0
4721	0.00273959	0	0
4720	0.00277335	0	0
4719	0.00280487	0	0
4718	0.00283378	0	0
4717	0.00285971	0	0
4716	0.00288232	0	0
4715	0.00290122	0	0
4714	0.00291606	0	0
4713	0.0029265	0	0
4712	0.00293223	0	0
4711	0.00293298	0	0
4710	0.00292849	0	0
4709	0.0029186	0	0
4708	0.00290316	0	0
4707	0.00288212	0	0
4706	0.00285549	0	0
4705	0.00282335	0	0
4704	0.0027858	0	0
4703	0.00274303	0	0
4702	0.00269528	0	0
4701	0.00264283	0	0
4700	0.00258605	0	0
4699	0.00252531	0	0
4698	0.00246103	0	0
4697	0.00239367	0	0
4696	0.00232368	0	0
4695	0.00225152	0	0
4694	0.00217767	0	0
4693	0.00210257	0	0
4692	0.00202666	0	0
4691	0.00195035	0	0
4690	0.00187402	0	0
4689	0.00179803	0	0
4688	0.00172269	0	0
4687	0.0016483	0	0
4686	0.0015751	0	0
4685	0.00150331	0	0
4684	0.00143312	0	0
4683	0.00136467	0	0
4682	0.00129809	0	0
4681	0.00123347	0	0
4680	0.0011709	0	0
4679	0.00111041	0	0
4678	0.00105204	0	0
4677	0.000995808	0	0
4676	0.000941706	0	0
4675	0.000889721	0	0
4674	0.00083983	0	0
4673	0.000791998	0	0
4672	0.000746186	0	0
4671	0.000702346	0	0
4670	0.000660427	0	0
4669	0.000620375	0	0
4668	0.000582133	0	0
4667	0.000545641	0	0
4666	0.000510842	0	0
4665	0.000477675	0	0
4664	0.000446081	0	0
4663	0.000416002	0	0
4662	0.000387379	0	0
4661	0.000360156	0	0
4660	0.00033428	0	0
4659	0.000309696	0	0
4658	0.000286354	0	0
4657	0.000264205	0	0
4656	0.000243202	0	0
4655	0.000223299	0	0
4654	0.000204455	0	0
4653	0.000186627	0	0
4652	0.000169778	0	0
4651	0.00015387	0	0
4650	0.000138871	0	0
4649	0.000124746	0	0
4648	0.000111466	0	0
4647	9.90032e-05	0	0
4646	8.7331e-05	0	0
4645	7.64254e-05	0	0
4644	6.62648e-05	0	0
4643	5.68296e-05	0	0
4642	4.81028e-05	0	0
4641	4.00699e-05	0	0
4640	3.27196e-05	0	0
4639	2.60441e-05	0	0
4638	2.004e-05	0	0
4637	1.47102e-05	0	0
4636	1.00662e-05	0	0
4635	6.13328e-06	0	0
4634	2.96258e-06	0	0
4633	6.64398e-07	0	0
4632	-3.63138e-07	0	0
4631	0	0	0
4630	0	0	0
4629	0	0	0
4628	0	0	0
4627	0	0	0
4626	0	0	0
4625	0	0	0
4624	0	0	0
4623	0	0	0
4622	0	0	0
4621	0	0	0
4620	0	0	0
4619	0	0	0
4618	0	0	0
4617	0	0	0
4616	0	0	0
4615	0	0	0
4614	0	0	0
4613	0	0	0
4612	0	0	0
4611	0	0	0
4610	0	0	0
4609	0	0	0
4608	0	0	0
4607	0	0	0
4606	0	0	0
4605	0	0	0
4604	0	0	0
4603	0	0	0
4602	0	0	0
4601	0	0	0
4600	0	0	0
4599	0	0	0
4598	0	0	0
4597	0	0	0
4596	0	0	0
4595	0	0	0
4594	0	0	0
4593	0	0	0
4592	0	0	0
4591	0	0	0
4590	0	0	0
4589	0	0	0
4588	0	0	0
4587	0	0	0
4586	0	0	0
4585	0	0	0
4584	0	0	0
4583	0	0	0
4582	0	0	0
4581	0	0	0
4580	0	0	0
4579	0	0	0
4578	0	0	0
4577	0	0	0
4576	0	0	0
4575	0	0	0
4574	0	0	0
4573	0	0	0
4572	0	0	0
4571	0	0	0
4570	0	0	0
4569	0	0	0
4568	0	0	0
4567	0	0	0
4566	0	0	0
