9379	-307.553	0	0
9378	-154.274	0	0
9377	-103.508	0	0
9376	-78.1083	0	0
9375	-62.8244	0	0
9374	-52.5969	0	0
9373	-45.2621	0	0
9372	-39.7386	0	0
9371	-35.4255	0	0
9370	-31.9619	0	0
9369	-29.1176	0	0
9368	-26.7392	0	0
9367	-24.7201	0	0
9366	-22.984	0	0
9365	-21.475	0	0
9364	-20.1509	0	0
9363	-18.9795	0	0
9362	-17.9358	0	0
9361	-16.9997	0	0
9360	-16.1554	0	0
9359	-15.3899	0	0
9358	-14.6927	0	0
9357	-14.0549	0	0
9356	-13.4692	0	0
9355	-12.9295	0	0
9354	-12.4306	0	0
9353	-11.968	0	0
9352	-11.5378	0	0
9351	-11.1368	0	0
9350	-10.7621	0	0
9349	-10.4111	0	0
9348	-10.0818	0	0
9347	-9.77211	0	0
9346	-9.48037	0	0
9345	-9.20506	0	0
9344	-8.94485	0	0
9343	-8.69852	0	0
9342	-8.46499	0	0
9341	-8.24331	0	0
9340	-8.03258	0	0
9339	-7.83203	0	0
9338	-7.64093	0	0
9337	-7.45865	0	0
9336	-7.28457	0	0
9335	-7.11818	0	0
9334	-6.95896	0	0
9333	-6.80648	0	0
9332	-6.66032	0	0
9331	-6.52009	0	0
9330	-6.38545	0	0
9329	-6.25606	0	0
9328	-6.13164	0	0
9327	-6.0119	0	0
9326	-5.89659	0	0
9325	-5.78546	0	0
9324	-5.67831	0	0
9323	-5.57491	0	0
9322	-5.47509	0	0
9321	-5.37865	0	0
9320	-5.28544	0	0
9319	-5.19529	0	0
9318	-5.10806	0	0
9317	-5.02361	0	0
9316	-4.94181	0	0
9315	-4.86255	0	0
9314	-4.7857	0	0
9313	-4.71116	0	0
9312	-4.63883	0	0
9311	-4.56861	0	0
9310	-4.50042	0	0
9309	-4.43417	0	0
9308	-4.36977	0	0
9307	-4.30716	0	0
9306	-4.24626	0	0
9305	-4.18701	0	0
9304	-4.12933	0	0
9303	-4.07317	0	0
9302	-4.01847	0	0
9301	-3.96518	0	0
9300	-3.91324	0	0
9299	-3.8626	0	0
9298	-3.81321	0	0
9297	-3.76504	0	0
9296	-3.71803	0	0
9295	-3.67215	0	0
9294	-3.62735	0	0
9293	-3.58361	0	0
9292	-3.54088	0	0
9291	-3.49912	0	0
9290	-3.45832	0	0
9289	-3.41843	0	0
9288	-3.37942	0	0
9287	-3.34128	0	0
9286	-3.30396	0	0
9285	-3.26745	0	0
9284	-3.23171	0	0
9283	-3.19673	0	0
9282	-3.16249	0	0
9281	-3.12895	0	0
9280	-3.0961	0	0
9279	-3.06391	0	0
9278	-3.03238	0	0
9277	-3.00147	0	0
9276	-2.97118	0	0
9275	-2.94148	0	0
9274	-2.91235	0	0
9273	-2.88379	0	0
9272	-2.85576	0	0
9271	-2.82827	0	0
9270	-2.8013	0	0
9269	-2.77482	0	0
9268	-2.74883	0	0
9267	-2.72332	0	0
9266	-2.69827	0	0
9265	-2.67366	0	0
9264	-2.6495	0	0
9263	-2.62576	0	0
9262	-2.60244	0	0
9261	-2.57953	0	0
9260	-2.557	0	0
9259	-2.53487	0	0
9258	-2.51311	0	0
9257	-2.49171	0	0
9256	-2.47068	0	0
9255	-2.44999	0	0
9254	-2.42964	0	0
9253	-2.40963	0	0
9252	-2.38993	0	0
9251	-2.37056	0	0
9250	-2.35149	0	0
9249	-2.33273	0	0
9248	-2.31426	0	0
9247	-2.29609	0	0
9246	-2.27819	0	0
9245	-2.26057	0	0
9244	-2.24321	0	0
9243	-2.22612	0	0
9242	-2.20929	0	0
9241	-2.19271	0	0
9240	-2.17638	0	0
9239	-2.16029	0	0
9238	-2.14443	0	0
9237	-2.12881	0	0
9236	-2.11341	0	0
9235	-2.09823	0	0
9234	-2.08327	0	0
9233	-2.06852	0	0
9232	-2.05398	0	0
9231	-2.03965	0	0
9230	-2.02551	0	0
9229	-2.01157	0	0
9228	-1.99782	0	0
9227	-1.98425	0	0
9226	-1.97088	0	0
9225	-1.95768	0	0
9224	-1.94466	0	0
9223	-1.93181	0	0
9222	-1.91913	0	0
9221	-1.90662	0	0
9220	-1.89427	0	0
9219	-1.88208	0	0
9218	-1.87005	0	0
9217	-1.85817	0	0
9216	-1.84645	0	0
9215	-1.83487	0	0
9214	-1.82344	0	0
9213	-1.81216	0	0
9212	-1.80101	0	0
9211	-1.79	0	0
9210	-1.77913	0	0
9209	-1.76839	0	0
9208	-1.75778	0	0
9207	-1.7473	0	0
9206	-1.73695	0	0
9205	-1.72672	0	0
9204	-1.71661	0	0
9203	-1.70662	0	0
9202	-1.69675	0	0
9201	-1.687	0	0
9200	-1.67736	0	0
9199	-1.66783	0	0
9198	-1.65841	0	0
9197	-1.6491	0	0
9196	-1.63989	0	0
9195	-1.63079	0	0
9194	-1.62179	0	0
9193	-1.6129	0	0
9192	-1.6041	0	0
9191	-1.5954	0	0
9190	-1.58679	0	0
9189	-1.57828	0	0
9188	-1.56987	0	0
9187	-1.56154	0	0
9186	-1.55331	0	0
9185	-1.54516	0	0
9184	-1.5371	0	0
9183	-1.52913	0	0
9182	-1.52124	0	0
9181	-1.51344	0	0
9180	-1.50571	0	0
9179	-1.49807	0	0
9178	-1.49051	0	0
9177	-1.48302	0	0
9176	-1.47561	0	0
9175	-1.46828	0	0
9174	-1.46103	0	0
9173	-1.45384	0	0
9172	-1.44673	0	0
9171	-1.43969	0	0
9170	-1.43272	0	0
9169	-1.42582	0	0
9168	-1.41899	0	0
9167	-1.41223	0	0
9166	-1.40553	0	0
9165	-1.3989	0	0
9164	-1.39233	0	0
9163	-1.38583	0	0
9162	-1.37939	0	0
9161	-1.37301	0	0
9160	-1.36669	0	0
9159	-1.36043	0	0
9158	-1.35423	0	0
9157	-1.34809	0	0
9156	-1.34201	0	0
9155	-1.33599	0	0
9154	-1.33002	0	0
9153	-1.3241	0	0
9152	-1.31824	0	0
9151	-1.31243	0	0
9150	-1.30668	0	0
9149	-1.30098	0	0
9148	-1.29533	0	0
9147	-1.28973	0	0
9146	-1.28418	0	0
9145	-1.27868	0	0
9144	-1.27323	0	0
9143	-1.26783	0	0
9142	-1.26248	0	0
9141	-1.25717	0	0
9140	-1.25191	0	0
9139	-1.2467	0	0
9138	-1.24153	0	0
9137	-1.2364	0	0
9136	-1.23132	0	0
9135	-1.22628	0	0
9134	-1.22129	0	0
9133	-1.21634	0	0
9132	-1.21143	0	0
9131	-1.20656	0	0
9130	-1.20173	0	0
9129	-1.19695	0	0
9128	-1.1922	0	0
9127	-1.18749	0	0
9126	-1.18282	0	0
9125	-1.17819	0	0
9124	-1.1736	0	0
9123	-1.16904	0	0
9122	-1.16453	0	0
9121	-1.16004	0	0
9120	-1.1556	0	0
9119	-1.15119	0	0
9118	-1.14681	0	0
9117	-1.14247	0	0
9116	-1.13817	0	0
9115	-1.1339	0	0
9114	-1.12966	0	0
9113	-1.12546	0	0
9112	-1.12128	0	0
9111	-1.11715	0	0
9110	-1.11304	0	0
9109	-1.10896	0	0
9108	-1.10492	0	0
9107	-1.10091	0	0
9106	-1.09693	0	0
9105	-1.09297	0	0
9104	-1.08905	0	0
9103	-1.08516	0	0
9102	-1.0813	0	0
9101	-1.07746	0	0
9100	-1.07366	0	0
9099	-1.06988	0	0
9098	-1.06613	0	0
9097	-1.06241	0	0
9096	-1.05872	0	0
9095	-1.05505	0	0
9094	-1.05141	0	0
9093	-1.0478	0	0
9092	-1.04421	0	0
9091	-1.04065	0	0
9090	-1.03711	0	0
9089	-1.0336	0	0
9088	-1.03012	0	0
9087	-1.02665	0	0
9086	-1.02322	0	0
9085	-1.01981	0	0
9084	-1.01642	0	0
9083	-1.01306	0	0
9082	-1.00972	0	0
9081	-1.0064	0	0
9080	-1.0031	0	0
9079	-0.999833	0	0
9078	-0.996585	0	0
9077	-0.993358	0	0
9076	-0.990154	0	0
9075	-0.986972	0	0
9074	-0.983811	0	0
9073	-0.980672	0	0
9072	-0.977554	0	0
9071	-0.974457	0	0
9070	-0.971381	0	0
9069	-0.968325	0	0
9068	-0.96529	0	0
9067	-0.962275	0	0
9066	-0.959279	0	0
9065	-0.956304	0	0
9064	-0.953348	0	0
9063	-0.950412	0	0
9062	-0.947494	0	0
9061	-0.944596	0	0
9060	-0.941717	0	0
9059	-0.938856	0	0
9058	-0.936013	0	0
9057	-0.933189	0	0
9056	-0.930383	0	0
9055	-0.927595	0	0
9054	-0.924824	0	0
9053	-0.922071	0	0
9052	-0.919336	0	0
9051	-0.916617	0	0
9050	-0.913916	0	0
9049	-0.911232	0	0
9048	-0.908564	0	0
9047	-0.905913	0	0
9046	-0.903278	0	0
9045	-0.90066	0	0
9044	-0.898057	0	0
9043	-0.895471	0	0
9042	-0.892901	0	0
9041	-0.890346	0	0
9040	-0.887807	0	0
9039	-0.885283	0	0
9038	-0.882774	0	0
9037	-0.88028	0	0
9036	-0.877802	0	0
9035	-0.875338	0	0
9034	-0.872889	0	0
9033	-0.870454	0	0
9032	-0.868034	0	0
9031	-0.865628	0	0
9030	-0.863237	0	0
9029	-0.860859	0	0
9028	-0.858495	0	0
9027	-0.856145	0	0
9026	-0.853809	0	0
9025	-0.851486	0	0
9024	-0.849177	0	0
9023	-0.846881	0	0
9022	-0.844598	0	0
9021	-0.842328	0	0
9020	-0.840071	0	0
9019	-0.837827	0	0
9018	-0.835596	0	0
9017	-0.833377	0	0
9016	-0.831171	0	0
9015	-0.828977	0	0
9014	-0.826796	0	0
9013	-0.824627	0	0
9012	-0.822469	0	0
9011	-0.820324	0	0
9010	-0.818191	0	0
9009	-0.816069	0	0
9008	-0.813959	0	0
9007	-0.811861	0	0
9006	-0.809774	0	0
9005	-0.807699	0	0
9004	-0.805635	0	0
9003	-0.803582	0	0
9002	-0.80154	0	0
9001	-0.799509	0	0
9000	-0.797489	0	0
8999	-0.79548	0	0
8998	-0.793481	0	0
8997	-0.791494	0	0
8996	-0.789516	0	0
8995	-0.78755	0	0
8994	-0.785593	0	0
8993	-0.783647	0	0
8992	-0.781711	0	0
8991	-0.779786	0	0
8990	-0.77787	0	0
8989	-0.775964	0	0
8988	-0.774069	0	0
8987	-0.772183	0	0
8986	-0.770306	0	0
8985	-0.76844	0	0
8984	-0.766583	0	0
8983	-0.764735	0	0
8982	-0.762897	0	0
8981	-0.761068	0	0
8980	-0.759249	0	0
8979	-0.757438	0	0
8978	-0.755637	0	0
8977	-0.753845	0	0
8976	-0.752062	0	0
8975	-0.750288	0	0
8974	-0.748522	0	0
8973	-0.746766	0	0
8972	-0.745018	0	0
8971	-0.743279	0	0
8970	-0.741548	0	0
8969	-0.739826	0	0
8968	-0.738112	0	0
8967	-0.736407	0	0
8966	-0.734709	0	0
8965	-0.733021	0	0
8964	-0.73134	0	0
8963	-0.729668	0	0
8962	-0.728003	0	0
8961	-0.726347	0	0
8960	-0.724698	0	0
8959	-0.723058	0	0
8958	-0.721425	0	0
8957	-0.7198	0	0
8956	-0.718182	0	0
8955	-0.716573	0	0
8954	-0.714971	0	0
8953	-0.713376	0	0
8952	-0.711789	0	0
8951	-0.710209	0	0
8950	-0.708637	0	0
8949	-0.707072	0	0
8948	-0.705514	0	0
8947	-0.703964	0	0
8946	-0.70242	0	0
8945	-0.700884	0	0
8944	-0.699355	0	0
8943	-0.697833	0	0
8942	-0.696318	0	0
8941	-0.694809	0	0
8940	-0.693308	0	0
8939	-0.691813	0	0
8938	-0.690325	0	0
8937	-0.688844	0	0
8936	-0.687369	0	0
8935	-0.685901	0	0
8934	-0.68444	0	0
8933	-0.682985	0	0
8932	-0.681536	0	0
8931	-0.680094	0	0
8930	-0.678658	0	0
8929	-0.677229	0	0
8928	-0.675806	0	0
8927	-0.674389	0	0
8926	-0.672979	0	0
8925	-0.671574	0	0
8924	-0.670176	0	0
8923	-0.668783	0	0
8922	-0.667397	0	0
8921	-0.666017	0	0
8920	-0.664643	0	0
8919	-0.663274	0	0
8918	-0.661911	0	0
8917	-0.660555	0	0
8916	-0.659204	0	0
8915	-0.657859	0	0
8914	-0.656519	0	0
8913	-0.655185	0	0
8912	-0.653857	0	0
8911	-0.652534	0	0
8910	-0.651217	0	0
8909	-0.649905	0	0
8908	-0.648599	0	0
8907	-0.647299	0	0
8906	-0.646003	0	0
8905	-0.644713	0	0
8904	-0.643429	0	0
8903	-0.642149	0	0
8902	-0.640875	0	0
8901	-0.639607	0	0
8900	-0.638343	0	0
8899	-0.637085	0	0
8898	-0.635831	0	0
8897	-0.634583	0	0
8896	-0.63334	0	0
8895	-0.632101	0	0
8894	-0.630868	0	0
8893	-0.62964	0	0
8892	-0.628417	0	0
8891	-0.627198	0	0
8890	-0.625985	0	0
8889	-0.624776	0	0
8888	-0.623572	0	0
8887	-0.622373	0	0
8886	-0.621178	0	0
8885	-0.619988	0	0
8884	-0.618803	0	0
8883	-0.617623	0	0
8882	-0.616447	0	0
8881	-0.615276	0	0
8880	-0.614109	0	0
8879	-0.612947	0	0
8878	-0.611789	0	0
8877	-0.610636	0	0
8876	-0.609487	0	0
8875	-0.608343	0	0
8874	-0.607203	0	0
8873	-0.606067	0	0
8872	-0.604936	0	0
8871	-0.603809	0	0
8870	-0.602686	0	0
8869	-0.601568	0	0
8868	-0.600453	0	0
8867	-0.599343	0	0
8866	-0.598237	0	0
8865	-0.597136	0	0
8864	-0.596038	0	0
8863	-0.594944	0	0
8862	-0.593855	0	0
8861	-0.592769	0	0
8860	-0.591688	0	0
8859	-0.590611	0	0
8858	-0.589537	0	0
8857	-0.588468	0	0
8856	-0.587402	0	0
8855	-0.58634	0	0
8854	-0.585283	0	0
8853	-0.584229	0	0
8852	-0.583178	0	0
8851	-0.582132	0	0
8850	-0.58109	0	0
8849	-0.580051	0	0
8848	-0.579016	0	0
8847	-0.577984	0	0
8846	-0.576957	0	0
8845	-0.575933	0	0
8844	-0.574912	0	0
8843	-0.573895	0	0
8842	-0.572882	0	0
8841	-0.571873	0	0
8840	-0.570867	0	0
8839	-0.569864	0	0
8838	-0.568865	0	0
8837	-0.56787	0	0
8836	-0.566878	0	0
8835	-0.56589	0	0
8834	-0.564904	0	0
8833	-0.563923	0	0
8832	-0.562945	0	0
8831	-0.56197	0	0
8830	-0.560998	0	0
8829	-0.56003	0	0
8828	-0.559065	0	0
8827	-0.558104	0	0
8826	-0.557145	0	0
8825	-0.55619	0	0
8824	-0.555238	0	0
8823	-0.55429	0	0
8822	-0.553345	0	0
8821	-0.552402	0	0
8820	-0.551463	0	0
8819	-0.550528	0	0
8818	-0.549595	0	0
8817	-0.548665	0	0
8816	-0.547739	0	0
8815	-0.546815	0	0
8814	-0.545895	0	0
8813	-0.544978	0	0
8812	-0.544063	0	0
8811	-0.543152	0	0
8810	-0.542244	0	0
8809	-0.541338	0	0
8808	-0.540436	0	0
8807	-0.539537	0	0
8806	-0.53864	0	0
8805	-0.537747	0	0
8804	-0.536856	0	0
8803	-0.535968	0	0
8802	-0.535083	0	0
8801	-0.534201	0	0
8800	-0.533322	0	0
8799	-0.532445	0	0
8798	-0.531572	0	0
8797	-0.530701	0	0
8796	-0.529833	0	0
8795	-0.528968	0	0
8794	-0.528105	0	0
8793	-0.527245	0	0
8792	-0.526388	0	0
8791	-0.525533	0	0
8790	-0.524682	0	0
8789	-0.523833	0	0
8788	-0.522986	0	0
8787	-0.522142	0	0
8786	-0.521301	0	0
8785	-0.520463	0	0
8784	-0.519627	0	0
8783	-0.518793	0	0
8782	-0.517962	0	0
8781	-0.517134	0	0
8780	-0.516308	0	0
8779	-0.515485	0	0
8778	-0.514664	0	0
8777	-0.513846	0	0
8776	-0.51303	0	0
8775	-0.512217	0	0
8774	-0.511406	0	0
8773	-0.510598	0	0
8772	-0.509792	0	0
8771	-0.508988	0	0
8770	-0.508187	0	0
8769	-0.507389	0	0
8768	-0.506592	0	0
8767	-0.505798	0	0
8766	-0.505007	0	0
8765	-0.504218	0	0
8764	-0.503431	0	0
8763	-0.502646	0	0
8762	-0.501864	0	0
8761	-0.501084	0	0
8760	-0.500306	0	0
8759	-0.499531	0	0
8758	-0.498758	0	0
8757	-0.497987	0	0
8756	-0.497218	0	0
8755	-0.496452	0	0
8754	-0.495687	0	0
8753	-0.494925	0	0
8752	-0.494166	0	0
8751	-0.493408	0	0
8750	-0.492652	0	0
8749	-0.491899	0	0
8748	-0.491148	0	0
8747	-0.490399	0	0
8746	-0.489652	0	0
8745	-0.488907	0	0
8744	-0.488165	0	0
8743	-0.487424	0	0
8742	-0.486686	0	0
8741	-0.485949	0	0
8740	-0.485215	0	0
8739	-0.484483	0	0
8738	-0.483752	0	0
8737	-0.483024	0	0
8736	-0.482298	0	0
8735	-0.481574	0	0
8734	-0.480852	0	0
8733	-0.480131	0	0
8732	-0.479413	0	0
8731	-0.478697	0	0
8730	-0.477983	0	0
8729	-0.47727	0	0
8728	-0.47656	0	0
8727	-0.475852	0	0
8726	-0.475145	0	0
8725	-0.47444	0	0
8724	-0.473738	0	0
8723	-0.473037	0	0
8722	-0.472338	0	0
8721	-0.471641	0	0
8720	-0.470946	0	0
8719	-0.470253	0	0
8718	-0.469561	0	0
8717	-0.468872	0	0
8716	-0.468184	0	0
8715	-0.467498	0	0
8714	-0.466814	0	0
8713	-0.466132	0	0
8712	-0.465451	0	0
8711	-0.464772	0	0
8710	-0.464095	0	0
8709	-0.46342	0	0
8708	-0.462747	0	0
8707	-0.462075	0	0
8706	-0.461405	0	0
8705	-0.460737	0	0
8704	-0.460071	0	0
8703	-0.459406	0	0
8702	-0.458743	0	0
8701	-0.458082	0	0
8700	-0.457422	0	0
8699	-0.456764	0	0
8698	-0.456108	0	0
8697	-0.455453	0	0
8696	-0.454801	0	0
8695	-0.454149	0	0
8694	-0.4535	0	0
8693	-0.452852	0	0
8692	-0.452206	0	0
8691	-0.451561	0	0
8690	-0.450918	0	0
8689	-0.450276	0	0
8688	-0.449637	0	0
8687	-0.448998	0	0
8686	-0.448362	0	0
8685	-0.447727	0	0
8684	-0.447093	0	0
8683	-0.446461	0	0
8682	-0.445831	0	0
8681	-0.445202	0	0
8680	-0.444575	0	0
8679	-0.443949	0	0
8678	-0.443325	0	0
8677	-0.442702	0	0
8676	-0.442081	0	0
8675	-0.441462	0	0
8674	-0.440844	0	0
8673	-0.440227	0	0
8672	-0.439612	0	0
8671	-0.438998	0	0
8670	-0.438386	0	0
8669	-0.437775	0	0
8668	-0.437166	0	0
8667	-0.436559	0	0
8666	-0.435952	0	0
8665	-0.435347	0	0
8664	-0.434744	0	0
8663	-0.434142	0	0
8662	-0.433541	0	0
8661	-0.432942	0	0
8660	-0.432345	0	0
8659	-0.431748	0	0
8658	-0.431153	0	0
8657	-0.43056	0	0
8656	-0.429968	0	0
8655	-0.429377	0	0
8654	-0.428787	0	0
8653	-0.428199	0	0
8652	-0.427613	0	0
8651	-0.427028	0	0
8650	-0.426444	0	0
8649	-0.425861	0	0
8648	-0.42528	0	0
8647	-0.4247	0	0
8646	-0.424121	0	0
8645	-0.423544	0	0
8644	-0.422968	0	0
8643	-0.422393	0	0
8642	-0.42182	0	0
8641	-0.421248	0	0
8640	-0.420677	0	0
8639	-0.420108	0	0
8638	-0.41954	0	0
8637	-0.418973	0	0
8636	-0.418407	0	0
8635	-0.417843	0	0
8634	-0.41728	0	0
8633	-0.416718	0	0
8632	-0.416157	0	0
8631	-0.415598	0	0
8630	-0.41504	0	0
8629	-0.414483	0	0
8628	-0.413927	0	0
8627	-0.413373	0	0
8626	-0.41282	0	0
8625	-0.412268	0	0
8624	-0.411717	0	0
8623	-0.411167	0	0
8622	-0.410619	0	0
8621	-0.410072	0	0
8620	-0.409526	0	0
8619	-0.408981	0	0
8618	-0.408437	0	0
8617	-0.407895	0	0
8616	-0.407354	0	0
8615	-0.406813	0	0
8614	-0.406274	0	0
8613	-0.405737	0	0
8612	-0.4052	0	0
8611	-0.404664	0	0
8610	-0.40413	0	0
8609	-0.403597	0	0
8608	-0.403065	0	0
8607	-0.402534	0	0
8606	-0.402004	0	0
8605	-0.401475	0	0
8604	-0.400947	0	0
8603	-0.400421	0	0
8602	-0.399895	0	0
8601	-0.399371	0	0
8600	-0.398848	0	0
8599	-0.398325	0	0
8598	-0.397804	0	0
8597	-0.397284	0	0
8596	-0.396765	0	0
8595	-0.396247	0	0
8594	-0.395731	0	0
8593	-0.395215	0	0
8592	-0.3947	0	0
8591	-0.394187	0	0
8590	-0.393674	0	0
8589	-0.393162	0	0
8588	-0.392652	0	0
8587	-0.392142	0	0
8586	-0.391634	0	0
8585	-0.391127	0	0
8584	-0.39062	0	0
8583	-0.390115	0	0
8582	-0.38961	0	0
8581	-0.389107	0	0
8580	-0.388605	0	0
8579	-0.388103	0	0
8578	-0.387603	0	0
8577	-0.387104	0	0
8576	-0.386605	0	0
8575	-0.386108	0	0
8574	-0.385612	0	0
8573	-0.385116	0	0
8572	-0.384622	0	0
8571	-0.384128	0	0
8570	-0.383636	0	0
8569	-0.383144	0	0
8568	-0.382654	0	0
8567	-0.382164	0	0
8566	-0.381676	0	0
8565	-0.381188	0	0
8564	-0.380701	0	0
8563	-0.380215	0	0
8562	-0.37973	0	0
8561	-0.379246	0	0
8560	-0.378763	0	0
8559	-0.378281	0	0
8558	-0.3778	0	0
8557	-0.37732	0	0
8556	-0.37684	0	0
8555	-0.376362	0	0
8554	-0.375885	0	0
8553	-0.375408	0	0
8552	-0.374932	0	0
8551	-0.374457	0	0
8550	-0.373983	0	0
8549	-0.37351	0	0
8548	-0.373038	0	0
8547	-0.372567	0	0
8546	-0.372097	0	0
8545	-0.371627	0	0
8544	-0.371159	0	0
8543	-0.370691	0	0
8542	-0.370224	0	0
8541	-0.369758	0	0
8540	-0.369293	0	0
8539	-0.368828	0	0
8538	-0.368365	0	0
8537	-0.367902	0	0
8536	-0.367441	0	0
8535	-0.36698	0	0
8534	-0.36652	0	0
8533	-0.36606	0	0
8532	-0.365602	0	0
8531	-0.365145	0	0
8530	-0.364688	0	0
8529	-0.364232	0	0
8528	-0.363777	0	0
8527	-0.363323	0	0
8526	-0.362869	0	0
8525	-0.362416	0	0
8524	-0.361965	0	0
8523	-0.361514	0	0
8522	-0.361063	0	0
8521	-0.360614	0	0
8520	-0.360165	0	0
8519	-0.359718	0	0
8518	-0.359271	0	0
8517	-0.358824	0	0
8516	-0.358379	0	0
8515	-0.357934	0	0
8514	-0.35749	0	0
8513	-0.357047	0	0
8512	-0.356605	0	0
8511	-0.356163	0	0
8510	-0.355723	0	0
8509	-0.355282	0	0
8508	-0.354843	0	0
8507	-0.354405	0	0
8506	-0.353967	0	0
8505	-0.35353	0	0
8504	-0.353094	0	0
8503	-0.352658	0	0
8502	-0.352224	0	0
8501	-0.35179	0	0
8500	-0.351356	0	0
8499	-0.350924	0	0
8498	-0.350492	0	0
8497	-0.350061	0	0
8496	-0.349631	0	0
8495	-0.349201	0	0
8494	-0.348772	0	0
8493	-0.348344	0	0
8492	-0.347917	0	0
8491	-0.34749	0	0
8490	-0.347064	0	0
8489	-0.346639	0	0
8488	-0.346214	0	0
8487	-0.34579	0	0
8486	-0.345367	0	0
8485	-0.344945	0	0
8484	-0.344523	0	0
8483	-0.344102	0	0
8482	-0.343682	0	0
8481	-0.343262	0	0
8480	-0.342843	0	0
8479	-0.342425	0	0
8478	-0.342007	0	0
8477	-0.34159	0	0
8476	-0.341174	0	0
8475	-0.340758	0	0
8474	-0.340344	0	0
8473	-0.339929	0	0
8472	-0.339516	0	0
8471	-0.339103	0	0
8470	-0.338691	0	0
8469	-0.338279	0	0
8468	-0.337868	0	0
8467	-0.337458	0	0
8466	-0.337049	0	0
8465	-0.33664	0	0
8464	-0.336231	0	0
8463	-0.335824	0	0
8462	-0.335417	0	0
8461	-0.335011	0	0
8460	-0.334605	0	0
8459	-0.3342	0	0
8458	-0.333796	0	0
8457	-0.333392	0	0
8456	-0.332989	0	0
8455	-0.332586	0	0
8454	-0.332184	0	0
8453	-0.331783	0	0
8452	-0.331383	0	0
8451	-0.330983	0	0
8450	-0.330583	0	0
8449	-0.330185	0	0
8448	-0.329787	0	0
8447	-0.329389	0	0
8446	-0.328992	0	0
8445	-0.328596	0	0
8444	-0.3282	0	0
8443	-0.327805	0	0
8442	-0.327411	0	0
8441	-0.327017	0	0
8440	-0.326624	0	0
8439	-0.326231	0	0
8438	-0.325839	0	0
8437	-0.325448	0	0
8436	-0.325057	0	0
8435	-0.324666	0	0
8434	-0.324277	0	0
8433	-0.323888	0	0
8432	-0.323499	0	0
8431	-0.323111	0	0
8430	-0.322724	0	0
8429	-0.322337	0	0
8428	-0.321951	0	0
8427	-0.321565	0	0
8426	-0.32118	0	0
8425	-0.320796	0	0
8424	-0.320412	0	0
8423	-0.320029	0	0
8422	-0.319646	0	0
8421	-0.319264	0	0
8420	-0.318882	0	0
8419	-0.318501	0	0
8418	-0.318121	0	0
8417	-0.317741	0	0
8416	-0.317361	0	0
8415	-0.316982	0	0
8414	-0.316604	0	0
8413	-0.316226	0	0
8412	-0.315849	0	0
8411	-0.315472	0	0
8410	-0.315096	0	0
8409	-0.314721	0	0
8408	-0.314346	0	0
8407	-0.313971	0	0
8406	-0.313597	0	0
8405	-0.313224	0	0
8404	-0.312851	0	0
8403	-0.312479	0	0
8402	-0.312107	0	0
8401	-0.311736	0	0
8400	-0.311365	0	0
8399	-0.310995	0	0
8398	-0.310625	0	0
8397	-0.310256	0	0
8396	-0.309887	0	0
8395	-0.309519	0	0
8394	-0.309151	0	0
8393	-0.308784	0	0
8392	-0.308418	0	0
8391	-0.308051	0	0
8390	-0.307686	0	0
8389	-0.307321	0	0
8388	-0.306956	0	0
8387	-0.306592	0	0
8386	-0.306229	0	0
8385	-0.305866	0	0
8384	-0.305503	0	0
8383	-0.305141	0	0
8382	-0.304779	0	0
8381	-0.304418	0	0
8380	-0.304058	0	0
8379	-0.303698	0	0
8378	-0.303338	0	0
8377	-0.302979	0	0
8376	-0.30262	0	0
8375	-0.302262	0	0
8374	-0.301905	0	0
8373	-0.301548	0	0
8372	-0.301191	0	0
8371	-0.300835	0	0
8370	-0.300479	0	0
8369	-0.300124	0	0
8368	-0.299769	0	0
8367	-0.299415	0	0
8366	-0.299061	0	0
8365	-0.298708	0	0
8364	-0.298355	0	0
8363	-0.298002	0	0
8362	-0.29765	0	0
8361	-0.297299	0	0
8360	-0.296948	0	0
8359	-0.296598	0	0
8358	-0.296247	0	0
8357	-0.295898	0	0
8356	-0.295549	0	0
8355	-0.2952	0	0
8354	-0.294852	0	0
8353	-0.294504	0	0
8352	-0.294157	0	0
8351	-0.29381	0	0
8350	-0.293463	0	0
8349	-0.293117	0	0
8348	-0.292772	0	0
8347	-0.292427	0	0
8346	-0.292082	0	0
8345	-0.291738	0	0
8344	-0.291394	0	0
8343	-0.291051	0	0
8342	-0.290708	0	0
8341	-0.290366	0	0
8340	-0.290024	0	0
8339	-0.289682	0	0
8338	-0.289341	0	0
8337	-0.289	0	0
8336	-0.28866	0	0
8335	-0.28832	0	0
8334	-0.287981	0	0
8333	-0.287642	0	0
8332	-0.287304	0	0
8331	-0.286965	0	0
8330	-0.286628	0	0
8329	-0.286291	0	0
8328	-0.285954	0	0
8327	-0.285617	0	0
8326	-0.285281	0	0
8325	-0.284946	0	0
8324	-0.284611	0	0
8323	-0.284276	0	0
8322	-0.283942	0	0
8321	-0.283608	0	0
8320	-0.283274	0	0
8319	-0.282941	0	0
8318	-0.282608	0	0
8317	-0.282276	0	0
8316	-0.281944	0	0
8315	-0.281613	0	0
8314	-0.281282	0	0
8313	-0.280951	0	0
8312	-0.280621	0	0
8311	-0.280291	0	0
8310	-0.279962	0	0
8309	-0.279633	0	0
8308	-0.279304	0	0
8307	-0.278976	0	0
8306	-0.278648	0	0
8305	-0.278321	0	0
8304	-0.277994	0	0
8303	-0.277667	0	0
8302	-0.277341	0	0
8301	-0.277015	0	0
8300	-0.276689	0	0
8299	-0.276364	0	0
8298	-0.27604	0	0
8297	-0.275715	0	0
8296	-0.275391	0	0
8295	-0.275068	0	0
8294	-0.274745	0	0
8293	-0.274422	0	0
8292	-0.274099	0	0
8291	-0.273777	0	0
8290	-0.273456	0	0
8289	-0.273135	0	0
8288	-0.272814	0	0
8287	-0.272493	0	0
8286	-0.272173	0	0
8285	-0.271853	0	0
8284	-0.271534	0	0
8283	-0.271215	0	0
8282	-0.270896	0	0
8281	-0.270578	0	0
8280	-0.27026	0	0
8279	-0.269942	0	0
8278	-0.269625	0	0
8277	-0.269308	0	0
8276	-0.268992	0	0
8275	-0.268676	0	0
8274	-0.26836	0	0
8273	-0.268045	0	0
8272	-0.26773	0	0
8271	-0.267415	0	0
8270	-0.267101	0	0
8269	-0.266787	0	0
8268	-0.266474	0	0
8267	-0.26616	0	0
8266	-0.265848	0	0
8265	-0.265535	0	0
8264	-0.265223	0	0
8263	-0.264911	0	0
8262	-0.2646	0	0
8261	-0.264289	0	0
8260	-0.263978	0	0
8259	-0.263667	0	0
8258	-0.263357	0	0
8257	-0.263048	0	0
8256	-0.262738	0	0
8255	-0.262429	0	0
8254	-0.262121	0	0
8253	-0.261812	0	0
8252	-0.261504	0	0
8251	-0.261197	0	0
8250	-0.260889	0	0
8249	-0.260583	0	0
8248	-0.260276	0	0
8247	-0.25997	0	0
8246	-0.259664	0	0
8245	-0.259358	0	0
8244	-0.259053	0	0
8243	-0.258748	0	0
8242	-0.258443	0	0
8241	-0.258139	0	0
8240	-0.257835	0	0
8239	-0.257531	0	0
8238	-0.257228	0	0
8237	-0.256925	0	0
8236	-0.256623	0	0
8235	-0.25632	0	0
8234	-0.256018	0	0
8233	-0.255717	0	0
8232	-0.255415	0	0
8231	-0.255114	0	0
8230	-0.254814	0	0
8229	-0.254513	0	0
8228	-0.254213	0	0
8227	-0.253914	0	0
8226	-0.253614	0	0
8225	-0.253315	0	0
8224	-0.253016	0	0
8223	-0.252718	0	0
8222	-0.25242	0	0
8221	-0.252122	0	0
8220	-0.251825	0	0
8219	-0.251527	0	0
8218	-0.25123	0	0
8217	-0.250934	0	0
8216	-0.250638	0	0
8215	-0.250342	0	0
8214	-0.250046	0	0
8213	-0.249751	0	0
8212	-0.249456	0	0
8211	-0.249161	0	0
8210	-0.248867	0	0
8209	-0.248573	0	0
8208	-0.248279	0	0
8207	-0.247985	0	0
8206	-0.247692	0	0
8205	-0.247399	0	0
8204	-0.247107	0	0
8203	-0.246815	0	0
8202	-0.246523	0	0
8201	-0.246231	0	0
8200	-0.24594	0	0
8199	-0.245649	0	0
8198	-0.245358	0	0
8197	-0.245067	0	0
8196	-0.244777	0	0
8195	-0.244487	0	0
8194	-0.244198	0	0
8193	-0.243908	0	0
8192	-0.24362	0	0
8191	-0.243331	0	0
8190	-0.243042	0	0
8189	-0.242754	0	0
8188	-0.242466	0	0
8187	-0.242179	0	0
8186	-0.241892	0	0
8185	-0.241605	0	0
8184	-0.241318	0	0
8183	-0.241032	0	0
8182	-0.240746	0	0
8181	-0.24046	0	0
8180	-0.240174	0	0
8179	-0.239889	0	0
8178	-0.239604	0	0
8177	-0.23932	0	0
8176	-0.239035	0	0
8175	-0.238751	0	0
8174	-0.238467	0	0
8173	-0.238184	0	0
8172	-0.2379	0	0
8171	-0.237617	0	0
8170	-0.237335	0	0
8169	-0.237052	0	0
8168	-0.23677	0	0
8167	-0.236488	0	0
8166	-0.236207	0	0
8165	-0.235925	0	0
8164	-0.235644	0	0
8163	-0.235364	0	0
8162	-0.235083	0	0
8161	-0.234803	0	0
8160	-0.234523	0	0
8159	-0.234243	0	0
8158	-0.233964	0	0
8157	-0.233685	0	0
8156	-0.233406	0	0
8155	-0.233127	0	0
8154	-0.232849	0	0
8153	-0.232571	0	0
8152	-0.232293	0	0
8151	-0.232016	0	0
8150	-0.231739	0	0
8149	-0.231462	0	0
8148	-0.231185	0	0
8147	-0.230908	0	0
8146	-0.230632	0	0
8145	-0.230356	0	0
8144	-0.230081	0	0
8143	-0.229805	0	0
8142	-0.22953	0	0
8141	-0.229255	0	0
8140	-0.228981	0	0
8139	-0.228706	0	0
8138	-0.228432	0	0
8137	-0.228158	0	0
8136	-0.227885	0	0
8135	-0.227611	0	0
8134	-0.227338	0	0
8133	-0.227065	0	0
8132	-0.226793	0	0
8131	-0.226521	0	0
8130	-0.226249	0	0
8129	-0.225977	0	0
8128	-0.225705	0	0
8127	-0.225434	0	0
8126	-0.225163	0	0
8125	-0.224892	0	0
8124	-0.224622	0	0
8123	-0.224351	0	0
8122	-0.224081	0	0
8121	-0.223812	0	0
8120	-0.223542	0	0
8119	-0.223273	0	0
8118	-0.223004	0	0
8117	-0.222735	0	0
8116	-0.222466	0	0
8115	-0.222198	0	0
8114	-0.22193	0	0
8113	-0.221662	0	0
8112	-0.221395	0	0
8111	-0.221127	0	0
8110	-0.22086	0	0
8109	-0.220594	0	0
8108	-0.220327	0	0
8107	-0.220061	0	0
8106	-0.219795	0	0
8105	-0.219529	0	0
8104	-0.219263	0	0
8103	-0.218998	0	0
8102	-0.218733	0	0
8101	-0.218468	0	0
8100	-0.218203	0	0
8099	-0.217939	0	0
8098	-0.217675	0	0
8097	-0.217411	0	0
8096	-0.217147	0	0
8095	-0.216883	0	0
8094	-0.21662	0	0
8093	-0.216357	0	0
8092	-0.216094	0	0
8091	-0.215832	0	0
8090	-0.21557	0	0
8089	-0.215308	0	0
8088	-0.215046	0	0
8087	-0.214784	0	0
8086	-0.214523	0	0
8085	-0.214262	0	0
8084	-0.214001	0	0
8083	-0.21374	0	0
8082	-0.21348	0	0
8081	-0.21322	0	0
8080	-0.21296	0	0
8079	-0.2127	0	0
8078	-0.21244	0	0
8077	-0.212181	0	0
8076	-0.211922	0	0
8075	-0.211663	0	0
8074	-0.211405	0	0
8073	-0.211146	0	0
8072	-0.210888	0	0
8071	-0.21063	0	0
8070	-0.210372	0	0
8069	-0.210115	0	0
8068	-0.209858	0	0
8067	-0.209601	0	0
8066	-0.209344	0	0
8065	-0.209087	0	0
8064	-0.208831	0	0
8063	-0.208575	0	0
8062	-0.208319	0	0
8061	-0.208063	0	0
8060	-0.207808	0	0
8059	-0.207553	0	0
8058	-0.207298	0	0
8057	-0.207043	0	0
8056	-0.206788	0	0
8055	-0.206534	0	0
8054	-0.20628	0	0
8053	-0.206026	0	0
8052	-0.205772	0	0
8051	-0.205518	0	0
8050	-0.205265	0	0
8049	-0.205012	0	0
8048	-0.204759	0	0
8047	-0.204507	0	0
8046	-0.204254	0	0
8045	-0.204002	0	0
8044	-0.20375	0	0
8043	-0.203498	0	0
8042	-0.203247	0	0
8041	-0.202995	0	0
8040	-0.202744	0	0
8039	-0.202493	0	0
8038	-0.202243	0	0
8037	-0.201992	0	0
8036	-0.201742	0	0
8035	-0.201492	0	0
8034	-0.201242	0	0
8033	-0.200992	0	0
8032	-0.200743	0	0
8031	-0.200493	0	0
8030	-0.200244	0	0
8029	-0.199996	0	0
8028	-0.199747	0	0
8027	-0.199499	0	0
8026	-0.19925	0	0
8025	-0.199002	0	0
8024	-0.198755	0	0
8023	-0.198507	0	0
8022	-0.19826	0	0
8021	-0.198012	0	0
8020	-0.197766	0	0
8019	-0.197519	0	0
8018	-0.197272	0	0
8017	-0.197026	0	0
8016	-0.19678	0	0
8015	-0.196534	0	0
8014	-0.196288	0	0
8013	-0.196042	0	0
8012	-0.195797	0	0
8011	-0.195552	0	0
8010	-0.195307	0	0
8009	-0.195062	0	0
8008	-0.194818	0	0
8007	-0.194573	0	0
8006	-0.194329	0	0
8005	-0.194085	0	0
8004	-0.193842	0	0
8003	-0.193598	0	0
8002	-0.193355	0	0
8001	-0.193112	0	0
8000	-0.192869	0	0
7999	-0.192626	0	0
7998	-0.192383	0	0
7997	-0.192141	0	0
7996	-0.191899	0	0
7995	-0.191657	0	0
7994	-0.191415	0	0
7993	-0.191174	0	0
7992	-0.190932	0	0
7991	-0.190691	0	0
7990	-0.19045	0	0
7989	-0.190209	0	0
7988	-0.189969	0	0
7987	-0.189728	0	0
7986	-0.189488	0	0
7985	-0.189248	0	0
7984	-0.189008	0	0
7983	-0.188769	0	0
7982	-0.188529	0	0
7981	-0.18829	0	0
7980	-0.188051	0	0
7979	-0.187812	0	0
7978	-0.187574	0	0
7977	-0.187335	0	0
7976	-0.187097	0	0
7975	-0.186859	0	0
7974	-0.186621	0	0
7973	-0.186383	0	0
7972	-0.186146	0	0
7971	-0.185908	0	0
7970	-0.185671	0	0
7969	-0.185434	0	0
7968	-0.185198	0	0
7967	-0.184961	0	0
7966	-0.184725	0	0
7965	-0.184488	0	0
7964	-0.184252	0	0
7963	-0.184017	0	0
7962	-0.183781	0	0
7961	-0.183545	0	0
7960	-0.18331	0	0
7959	-0.183075	0	0
7958	-0.18284	0	0
7957	-0.182606	0	0
7956	-0.182371	0	0
7955	-0.182137	0	0
7954	-0.181903	0	0
7953	-0.181669	0	0
7952	-0.181435	0	0
7951	-0.181201	0	0
7950	-0.180968	0	0
7949	-0.180734	0	0
7948	-0.180501	0	0
7947	-0.180269	0	0
7946	-0.180036	0	0
7945	-0.179803	0	0
7944	-0.179571	0	0
7943	-0.179339	0	0
7942	-0.179107	0	0
7941	-0.178875	0	0
7940	-0.178644	0	0
7939	-0.178412	0	0
7938	-0.178181	0	0
7937	-0.17795	0	0
7936	-0.177719	0	0
7935	-0.177488	0	0
7934	-0.177258	0	0
7933	-0.177027	0	0
7932	-0.176797	0	0
7931	-0.176567	0	0
7930	-0.176337	0	0
7929	-0.176108	0	0
7928	-0.175878	0	0
7927	-0.175649	0	0
7926	-0.17542	0	0
7925	-0.175191	0	0
7924	-0.174962	0	0
7923	-0.174734	0	0
7922	-0.174505	0	0
7921	-0.174277	0	0
7920	-0.174049	0	0
7919	-0.173821	0	0
7918	-0.173593	0	0
7917	-0.173366	0	0
7916	-0.173138	0	0
7915	-0.172911	0	0
7914	-0.172684	0	0
7913	-0.172457	0	0
7912	-0.172231	0	0
7911	-0.172004	0	0
7910	-0.171778	0	0
7909	-0.171552	0	0
7908	-0.171326	0	0
7907	-0.1711	0	0
7906	-0.170874	0	0
7905	-0.170649	0	0
7904	-0.170424	0	0
7903	-0.170199	0	0
7902	-0.169974	0	0
7901	-0.169749	0	0
7900	-0.169524	0	0
7899	-0.1693	0	0
7898	-0.169076	0	0
7897	-0.168852	0	0
7896	-0.168628	0	0
7895	-0.168404	0	0
7894	-0.16818	0	0
7893	-0.167957	0	0
7892	-0.167734	0	0
7891	-0.167511	0	0
7890	-0.167288	0	0
7889	-0.167065	0	0
7888	-0.166842	0	0
7887	-0.16662	0	0
7886	-0.166398	0	0
7885	-0.166176	0	0
7884	-0.165954	0	0
7883	-0.165732	0	0
7882	-0.165511	0	0
7881	-0.165289	0	0
7880	-0.165068	0	0
7879	-0.164847	0	0
7878	-0.164626	0	0
7877	-0.164405	0	0
7876	-0.164185	0	0
7875	-0.163964	0	0
7874	-0.163744	0	0
7873	-0.163524	0	0
7872	-0.163304	0	0
7871	-0.163084	0	0
7870	-0.162865	0	0
7869	-0.162645	0	0
7868	-0.162426	0	0
7867	-0.162207	0	0
7866	-0.161988	0	0
7865	-0.161769	0	0
7864	-0.161551	0	0
7863	-0.161332	0	0
7862	-0.161114	0	0
7861	-0.160896	0	0
7860	-0.160678	0	0
7859	-0.16046	0	0
7858	-0.160243	0	0
7857	-0.160025	0	0
7856	-0.159808	0	0
7855	-0.159591	0	0
7854	-0.159374	0	0
7853	-0.159157	0	0
7852	-0.15894	0	0
7851	-0.158724	0	0
7850	-0.158508	0	0
7849	-0.158291	0	0
7848	-0.158075	0	0
7847	-0.15786	0	0
7846	-0.157644	0	0
7845	-0.157428	0	0
7844	-0.157213	0	0
7843	-0.156998	0	0
7842	-0.156783	0	0
7841	-0.156568	0	0
7840	-0.156353	0	0
7839	-0.156139	0	0
7838	-0.155924	0	0
7837	-0.15571	0	0
7836	-0.155496	0	0
7835	-0.155282	0	0
7834	-0.155068	0	0
7833	-0.154855	0	0
7832	-0.154641	0	0
7831	-0.154428	0	0
7830	-0.154215	0	0
7829	-0.154002	0	0
7828	-0.153789	0	0
7827	-0.153576	0	0
7826	-0.153364	0	0
7825	-0.153151	0	0
7824	-0.152939	0	0
7823	-0.152727	0	0
7822	-0.152515	0	0
7821	-0.152303	0	0
7820	-0.152092	0	0
7819	-0.15188	0	0
7818	-0.151669	0	0
7817	-0.151458	0	0
7816	-0.151247	0	0
7815	-0.151036	0	0
7814	-0.150826	0	0
7813	-0.150615	0	0
7812	-0.150405	0	0
7811	-0.150195	0	0
7810	-0.149985	0	0
7809	-0.149775	0	0
7808	-0.149565	0	0
7807	-0.149355	0	0
7806	-0.149146	0	0
7805	-0.148937	0	0
7804	-0.148728	0	0
7803	-0.148519	0	0
7802	-0.14831	0	0
7801	-0.148101	0	0
7800	-0.147893	0	0
7799	-0.147684	0	0
7798	-0.147476	0	0
7797	-0.147268	0	0
7796	-0.14706	0	0
7795	-0.146852	0	0
7794	-0.146645	0	0
7793	-0.146437	0	0
7792	-0.14623	0	0
7791	-0.146023	0	0
7790	-0.145816	0	0
7789	-0.145609	0	0
7788	-0.145403	0	0
7787	-0.145196	0	0
7786	-0.14499	0	0
7785	-0.144783	0	0
7784	-0.144577	0	0
7783	-0.144371	0	0
7782	-0.144166	0	0
7781	-0.14396	0	0
7780	-0.143755	0	0
7779	-0.143549	0	0
7778	-0.143344	0	0
7777	-0.143139	0	0
7776	-0.142934	0	0
7775	-0.142729	0	0
7774	-0.142525	0	0
7773	-0.14232	0	0
7772	-0.142116	0	0
7771	-0.141912	0	0
7770	-0.141708	0	0
7769	-0.141504	0	0
7768	-0.1413	0	0
7767	-0.141097	0	0
7766	-0.140894	0	0
7765	-0.14069	0	0
7764	-0.140487	0	0
7763	-0.140284	0	0
7762	-0.140081	0	0
7761	-0.139879	0	0
7760	-0.139676	0	0
7759	-0.139474	0	0
7758	-0.139272	0	0
7757	-0.13907	0	0
7756	-0.138868	0	0
7755	-0.138666	0	0
7754	-0.138464	0	0
7753	-0.138263	0	0
7752	-0.138062	0	0
7751	-0.13786	0	0
7750	-0.137659	0	0
7749	-0.137458	0	0
7748	-0.137258	0	0
7747	-0.137057	0	0
7746	-0.136857	0	0
7745	-0.136656	0	0
7744	-0.136456	0	0
7743	-0.136256	0	0
7742	-0.136056	0	0
7741	-0.135857	0	0
7740	-0.135657	0	0
7739	-0.135458	0	0
7738	-0.135258	0	0
7737	-0.135059	0	0
7736	-0.13486	0	0
7735	-0.134661	0	0
7734	-0.134463	0	0
7733	-0.134264	0	0
7732	-0.134066	0	0
7731	-0.133867	0	0
7730	-0.133669	0	0
7729	-0.133471	0	0
7728	-0.133273	0	0
7727	-0.133076	0	0
7726	-0.132878	0	0
7725	-0.132681	0	0
7724	-0.132483	0	0
7723	-0.132286	0	0
7722	-0.132089	0	0
7721	-0.131892	0	0
7720	-0.131696	0	0
7719	-0.131499	0	0
7718	-0.131303	0	0
7717	-0.131107	0	0
7716	-0.13091	0	0
7715	-0.130714	0	0
7714	-0.130519	0	0
7713	-0.130323	0	0
7712	-0.130127	0	0
7711	-0.129932	0	0
7710	-0.129737	0	0
7709	-0.129541	0	0
7708	-0.129347	0	0
7707	-0.129152	0	0
7706	-0.128957	0	0
7705	-0.128762	0	0
7704	-0.128568	0	0
7703	-0.128374	0	0
7702	-0.12818	0	0
7701	-0.127986	0	0
7700	-0.127792	0	0
7699	-0.127598	0	0
7698	-0.127404	0	0
7697	-0.127211	0	0
7696	-0.127018	0	0
7695	-0.126825	0	0
7694	-0.126632	0	0
7693	-0.126439	0	0
7692	-0.126246	0	0
7691	-0.126053	0	0
7690	-0.125861	0	0
7689	-0.125669	0	0
7688	-0.125476	0	0
7687	-0.125284	0	0
7686	-0.125093	0	0
7685	-0.124901	0	0
7684	-0.124709	0	0
7683	-0.124518	0	0
7682	-0.124326	0	0
7681	-0.124135	0	0
7680	-0.123944	0	0
7679	-0.123753	0	0
7678	-0.123563	0	0
7677	-0.123372	0	0
7676	-0.123181	0	0
7675	-0.122991	0	0
7674	-0.122801	0	0
7673	-0.122611	0	0
7672	-0.122421	0	0
7671	-0.122231	0	0
7670	-0.122041	0	0
7669	-0.121852	0	0
7668	-0.121662	0	0
7667	-0.121473	0	0
7666	-0.121284	0	0
7665	-0.121095	0	0
7664	-0.120906	0	0
7663	-0.120718	0	0
7662	-0.120529	0	0
7661	-0.120341	0	0
7660	-0.120152	0	0
7659	-0.119964	0	0
7658	-0.119776	0	0
7657	-0.119589	0	0
7656	-0.119401	0	0
7655	-0.119213	0	0
7654	-0.119026	0	0
7653	-0.118838	0	0
7652	-0.118651	0	0
7651	-0.118464	0	0
7650	-0.118277	0	0
7649	-0.118091	0	0
7648	-0.117904	0	0
7647	-0.117718	0	0
7646	-0.117531	0	0
7645	-0.117345	0	0
7644	-0.117159	0	0
7643	-0.116973	0	0
7642	-0.116787	0	0
7641	-0.116602	0	0
7640	-0.116416	0	0
7639	-0.116231	0	0
7638	-0.116045	0	0
7637	-0.11586	0	0
7636	-0.115675	0	0
7635	-0.115491	0	0
7634	-0.115306	0	0
7633	-0.115121	0	0
7632	-0.114937	0	0
7631	-0.114753	0	0
7630	-0.114568	0	0
7629	-0.114384	0	0
7628	-0.114201	0	0
7627	-0.114017	0	0
7626	-0.113833	0	0
7625	-0.11365	0	0
7624	-0.113466	0	0
7623	-0.113283	0	0
7622	-0.1131	0	0
7621	-0.112917	0	0
7620	-0.112734	0	0
7619	-0.112552	0	0
7618	-0.112369	0	0
7617	-0.112187	0	0
7616	-0.112005	0	0
7615	-0.111823	0	0
7614	-0.111641	0	0
7613	-0.111459	0	0
7612	-0.111277	0	0
7611	-0.111095	0	0
7610	-0.110914	0	0
7609	-0.110733	0	0
7608	-0.110552	0	0
7607	-0.110371	0	0
7606	-0.11019	0	0
7605	-0.110009	0	0
7604	-0.109828	0	0
7603	-0.109648	0	0
7602	-0.109467	0	0
7601	-0.109287	0	0
7600	-0.109107	0	0
7599	-0.108927	0	0
7598	-0.108747	0	0
7597	-0.108568	0	0
7596	-0.108388	0	0
7595	-0.108209	0	0
7594	-0.108029	0	0
7593	-0.10785	0	0
7592	-0.107671	0	0
7591	-0.107492	0	0
7590	-0.107314	0	0
7589	-0.107135	0	0
7588	-0.106957	0	0
7587	-0.106778	0	0
7586	-0.1066	0	0
7585	-0.106422	0	0
7584	-0.106244	0	0
7583	-0.106066	0	0
7582	-0.105889	0	0
7581	-0.105711	0	0
7580	-0.105534	0	0
7579	-0.105356	0	0
7578	-0.105179	0	0
7577	-0.105002	0	0
7576	-0.104826	0	0
7575	-0.104649	0	0
7574	-0.104472	0	0
7573	-0.104296	0	0
7572	-0.104119	0	0
7571	-0.103943	0	0
7570	-0.103767	0	0
7569	-0.103591	0	0
7568	-0.103415	0	0
7567	-0.10324	0	0
7566	-0.103064	0	0
7565	-0.102889	0	0
7564	-0.102714	0	0
7563	-0.102539	0	0
7562	-0.102364	0	0
7561	-0.102189	0	0
7560	-0.102014	0	0
7559	-0.101839	0	0
7558	-0.101665	0	0
7557	-0.101491	0	0
7556	-0.101316	0	0
7555	-0.101142	0	0
7554	-0.100968	0	0
7553	-0.100795	0	0
7552	-0.100621	0	0
7551	-0.100448	0	0
7550	-0.100274	0	0
7549	-0.100101	0	0
7548	-0.0999278	0	0
7547	-0.0997548	0	0
7546	-0.0995819	0	0
7545	-0.0994092	0	0
7544	-0.0992366	0	0
7543	-0.0990641	0	0
7542	-0.0988918	0	0
7541	-0.0987196	0	0
7540	-0.0985476	0	0
7539	-0.0983757	0	0
7538	-0.0982039	0	0
7537	-0.0980322	0	0
7536	-0.0978607	0	0
7535	-0.0976893	0	0
7534	-0.097518	0	0
7533	-0.0973469	0	0
7532	-0.0971759	0	0
7531	-0.097005	0	0
7530	-0.0968343	0	0
7529	-0.0966637	0	0
7528	-0.0964932	0	0
7527	-0.0963229	0	0
7526	-0.0961527	0	0
7525	-0.0959826	0	0
7524	-0.0958127	0	0
7523	-0.0956429	0	0
7522	-0.0954732	0	0
7521	-0.0953037	0	0
7520	-0.0951343	0	0
7519	-0.094965	0	0
7518	-0.0947959	0	0
7517	-0.0946269	0	0
7516	-0.094458	0	0
7515	-0.0942893	0	0
7514	-0.0941206	0	0
7513	-0.0939522	0	0
7512	-0.0937838	0	0
7511	-0.0936156	0	0
7510	-0.0934475	0	0
7509	-0.0932796	0	0
7508	-0.0931117	0	0
7507	-0.0929441	0	0
7506	-0.0927765	0	0
7505	-0.0926091	0	0
7504	-0.0924418	0	0
7503	-0.0922746	0	0
7502	-0.0921076	0	0
7501	-0.0919407	0	0
7500	-0.091774	0	0
7499	-0.0916073	0	0
7498	-0.0914408	0	0
7497	-0.0912745	0	0
7496	-0.0911082	0	0
7495	-0.0909421	0	0
7494	-0.0907762	0	0
7493	-0.0906103	0	0
7492	-0.0904446	0	0
7491	-0.090279	0	0
7490	-0.0901136	0	0
7489	-0.0899483	0	0
7488	-0.0897831	0	0
7487	-0.0896181	0	0
7486	-0.0894532	0	0
7485	-0.0892884	0	0
7484	-0.0891237	0	0
7483	-0.0889592	0	0
7482	-0.0887948	0	0
7481	-0.0886306	0	0
7480	-0.0884664	0	0
7479	-0.0883024	0	0
7478	-0.0881386	0	0
7477	-0.0879749	0	0
7476	-0.0878113	0	0
7475	-0.0876478	0	0
7474	-0.0874845	0	0
7473	-0.0873213	0	0
7472	-0.0871582	0	0
7471	-0.0869953	0	0
7470	-0.0868325	0	0
7469	-0.0866698	0	0
7468	-0.0865072	0	0
7467	-0.0863448	0	0
7466	-0.0861826	0	0
7465	-0.0860204	0	0
7464	-0.0858584	0	0
7463	-0.0856965	0	0
7462	-0.0855348	0	0
7461	-0.0853731	0	0
7460	-0.0852116	0	0
7459	-0.0850503	0	0
7458	-0.0848891	0	0
7457	-0.084728	0	0
7456	-0.084567	0	0
7455	-0.0844062	0	0
7454	-0.0842455	0	0
7453	-0.0840849	0	0
7452	-0.0839245	0	0
7451	-0.0837642	0	0
7450	-0.083604	0	0
7449	-0.083444	0	0
7448	-0.0832841	0	0
7447	-0.0831243	0	0
7446	-0.0829646	0	0
7445	-0.0828051	0	0
7444	-0.0826457	0	0
7443	-0.0824865	0	0
7442	-0.0823274	0	0
7441	-0.0821684	0	0
7440	-0.0820095	0	0
7439	-0.0818508	0	0
7438	-0.0816922	0	0
7437	-0.0815337	0	0
7436	-0.0813754	0	0
7435	-0.0812172	0	0
7434	-0.0810592	0	0
7433	-0.0809012	0	0
7432	-0.0807434	0	0
7431	-0.0805857	0	0
7430	-0.0804282	0	0
7429	-0.0802708	0	0
7428	-0.0801135	0	0
7427	-0.0799564	0	0
7426	-0.0797994	0	0
7425	-0.0796425	0	0
7424	-0.0794857	0	0
7423	-0.0793291	0	0
7422	-0.0791726	0	0
7421	-0.0790163	0	0
7420	-0.0788601	0	0
7419	-0.078704	0	0
7418	-0.078548	0	0
7417	-0.0783922	0	0
7416	-0.0782365	0	0
7415	-0.0780809	0	0
7414	-0.0779255	0	0
7413	-0.0777702	0	0
7412	-0.077615	0	0
7411	-0.07746	0	0
7410	-0.0773051	0	0
7409	-0.0771503	0	0
7408	-0.0769957	0	0
7407	-0.0768411	0	0
7406	-0.0766868	0	0
7405	-0.0765325	0	0
7404	-0.0763784	0	0
7403	-0.0762244	0	0
7402	-0.0760706	0	0
7401	-0.0759169	0	0
7400	-0.0757633	0	0
7399	-0.0756098	0	0
7398	-0.0754565	0	0
7397	-0.0753033	0	0
7396	-0.0751502	0	0
7395	-0.0749973	0	0
7394	-0.0748445	0	0
7393	-0.0746918	0	0
7392	-0.0745393	0	0
7391	-0.0743869	0	0
7390	-0.0742346	0	0
7389	-0.0740825	0	0
7388	-0.0739305	0	0
7387	-0.0737786	0	0
7386	-0.0736269	0	0
7385	-0.0734753	0	0
7384	-0.0733238	0	0
7383	-0.0731724	0	0
7382	-0.0730212	0	0
7381	-0.0728701	0	0
7380	-0.0727192	0	0
7379	-0.0725684	0	0
7378	-0.0724177	0	0
7377	-0.0722671	0	0
7376	-0.0721167	0	0
7375	-0.0719664	0	0
7374	-0.0718162	0	0
7373	-0.0716662	0	0
7372	-0.0715163	0	0
7371	-0.0713666	0	0
7370	-0.0712169	0	0
7369	-0.0710674	0	0
7368	-0.0709181	0	0
7367	-0.0707688	0	0
7366	-0.0706197	0	0
7365	-0.0704707	0	0
7364	-0.0703219	0	0
7363	-0.0701732	0	0
7362	-0.0700246	0	0
7361	-0.0698762	0	0
7360	-0.0697279	0	0
7359	-0.0695797	0	0
7358	-0.0694317	0	0
7357	-0.0692837	0	0
7356	-0.069136	0	0
7355	-0.0689883	0	0
7354	-0.0688408	0	0
7353	-0.0686934	0	0
7352	-0.0685462	0	0
7351	-0.068399	0	0
7350	-0.0682521	0	0
7349	-0.0681052	0	0
7348	-0.0679585	0	0
7347	-0.0678119	0	0
7346	-0.0676654	0	0
7345	-0.0675191	0	0
7344	-0.0673729	0	0
7343	-0.0672269	0	0
7342	-0.0670809	0	0
7341	-0.0669351	0	0
7340	-0.0667895	0	0
7339	-0.0666439	0	0
7338	-0.0664985	0	0
7337	-0.0663533	0	0
7336	-0.0662081	0	0
7335	-0.0660631	0	0
7334	-0.0659183	0	0
7333	-0.0657735	0	0
7332	-0.0656289	0	0
7331	-0.0654845	0	0
7330	-0.0653401	0	0
7329	-0.0651959	0	0
7328	-0.0650519	0	0
7327	-0.0649079	0	0
7326	-0.0647641	0	0
7325	-0.0646204	0	0
7324	-0.0644769	0	0
7323	-0.0643335	0	0
7322	-0.0641902	0	0
7321	-0.0640471	0	0
7320	-0.0639041	0	0
7319	-0.0637612	0	0
7318	-0.0636184	0	0
7317	-0.0634758	0	0
7316	-0.0633333	0	0
7315	-0.063191	0	0
7314	-0.0630488	0	0
7313	-0.0629067	0	0
7312	-0.0627648	0	0
7311	-0.062623	0	0
7310	-0.0624813	0	0
7309	-0.0623397	0	0
7308	-0.0621983	0	0
7307	-0.062057	0	0
7306	-0.0619159	0	0
7305	-0.0617749	0	0
7304	-0.061634	0	0
7303	-0.0614932	0	0
7302	-0.0613526	0	0
7301	-0.0612121	0	0
7300	-0.0610718	0	0
7299	-0.0609316	0	0
7298	-0.0607915	0	0
7297	-0.0606515	0	0
7296	-0.0605117	0	0
7295	-0.0603721	0	0
7294	-0.0602325	0	0
7293	-0.0600931	0	0
7292	-0.0599538	0	0
7291	-0.0598147	0	0
7290	-0.0596756	0	0
7289	-0.0595368	0	0
7288	-0.059398	0	0
7287	-0.0592594	0	0
7286	-0.0591209	0	0
7285	-0.0589826	0	0
7284	-0.0588444	0	0
7283	-0.0587063	0	0
7282	-0.0585683	0	0
7281	-0.0584305	0	0
7280	-0.0582928	0	0
7279	-0.0581553	0	0
7278	-0.0580179	0	0
7277	-0.0578806	0	0
7276	-0.0577435	0	0
7275	-0.0576065	0	0
7274	-0.0574696	0	0
7273	-0.0573328	0	0
7272	-0.0571962	0	0
7271	-0.0570598	0	0
7270	-0.0569234	0	0
7269	-0.0567872	0	0
7268	-0.0566511	0	0
7267	-0.0565152	0	0
7266	-0.0563794	0	0
7265	-0.0562437	0	0
7264	-0.0561082	0	0
7263	-0.0559728	0	0
7262	-0.0558375	0	0
7261	-0.0557024	0	0
7260	-0.0555674	0	0
7259	-0.0554325	0	0
7258	-0.0552978	0	0
7257	-0.0551632	0	0
7256	-0.0550287	0	0
7255	-0.0548944	0	0
7254	-0.0547602	0	0
7253	-0.0546261	0	0
7252	-0.0544922	0	0
7251	-0.0543584	0	0
7250	-0.0542248	0	0
7249	-0.0540912	0	0
7248	-0.0539579	0	0
7247	-0.0538246	0	0
7246	-0.0536915	0	0
7245	-0.0535585	0	0
7244	-0.0534256	0	0
7243	-0.0532929	0	0
7242	-0.0531604	0	0
7241	-0.0530279	0	0
7240	-0.0528956	0	0
7239	-0.0527634	0	0
7238	-0.0526314	0	0
7237	-0.0524995	0	0
7236	-0.0523677	0	0
7235	-0.0522361	0	0
7234	-0.0521046	0	0
7233	-0.0519732	0	0
7232	-0.051842	0	0
7231	-0.0517109	0	0
7230	-0.0515799	0	0
7229	-0.0514491	0	0
7228	-0.0513184	0	0
7227	-0.0511878	0	0
7226	-0.0510574	0	0
7225	-0.0509271	0	0
7224	-0.050797	0	0
7223	-0.0506669	0	0
7222	-0.0505371	0	0
7221	-0.0504073	0	0
7220	-0.0502777	0	0
7219	-0.0501482	0	0
7218	-0.0500189	0	0
7217	-0.0498897	0	0
7216	-0.0497606	0	0
7215	-0.0496317	0	0
7214	-0.0495029	0	0
7213	-0.0493742	0	0
7212	-0.0492457	0	0
7211	-0.0491173	0	0
7210	-0.048989	0	0
7209	-0.0488609	0	0
7208	-0.0487329	0	0
7207	-0.0486051	0	0
7206	-0.0484773	0	0
7205	-0.0483498	0	0
7204	-0.0482223	0	0
7203	-0.048095	0	0
7202	-0.0479678	0	0
7201	-0.0478408	0	0
7200	-0.0477139	0	0
7199	-0.0475871	0	0
7198	-0.0474605	0	0
7197	-0.047334	0	0
7196	-0.0472076	0	0
7195	-0.0470814	0	0
7194	-0.0469553	0	0
7193	-0.0468294	0	0
7192	-0.0467036	0	0
7191	-0.0465779	0	0
7190	-0.0464524	0	0
7189	-0.0463269	0	0
7188	-0.0462017	0	0
7187	-0.0460765	0	0
7186	-0.0459515	0	0
7185	-0.0458267	0	0
7184	-0.045702	0	0
7183	-0.0455774	0	0
7182	-0.0454529	0	0
7181	-0.0453286	0	0
7180	-0.0452044	0	0
7179	-0.0450804	0	0
7178	-0.0449565	0	0
7177	-0.0448327	0	0
7176	-0.0447091	0	0
7175	-0.0445856	0	0
7174	-0.0444622	0	0
7173	-0.044339	0	0
7172	-0.0442159	0	0
7171	-0.0440929	0	0
7170	-0.0439701	0	0
7169	-0.0438474	0	0
7168	-0.0437249	0	0
7167	-0.0436025	0	0
7166	-0.0434802	0	0
7165	-0.0433581	0	0
7164	-0.0432361	0	0
7163	-0.0431143	0	0
7162	-0.0429925	0	0
7161	-0.042871	0	0
7160	-0.0427495	0	0
7159	-0.0426282	0	0
7158	-0.042507	0	0
7157	-0.042386	0	0
7156	-0.0422651	0	0
7155	-0.0421443	0	0
7154	-0.0420237	0	0
7153	-0.0419032	0	0
7152	-0.0417829	0	0
7151	-0.0416627	0	0
7150	-0.0415426	0	0
7149	-0.0414226	0	0
7148	-0.0413028	0	0
7147	-0.0411832	0	0
7146	-0.0410637	0	0
7145	-0.0409443	0	0
7144	-0.040825	0	0
7143	-0.0407059	0	0
7142	-0.0405869	0	0
7141	-0.0404681	0	0
7140	-0.0403494	0	0
7139	-0.0402308	0	0
7138	-0.0401124	0	0
7137	-0.0399941	0	0
7136	-0.039876	0	0
7135	-0.0397579	0	0
7134	-0.0396401	0	0
7133	-0.0395223	0	0
7132	-0.0394047	0	0
7131	-0.0392873	0	0
7130	-0.0391699	0	0
7129	-0.0390528	0	0
7128	-0.0389357	0	0
7127	-0.0388188	0	0
7126	-0.038702	0	0
7125	-0.0385854	0	0
7124	-0.0384689	0	0
7123	-0.0383525	0	0
7122	-0.0382363	0	0
7121	-0.0381202	0	0
7120	-0.0380043	0	0
7119	-0.0378885	0	0
7118	-0.0377728	0	0
7117	-0.0376573	0	0
7116	-0.0375419	0	0
7115	-0.0374267	0	0
7114	-0.0373115	0	0
7113	-0.0371966	0	0
7112	-0.0370817	0	0
7111	-0.036967	0	0
7110	-0.0368525	0	0
7109	-0.0367381	0	0
7108	-0.0366238	0	0
7107	-0.0365096	0	0
7106	-0.0363956	0	0
7105	-0.0362818	0	0
7104	-0.036168	0	0
7103	-0.0360544	0	0
7102	-0.035941	0	0
7101	-0.0358277	0	0
7100	-0.0357145	0	0
7099	-0.0356015	0	0
7098	-0.0354886	0	0
7097	-0.0353758	0	0
7096	-0.0352632	0	0
7095	-0.0351507	0	0
7094	-0.0350384	0	0
7093	-0.0349262	0	0
7092	-0.0348141	0	0
7091	-0.0347022	0	0
7090	-0.0345904	0	0
7089	-0.0344788	0	0
7088	-0.0343672	0	0
7087	-0.0342559	0	0
7086	-0.0341447	0	0
7085	-0.0340336	0	0
7084	-0.0339226	0	0
7083	-0.0338118	0	0
7082	-0.0337011	0	0
7081	-0.0335906	0	0
7080	-0.0334802	0	0
7079	-0.03337	0	0
7078	-0.0332598	0	0
7077	-0.0331499	0	0
7076	-0.03304	0	0
7075	-0.0329303	0	0
7074	-0.0328208	0	0
7073	-0.0327114	0	0
7072	-0.0326021	0	0
7071	-0.032493	0	0
7070	-0.032384	0	0
7069	-0.0322751	0	0
7068	-0.0321664	0	0
7067	-0.0320578	0	0
7066	-0.0319494	0	0
7065	-0.0318411	0	0
7064	-0.0317329	0	0
7063	-0.0316249	0	0
7062	-0.031517	0	0
7061	-0.0314093	0	0
7060	-0.0313017	0	0
7059	-0.0311942	0	0
7058	-0.0310869	0	0
7057	-0.0309797	0	0
7056	-0.0308727	0	0
7055	-0.0307658	0	0
7054	-0.0306591	0	0
7053	-0.0305524	0	0
7052	-0.030446	0	0
7051	-0.0303396	0	0
7050	-0.0302334	0	0
7049	-0.0301274	0	0
7048	-0.0300215	0	0
7047	-0.0299157	0	0
7046	-0.02981	0	0
7045	-0.0297046	0	0
7044	-0.0295992	0	0
7043	-0.029494	0	0
7042	-0.0293889	0	0
7041	-0.029284	0	0
7040	-0.0291792	0	0
7039	-0.0290745	0	0
7038	-0.02897	0	0
7037	-0.0288657	0	0
7036	-0.0287614	0	0
7035	-0.0286573	0	0
7034	-0.0285534	0	0
7033	-0.0284496	0	0
7032	-0.0283459	0	0
7031	-0.0282424	0	0
7030	-0.028139	0	0
7029	-0.0280358	0	0
7028	-0.0279327	0	0
7027	-0.0278297	0	0
7026	-0.0277269	0	0
7025	-0.0276242	0	0
7024	-0.0275217	0	0
7023	-0.0274193	0	0
7022	-0.027317	0	0
7021	-0.0272149	0	0
7020	-0.0271129	0	0
7019	-0.0270111	0	0
7018	-0.0269094	0	0
7017	-0.0268079	0	0
7016	-0.0267064	0	0
7015	-0.0266052	0	0
7014	-0.026504	0	0
7013	-0.0264031	0	0
7012	-0.0263022	0	0
7011	-0.0262015	0	0
7010	-0.026101	0	0
7009	-0.0260005	0	0
7008	-0.0259003	0	0
7007	-0.0258001	0	0
7006	-0.0257001	0	0
7005	-0.0256003	0	0
7004	-0.0255006	0	0
7003	-0.025401	0	0
7002	-0.0253016	0	0
7001	-0.0252023	0	0
7000	-0.0251031	0	0
6999	-0.0250041	0	0
6998	-0.0249053	0	0
6997	-0.0248065	0	0
6996	-0.024708	0	0
6995	-0.0246095	0	0
6994	-0.0245112	0	0
6993	-0.0244131	0	0
6992	-0.0243151	0	0
6991	-0.0242172	0	0
6990	-0.0241195	0	0
6989	-0.0240219	0	0
6988	-0.0239245	0	0
6987	-0.0238272	0	0
6986	-0.02373	0	0
6985	-0.023633	0	0
6984	-0.0235361	0	0
6983	-0.0234394	0	0
6982	-0.0233428	0	0
6981	-0.0232463	0	0
6980	-0.02315	0	0
6979	-0.0230539	0	0
6978	-0.0229579	0	0
6977	-0.022862	0	0
6976	-0.0227662	0	0
6975	-0.0226706	0	0
6974	-0.0225752	0	0
6973	-0.0224799	0	0
6972	-0.0223847	0	0
6971	-0.0222897	0	0
6970	-0.0221948	0	0
6969	-0.0221001	0	0
6968	-0.0220055	0	0
6967	-0.021911	0	0
6966	-0.0218167	0	0
6965	-0.0217226	0	0
6964	-0.0216285	0	0
6963	-0.0215346	0	0
6962	-0.0214409	0	0
6961	-0.0213473	0	0
6960	-0.0212539	0	0
6959	-0.0211605	0	0
6958	-0.0210674	0	0
6957	-0.0209743	0	0
6956	-0.0208815	0	0
6955	-0.0207887	0	0
6954	-0.0206961	0	0
6953	-0.0206037	0	0
6952	-0.0205114	0	0
6951	-0.0204192	0	0
6950	-0.0203272	0	0
6949	-0.0202353	0	0
6948	-0.0201435	0	0
6947	-0.0200519	0	0
6946	-0.0199605	0	0
6945	-0.0198692	0	0
6944	-0.019778	0	0
6943	-0.019687	0	0
6942	-0.0195961	0	0
6941	-0.0195054	0	0
6940	-0.0194148	0	0
6939	-0.0193243	0	0
6938	-0.019234	0	0
6937	-0.0191439	0	0
6936	-0.0190538	0	0
6935	-0.018964	0	0
6934	-0.0188742	0	0
6933	-0.0187846	0	0
6932	-0.0186952	0	0
6931	-0.0186059	0	0
6930	-0.0185167	0	0
6929	-0.0184277	0	0
6928	-0.0183388	0	0
6927	-0.0182501	0	0
6926	-0.0181615	0	0
6925	-0.0180731	0	0
6924	-0.0179848	0	0
6923	-0.0178966	0	0
6922	-0.0178086	0	0
6921	-0.0177208	0	0
6920	-0.017633	0	0
6919	-0.0175454	0	0
6918	-0.017458	0	0
6917	-0.0173707	0	0
6916	-0.0172836	0	0
6915	-0.0171966	0	0
6914	-0.0171097	0	0
6913	-0.017023	0	0
6912	-0.0169364	0	0
6911	-0.01685	0	0
6910	-0.0167637	0	0
6909	-0.0166776	0	0
6908	-0.0165916	0	0
6907	-0.0165057	0	0
6906	-0.01642	0	0
6905	-0.0163344	0	0
6904	-0.016249	0	0
6903	-0.0161637	0	0
6902	-0.0160786	0	0
6901	-0.0159936	0	0
6900	-0.0159088	0	0
6899	-0.0158241	0	0
6898	-0.0157395	0	0
6897	-0.0156551	0	0
6896	-0.0155708	0	0
6895	-0.0154867	0	0
6894	-0.0154027	0	0
6893	-0.0153189	0	0
6892	-0.0152352	0	0
6891	-0.0151516	0	0
6890	-0.0150682	0	0
6889	-0.014985	0	0
6888	-0.0149019	0	0
6887	-0.0148189	0	0
6886	-0.0147361	0	0
6885	-0.0146534	0	0
6884	-0.0145708	0	0
6883	-0.0144884	0	0
6882	-0.0144062	0	0
6881	-0.0143241	0	0
6880	-0.0142421	0	0
6879	-0.0141603	0	0
6878	-0.0140786	0	0
6877	-0.0139971	0	0
6876	-0.0139157	0	0
6875	-0.0138345	0	0
6874	-0.0137534	0	0
6873	-0.0136725	0	0
6872	-0.0135917	0	0
6871	-0.013511	0	0
6870	-0.0134305	0	0
6869	-0.0133501	0	0
6868	-0.0132699	0	0
6867	-0.0131898	0	0
6866	-0.0131099	0	0
6865	-0.0130301	0	0
6864	-0.0129504	0	0
6863	-0.0128709	0	0
6862	-0.0127916	0	0
6861	-0.0127124	0	0
6860	-0.0126333	0	0
6859	-0.0125544	0	0
6858	-0.0124756	0	0
6857	-0.012397	0	0
6856	-0.0123185	0	0
6855	-0.0122401	0	0
6854	-0.0121619	0	0
6853	-0.0120839	0	0
6852	-0.012006	0	0
6851	-0.0119282	0	0
6850	-0.0118506	0	0
6849	-0.0117731	0	0
6848	-0.0116958	0	0
6847	-0.0116186	0	0
6846	-0.0115416	0	0
6845	-0.0114647	0	0
6844	-0.0113879	0	0
6843	-0.0113113	0	0
6842	-0.0112349	0	0
6841	-0.0111585	0	0
6840	-0.0110824	0	0
6839	-0.0110063	0	0
6838	-0.0109305	0	0
6837	-0.0108547	0	0
6836	-0.0107791	0	0
6835	-0.0107037	0	0
6834	-0.0106284	0	0
6833	-0.0105532	0	0
6832	-0.0104782	0	0
6831	-0.0104034	0	0
6830	-0.0103287	0	0
6829	-0.0102541	0	0
6828	-0.0101797	0	0
6827	-0.0101054	0	0
6826	-0.0100312	0	0
6825	-0.00995724	0	0
6824	-0.00988339	0	0
6823	-0.00980969	0	0
6822	-0.00973613	0	0
6821	-0.00966272	0	0
6820	-0.00958945	0	0
6819	-0.00951633	0	0
6818	-0.00944335	0	0
6817	-0.00937052	0	0
6816	-0.00929783	0	0
6815	-0.00922529	0	0
6814	-0.0091529	0	0
6813	-0.00908065	0	0
6812	-0.00900854	0	0
6811	-0.00893658	0	0
6810	-0.00886477	0	0
6809	-0.0087931	0	0
6808	-0.00872157	0	0
6807	-0.00865019	0	0
6806	-0.00857896	0	0
6805	-0.00850787	0	0
6804	-0.00843693	0	0
6803	-0.00836613	0	0
6802	-0.00829547	0	0
6801	-0.00822497	0	0
6800	-0.0081546	0	0
6799	-0.00808439	0	0
6798	-0.00801432	0	0
6797	-0.00794439	0	0
6796	-0.00787461	0	0
6795	-0.00780497	0	0
6794	-0.00773548	0	0
6793	-0.00766614	0	0
6792	-0.00759694	0	0
6791	-0.00752788	0	0
6790	-0.00745897	0	0
6789	-0.00739021	0	0
6788	-0.00732159	0	0
6787	-0.00725312	0	0
6786	-0.00718479	0	0
6785	-0.00711661	0	0
6784	-0.00704857	0	0
6783	-0.00698068	0	0
6782	-0.00691293	0	0
6781	-0.00684533	0	0
6780	-0.00677787	0	0
6779	-0.00671056	0	0
6778	-0.0066434	0	0
6777	-0.00657638	0	0
6776	-0.0065095	0	0
6775	-0.00644277	0	0
6774	-0.00637619	0	0
6773	-0.00630975	0	0
6772	-0.00624346	0	0
6771	-0.00617731	0	0
6770	-0.00611131	0	0
6769	-0.00604545	0	0
6768	-0.00597974	0	0
6767	-0.00591417	0	0
6766	-0.00584875	0	0
6765	-0.00578348	0	0
6764	-0.00571834	0	0
6763	-0.00565336	0	0
6762	-0.00558852	0	0
6761	-0.00552382	0	0
6760	-0.00545928	0	0
6759	-0.00539487	0	0
6758	-0.00533061	0	0
6757	-0.0052665	0	0
6756	-0.00520253	0	0
6755	-0.00513871	0	0
6754	-0.00507503	0	0
6753	-0.0050115	0	0
6752	-0.00494811	0	0
6751	-0.00488487	0	0
6750	-0.00482177	0	0
6749	-0.00475882	0	0
6748	-0.00469601	0	0
6747	-0.00463335	0	0
6746	-0.00457084	0	0
6745	-0.00450847	0	0
6744	-0.00444624	0	0
6743	-0.00438416	0	0
6742	-0.00432223	0	0
6741	-0.00426044	0	0
6740	-0.00419879	0	0
6739	-0.00413729	0	0
6738	-0.00407594	0	0
6737	-0.00401473	0	0
6736	-0.00395367	0	0
6735	-0.00389275	0	0
6734	-0.00383198	0	0
6733	-0.00377135	0	0
6732	-0.00371086	0	0
6731	-0.00365053	0	0
6730	-0.00359033	0	0
6729	-0.00353029	0	0
6728	-0.00347038	0	0
6727	-0.00341062	0	0
6726	-0.00335101	0	0
6725	-0.00329154	0	0
6724	-0.00323222	0	0
6723	-0.00317304	0	0
6722	-0.00311401	0	0
6721	-0.00305512	0	0
6720	-0.00299638	0	0
6719	-0.00293778	0	0
6718	-0.00287933	0	0
6717	-0.00282102	0	0
6716	-0.00276286	0	0
6715	-0.00270484	0	0
6714	-0.00264697	0	0
6713	-0.00258924	0	0
6712	-0.00253166	0	0
6711	-0.00247422	0	0
6710	-0.00241693	0	0
6709	-0.00235978	0	0
6708	-0.00230278	0	0
6707	-0.00224592	0	0
6706	-0.00218921	0	0
6705	-0.00213264	0	0
6704	-0.00207621	0	0
6703	-0.00201993	0	0
6702	-0.0019638	0	0
6701	-0.00190781	0	0
6700	-0.00185197	0	0
6699	-0.00179627	0	0
6698	-0.00174071	0	0
6697	-0.0016853	0	0
6696	-0.00163003	0	0
6695	-0.00157491	0	0
6694	-0.00151993	0	0
6693	-0.0014651	0	0
6692	-0.00141041	0	0
6691	-0.00135587	0	0
6690	-0.00130147	0	0
6689	-0.00124722	0	0
6688	-0.00119311	0	0
6687	-0.00113914	0	0
6686	-0.00108532	0	0
6685	-0.00103165	0	0
6684	-0.000978117	0	0
6683	-0.00092473	0	0
6682	-0.000871488	0	0
6681	-0.00081839	0	0
6680	-0.000765436	0	0
6679	-0.000712627	0	0
6678	-0.000659962	0	0
6677	-0.000607441	0	0
6676	-0.000555065	0	0
6675	-0.000502833	0	0
6674	-0.000450745	0	0
6673	-0.000398802	0	0
6672	-0.000347002	0	0
6671	-0.000295347	0	0
6670	-0.000243837	0	0
6669	-0.00019247	0	0
6668	-0.000141248	0	0
6667	-9.01693e-05	0	0
6666	-3.9235e-05	0	0
6665	1.15551e-05	0	0
6664	6.22012e-05	0	0
6663	0.000112703	0	0
6662	0.000163061	0	0
6661	0.000213275	0	0
6660	0.000263345	0	0
6659	0.000313271	0	0
6658	0.000363053	0	0
6657	0.000412692	0	0
6656	0.000462186	0	0
6655	0.000511537	0	0
6654	0.000560743	0	0
6653	0.000609806	0	0
6652	0.000658725	0	0
6651	0.0007075	0	0
6650	0.000756132	0	0
6649	0.00080462	0	0
6648	0.000852964	0	0
6647	0.000901165	0	0
6646	0.000949222	0	0
6645	0.000997135	0	0
6644	0.0010449	0	0
6643	0.00109253	0	0
6642	0.00114001	0	0
6641	0.00118735	0	0
6640	0.00123455	0	0
6639	0.0012816	0	0
6638	0.00132851	0	0
6637	0.00137527	0	0
6636	0.0014219	0	0
6635	0.00146838	0	0
6634	0.00151471	0	0
6633	0.0015609	0	0
6632	0.00160695	0	0
6631	0.00165286	0	0
6630	0.00169862	0	0
6629	0.00174424	0	0
6628	0.00178972	0	0
6627	0.00183505	0	0
6626	0.00188024	0	0
6625	0.00192529	0	0
6624	0.00197019	0	0
6623	0.00201495	0	0
6622	0.00205957	0	0
6621	0.00210405	0	0
6620	0.00214838	0	0
6619	0.00219257	0	0
6618	0.00223661	0	0
6617	0.00228052	0	0
6616	0.00232428	0	0
6615	0.0023679	0	0
6614	0.00241137	0	0
6613	0.00245471	0	0
6612	0.0024979	0	0
6611	0.00254095	0	0
6610	0.00258385	0	0
6609	0.00262661	0	0
6608	0.00266923	0	0
6607	0.00271171	0	0
6606	0.00275405	0	0
6605	0.00279624	0	0
6604	0.00283829	0	0
6603	0.0028802	0	0
6602	0.00292197	0	0
6601	0.00296359	0	0
6600	0.00300507	0	0
6599	0.00304641	0	0
6598	0.00308761	0	0
6597	0.00312867	0	0
6596	0.00316958	0	0
6595	0.00321035	0	0
6594	0.00325098	0	0
6593	0.00329147	0	0
6592	0.00333182	0	0
6591	0.00337202	0	0
6590	0.00341208	0	0
6589	0.003452	0	0
6588	0.00349178	0	0
6587	0.00353142	0	0
6586	0.00357092	0	0
6585	0.00361027	0	0
6584	0.00364948	0	0
6583	0.00368855	0	0
6582	0.00372748	0	0
6581	0.00376627	0	0
6580	0.00380492	0	0
6579	0.00384342	0	0
6578	0.00388179	0	0
6577	0.00392001	0	0
6576	0.00395809	0	0
6575	0.00399603	0	0
6574	0.00403383	0	0
6573	0.00407149	0	0
6572	0.00410901	0	0
6571	0.00414638	0	0
6570	0.00418362	0	0
6569	0.00422071	0	0
6568	0.00425767	0	0
6567	0.00429448	0	0
6566	0.00433115	0	0
6565	0.00436768	0	0
6564	0.00440407	0	0
6563	0.00444032	0	0
6562	0.00447643	0	0
6561	0.0045124	0	0
6560	0.00454823	0	0
6559	0.00458392	0	0
6558	0.00461947	0	0
6557	0.00465488	0	0
6556	0.00469014	0	0
6555	0.00472527	0	0
6554	0.00476026	0	0
6553	0.0047951	0	0
6552	0.00482981	0	0
6551	0.00486438	0	0
6550	0.00489881	0	0
6549	0.00493309	0	0
6548	0.00496724	0	0
6547	0.00500125	0	0
6546	0.00503511	0	0
6545	0.00506884	0	0
6544	0.00510243	0	0
6543	0.00513588	0	0
6542	0.00516919	0	0
6541	0.00520236	0	0
6540	0.00523539	0	0
6539	0.00526828	0	0
6538	0.00530103	0	0
6537	0.00533364	0	0
6536	0.00536612	0	0
6535	0.00539845	0	0
6534	0.00543065	0	0
6533	0.0054627	0	0
6532	0.00549462	0	0
6531	0.0055264	0	0
6530	0.00555804	0	0
6529	0.00558954	0	0
6528	0.0056209	0	0
6527	0.00565212	0	0
6526	0.00568321	0	0
6525	0.00571415	0	0
6524	0.00574496	0	0
6523	0.00577563	0	0
6522	0.00580616	0	0
6521	0.00583655	0	0
6520	0.0058668	0	0
6519	0.00589692	0	0
6518	0.0059269	0	0
6517	0.00595674	0	0
6516	0.00598644	0	0
6515	0.006016	0	0
6514	0.00604543	0	0
6513	0.00607471	0	0
6512	0.00610386	0	0
6511	0.00613288	0	0
6510	0.00616175	0	0
6509	0.00619049	0	0
6508	0.00621909	0	0
6507	0.00624755	0	0
6506	0.00627587	0	0
6505	0.00630406	0	0
6504	0.00633211	0	0
6503	0.00636002	0	0
6502	0.0063878	0	0
6501	0.00641544	0	0
6500	0.00644294	0	0
6499	0.00647031	0	0
6498	0.00649753	0	0
6497	0.00652463	0	0
6496	0.00655158	0	0
6495	0.0065784	0	0
6494	0.00660508	0	0
6493	0.00663162	0	0
6492	0.00665803	0	0
6491	0.0066843	0	0
6490	0.00671044	0	0
6489	0.00673644	0	0
6488	0.0067623	0	0
6487	0.00678803	0	0
6486	0.00681362	0	0
6485	0.00683908	0	0
6484	0.0068644	0	0
6483	0.00688958	0	0
6482	0.00691463	0	0
6481	0.00693954	0	0
6480	0.00696432	0	0
6479	0.00698896	0	0
6478	0.00701346	0	0
6477	0.00703783	0	0
6476	0.00706207	0	0
6475	0.00708617	0	0
6474	0.00711013	0	0
6473	0.00713396	0	0
6472	0.00715765	0	0
6471	0.00718121	0	0
6470	0.00720464	0	0
6469	0.00722793	0	0
6468	0.00725108	0	0
6467	0.0072741	0	0
6466	0.00729699	0	0
6465	0.00731974	0	0
6464	0.00734236	0	0
6463	0.00736484	0	0
6462	0.00738719	0	0
6461	0.0074094	0	0
6460	0.00743148	0	0
6459	0.00745343	0	0
6458	0.00747524	0	0
6457	0.00749692	0	0
6456	0.00751846	0	0
6455	0.00753988	0	0
6454	0.00756115	0	0
6453	0.0075823	0	0
6452	0.00760331	0	0
6451	0.00762418	0	0
6450	0.00764493	0	0
6449	0.00766554	0	0
6448	0.00768601	0	0
6447	0.00770636	0	0
6446	0.00772657	0	0
6445	0.00774665	0	0
6444	0.00776659	0	0
6443	0.00778641	0	0
6442	0.00780609	0	0
6441	0.00782563	0	0
6440	0.00784505	0	0
6439	0.00786433	0	0
6438	0.00788348	0	0
6437	0.0079025	0	0
6436	0.00792138	0	0
6435	0.00794014	0	0
6434	0.00795876	0	0
6433	0.00797725	0	0
6432	0.00799561	0	0
6431	0.00801383	0	0
6430	0.00803193	0	0
6429	0.00804989	0	0
6428	0.00806772	0	0
6427	0.00808542	0	0
6426	0.00810299	0	0
6425	0.00812043	0	0
6424	0.00813774	0	0
6423	0.00815491	0	0
6422	0.00817196	0	0
6421	0.00818887	0	0
6420	0.00820566	0	0
6419	0.00822231	0	0
6418	0.00823883	0	0
6417	0.00825522	0	0
6416	0.00827148	0	0
6415	0.00828762	0	0
6414	0.00830362	0	0
6413	0.00831949	0	0
6412	0.00833523	0	0
6411	0.00835084	0	0
6410	0.00836632	0	0
6409	0.00838167	0	0
6408	0.00839689	0	0
6407	0.00841199	0	0
6406	0.00842695	0	0
6405	0.00844178	0	0
6404	0.00845649	0	0
6403	0.00847106	0	0
6402	0.00848551	0	0
6401	0.00849983	0	0
6400	0.00851401	0	0
6399	0.00852807	0	0
6398	0.00854201	0	0
6397	0.00855581	0	0
6396	0.00856948	0	0
6395	0.00858303	0	0
6394	0.00859645	0	0
6393	0.00860974	0	0
6392	0.0086229	0	0
6391	0.00863593	0	0
6390	0.00864884	0	0
6389	0.00866161	0	0
6388	0.00867426	0	0
6387	0.00868679	0	0
6386	0.00869918	0	0
6385	0.00871145	0	0
6384	0.00872359	0	0
6383	0.00873561	0	0
6382	0.0087475	0	0
6381	0.00875926	0	0
6380	0.00877089	0	0
6379	0.0087824	0	0
6378	0.00879378	0	0
6377	0.00880503	0	0
6376	0.00881616	0	0
6375	0.00882716	0	0
6374	0.00883804	0	0
6373	0.00884879	0	0
6372	0.00885941	0	0
6371	0.00886991	0	0
6370	0.00888028	0	0
6369	0.00889053	0	0
6368	0.00890065	0	0
6367	0.00891065	0	0
6366	0.00892052	0	0
6365	0.00893027	0	0
6364	0.00893989	0	0
6363	0.00894939	0	0
6362	0.00895876	0	0
6361	0.00896801	0	0
6360	0.00897713	0	0
6359	0.00898613	0	0
6358	0.008995	0	0
6357	0.00900376	0	0
6356	0.00901238	0	0
6355	0.00902089	0	0
6354	0.00902927	0	0
6353	0.00903752	0	0
6352	0.00904566	0	0
6351	0.00905366	0	0
6350	0.00906155	0	0
6349	0.00906932	0	0
6348	0.00907696	0	0
6347	0.00908447	0	0
6346	0.00909187	0	0
6345	0.00909914	0	0
6344	0.00910629	0	0
6343	0.00911332	0	0
6342	0.00912023	0	0
6341	0.00912701	0	0
6340	0.00913368	0	0
6339	0.00914022	0	0
6338	0.00914664	0	0
6337	0.00915293	0	0
6336	0.00915911	0	0
6335	0.00916517	0	0
6334	0.0091711	0	0
6333	0.00917692	0	0
6332	0.00918261	0	0
6331	0.00918818	0	0
6330	0.00919364	0	0
6329	0.00919897	0	0
6328	0.00920418	0	0
6327	0.00920927	0	0
6326	0.00921425	0	0
6325	0.0092191	0	0
6324	0.00922383	0	0
6323	0.00922845	0	0
6322	0.00923294	0	0
6321	0.00923732	0	0
6320	0.00924157	0	0
6319	0.00924571	0	0
6318	0.00924973	0	0
6317	0.00925363	0	0
6316	0.00925742	0	0
6315	0.00926108	0	0
6314	0.00926463	0	0
6313	0.00926806	0	0
6312	0.00927137	0	0
6311	0.00927457	0	0
6310	0.00927764	0	0
6309	0.0092806	0	0
6308	0.00928345	0	0
6307	0.00928617	0	0
6306	0.00928878	0	0
6305	0.00929127	0	0
6304	0.00929365	0	0
6303	0.00929591	0	0
6302	0.00929806	0	0
6301	0.00930009	0	0
6300	0.009302	0	0
6299	0.0093038	0	0
6298	0.00930548	0	0
6297	0.00930705	0	0
6296	0.0093085	0	0
6295	0.00930984	0	0
6294	0.00931106	0	0
6293	0.00931217	0	0
6292	0.00931317	0	0
6291	0.00931405	0	0
6290	0.00931482	0	0
6289	0.00931547	0	0
6288	0.00931601	0	0
6287	0.00931644	0	0
6286	0.00931675	0	0
6285	0.00931696	0	0
6284	0.00931704	0	0
6283	0.00931702	0	0
6282	0.00931689	0	0
6281	0.00931664	0	0
6280	0.00931628	0	0
6279	0.00931581	0	0
6278	0.00931523	0	0
6277	0.00931453	0	0
6276	0.00931373	0	0
6275	0.00931281	0	0
6274	0.00931179	0	0
6273	0.00931065	0	0
6272	0.0093094	0	0
6271	0.00930805	0	0
6270	0.00930658	0	0
6269	0.00930501	0	0
6268	0.00930332	0	0
6267	0.00930153	0	0
6266	0.00929963	0	0
6265	0.00929761	0	0
6264	0.0092955	0	0
6263	0.00929327	0	0
6262	0.00929093	0	0
6261	0.00928849	0	0
6260	0.00928594	0	0
6259	0.00928328	0	0
6258	0.00928052	0	0
6257	0.00927765	0	0
6256	0.00927467	0	0
6255	0.00927159	0	0
6254	0.0092684	0	0
6253	0.0092651	0	0
6252	0.0092617	0	0
6251	0.0092582	0	0
6250	0.00925459	0	0
6249	0.00925087	0	0
6248	0.00924705	0	0
6247	0.00924313	0	0
6246	0.00923911	0	0
6245	0.00923498	0	0
6244	0.00923074	0	0
6243	0.00922641	0	0
6242	0.00922197	0	0
6241	0.00921743	0	0
6240	0.00921278	0	0
6239	0.00920804	0	0
6238	0.00920319	0	0
6237	0.00919824	0	0
6236	0.0091932	0	0
6235	0.00918805	0	0
6234	0.0091828	0	0
6233	0.00917745	0	0
6232	0.009172	0	0
6231	0.00916645	0	0
6230	0.0091608	0	0
6229	0.00915506	0	0
6228	0.00914921	0	0
6227	0.00914327	0	0
6226	0.00913723	0	0
6225	0.00913109	0	0
6224	0.00912486	0	0
6223	0.00911853	0	0
6222	0.0091121	0	0
6221	0.00910558	0	0
6220	0.00909896	0	0
6219	0.00909225	0	0
6218	0.00908544	0	0
6217	0.00907853	0	0
6216	0.00907153	0	0
6215	0.00906444	0	0
6214	0.00905726	0	0
6213	0.00904998	0	0
6212	0.00904261	0	0
6211	0.00903514	0	0
6210	0.00902759	0	0
6209	0.00901994	0	0
6208	0.0090122	0	0
6207	0.00900437	0	0
6206	0.00899645	0	0
6205	0.00898844	0	0
6204	0.00898034	0	0
6203	0.00897215	0	0
6202	0.00896388	0	0
6201	0.00895551	0	0
6200	0.00894706	0	0
6199	0.00893851	0	0
6198	0.00892988	0	0
6197	0.00892117	0	0
6196	0.00891237	0	0
6195	0.00890348	0	0
6194	0.0088945	0	0
6193	0.00888545	0	0
6192	0.0088763	0	0
6191	0.00886708	0	0
6190	0.00885777	0	0
6189	0.00884837	0	0
6188	0.00883889	0	0
6187	0.00882934	0	0
6186	0.0088197	0	0
6185	0.00880997	0	0
6184	0.00880017	0	0
6183	0.00879029	0	0
6182	0.00878032	0	0
6181	0.00877028	0	0
6180	0.00876016	0	0
6179	0.00874996	0	0
6178	0.00873968	0	0
6177	0.00872932	0	0
6176	0.00871889	0	0
6175	0.00870838	0	0
6174	0.0086978	0	0
6173	0.00868714	0	0
6172	0.0086764	0	0
6171	0.00866559	0	0
6170	0.00865471	0	0
6169	0.00864376	0	0
6168	0.00863273	0	0
6167	0.00862163	0	0
6166	0.00861045	0	0
6165	0.00859921	0	0
6164	0.0085879	0	0
6163	0.00857651	0	0
6162	0.00856506	0	0
6161	0.00855354	0	0
6160	0.00854194	0	0
6159	0.00853029	0	0
6158	0.00851856	0	0
6157	0.00850677	0	0
6156	0.00849491	0	0
6155	0.00848299	0	0
6154	0.008471	0	0
6153	0.00845895	0	0
6152	0.00844684	0	0
6151	0.00843466	0	0
6150	0.00842242	0	0
6149	0.00841012	0	0
6148	0.00839775	0	0
6147	0.00838533	0	0
6146	0.00837285	0	0
6145	0.0083603	0	0
6144	0.0083477	0	0
6143	0.00833504	0	0
6142	0.00832233	0	0
6141	0.00830956	0	0
6140	0.00829673	0	0
6139	0.00828384	0	0
6138	0.0082709	0	0
6137	0.00825791	0	0
6136	0.00824487	0	0
6135	0.00823177	0	0
6134	0.00821862	0	0
6133	0.00820541	0	0
6132	0.00819216	0	0
6131	0.00817886	0	0
6130	0.0081655	0	0
6129	0.0081521	0	0
6128	0.00813865	0	0
6127	0.00812515	0	0
6126	0.00811161	0	0
6125	0.00809802	0	0
6124	0.00808438	0	0
6123	0.0080707	0	0
6122	0.00805698	0	0
6121	0.00804321	0	0
6120	0.0080294	0	0
6119	0.00801554	0	0
6118	0.00800165	0	0
6117	0.00798771	0	0
6116	0.00797374	0	0
6115	0.00795972	0	0
6114	0.00794567	0	0
6113	0.00793157	0	0
6112	0.00791744	0	0
6111	0.00790328	0	0
6110	0.00788907	0	0
6109	0.00787483	0	0
6108	0.00786056	0	0
6107	0.00784625	0	0
6106	0.00783191	0	0
6105	0.00781753	0	0
6104	0.00780312	0	0
6103	0.00778868	0	0
6102	0.00777421	0	0
6101	0.00775971	0	0
6100	0.00774518	0	0
6099	0.00773062	0	0
6098	0.00771603	0	0
6097	0.00770141	0	0
6096	0.00768677	0	0
6095	0.0076721	0	0
6094	0.0076574	0	0
6093	0.00764268	0	0
6092	0.00762793	0	0
6091	0.00761315	0	0
6090	0.00759836	0	0
6089	0.00758354	0	0
6088	0.00756869	0	0
6087	0.00755383	0	0
6086	0.00753894	0	0
6085	0.00752403	0	0
6084	0.0075091	0	0
6083	0.00749415	0	0
6082	0.00747918	0	0
6081	0.00746419	0	0
6080	0.00744918	0	0
6079	0.00743416	0	0
6078	0.00741911	0	0
6077	0.00740405	0	0
6076	0.00738897	0	0
6075	0.00737388	0	0
6074	0.00735877	0	0
6073	0.00734364	0	0
6072	0.0073285	0	0
6071	0.00731334	0	0
6070	0.00729817	0	0
6069	0.00728298	0	0
6068	0.00726778	0	0
6067	0.00725257	0	0
6066	0.00723735	0	0
6065	0.00722211	0	0
6064	0.00720686	0	0
6063	0.0071916	0	0
6062	0.00717632	0	0
6061	0.00716104	0	0
6060	0.00714574	0	0
6059	0.00713043	0	0
6058	0.00711511	0	0
6057	0.00709978	0	0
6056	0.00708444	0	0
6055	0.00706909	0	0
6054	0.00705373	0	0
6053	0.00703837	0	0
6052	0.00702299	0	0
6051	0.0070076	0	0
6050	0.0069922	0	0
6049	0.0069768	0	0
6048	0.00696138	0	0
6047	0.00694596	0	0
6046	0.00693053	0	0
6045	0.00691509	0	0
6044	0.00689964	0	0
6043	0.00688419	0	0
6042	0.00686873	0	0
6041	0.00685326	0	0
6040	0.00683778	0	0
6039	0.00682229	0	0
6038	0.0068068	0	0
6037	0.0067913	0	0
6036	0.00677579	0	0
6035	0.00676028	0	0
6034	0.00674476	0	0
6033	0.00672923	0	0
6032	0.0067137	0	0
6031	0.00669815	0	0
6030	0.00668261	0	0
6029	0.00666705	0	0
6028	0.00665149	0	0
6027	0.00663593	0	0
6026	0.00662036	0	0
6025	0.00660478	0	0
6024	0.0065892	0	0
6023	0.00657361	0	0
6022	0.00655801	0	0
6021	0.00654241	0	0
6020	0.00652681	0	0
6019	0.0065112	0	0
6018	0.00649559	0	0
6017	0.00647997	0	0
6016	0.00646435	0	0
6015	0.00644872	0	0
6014	0.00643309	0	0
6013	0.00641746	0	0
6012	0.00640182	0	0
6011	0.00638618	0	0
6010	0.00637054	0	0
6009	0.0063549	0	0
6008	0.00633925	0	0
6007	0.0063236	0	0
6006	0.00630795	0	0
6005	0.0062923	0	0
6004	0.00627665	0	0
6003	0.006261	0	0
6002	0.00624535	0	0
6001	0.0062297	0	0
6000	0.00621405	0	0
5999	0.0061984	0	0
5998	0.00618275	0	0
5997	0.00616711	0	0
5996	0.00615147	0	0
5995	0.00613583	0	0
5994	0.0061202	0	0
5993	0.00610457	0	0
5992	0.00608895	0	0
5991	0.00607334	0	0
5990	0.00605773	0	0
5989	0.00604212	0	0
5988	0.00602653	0	0
5987	0.00601094	0	0
5986	0.00599537	0	0
5985	0.0059798	0	0
5984	0.00596424	0	0
5983	0.0059487	0	0
5982	0.00593316	0	0
5981	0.00591764	0	0
5980	0.00590214	0	0
5979	0.00588665	0	0
5978	0.00587117	0	0
5977	0.00585571	0	0
5976	0.00584027	0	0
5975	0.00582484	0	0
5974	0.00580943	0	0
5973	0.00579405	0	0
5972	0.00577868	0	0
5971	0.00576334	0	0
5970	0.00574801	0	0
5969	0.00573272	0	0
5968	0.00571744	0	0
5967	0.00570219	0	0
5966	0.00568697	0	0
5965	0.00567178	0	0
5964	0.00565661	0	0
5963	0.00564148	0	0
5962	0.00562637	0	0
5961	0.0056113	0	0
5960	0.00559626	0	0
5959	0.00558126	0	0
5958	0.00556629	0	0
5957	0.00555136	0	0
5956	0.00553646	0	0
5955	0.00552161	0	0
5954	0.00550679	0	0
5953	0.00549202	0	0
5952	0.00547729	0	0
5951	0.00546261	0	0
5950	0.00544797	0	0
5949	0.00543338	0	0
5948	0.00541884	0	0
5947	0.00540435	0	0
5946	0.00538992	0	0
5945	0.00537553	0	0
5944	0.0053612	0	0
5943	0.00534693	0	0
5942	0.00533272	0	0
5941	0.00531857	0	0
5940	0.00530448	0	0
5939	0.00529046	0	0
5938	0.0052765	0	0
5937	0.00526262	0	0
5936	0.0052488	0	0
5935	0.00523505	0	0
5934	0.00522138	0	0
5933	0.00520779	0	0
5932	0.00519428	0	0
5931	0.00518085	0	0
5930	0.00516751	0	0
5929	0.00515425	0	0
5928	0.00514108	0	0
5927	0.00512801	0	0
5926	0.00511503	0	0
5925	0.00510215	0	0
5924	0.00508937	0	0
5923	0.0050767	0	0
5922	0.00506414	0	0
5921	0.00505169	0	0
5920	0.00503936	0	0
5919	0.00502714	0	0
5918	0.00501505	0	0
5917	0.00500309	0	0
5916	0.00499126	0	0
5915	0.00497956	0	0
5914	0.00496801	0	0
5913	0.0049566	0	0
5912	0.00494535	0	0
5911	0.00493424	0	0
5910	0.00492331	0	0
5909	0.00491253	0	0
5908	0.00490194	0	0
5907	0.00489152	0	0
5906	0.00488128	0	0
5905	0.00487124	0	0
5904	0.0048614	0	0
5903	0.00485176	0	0
5902	0.00484234	0	0
5901	0.00483314	0	0
5900	0.00482417	0	0
5899	0.00481543	0	0
5898	0.00480695	0	0
5897	0.00479872	0	0
5896	0.00479075	0	0
5895	0.00478306	0	0
5894	0.00477566	0	0
5893	0.00476855	0	0
5892	0.00476175	0	0
5891	0.00475526	0	0
5890	0.00474911	0	0
5889	0.0047433	0	0
5888	0.00473785	0	0
5887	0.00473276	0	0
5886	0.00472806	0	0
5885	0.00472375	0	0
5884	0.00471985	0	0
5883	0.00471638	0	0
5882	0.00471335	0	0
5881	0.00471077	0	0
5880	0.00470866	0	0
5879	0.00470704	0	0
5878	0.00470592	0	0
5877	0.00470532	0	0
5876	0.00470525	0	0
5875	0.00470573	0	0
5874	0.00470678	0	0
5873	0.00470841	0	0
5872	0.00471063	0	0
5871	0.00471347	0	0
5870	0.00471693	0	0
5869	0.00472102	0	0
5868	0.00472576	0	0
5867	0.00473116	0	0
5866	0.00473722	0	0
5865	0.00474395	0	0
5864	0.00475135	0	0
5863	0.00475943	0	0
5862	0.00476817	0	0
5861	0.00477757	0	0
5860	0.00478762	0	0
5859	0.00479831	0	0
5858	0.00480961	0	0
5857	0.00482149	0	0
5856	0.00483393	0	0
5855	0.00484688	0	0
5854	0.0048603	0	0
5853	0.00487414	0	0
5852	0.00488833	0	0
5851	0.00490281	0	0
5850	0.00491752	0	0
5849	0.00493236	0	0
5848	0.00494725	0	0
5847	0.0049621	0	0
5846	0.00497681	0	0
5845	0.00499129	0	0
5844	0.00500542	0	0
5843	0.00501911	0	0
5842	0.00503224	0	0
5841	0.00504472	0	0
5840	0.00505644	0	0
5839	0.00506731	0	0
5838	0.00507723	0	0
5837	0.00508613	0	0
5836	0.00509392	0	0
5835	0.00510055	0	0
5834	0.00510595	0	0
5833	0.00511008	0	0
5832	0.0051129	0	0
5831	0.00511438	0	0
5830	0.00511449	0	0
5829	0.00511323	0	0
5828	0.00511058	0	0
5827	0.00510654	0	0
5826	0.0051011	0	0
5825	0.00509425	0	0
5824	0.00508598	0	0
5823	0.0050763	0	0
5822	0.00506519	0	0
5821	0.00505264	0	0
5820	0.00503864	0	0
5819	0.00502316	0	0
5818	0.00500622	0	0
5817	0.00498778	0	0
5816	0.00496787	0	0
5815	0.00494647	0	0
5814	0.00492361	0	0
5813	0.00489932	0	0
5812	0.00487365	0	0
5811	0.00484665	0	0
5810	0.0048184	0	0
5809	0.004789	0	0
5808	0.00475855	0	0
5807	0.00472717	0	0
5806	0.004695	0	0
5805	0.00466217	0	0
5804	0.00462883	0	0
5803	0.00459512	0	0
5802	0.00456121	0	0
5801	0.00452722	0	0
5800	0.00449331	0	0
5799	0.00445961	0	0
5798	0.00442624	0	0
5797	0.00439332	0	0
5796	0.00436096	0	0
5795	0.00432926	0	0
5794	0.00429829	0	0
5793	0.00426813	0	0
5792	0.00423885	0	0
5791	0.0042105	0	0
5790	0.00418314	0	0
5789	0.0041568	0	0
5788	0.00413151	0	0
5787	0.00410729	0	0
5786	0.00408418	0	0
5785	0.00406218	0	0
5784	0.00404131	0	0
5783	0.00402158	0	0
5782	0.00400299	0	0
5781	0.00398555	0	0
5780	0.00396925	0	0
5779	0.00395412	0	0
5778	0.00394013	0	0
5777	0.0039273	0	0
5776	0.00391563	0	0
5775	0.00390512	0	0
5774	0.00389578	0	0
5773	0.00388759	0	0
5772	0.00388058	0	0
5771	0.00387474	0	0
5770	0.00387009	0	0
5769	0.00386663	0	0
5768	0.00386436	0	0
5767	0.00386332	0	0
5766	0.0038635	0	0
5765	0.00386492	0	0
5764	0.0038676	0	0
5763	0.00387156	0	0
5762	0.00387683	0	0
5761	0.00388342	0	0
5760	0.00389136	0	0
5759	0.00390068	0	0
5758	0.00391142	0	0
5757	0.00392361	0	0
5756	0.00393728	0	0
5755	0.00395247	0	0
5754	0.00396923	0	0
5753	0.0039876	0	0
5752	0.00400763	0	0
5751	0.00402937	0	0
5750	0.00405288	0	0
5749	0.00407822	0	0
5748	0.00410544	0	0
5747	0.00413462	0	0
5746	0.00416583	0	0
5745	0.00419913	0	0
5744	0.00423461	0	0
5743	0.00427235	0	0
5742	0.00431245	0	0
5741	0.00435498	0	0
5740	0.00440005	0	0
5739	0.00444775	0	0
5738	0.00449821	0	0
5737	0.00455152	0	0
5736	0.00460782	0	0
5735	0.00466721	0	0
5734	0.00472983	0	0
5733	0.00479582	0	0
5732	0.00486532	0	0
5731	0.00493847	0	0
5730	0.00501542	0	0
5729	0.00509634	0	0
5728	0.00518138	0	0
5727	0.00527072	0	0
5726	0.00536451	0	0
5725	0.00546295	0	0
5724	0.00556621	0	0
5723	0.00567447	0	0
5722	0.0057879	0	0
5721	0.0059067	0	0
5720	0.00603104	0	0
5719	0.00616108	0	0
5718	0.00629701	0	0
5717	0.00643897	0	0
5716	0.0065871	0	0
5715	0.00674153	0	0
5714	0.00690236	0	0
5713	0.00706967	0	0
5712	0.00724348	0	0
5711	0.00742381	0	0
5710	0.00761058	0	0
5709	0.00780371	0	0
5708	0.00800301	0	0
5707	0.00820822	0	0
5706	0.00841901	0	0
5705	0.00863494	0	0
5704	0.00885545	0	0
5703	0.00907988	0	0
5702	0.00930742	0	0
5701	0.00953712	0	0
5700	0.0097679	0	0
5699	0.0099985	0	0
5698	0.0102275	0	0
5697	0.0104534	0	0
5696	0.0106744	0	0
5695	0.0108887	0	0
5694	0.0110944	0	0
5693	0.0112894	0	0
5692	0.0114715	0	0
5691	0.0116387	0	0
5690	0.0117889	0	0
5689	0.01192	0	0
5688	0.0120302	0	0
5687	0.0121177	0	0
5686	0.0121811	0	0
5685	0.0122193	0	0
5684	0.0122314	0	0
5683	0.0122169	0	0
5682	0.0121757	0	0
5681	0.0121081	0	0
5680	0.0120147	0	0
5679	0.0118966	0	0
5678	0.011755	0	0
5677	0.0115916	0	0
5676	0.0114081	0	0
5675	0.0112067	0	0
5674	0.0109897	0	0
5673	0.0107585	0	0
5672	0.0105154	0	0
5671	0.0102629	0	0
5670	0.0100028	0	0
5669	0.00973735	0	0
5668	0.00946826	0	0
5667	0.00919725	0	0
5666	0.00892587	0	0
5665	0.00865549	0	0
5664	0.00838732	0	0
5663	0.00812241	0	0
5662	0.00786167	0	0
5661	0.00760583	0	0
5660	0.00735552	0	0
5659	0.00711122	0	0
5658	0.00687333	0	0
5657	0.00664212	0	0
5656	0.00641779	0	0
5655	0.00620047	0	0
5654	0.00599021	0	0
5653	0.00578701	0	0
5652	0.00559083	0	0
5651	0.00540158	0	0
5650	0.00521914	0	0
5649	0.00504338	0	0
5648	0.00487413	0	0
5647	0.00471122	0	0
5646	0.00455445	0	0
5645	0.00440364	0	0
5644	0.00425858	0	0
5643	0.00411906	0	0
5642	0.00398489	0	0
5641	0.00385585	0	0
5640	0.00373176	0	0
5639	0.00361241	0	0
5638	0.00349761	0	0
5637	0.00338717	0	0
5636	0.00328079	0	0
5635	0.00317839	0	0
5634	0.00307983	0	0
5633	0.00298495	0	0
5632	0.00289359	0	0
5631	0.0028056	0	0
5630	0.00272085	0	0
5629	0.00263919	0	0
5628	0.0025605	0	0
5627	0.00248464	0	0
5626	0.0024115	0	0
5625	0.00234097	0	0
5624	0.00227294	0	0
5623	0.00220731	0	0
5622	0.00214397	0	0
5621	0.00208285	0	0
5620	0.00202385	0	0
5619	0.00196688	0	0
5618	0.00191187	0	0
5617	0.00185874	0	0
5616	0.00180743	0	0
5615	0.00175786	0	0
5614	0.00170997	0	0
5613	0.0016637	0	0
5612	0.001619	0	0
5611	0.0015758	0	0
5610	0.00153406	0	0
5609	0.00149373	0	0
5608	0.00145475	0	0
5607	0.0014171	0	0
5606	0.00138071	0	0
5605	0.00134557	0	0
5604	0.00131162	0	0
5603	0.00127883	0	0
5602	0.00124716	0	0
5601	0.0012166	0	0
5600	0.00118709	0	0
5599	0.00115862	0	0
5598	0.00113116	0	0
5597	0.00110467	0	0
5596	0.00107914	0	0
5595	0.00105454	0	0
5594	0.00103085	0	0
5593	0.00100804	0	0
5592	0.000986097	0	0
5591	0.000964999	0	0
5590	0.000944728	0	0
5589	0.000925264	0	0
5588	0.000906591	0	0
5587	0.000888692	0	0
5586	0.000871551	0	0
5585	0.000855154	0	0
5584	0.000839485	0	0
5583	0.000824532	0	0
5582	0.00081028	0	0
5581	0.000796719	0	0
5580	0.000783835	0	0
5579	0.000771617	0	0
5578	0.000760055	0	0
5577	0.000749138	0	0
5576	0.000738856	0	0
5575	0.000729201	0	0
5574	0.000720162	0	0
5573	0.000711732	0	0
5572	0.000703903	0	0
5571	0.000696668	0	0
5570	0.00069002	0	0
5569	0.000683951	0	0
5568	0.000678457	0	0
5567	0.000673531	0	0
5566	0.000669169	0	0
5565	0.000665366	0	0
5564	0.000662117	0	0
5563	0.000659419	0	0
5562	0.000657269	0	0
5561	0.000655664	0	0
5560	0.000654601	0	0
5559	0.000654079	0	0
5558	0.000654096	0	0
5557	0.000654652	0	0
5556	0.000655744	0	0
5555	0.000657375	0	0
5554	0.000659543	0	0
5553	0.000662249	0	0
5552	0.000665494	0	0
5551	0.00066928	0	0
5550	0.000673608	0	0
5549	0.00067848	0	0
5548	0.000683898	0	0
5547	0.000689864	0	0
5546	0.00069638	0	0
5545	0.000703448	0	0
5544	0.000711069	0	0
5543	0.000719247	0	0
5542	0.00072798	0	0
5541	0.000737271	0	0
5540	0.000747118	0	0
5539	0.000757519	0	0
5538	0.000768473	0	0
5537	0.000779973	0	0
5536	0.000792015	0	0
5535	0.000804588	0	0
5534	0.000817682	0	0
5533	0.00083128	0	0
5532	0.000845365	0	0
5531	0.000859913	0	0
5530	0.000874896	0	0
5529	0.000890281	0	0
5528	0.000906027	0	0
5527	0.000922089	0	0
5526	0.00093841	0	0
5525	0.000954928	0	0
5524	0.000971571	0	0
5523	0.000988256	0	0
5522	0.00100489	0	0
5521	0.00102137	0	0
5520	0.00103759	0	0
5519	0.00105341	0	0
5518	0.00106869	0	0
5517	0.0010833	0	0
5516	0.00109708	0	0
5515	0.00110985	0	0
5514	0.00112145	0	0
5513	0.00113171	0	0
5512	0.00114043	0	0
5511	0.00114746	0	0
5510	0.00115261	0	0
5509	0.00115574	0	0
5508	0.00115669	0	0
5507	0.00115535	0	0
5506	0.0011516	0	0
5505	0.0011454	0	0
5504	0.00113668	0	0
5503	0.00112547	0	0
5502	0.00111179	0	0
5501	0.0010957	0	0
5500	0.00107728	0	0
5499	0.00105665	0	0
5498	0.00103396	0	0
5497	0.00100938	0	0
5496	0.000983088	0	0
5495	0.000955299	0	0
5494	0.000926227	0	0
5493	0.000896093	0	0
5492	0.000865121	0	0
5491	0.000833528	0	0
5490	0.000801525	0	0
5489	0.000769314	0	0
5488	0.000737078	0	0
5487	0.000704991	0	0
5486	0.000673205	0	0
5485	0.000641857	0	0
5484	0.000611065	0	0
5483	0.000580931	0	0
5482	0.00055154	0	0
5481	0.000522961	0	0
5480	0.000495249	0	0
5479	0.000468444	0	0
5478	0.000442577	0	0
5477	0.000417665	0	0
5476	0.000393718	0	0
5475	0.000370738	0	0
5474	0.00034872	0	0
5473	0.000327652	0	0
5472	0.000307519	0	0
5471	0.000288301	0	0
5470	0.000269976	0	0
5469	0.000252519	0	0
5468	0.000235903	0	0
5467	0.0002201	0	0
5466	0.000205083	0	0
5465	0.000190823	0	0
5464	0.00017729	0	0
5463	0.000164457	0	0
5462	0.000152295	0	0
5461	0.000140777	0	0
5460	0.000129876	0	0
5459	0.000119567	0	0
5458	0.000109824	0	0
5457	0.000100624	0	0
5456	9.19441e-05	0	0
5455	8.37622e-05	0	0
5454	7.60576e-05	0	0
5453	6.88108e-05	0	0
5452	6.20032e-05	0	0
5451	5.56172e-05	0	0
5450	4.96363e-05	0	0
5449	4.40451e-05	0	0
5448	3.88292e-05	0	0
5447	3.39751e-05	0	0
5446	2.94704e-05	0	0
5445	2.53038e-05	0	0
5444	2.14649e-05	0	0
5443	1.79444e-05	0	0
5442	1.47343e-05	0	0
5441	1.18279e-05	0	0
5440	9.21998e-06	0	0
5439	6.90733e-06	0	0
5438	4.88935e-06	0	0
5437	3.16934e-06	0	0
5436	1.75711e-06	0	0
5435	6.75456e-07	0	0
5434	-1.80051e-08	0	0
5433	-2.81605e-08	0	0
5432	0	0	0
5431	0	0	0
5430	0	0	0
5429	0	0	0
5428	0	0	0
5427	0	0	0
5426	0	0	0
5425	0	0	0
5424	0	0	0
5423	0	0	0
5422	0	0	0
5421	0	0	0
5420	0	0	0
5419	0	0	0
5418	0	0	0
5417	0	0	0
5416	0	0	0
5415	0	0	0
5414	0	0	0
5413	0	0	0
5412	0	0	0
5411	0	0	0
5410	0	0	0
5409	0	0	0
5408	0	0	0
5407	0	0	0
5406	0	0	0
5405	0	0	0
5404	0	0	0
5403	0	0	0
5402	0	0	0
5401	0	0	0
5400	0	0	0
5399	0	0	0
5398	0	0	0
5397	0	0	0
5396	0	0	0
5395	0	0	0
5394	0	0	0
5393	0	0	0
5392	0	0	0
5391	0	0	0
5390	0	0	0
5389	0	0	0
5388	0	0	0
5387	0	0	0
5386	0	0	0
5385	0	0	0
5384	0	0	0
5383	0	0	0
5382	0	0	0
5381	0	0	0
5380	0	0	0
5379	0	0	0
5378	0	0	0
5377	0	0	0
5376	0	0	0
5375	0	0	0
5374	0	0	0
5373	0	0	0
5372	0	0	0
