10379	-248.505	0	0
10378	-124.788	0	0
10377	-83.7632	0	0
10376	-63.2189	0	0
10375	-50.8481	0	0
10374	-42.5657	0	0
10373	-36.6236	0	0
10372	-32.1476	0	0
10371	-28.6516	0	0
10370	-25.8436	0	0
10369	-23.5375	0	0
10368	-21.6089	0	0
10367	-19.9716	0	0
10366	-18.5637	0	0
10365	-17.34	0	0
10364	-16.2662	0	0
10363	-15.3164	0	0
10362	-14.47	0	0
10361	-13.711	0	0
10360	-13.0265	0	0
10359	-12.4059	0	0
10358	-11.8407	0	0
10357	-11.3237	0	0
10356	-10.8491	0	0
10355	-10.4117	0	0
10354	-10.0075	0	0
10353	-9.63264	0	0
10352	-9.28418	0	0
10351	-8.95938	0	0
10350	-8.65592	0	0
10349	-8.37175	0	0
10348	-8.10511	0	0
10347	-7.85442	0	0
10346	-7.6183	0	0
10345	-7.39552	0	0
10344	-7.18498	0	0
10343	-6.9857	0	0
10342	-6.79682	0	0
10341	-6.61754	0	0
10340	-6.44715	0	0
10339	-6.28501	0	0
10338	-6.13055	0	0
10337	-5.98323	0	0
10336	-5.84257	0	0
10335	-5.70814	0	0
10334	-5.57953	0	0
10333	-5.45638	0	0
10332	-5.33835	0	0
10331	-5.22514	0	0
10330	-5.11645	0	0
10329	-5.01202	0	0
10328	-4.91162	0	0
10327	-4.81501	0	0
10326	-4.72199	0	0
10325	-4.63236	0	0
10324	-4.54595	0	0
10323	-4.46258	0	0
10322	-4.3821	0	0
10321	-4.30437	0	0
10320	-4.22925	0	0
10319	-4.15661	0	0
10318	-4.08633	0	0
10317	-4.01831	0	0
10316	-3.95243	0	0
10315	-3.8886	0	0
10314	-3.82673	0	0
10313	-3.76672	0	0
10312	-3.70851	0	0
10311	-3.652	0	0
10310	-3.59713	0	0
10309	-3.54383	0	0
10308	-3.49203	0	0
10307	-3.44167	0	0
10306	-3.3927	0	0
10305	-3.34506	0	0
10304	-3.29869	0	0
10303	-3.25355	0	0
10302	-3.20959	0	0
10301	-3.16676	0	0
10300	-3.12503	0	0
10299	-3.08434	0	0
10298	-3.04468	0	0
10297	-3.00598	0	0
10296	-2.96824	0	0
10295	-2.9314	0	0
10294	-2.89543	0	0
10293	-2.86032	0	0
10292	-2.82602	0	0
10291	-2.79252	0	0
10290	-2.75977	0	0
10289	-2.72777	0	0
10288	-2.69648	0	0
10287	-2.66588	0	0
10286	-2.63596	0	0
10285	-2.60668	0	0
10284	-2.57803	0	0
10283	-2.54998	0	0
10282	-2.52253	0	0
10281	-2.49565	0	0
10280	-2.46932	0	0
10279	-2.44353	0	0
10278	-2.41827	0	0
10277	-2.39351	0	0
10276	-2.36924	0	0
10275	-2.34545	0	0
10274	-2.32212	0	0
10273	-2.29925	0	0
10272	-2.27681	0	0
10271	-2.2548	0	0
10270	-2.2332	0	0
10269	-2.21201	0	0
10268	-2.19121	0	0
10267	-2.17079	0	0
10266	-2.15074	0	0
10265	-2.13106	0	0
10264	-2.11173	0	0
10263	-2.09274	0	0
10262	-2.07408	0	0
10261	-2.05575	0	0
10260	-2.03774	0	0
10259	-2.02004	0	0
10258	-2.00264	0	0
10257	-1.98553	0	0
10256	-1.96872	0	0
10255	-1.95218	0	0
10254	-1.93591	0	0
10253	-1.91992	0	0
10252	-1.90418	0	0
10251	-1.8887	0	0
10250	-1.87346	0	0
10249	-1.85847	0	0
10248	-1.84372	0	0
10247	-1.8292	0	0
10246	-1.8149	0	0
10245	-1.80082	0	0
10244	-1.78697	0	0
10243	-1.77332	0	0
10242	-1.75988	0	0
10241	-1.74664	0	0
10240	-1.7336	0	0
10239	-1.72075	0	0
10238	-1.70809	0	0
10237	-1.69562	0	0
10236	-1.68333	0	0
10235	-1.67122	0	0
10234	-1.65928	0	0
10233	-1.64751	0	0
10232	-1.6359	0	0
10231	-1.62447	0	0
10230	-1.61319	0	0
10229	-1.60206	0	0
10228	-1.59109	0	0
10227	-1.58027	0	0
10226	-1.5696	0	0
10225	-1.55907	0	0
10224	-1.54869	0	0
10223	-1.53844	0	0
10222	-1.52833	0	0
10221	-1.51835	0	0
10220	-1.50851	0	0
10219	-1.49879	0	0
10218	-1.4892	0	0
10217	-1.47973	0	0
10216	-1.47038	0	0
10215	-1.46115	0	0
10214	-1.45204	0	0
10213	-1.44305	0	0
10212	-1.43416	0	0
10211	-1.42539	0	0
10210	-1.41673	0	0
10209	-1.40817	0	0
10208	-1.39971	0	0
10207	-1.39136	0	0
10206	-1.38311	0	0
10205	-1.37496	0	0
10204	-1.36691	0	0
10203	-1.35895	0	0
10202	-1.35109	0	0
10201	-1.34332	0	0
10200	-1.33564	0	0
10199	-1.32805	0	0
10198	-1.32055	0	0
10197	-1.31313	0	0
10196	-1.3058	0	0
10195	-1.29855	0	0
10194	-1.29138	0	0
10193	-1.2843	0	0
10192	-1.27729	0	0
10191	-1.27037	0	0
10190	-1.26351	0	0
10189	-1.25674	0	0
10188	-1.25004	0	0
10187	-1.24341	0	0
10186	-1.23685	0	0
10185	-1.23037	0	0
10184	-1.22395	0	0
10183	-1.21761	0	0
10182	-1.21133	0	0
10181	-1.20511	0	0
10180	-1.19897	0	0
10179	-1.19288	0	0
10178	-1.18686	0	0
10177	-1.18091	0	0
10176	-1.17501	0	0
10175	-1.16918	0	0
10174	-1.1634	0	0
10173	-1.15769	0	0
10172	-1.15203	0	0
10171	-1.14643	0	0
10170	-1.14088	0	0
10169	-1.13539	0	0
10168	-1.12995	0	0
10167	-1.12457	0	0
10166	-1.11924	0	0
10165	-1.11397	0	0
10164	-1.10874	0	0
10163	-1.10357	0	0
10162	-1.09844	0	0
10161	-1.09337	0	0
10160	-1.08834	0	0
10159	-1.08337	0	0
10158	-1.07843	0	0
10157	-1.07355	0	0
10156	-1.06871	0	0
10155	-1.06392	0	0
10154	-1.05917	0	0
10153	-1.05446	0	0
10152	-1.0498	0	0
10151	-1.04518	0	0
10150	-1.04061	0	0
10149	-1.03607	0	0
10148	-1.03158	0	0
10147	-1.02713	0	0
10146	-1.02272	0	0
10145	-1.01834	0	0
10144	-1.01401	0	0
10143	-1.00971	0	0
10142	-1.00546	0	0
10141	-1.00124	0	0
10140	-0.997052	0	0
10139	-0.992905	0	0
10138	-0.988795	0	0
10137	-0.98472	0	0
10136	-0.98068	0	0
10135	-0.976675	0	0
10134	-0.972704	0	0
10133	-0.968766	0	0
10132	-0.964863	0	0
10131	-0.960992	0	0
10130	-0.957153	0	0
10129	-0.953347	0	0
10128	-0.949573	0	0
10127	-0.94583	0	0
10126	-0.942117	0	0
10125	-0.938436	0	0
10124	-0.934784	0	0
10123	-0.931163	0	0
10122	-0.927571	0	0
10121	-0.924008	0	0
10120	-0.920473	0	0
10119	-0.916968	0	0
10118	-0.91349	0	0
10117	-0.91004	0	0
10116	-0.906617	0	0
10115	-0.903222	0	0
10114	-0.899853	0	0
10113	-0.896511	0	0
10112	-0.893195	0	0
10111	-0.889904	0	0
10110	-0.88664	0	0
10109	-0.8834	0	0
10108	-0.880186	0	0
10107	-0.876996	0	0
10106	-0.87383	0	0
10105	-0.870689	0	0
10104	-0.867571	0	0
10103	-0.864477	0	0
10102	-0.861406	0	0
10101	-0.858359	0	0
10100	-0.855334	0	0
10099	-0.852331	0	0
10098	-0.849351	0	0
10097	-0.846393	0	0
10096	-0.843457	0	0
10095	-0.840542	0	0
10094	-0.837649	0	0
10093	-0.834776	0	0
10092	-0.831925	0	0
10091	-0.829094	0	0
10090	-0.826283	0	0
10089	-0.823493	0	0
10088	-0.820722	0	0
10087	-0.817972	0	0
10086	-0.81524	0	0
10085	-0.812528	0	0
10084	-0.809836	0	0
10083	-0.807162	0	0
10082	-0.804507	0	0
10081	-0.80187	0	0
10080	-0.799252	0	0
10079	-0.796651	0	0
10078	-0.794069	0	0
10077	-0.791505	0	0
10076	-0.788958	0	0
10075	-0.786428	0	0
10074	-0.783916	0	0
10073	-0.78142	0	0
10072	-0.778942	0	0
10071	-0.77648	0	0
10070	-0.774035	0	0
10069	-0.771606	0	0
10068	-0.769193	0	0
10067	-0.766796	0	0
10066	-0.764416	0	0
10065	-0.76205	0	0
10064	-0.759701	0	0
10063	-0.757367	0	0
10062	-0.755048	0	0
10061	-0.752744	0	0
10060	-0.750455	0	0
10059	-0.74818	0	0
10058	-0.745921	0	0
10057	-0.743676	0	0
10056	-0.741445	0	0
10055	-0.739229	0	0
10054	-0.737026	0	0
10053	-0.734838	0	0
10052	-0.732663	0	0
10051	-0.730502	0	0
10050	-0.728355	0	0
10049	-0.726221	0	0
10048	-0.7241	0	0
10047	-0.721993	0	0
10046	-0.719898	0	0
10045	-0.717816	0	0
10044	-0.715748	0	0
10043	-0.713692	0	0
10042	-0.711648	0	0
10041	-0.709617	0	0
10040	-0.707598	0	0
10039	-0.705592	0	0
10038	-0.703597	0	0
10037	-0.701615	0	0
10036	-0.699644	0	0
10035	-0.697685	0	0
10034	-0.695738	0	0
10033	-0.693803	0	0
10032	-0.691878	0	0
10031	-0.689966	0	0
10030	-0.688064	0	0
10029	-0.686174	0	0
10028	-0.684294	0	0
10027	-0.682426	0	0
10026	-0.680568	0	0
10025	-0.678722	0	0
10024	-0.676885	0	0
10023	-0.67506	0	0
10022	-0.673245	0	0
10021	-0.67144	0	0
10020	-0.669645	0	0
10019	-0.667861	0	0
10018	-0.666087	0	0
10017	-0.664323	0	0
10016	-0.662568	0	0
10015	-0.660824	0	0
10014	-0.659089	0	0
10013	-0.657364	0	0
10012	-0.655649	0	0
10011	-0.653943	0	0
10010	-0.652247	0	0
10009	-0.65056	0	0
10008	-0.648882	0	0
10007	-0.647213	0	0
10006	-0.645554	0	0
10005	-0.643903	0	0
10004	-0.642262	0	0
10003	-0.640629	0	0
10002	-0.639005	0	0
10001	-0.63739	0	0
10000	-0.635783	0	0
9999	-0.634186	0	0
9998	-0.632596	0	0
9997	-0.631015	0	0
9996	-0.629443	0	0
9995	-0.627879	0	0
9994	-0.626323	0	0
9993	-0.624775	0	0
9992	-0.623235	0	0
9991	-0.621703	0	0
9990	-0.62018	0	0
9989	-0.618664	0	0
9988	-0.617156	0	0
9987	-0.615656	0	0
9986	-0.614163	0	0
9985	-0.612679	0	0
9984	-0.611202	0	0
9983	-0.609732	0	0
9982	-0.60827	0	0
9981	-0.606815	0	0
9980	-0.605368	0	0
9979	-0.603928	0	0
9978	-0.602495	0	0
9977	-0.601069	0	0
9976	-0.599651	0	0
9975	-0.598239	0	0
9974	-0.596835	0	0
9973	-0.595437	0	0
9972	-0.594047	0	0
9971	-0.592663	0	0
9970	-0.591286	0	0
9969	-0.589916	0	0
9968	-0.588552	0	0
9967	-0.587196	0	0
9966	-0.585845	0	0
9965	-0.584502	0	0
9964	-0.583165	0	0
9963	-0.581834	0	0
9962	-0.580509	0	0
9961	-0.579192	0	0
9960	-0.57788	0	0
9959	-0.576574	0	0
9958	-0.575275	0	0
9957	-0.573982	0	0
9956	-0.572695	0	0
9955	-0.571414	0	0
9954	-0.570139	0	0
9953	-0.568871	0	0
9952	-0.567608	0	0
9951	-0.566351	0	0
9950	-0.565099	0	0
9949	-0.563854	0	0
9948	-0.562614	0	0
9947	-0.56138	0	0
9946	-0.560152	0	0
9945	-0.55893	0	0
9944	-0.557713	0	0
9943	-0.556501	0	0
9942	-0.555295	0	0
9941	-0.554095	0	0
9940	-0.5529	0	0
9939	-0.55171	0	0
9938	-0.550526	0	0
9937	-0.549347	0	0
9936	-0.548173	0	0
9935	-0.547004	0	0
9934	-0.545841	0	0
9933	-0.544683	0	0
9932	-0.54353	0	0
9931	-0.542382	0	0
9930	-0.541239	0	0
9929	-0.540102	0	0
9928	-0.538969	0	0
9927	-0.537841	0	0
9926	-0.536718	0	0
9925	-0.5356	0	0
9924	-0.534487	0	0
9923	-0.533378	0	0
9922	-0.532275	0	0
9921	-0.531176	0	0
9920	-0.530082	0	0
9919	-0.528992	0	0
9918	-0.527907	0	0
9917	-0.526827	0	0
9916	-0.525752	0	0
9915	-0.524681	0	0
9914	-0.523614	0	0
9913	-0.522552	0	0
9912	-0.521495	0	0
9911	-0.520441	0	0
9910	-0.519393	0	0
9909	-0.518348	0	0
9908	-0.517308	0	0
9907	-0.516273	0	0
9906	-0.515241	0	0
9905	-0.514214	0	0
9904	-0.513191	0	0
9903	-0.512172	0	0
9902	-0.511158	0	0
9901	-0.510147	0	0
9900	-0.509141	0	0
9899	-0.508139	0	0
9898	-0.507141	0	0
9897	-0.506147	0	0
9896	-0.505157	0	0
9895	-0.50417	0	0
9894	-0.503188	0	0
9893	-0.50221	0	0
9892	-0.501236	0	0
9891	-0.500265	0	0
9890	-0.499299	0	0
9889	-0.498336	0	0
9888	-0.497377	0	0
9887	-0.496422	0	0
9886	-0.49547	0	0
9885	-0.494523	0	0
9884	-0.493579	0	0
9883	-0.492638	0	0
9882	-0.491702	0	0
9881	-0.490769	0	0
9880	-0.489839	0	0
9879	-0.488914	0	0
9878	-0.487991	0	0
9877	-0.487073	0	0
9876	-0.486158	0	0
9875	-0.485246	0	0
9874	-0.484338	0	0
9873	-0.483433	0	0
9872	-0.482532	0	0
9871	-0.481634	0	0
9870	-0.48074	0	0
9869	-0.479848	0	0
9868	-0.478961	0	0
9867	-0.478076	0	0
9866	-0.477195	0	0
9865	-0.476317	0	0
9864	-0.475443	0	0
9863	-0.474571	0	0
9862	-0.473703	0	0
9861	-0.472839	0	0
9860	-0.471977	0	0
9859	-0.471118	0	0
9858	-0.470263	0	0
9857	-0.469411	0	0
9856	-0.468562	0	0
9855	-0.467716	0	0
9854	-0.466873	0	0
9853	-0.466033	0	0
9852	-0.465196	0	0
9851	-0.464362	0	0
9850	-0.463531	0	0
9849	-0.462703	0	0
9848	-0.461879	0	0
9847	-0.461057	0	0
9846	-0.460238	0	0
9845	-0.459422	0	0
9844	-0.458608	0	0
9843	-0.457798	0	0
9842	-0.456991	0	0
9841	-0.456186	0	0
9840	-0.455384	0	0
9839	-0.454585	0	0
9838	-0.453789	0	0
9837	-0.452996	0	0
9836	-0.452205	0	0
9835	-0.451417	0	0
9834	-0.450632	0	0
9833	-0.449849	0	0
9832	-0.44907	0	0
9831	-0.448293	0	0
9830	-0.447518	0	0
9829	-0.446746	0	0
9828	-0.445977	0	0
9827	-0.445211	0	0
9826	-0.444447	0	0
9825	-0.443685	0	0
9824	-0.442927	0	0
9823	-0.442171	0	0
9822	-0.441417	0	0
9821	-0.440666	0	0
9820	-0.439917	0	0
9819	-0.439171	0	0
9818	-0.438427	0	0
9817	-0.437686	0	0
9816	-0.436948	0	0
9815	-0.436211	0	0
9814	-0.435478	0	0
9813	-0.434746	0	0
9812	-0.434017	0	0
9811	-0.433291	0	0
9810	-0.432567	0	0
9809	-0.431845	0	0
9808	-0.431125	0	0
9807	-0.430408	0	0
9806	-0.429693	0	0
9805	-0.428981	0	0
9804	-0.428271	0	0
9803	-0.427563	0	0
9802	-0.426857	0	0
9801	-0.426154	0	0
9800	-0.425453	0	0
9799	-0.424754	0	0
9798	-0.424057	0	0
9797	-0.423363	0	0
9796	-0.42267	0	0
9795	-0.42198	0	0
9794	-0.421292	0	0
9793	-0.420607	0	0
9792	-0.419923	0	0
9791	-0.419242	0	0
9790	-0.418562	0	0
9789	-0.417885	0	0
9788	-0.41721	0	0
9787	-0.416537	0	0
9786	-0.415866	0	0
9785	-0.415197	0	0
9784	-0.414531	0	0
9783	-0.413866	0	0
9782	-0.413203	0	0
9781	-0.412543	0	0
9780	-0.411884	0	0
9779	-0.411227	0	0
9778	-0.410573	0	0
9777	-0.40992	0	0
9776	-0.40927	0	0
9775	-0.408621	0	0
9774	-0.407974	0	0
9773	-0.407329	0	0
9772	-0.406686	0	0
9771	-0.406046	0	0
9770	-0.405407	0	0
9769	-0.404769	0	0
9768	-0.404134	0	0
9767	-0.403501	0	0
9766	-0.402869	0	0
9765	-0.40224	0	0
9764	-0.401612	0	0
9763	-0.400986	0	0
9762	-0.400362	0	0
9761	-0.39974	0	0
9760	-0.39912	0	0
9759	-0.398501	0	0
9758	-0.397884	0	0
9757	-0.397269	0	0
9756	-0.396656	0	0
9755	-0.396045	0	0
9754	-0.395435	0	0
9753	-0.394827	0	0
9752	-0.394221	0	0
9751	-0.393616	0	0
9750	-0.393014	0	0
9749	-0.392413	0	0
9748	-0.391813	0	0
9747	-0.391216	0	0
9746	-0.39062	0	0
9745	-0.390026	0	0
9744	-0.389433	0	0
9743	-0.388842	0	0
9742	-0.388253	0	0
9741	-0.387665	0	0
9740	-0.387079	0	0
9739	-0.386495	0	0
9738	-0.385912	0	0
9737	-0.385331	0	0
9736	-0.384752	0	0
9735	-0.384174	0	0
9734	-0.383598	0	0
9733	-0.383023	0	0
9732	-0.38245	0	0
9731	-0.381879	0	0
9730	-0.381309	0	0
9729	-0.38074	0	0
9728	-0.380173	0	0
9727	-0.379608	0	0
9726	-0.379044	0	0
9725	-0.378482	0	0
9724	-0.377921	0	0
9723	-0.377362	0	0
9722	-0.376804	0	0
9721	-0.376248	0	0
9720	-0.375693	0	0
9719	-0.37514	0	0
9718	-0.374588	0	0
9717	-0.374038	0	0
9716	-0.373489	0	0
9715	-0.372942	0	0
9714	-0.372396	0	0
9713	-0.371851	0	0
9712	-0.371308	0	0
9711	-0.370767	0	0
9710	-0.370226	0	0
9709	-0.369688	0	0
9708	-0.36915	0	0
9707	-0.368614	0	0
9706	-0.368079	0	0
9705	-0.367546	0	0
9704	-0.367014	0	0
9703	-0.366484	0	0
9702	-0.365955	0	0
9701	-0.365427	0	0
9700	-0.364901	0	0
9699	-0.364375	0	0
9698	-0.363852	0	0
9697	-0.363329	0	0
9696	-0.362808	0	0
9695	-0.362289	0	0
9694	-0.36177	0	0
9693	-0.361253	0	0
9692	-0.360737	0	0
9691	-0.360223	0	0
9690	-0.359709	0	0
9689	-0.359197	0	0
9688	-0.358687	0	0
9687	-0.358177	0	0
9686	-0.357669	0	0
9685	-0.357162	0	0
9684	-0.356657	0	0
9683	-0.356152	0	0
9682	-0.355649	0	0
9681	-0.355147	0	0
9680	-0.354647	0	0
9679	-0.354147	0	0
9678	-0.353649	0	0
9677	-0.353152	0	0
9676	-0.352656	0	0
9675	-0.352162	0	0
9674	-0.351669	0	0
9673	-0.351176	0	0
9672	-0.350685	0	0
9671	-0.350196	0	0
9670	-0.349707	0	0
9669	-0.34922	0	0
9668	-0.348733	0	0
9667	-0.348248	0	0
9666	-0.347764	0	0
9665	-0.347281	0	0
9664	-0.3468	0	0
9663	-0.346319	0	0
9662	-0.34584	0	0
9661	-0.345362	0	0
9660	-0.344884	0	0
9659	-0.344408	0	0
9658	-0.343934	0	0
9657	-0.34346	0	0
9656	-0.342987	0	0
9655	-0.342516	0	0
9654	-0.342045	0	0
9653	-0.341576	0	0
9652	-0.341108	0	0
9651	-0.34064	0	0
9650	-0.340174	0	0
9649	-0.339709	0	0
9648	-0.339245	0	0
9647	-0.338782	0	0
9646	-0.33832	0	0
9645	-0.33786	0	0
9644	-0.3374	0	0
9643	-0.336941	0	0
9642	-0.336484	0	0
9641	-0.336027	0	0
9640	-0.335571	0	0
9639	-0.335117	0	0
9638	-0.334663	0	0
9637	-0.334211	0	0
9636	-0.333759	0	0
9635	-0.333309	0	0
9634	-0.332859	0	0
9633	-0.332411	0	0
9632	-0.331963	0	0
9631	-0.331517	0	0
9630	-0.331071	0	0
9629	-0.330627	0	0
9628	-0.330183	0	0
9627	-0.329741	0	0
9626	-0.329299	0	0
9625	-0.328859	0	0
9624	-0.328419	0	0
9623	-0.32798	0	0
9622	-0.327543	0	0
9621	-0.327106	0	0
9620	-0.32667	0	0
9619	-0.326235	0	0
9618	-0.325801	0	0
9617	-0.325368	0	0
9616	-0.324936	0	0
9615	-0.324505	0	0
9614	-0.324075	0	0
9613	-0.323645	0	0
9612	-0.323217	0	0
9611	-0.322789	0	0
9610	-0.322363	0	0
9609	-0.321937	0	0
9608	-0.321513	0	0
9607	-0.321089	0	0
9606	-0.320666	0	0
9605	-0.320244	0	0
9604	-0.319822	0	0
9603	-0.319402	0	0
9602	-0.318983	0	0
9601	-0.318564	0	0
9600	-0.318147	0	0
9599	-0.31773	0	0
9598	-0.317314	0	0
9597	-0.316899	0	0
9596	-0.316485	0	0
9595	-0.316071	0	0
9594	-0.315659	0	0
9593	-0.315247	0	0
9592	-0.314836	0	0
9591	-0.314426	0	0
9590	-0.314017	0	0
9589	-0.313609	0	0
9588	-0.313201	0	0
9587	-0.312795	0	0
9586	-0.312389	0	0
9585	-0.311984	0	0
9584	-0.31158	0	0
9583	-0.311176	0	0
9582	-0.310774	0	0
9581	-0.310372	0	0
9580	-0.309971	0	0
9579	-0.309571	0	0
9578	-0.309172	0	0
9577	-0.308773	0	0
9576	-0.308375	0	0
9575	-0.307979	0	0
9574	-0.307582	0	0
9573	-0.307187	0	0
9572	-0.306792	0	0
9571	-0.306399	0	0
9570	-0.306006	0	0
9569	-0.305613	0	0
9568	-0.305222	0	0
9567	-0.304831	0	0
9566	-0.304441	0	0
9565	-0.304052	0	0
9564	-0.303663	0	0
9563	-0.303276	0	0
9562	-0.302889	0	0
9561	-0.302503	0	0
9560	-0.302117	0	0
9559	-0.301732	0	0
9558	-0.301348	0	0
9557	-0.300965	0	0
9556	-0.300583	0	0
9555	-0.300201	0	0
9554	-0.29982	0	0
9553	-0.299439	0	0
9552	-0.29906	0	0
9551	-0.298681	0	0
9550	-0.298303	0	0
9549	-0.297925	0	0
9548	-0.297549	0	0
9547	-0.297173	0	0
9546	-0.296797	0	0
9545	-0.296423	0	0
9544	-0.296049	0	0
9543	-0.295675	0	0
9542	-0.295303	0	0
9541	-0.294931	0	0
9540	-0.29456	0	0
9539	-0.294189	0	0
9538	-0.29382	0	0
9537	-0.293451	0	0
9536	-0.293082	0	0
9535	-0.292714	0	0
9534	-0.292347	0	0
9533	-0.291981	0	0
9532	-0.291615	0	0
9531	-0.29125	0	0
9530	-0.290886	0	0
9529	-0.290522	0	0
9528	-0.290159	0	0
9527	-0.289797	0	0
9526	-0.289435	0	0
9525	-0.289074	0	0
9524	-0.288713	0	0
9523	-0.288353	0	0
9522	-0.287994	0	0
9521	-0.287636	0	0
9520	-0.287278	0	0
9519	-0.286921	0	0
9518	-0.286564	0	0
9517	-0.286208	0	0
9516	-0.285853	0	0
9515	-0.285498	0	0
9514	-0.285144	0	0
9513	-0.28479	0	0
9512	-0.284438	0	0
9511	-0.284085	0	0
9510	-0.283734	0	0
9509	-0.283383	0	0
9508	-0.283032	0	0
9507	-0.282683	0	0
9506	-0.282333	0	0
9505	-0.281985	0	0
9504	-0.281637	0	0
9503	-0.28129	0	0
9502	-0.280943	0	0
9501	-0.280597	0	0
9500	-0.280251	0	0
9499	-0.279906	0	0
9498	-0.279562	0	0
9497	-0.279218	0	0
9496	-0.278875	0	0
9495	-0.278532	0	0
9494	-0.27819	0	0
9493	-0.277849	0	0
9492	-0.277508	0	0
9491	-0.277168	0	0
9490	-0.276828	0	0
9489	-0.276489	0	0
9488	-0.27615	0	0
9487	-0.275812	0	0
9486	-0.275475	0	0
9485	-0.275138	0	0
9484	-0.274802	0	0
9483	-0.274466	0	0
9482	-0.274131	0	0
9481	-0.273796	0	0
9480	-0.273462	0	0
9479	-0.273129	0	0
9478	-0.272796	0	0
9477	-0.272463	0	0
9476	-0.272131	0	0
9475	-0.2718	0	0
9474	-0.271469	0	0
9473	-0.271139	0	0
9472	-0.270809	0	0
9471	-0.27048	0	0
9470	-0.270151	0	0
9469	-0.269823	0	0
9468	-0.269496	0	0
9467	-0.269169	0	0
9466	-0.268842	0	0
9465	-0.268516	0	0
9464	-0.268191	0	0
9463	-0.267866	0	0
9462	-0.267542	0	0
9461	-0.267218	0	0
9460	-0.266894	0	0
9459	-0.266571	0	0
9458	-0.266249	0	0
9457	-0.265927	0	0
9456	-0.265606	0	0
9455	-0.265285	0	0
9454	-0.264965	0	0
9453	-0.264645	0	0
9452	-0.264326	0	0
9451	-0.264007	0	0
9450	-0.263689	0	0
9449	-0.263371	0	0
9448	-0.263054	0	0
9447	-0.262737	0	0
9446	-0.262421	0	0
9445	-0.262105	0	0
9444	-0.261789	0	0
9443	-0.261475	0	0
9442	-0.26116	0	0
9441	-0.260846	0	0
9440	-0.260533	0	0
9439	-0.26022	0	0
9438	-0.259908	0	0
9437	-0.259596	0	0
9436	-0.259284	0	0
9435	-0.258974	0	0
9434	-0.258663	0	0
9433	-0.258353	0	0
9432	-0.258043	0	0
9431	-0.257734	0	0
9430	-0.257426	0	0
9429	-0.257118	0	0
9428	-0.25681	0	0
9427	-0.256503	0	0
9426	-0.256196	0	0
9425	-0.25589	0	0
9424	-0.255584	0	0
9423	-0.255279	0	0
9422	-0.254974	0	0
9421	-0.254669	0	0
9420	-0.254365	0	0
9419	-0.254062	0	0
9418	-0.253759	0	0
9417	-0.253456	0	0
9416	-0.253154	0	0
9415	-0.252852	0	0
9414	-0.252551	0	0
9413	-0.25225	0	0
9412	-0.251949	0	0
9411	-0.251649	0	0
9410	-0.25135	0	0
9409	-0.251051	0	0
9408	-0.250752	0	0
9407	-0.250454	0	0
9406	-0.250156	0	0
9405	-0.249859	0	0
9404	-0.249562	0	0
9403	-0.249265	0	0
9402	-0.248969	0	0
9401	-0.248673	0	0
9400	-0.248378	0	0
9399	-0.248083	0	0
9398	-0.247789	0	0
9397	-0.247495	0	0
9396	-0.247201	0	0
9395	-0.246908	0	0
9394	-0.246616	0	0
9393	-0.246323	0	0
9392	-0.246032	0	0
9391	-0.24574	0	0
9390	-0.245449	0	0
9389	-0.245158	0	0
9388	-0.244868	0	0
9387	-0.244578	0	0
9386	-0.244289	0	0
9385	-0.244	0	0
9384	-0.243711	0	0
9383	-0.243423	0	0
9382	-0.243135	0	0
9381	-0.242848	0	0
9380	-0.242561	0	0
9379	-0.242274	0	0
9378	-0.241988	0	0
9377	-0.241702	0	0
9376	-0.241417	0	0
9375	-0.241132	0	0
9374	-0.240847	0	0
9373	-0.240563	0	0
9372	-0.240279	0	0
9371	-0.239996	0	0
9370	-0.239713	0	0
9369	-0.23943	0	0
9368	-0.239148	0	0
9367	-0.238866	0	0
9366	-0.238584	0	0
9365	-0.238303	0	0
9364	-0.238023	0	0
9363	-0.237742	0	0
9362	-0.237462	0	0
9361	-0.237183	0	0
9360	-0.236903	0	0
9359	-0.236624	0	0
9358	-0.236346	0	0
9357	-0.236068	0	0
9356	-0.23579	0	0
9355	-0.235513	0	0
9354	-0.235236	0	0
9353	-0.234959	0	0
9352	-0.234683	0	0
9351	-0.234407	0	0
9350	-0.234131	0	0
9349	-0.233856	0	0
9348	-0.233581	0	0
9347	-0.233307	0	0
9346	-0.233033	0	0
9345	-0.232759	0	0
9344	-0.232486	0	0
9343	-0.232213	0	0
9342	-0.23194	0	0
9341	-0.231668	0	0
9340	-0.231396	0	0
9339	-0.231124	0	0
9338	-0.230853	0	0
9337	-0.230582	0	0
9336	-0.230312	0	0
9335	-0.230041	0	0
9334	-0.229772	0	0
9333	-0.229502	0	0
9332	-0.229233	0	0
9331	-0.228964	0	0
9330	-0.228696	0	0
9329	-0.228428	0	0
9328	-0.22816	0	0
9327	-0.227892	0	0
9326	-0.227625	0	0
9325	-0.227359	0	0
9324	-0.227092	0	0
9323	-0.226826	0	0
9322	-0.22656	0	0
9321	-0.226295	0	0
9320	-0.22603	0	0
9319	-0.225765	0	0
9318	-0.225501	0	0
9317	-0.225237	0	0
9316	-0.224973	0	0
9315	-0.22471	0	0
9314	-0.224447	0	0
9313	-0.224184	0	0
9312	-0.223921	0	0
9311	-0.223659	0	0
9310	-0.223398	0	0
9309	-0.223136	0	0
9308	-0.222875	0	0
9307	-0.222614	0	0
9306	-0.222354	0	0
9305	-0.222094	0	0
9304	-0.221834	0	0
9303	-0.221574	0	0
9302	-0.221315	0	0
9301	-0.221056	0	0
9300	-0.220798	0	0
9299	-0.220539	0	0
9298	-0.220281	0	0
9297	-0.220024	0	0
9296	-0.219767	0	0
9295	-0.21951	0	0
9294	-0.219253	0	0
9293	-0.218997	0	0
9292	-0.218741	0	0
9291	-0.218485	0	0
9290	-0.218229	0	0
9289	-0.217974	0	0
9288	-0.217719	0	0
9287	-0.217465	0	0
9286	-0.217211	0	0
9285	-0.216957	0	0
9284	-0.216703	0	0
9283	-0.21645	0	0
9282	-0.216197	0	0
9281	-0.215944	0	0
9280	-0.215692	0	0
9279	-0.21544	0	0
9278	-0.215188	0	0
9277	-0.214936	0	0
9276	-0.214685	0	0
9275	-0.214434	0	0
9274	-0.214184	0	0
9273	-0.213933	0	0
9272	-0.213683	0	0
9271	-0.213434	0	0
9270	-0.213184	0	0
9269	-0.212935	0	0
9268	-0.212686	0	0
9267	-0.212438	0	0
9266	-0.212189	0	0
9265	-0.211941	0	0
9264	-0.211694	0	0
9263	-0.211446	0	0
9262	-0.211199	0	0
9261	-0.210952	0	0
9260	-0.210706	0	0
9259	-0.210459	0	0
9258	-0.210213	0	0
9257	-0.209968	0	0
9256	-0.209722	0	0
9255	-0.209477	0	0
9254	-0.209232	0	0
9253	-0.208988	0	0
9252	-0.208743	0	0
9251	-0.208499	0	0
9250	-0.208255	0	0
9249	-0.208012	0	0
9248	-0.207769	0	0
9247	-0.207526	0	0
9246	-0.207283	0	0
9245	-0.207041	0	0
9244	-0.206799	0	0
9243	-0.206557	0	0
9242	-0.206315	0	0
9241	-0.206074	0	0
9240	-0.205833	0	0
9239	-0.205592	0	0
9238	-0.205352	0	0
9237	-0.205112	0	0
9236	-0.204872	0	0
9235	-0.204632	0	0
9234	-0.204393	0	0
9233	-0.204153	0	0
9232	-0.203914	0	0
9231	-0.203676	0	0
9230	-0.203437	0	0
9229	-0.203199	0	0
9228	-0.202962	0	0
9227	-0.202724	0	0
9226	-0.202487	0	0
9225	-0.20225	0	0
9224	-0.202013	0	0
9223	-0.201776	0	0
9222	-0.20154	0	0
9221	-0.201304	0	0
9220	-0.201068	0	0
9219	-0.200833	0	0
9218	-0.200597	0	0
9217	-0.200363	0	0
9216	-0.200128	0	0
9215	-0.199893	0	0
9214	-0.199659	0	0
9213	-0.199425	0	0
9212	-0.199191	0	0
9211	-0.198958	0	0
9210	-0.198725	0	0
9209	-0.198492	0	0
9208	-0.198259	0	0
9207	-0.198026	0	0
9206	-0.197794	0	0
9205	-0.197562	0	0
9204	-0.197331	0	0
9203	-0.197099	0	0
9202	-0.196868	0	0
9201	-0.196637	0	0
9200	-0.196406	0	0
9199	-0.196176	0	0
9198	-0.195945	0	0
9197	-0.195715	0	0
9196	-0.195486	0	0
9195	-0.195256	0	0
9194	-0.195027	0	0
9193	-0.194798	0	0
9192	-0.194569	0	0
9191	-0.19434	0	0
9190	-0.194112	0	0
9189	-0.193884	0	0
9188	-0.193656	0	0
9187	-0.193428	0	0
9186	-0.193201	0	0
9185	-0.192974	0	0
9184	-0.192747	0	0
9183	-0.19252	0	0
9182	-0.192294	0	0
9181	-0.192068	0	0
9180	-0.191842	0	0
9179	-0.191616	0	0
9178	-0.19139	0	0
9177	-0.191165	0	0
9176	-0.19094	0	0
9175	-0.190715	0	0
9174	-0.190491	0	0
9173	-0.190266	0	0
9172	-0.190042	0	0
9171	-0.189818	0	0
9170	-0.189595	0	0
9169	-0.189371	0	0
9168	-0.189148	0	0
9167	-0.188925	0	0
9166	-0.188702	0	0
9165	-0.18848	0	0
9164	-0.188257	0	0
9163	-0.188035	0	0
9162	-0.187814	0	0
9161	-0.187592	0	0
9160	-0.187371	0	0
9159	-0.187149	0	0
9158	-0.186928	0	0
9157	-0.186708	0	0
9156	-0.186487	0	0
9155	-0.186267	0	0
9154	-0.186047	0	0
9153	-0.185827	0	0
9152	-0.185607	0	0
9151	-0.185388	0	0
9150	-0.185169	0	0
9149	-0.18495	0	0
9148	-0.184731	0	0
9147	-0.184512	0	0
9146	-0.184294	0	0
9145	-0.184076	0	0
9144	-0.183858	0	0
9143	-0.18364	0	0
9142	-0.183423	0	0
9141	-0.183205	0	0
9140	-0.182988	0	0
9139	-0.182772	0	0
9138	-0.182555	0	0
9137	-0.182339	0	0
9136	-0.182122	0	0
9135	-0.181906	0	0
9134	-0.181691	0	0
9133	-0.181475	0	0
9132	-0.18126	0	0
9131	-0.181045	0	0
9130	-0.18083	0	0
9129	-0.180615	0	0
9128	-0.1804	0	0
9127	-0.180186	0	0
9126	-0.179972	0	0
9125	-0.179758	0	0
9124	-0.179544	0	0
9123	-0.179331	0	0
9122	-0.179118	0	0
9121	-0.178905	0	0
9120	-0.178692	0	0
9119	-0.178479	0	0
9118	-0.178267	0	0
9117	-0.178054	0	0
9116	-0.177842	0	0
9115	-0.17763	0	0
9114	-0.177419	0	0
9113	-0.177207	0	0
9112	-0.176996	0	0
9111	-0.176785	0	0
9110	-0.176574	0	0
9109	-0.176363	0	0
9108	-0.176153	0	0
9107	-0.175943	0	0
9106	-0.175733	0	0
9105	-0.175523	0	0
9104	-0.175313	0	0
9103	-0.175104	0	0
9102	-0.174894	0	0
9101	-0.174685	0	0
9100	-0.174477	0	0
9099	-0.174268	0	0
9098	-0.174059	0	0
9097	-0.173851	0	0
9096	-0.173643	0	0
9095	-0.173435	0	0
9094	-0.173227	0	0
9093	-0.17302	0	0
9092	-0.172813	0	0
9091	-0.172606	0	0
9090	-0.172399	0	0
9089	-0.172192	0	0
9088	-0.171985	0	0
9087	-0.171779	0	0
9086	-0.171573	0	0
9085	-0.171367	0	0
9084	-0.171161	0	0
9083	-0.170955	0	0
9082	-0.17075	0	0
9081	-0.170545	0	0
9080	-0.17034	0	0
9079	-0.170135	0	0
9078	-0.16993	0	0
9077	-0.169726	0	0
9076	-0.169522	0	0
9075	-0.169318	0	0
9074	-0.169114	0	0
9073	-0.16891	0	0
9072	-0.168706	0	0
9071	-0.168503	0	0
9070	-0.1683	0	0
9069	-0.168097	0	0
9068	-0.167894	0	0
9067	-0.167692	0	0
9066	-0.167489	0	0
9065	-0.167287	0	0
9064	-0.167085	0	0
9063	-0.166883	0	0
9062	-0.166681	0	0
9061	-0.16648	0	0
9060	-0.166279	0	0
9059	-0.166077	0	0
9058	-0.165876	0	0
9057	-0.165676	0	0
9056	-0.165475	0	0
9055	-0.165275	0	0
9054	-0.165074	0	0
9053	-0.164874	0	0
9052	-0.164674	0	0
9051	-0.164475	0	0
9050	-0.164275	0	0
9049	-0.164076	0	0
9048	-0.163877	0	0
9047	-0.163678	0	0
9046	-0.163479	0	0
9045	-0.16328	0	0
9044	-0.163082	0	0
9043	-0.162883	0	0
9042	-0.162685	0	0
9041	-0.162487	0	0
9040	-0.16229	0	0
9039	-0.162092	0	0
9038	-0.161895	0	0
9037	-0.161697	0	0
9036	-0.1615	0	0
9035	-0.161303	0	0
9034	-0.161107	0	0
9033	-0.16091	0	0
9032	-0.160714	0	0
9031	-0.160518	0	0
9030	-0.160322	0	0
9029	-0.160126	0	0
9028	-0.15993	0	0
9027	-0.159735	0	0
9026	-0.159539	0	0
9025	-0.159344	0	0
9024	-0.159149	0	0
9023	-0.158954	0	0
9022	-0.15876	0	0
9021	-0.158565	0	0
9020	-0.158371	0	0
9019	-0.158177	0	0
9018	-0.157983	0	0
9017	-0.157789	0	0
9016	-0.157595	0	0
9015	-0.157402	0	0
9014	-0.157208	0	0
9013	-0.157015	0	0
9012	-0.156822	0	0
9011	-0.156629	0	0
9010	-0.156437	0	0
9009	-0.156244	0	0
9008	-0.156052	0	0
9007	-0.15586	0	0
9006	-0.155668	0	0
9005	-0.155476	0	0
9004	-0.155284	0	0
9003	-0.155093	0	0
9002	-0.154901	0	0
9001	-0.15471	0	0
9000	-0.154519	0	0
8999	-0.154328	0	0
8998	-0.154138	0	0
8997	-0.153947	0	0
8996	-0.153757	0	0
8995	-0.153567	0	0
8994	-0.153377	0	0
8993	-0.153187	0	0
8992	-0.152997	0	0
8991	-0.152807	0	0
8990	-0.152618	0	0
8989	-0.152429	0	0
8988	-0.15224	0	0
8987	-0.152051	0	0
8986	-0.151862	0	0
8985	-0.151673	0	0
8984	-0.151485	0	0
8983	-0.151297	0	0
8982	-0.151109	0	0
8981	-0.150921	0	0
8980	-0.150733	0	0
8979	-0.150545	0	0
8978	-0.150358	0	0
8977	-0.15017	0	0
8976	-0.149983	0	0
8975	-0.149796	0	0
8974	-0.149609	0	0
8973	-0.149423	0	0
8972	-0.149236	0	0
8971	-0.14905	0	0
8970	-0.148864	0	0
8969	-0.148677	0	0
8968	-0.148492	0	0
8967	-0.148306	0	0
8966	-0.14812	0	0
8965	-0.147935	0	0
8964	-0.147749	0	0
8963	-0.147564	0	0
8962	-0.147379	0	0
8961	-0.147194	0	0
8960	-0.14701	0	0
8959	-0.146825	0	0
8958	-0.146641	0	0
8957	-0.146456	0	0
8956	-0.146272	0	0
8955	-0.146088	0	0
8954	-0.145905	0	0
8953	-0.145721	0	0
8952	-0.145538	0	0
8951	-0.145354	0	0
8950	-0.145171	0	0
8949	-0.144988	0	0
8948	-0.144805	0	0
8947	-0.144622	0	0
8946	-0.14444	0	0
8945	-0.144257	0	0
8944	-0.144075	0	0
8943	-0.143893	0	0
8942	-0.143711	0	0
8941	-0.143529	0	0
8940	-0.143348	0	0
8939	-0.143166	0	0
8938	-0.142985	0	0
8937	-0.142803	0	0
8936	-0.142622	0	0
8935	-0.142441	0	0
8934	-0.142261	0	0
8933	-0.14208	0	0
8932	-0.141899	0	0
8931	-0.141719	0	0
8930	-0.141539	0	0
8929	-0.141359	0	0
8928	-0.141179	0	0
8927	-0.140999	0	0
8926	-0.14082	0	0
8925	-0.14064	0	0
8924	-0.140461	0	0
8923	-0.140282	0	0
8922	-0.140102	0	0
8921	-0.139924	0	0
8920	-0.139745	0	0
8919	-0.139566	0	0
8918	-0.139388	0	0
8917	-0.139209	0	0
8916	-0.139031	0	0
8915	-0.138853	0	0
8914	-0.138675	0	0
8913	-0.138498	0	0
8912	-0.13832	0	0
8911	-0.138143	0	0
8910	-0.137965	0	0
8909	-0.137788	0	0
8908	-0.137611	0	0
8907	-0.137434	0	0
8906	-0.137257	0	0
8905	-0.137081	0	0
8904	-0.136904	0	0
8903	-0.136728	0	0
8902	-0.136552	0	0
8901	-0.136376	0	0
8900	-0.1362	0	0
8899	-0.136024	0	0
8898	-0.135848	0	0
8897	-0.135673	0	0
8896	-0.135498	0	0
8895	-0.135322	0	0
8894	-0.135147	0	0
8893	-0.134972	0	0
8892	-0.134798	0	0
8891	-0.134623	0	0
8890	-0.134448	0	0
8889	-0.134274	0	0
8888	-0.1341	0	0
8887	-0.133926	0	0
8886	-0.133752	0	0
8885	-0.133578	0	0
8884	-0.133404	0	0
8883	-0.133231	0	0
8882	-0.133057	0	0
8881	-0.132884	0	0
8880	-0.132711	0	0
8879	-0.132538	0	0
8878	-0.132365	0	0
8877	-0.132192	0	0
8876	-0.13202	0	0
8875	-0.131847	0	0
8874	-0.131675	0	0
8873	-0.131503	0	0
8872	-0.131331	0	0
8871	-0.131159	0	0
8870	-0.130987	0	0
8869	-0.130815	0	0
8868	-0.130644	0	0
8867	-0.130472	0	0
8866	-0.130301	0	0
8865	-0.13013	0	0
8864	-0.129959	0	0
8863	-0.129788	0	0
8862	-0.129618	0	0
8861	-0.129447	0	0
8860	-0.129277	0	0
8859	-0.129106	0	0
8858	-0.128936	0	0
8857	-0.128766	0	0
8856	-0.128596	0	0
8855	-0.128426	0	0
8854	-0.128257	0	0
8853	-0.128087	0	0
8852	-0.127918	0	0
8851	-0.127749	0	0
8850	-0.12758	0	0
8849	-0.127411	0	0
8848	-0.127242	0	0
8847	-0.127073	0	0
8846	-0.126904	0	0
8845	-0.126736	0	0
8844	-0.126568	0	0
8843	-0.126399	0	0
8842	-0.126231	0	0
8841	-0.126064	0	0
8840	-0.125896	0	0
8839	-0.125728	0	0
8838	-0.125561	0	0
8837	-0.125393	0	0
8836	-0.125226	0	0
8835	-0.125059	0	0
8834	-0.124892	0	0
8833	-0.124725	0	0
8832	-0.124558	0	0
8831	-0.124391	0	0
8830	-0.124225	0	0
8829	-0.124059	0	0
8828	-0.123892	0	0
8827	-0.123726	0	0
8826	-0.12356	0	0
8825	-0.123394	0	0
8824	-0.123229	0	0
8823	-0.123063	0	0
8822	-0.122898	0	0
8821	-0.122732	0	0
8820	-0.122567	0	0
8819	-0.122402	0	0
8818	-0.122237	0	0
8817	-0.122072	0	0
8816	-0.121907	0	0
8815	-0.121743	0	0
8814	-0.121578	0	0
8813	-0.121414	0	0
8812	-0.12125	0	0
8811	-0.121086	0	0
8810	-0.120922	0	0
8809	-0.120758	0	0
8808	-0.120594	0	0
8807	-0.120431	0	0
8806	-0.120267	0	0
8805	-0.120104	0	0
8804	-0.119941	0	0
8803	-0.119778	0	0
8802	-0.119615	0	0
8801	-0.119452	0	0
8800	-0.119289	0	0
8799	-0.119127	0	0
8798	-0.118964	0	0
8797	-0.118802	0	0
8796	-0.11864	0	0
8795	-0.118478	0	0
8794	-0.118316	0	0
8793	-0.118154	0	0
8792	-0.117992	0	0
8791	-0.117831	0	0
8790	-0.117669	0	0
8789	-0.117508	0	0
8788	-0.117347	0	0
8787	-0.117186	0	0
8786	-0.117025	0	0
8785	-0.116864	0	0
8784	-0.116703	0	0
8783	-0.116543	0	0
8782	-0.116382	0	0
8781	-0.116222	0	0
8780	-0.116062	0	0
8779	-0.115901	0	0
8778	-0.115741	0	0
8777	-0.115582	0	0
8776	-0.115422	0	0
8775	-0.115262	0	0
8774	-0.115103	0	0
8773	-0.114943	0	0
8772	-0.114784	0	0
8771	-0.114625	0	0
8770	-0.114466	0	0
8769	-0.114307	0	0
8768	-0.114148	0	0
8767	-0.11399	0	0
8766	-0.113831	0	0
8765	-0.113673	0	0
8764	-0.113515	0	0
8763	-0.113356	0	0
8762	-0.113198	0	0
8761	-0.113041	0	0
8760	-0.112883	0	0
8759	-0.112725	0	0
8758	-0.112568	0	0
8757	-0.11241	0	0
8756	-0.112253	0	0
8755	-0.112096	0	0
8754	-0.111939	0	0
8753	-0.111782	0	0
8752	-0.111625	0	0
8751	-0.111468	0	0
8750	-0.111311	0	0
8749	-0.111155	0	0
8748	-0.110999	0	0
8747	-0.110842	0	0
8746	-0.110686	0	0
8745	-0.11053	0	0
8744	-0.110374	0	0
8743	-0.110219	0	0
8742	-0.110063	0	0
8741	-0.109908	0	0
8740	-0.109752	0	0
8739	-0.109597	0	0
8738	-0.109442	0	0
8737	-0.109287	0	0
8736	-0.109132	0	0
8735	-0.108977	0	0
8734	-0.108822	0	0
8733	-0.108668	0	0
8732	-0.108513	0	0
8731	-0.108359	0	0
8730	-0.108205	0	0
8729	-0.108051	0	0
8728	-0.107897	0	0
8727	-0.107743	0	0
8726	-0.107589	0	0
8725	-0.107435	0	0
8724	-0.107282	0	0
8723	-0.107128	0	0
8722	-0.106975	0	0
8721	-0.106822	0	0
8720	-0.106669	0	0
8719	-0.106516	0	0
8718	-0.106363	0	0
8717	-0.10621	0	0
8716	-0.106058	0	0
8715	-0.105905	0	0
8714	-0.105753	0	0
8713	-0.105601	0	0
8712	-0.105449	0	0
8711	-0.105297	0	0
8710	-0.105145	0	0
8709	-0.104993	0	0
8708	-0.104841	0	0
8707	-0.10469	0	0
8706	-0.104538	0	0
8705	-0.104387	0	0
8704	-0.104236	0	0
8703	-0.104085	0	0
8702	-0.103934	0	0
8701	-0.103783	0	0
8700	-0.103632	0	0
8699	-0.103481	0	0
8698	-0.103331	0	0
8697	-0.10318	0	0
8696	-0.10303	0	0
8695	-0.10288	0	0
8694	-0.10273	0	0
8693	-0.10258	0	0
8692	-0.10243	0	0
8691	-0.10228	0	0
8690	-0.102131	0	0
8689	-0.101981	0	0
8688	-0.101832	0	0
8687	-0.101683	0	0
8686	-0.101534	0	0
8685	-0.101385	0	0
8684	-0.101236	0	0
8683	-0.101087	0	0
8682	-0.100938	0	0
8681	-0.10079	0	0
8680	-0.100641	0	0
8679	-0.100493	0	0
8678	-0.100345	0	0
8677	-0.100196	0	0
8676	-0.100048	0	0
8675	-0.0999005	0	0
8674	-0.0997527	0	0
8673	-0.099605	0	0
8672	-0.0994574	0	0
8671	-0.09931	0	0
8670	-0.0991626	0	0
8669	-0.0990154	0	0
8668	-0.0988683	0	0
8667	-0.0987213	0	0
8666	-0.0985744	0	0
8665	-0.0984276	0	0
8664	-0.098281	0	0
8663	-0.0981344	0	0
8662	-0.097988	0	0
8661	-0.0978416	0	0
8660	-0.0976954	0	0
8659	-0.0975493	0	0
8658	-0.0974033	0	0
8657	-0.0972574	0	0
8656	-0.0971117	0	0
8655	-0.096966	0	0
8654	-0.0968205	0	0
8653	-0.096675	0	0
8652	-0.0965297	0	0
8651	-0.0963845	0	0
8650	-0.0962394	0	0
8649	-0.0960944	0	0
8648	-0.0959495	0	0
8647	-0.0958047	0	0
8646	-0.0956601	0	0
8645	-0.0955155	0	0
8644	-0.0953711	0	0
8643	-0.0952267	0	0
8642	-0.0950825	0	0
8641	-0.0949384	0	0
8640	-0.0947944	0	0
8639	-0.0946505	0	0
8638	-0.0945067	0	0
8637	-0.0943631	0	0
8636	-0.0942195	0	0
8635	-0.0940761	0	0
8634	-0.0939327	0	0
8633	-0.0937895	0	0
8632	-0.0936464	0	0
8631	-0.0935034	0	0
8630	-0.0933605	0	0
8629	-0.0932177	0	0
8628	-0.093075	0	0
8627	-0.0929324	0	0
8626	-0.09279	0	0
8625	-0.0926476	0	0
8624	-0.0925054	0	0
8623	-0.0923633	0	0
8622	-0.0922212	0	0
8621	-0.0920793	0	0
8620	-0.0919375	0	0
8619	-0.0917958	0	0
8618	-0.0916542	0	0
8617	-0.0915128	0	0
8616	-0.0913714	0	0
8615	-0.0912301	0	0
8614	-0.091089	0	0
8613	-0.090948	0	0
8612	-0.090807	0	0
8611	-0.0906662	0	0
8610	-0.0905255	0	0
8609	-0.0903849	0	0
8608	-0.0902444	0	0
8607	-0.090104	0	0
8606	-0.0899637	0	0
8605	-0.0898235	0	0
8604	-0.0896835	0	0
8603	-0.0895435	0	0
8602	-0.0894037	0	0
8601	-0.0892639	0	0
8600	-0.0891243	0	0
8599	-0.0889848	0	0
8598	-0.0888454	0	0
8597	-0.0887061	0	0
8596	-0.0885669	0	0
8595	-0.0884278	0	0
8594	-0.0882888	0	0
8593	-0.0881499	0	0
8592	-0.0880111	0	0
8591	-0.0878725	0	0
8590	-0.0877339	0	0
8589	-0.0875955	0	0
8588	-0.0874572	0	0
8587	-0.0873189	0	0
8586	-0.0871808	0	0
8585	-0.0870428	0	0
8584	-0.0869049	0	0
8583	-0.0867671	0	0
8582	-0.0866294	0	0
8581	-0.0864918	0	0
8580	-0.0863543	0	0
8579	-0.086217	0	0
8578	-0.0860797	0	0
8577	-0.0859425	0	0
8576	-0.0858055	0	0
8575	-0.0856685	0	0
8574	-0.0855317	0	0
8573	-0.085395	0	0
8572	-0.0852584	0	0
8571	-0.0851218	0	0
8570	-0.0849854	0	0
8569	-0.0848491	0	0
8568	-0.0847129	0	0
8567	-0.0845768	0	0
8566	-0.0844409	0	0
8565	-0.084305	0	0
8564	-0.0841692	0	0
8563	-0.0840336	0	0
8562	-0.083898	0	0
8561	-0.0837625	0	0
8560	-0.0836272	0	0
8559	-0.083492	0	0
8558	-0.0833568	0	0
8557	-0.0832218	0	0
8556	-0.0830869	0	0
8555	-0.0829521	0	0
8554	-0.0828174	0	0
8553	-0.0826828	0	0
8552	-0.0825483	0	0
8551	-0.0824139	0	0
8550	-0.0822796	0	0
8549	-0.0821454	0	0
8548	-0.0820113	0	0
8547	-0.0818774	0	0
8546	-0.0817435	0	0
8545	-0.0816098	0	0
8544	-0.0814761	0	0
8543	-0.0813426	0	0
8542	-0.0812091	0	0
8541	-0.0810758	0	0
8540	-0.0809426	0	0
8539	-0.0808095	0	0
8538	-0.0806764	0	0
8537	-0.0805435	0	0
8536	-0.0804107	0	0
8535	-0.080278	0	0
8534	-0.0801454	0	0
8533	-0.0800129	0	0
8532	-0.0798806	0	0
8531	-0.0797483	0	0
8530	-0.0796161	0	0
8529	-0.079484	0	0
8528	-0.0793521	0	0
8527	-0.0792202	0	0
8526	-0.0790885	0	0
8525	-0.0789568	0	0
8524	-0.0788253	0	0
8523	-0.0786938	0	0
8522	-0.0785625	0	0
8521	-0.0784313	0	0
8520	-0.0783002	0	0
8519	-0.0781691	0	0
8518	-0.0780382	0	0
8517	-0.0779074	0	0
8516	-0.0777767	0	0
8515	-0.0776461	0	0
8514	-0.0775156	0	0
8513	-0.0773852	0	0
8512	-0.0772549	0	0
8511	-0.0771248	0	0
8510	-0.0769947	0	0
8509	-0.0768647	0	0
8508	-0.0767348	0	0
8507	-0.0766051	0	0
8506	-0.0764754	0	0
8505	-0.0763459	0	0
8504	-0.0762164	0	0
8503	-0.0760871	0	0
8502	-0.0759578	0	0
8501	-0.0758287	0	0
8500	-0.0756997	0	0
8499	-0.0755707	0	0
8498	-0.0754419	0	0
8497	-0.0753132	0	0
8496	-0.0751846	0	0
8495	-0.075056	0	0
8494	-0.0749276	0	0
8493	-0.0747993	0	0
8492	-0.0746711	0	0
8491	-0.074543	0	0
8490	-0.074415	0	0
8489	-0.0742872	0	0
8488	-0.0741594	0	0
8487	-0.0740317	0	0
8486	-0.0739041	0	0
8485	-0.0737766	0	0
8484	-0.0736493	0	0
8483	-0.073522	0	0
8482	-0.0733948	0	0
8481	-0.0732678	0	0
8480	-0.0731408	0	0
8479	-0.073014	0	0
8478	-0.0728872	0	0
8477	-0.0727606	0	0
8476	-0.072634	0	0
8475	-0.0725076	0	0
8474	-0.0723813	0	0
8473	-0.072255	0	0
8472	-0.0721289	0	0
8471	-0.0720029	0	0
8470	-0.071877	0	0
8469	-0.0717512	0	0
8468	-0.0716254	0	0
8467	-0.0714998	0	0
8466	-0.0713743	0	0
8465	-0.0712489	0	0
8464	-0.0711236	0	0
8463	-0.0709984	0	0
8462	-0.0708733	0	0
8461	-0.0707483	0	0
8460	-0.0706235	0	0
8459	-0.0704987	0	0
8458	-0.070374	0	0
8457	-0.0702494	0	0
8456	-0.0701249	0	0
8455	-0.0700006	0	0
8454	-0.0698763	0	0
8453	-0.0697521	0	0
8452	-0.0696281	0	0
8451	-0.0695041	0	0
8450	-0.0693803	0	0
8449	-0.0692565	0	0
8448	-0.0691329	0	0
8447	-0.0690093	0	0
8446	-0.0688859	0	0
8445	-0.0687625	0	0
8444	-0.0686393	0	0
8443	-0.0685162	0	0
8442	-0.0683931	0	0
8441	-0.0682702	0	0
8440	-0.0681474	0	0
8439	-0.0680246	0	0
8438	-0.067902	0	0
8437	-0.0677795	0	0
8436	-0.0676571	0	0
8435	-0.0675348	0	0
8434	-0.0674126	0	0
8433	-0.0672905	0	0
8432	-0.0671685	0	0
8431	-0.0670466	0	0
8430	-0.0669248	0	0
8429	-0.0668031	0	0
8428	-0.0666815	0	0
8427	-0.06656	0	0
8426	-0.0664386	0	0
8425	-0.0663173	0	0
8424	-0.0661961	0	0
8423	-0.066075	0	0
8422	-0.065954	0	0
8421	-0.0658332	0	0
8420	-0.0657124	0	0
8419	-0.0655917	0	0
8418	-0.0654712	0	0
8417	-0.0653507	0	0
8416	-0.0652303	0	0
8415	-0.0651101	0	0
8414	-0.0649899	0	0
8413	-0.0648698	0	0
8412	-0.0647499	0	0
8411	-0.06463	0	0
8410	-0.0645103	0	0
8409	-0.0643906	0	0
8408	-0.0642711	0	0
8407	-0.0641517	0	0
8406	-0.0640323	0	0
8405	-0.0639131	0	0
8404	-0.0637939	0	0
8403	-0.0636749	0	0
8402	-0.063556	0	0
8401	-0.0634371	0	0
8400	-0.0633184	0	0
8399	-0.0631998	0	0
8398	-0.0630813	0	0
8397	-0.0629628	0	0
8396	-0.0628445	0	0
8395	-0.0627263	0	0
8394	-0.0626082	0	0
8393	-0.0624902	0	0
8392	-0.0623723	0	0
8391	-0.0622545	0	0
8390	-0.0621367	0	0
8389	-0.0620191	0	0
8388	-0.0619016	0	0
8387	-0.0617842	0	0
8386	-0.0616669	0	0
8385	-0.0615497	0	0
8384	-0.0614327	0	0
8383	-0.0613157	0	0
8382	-0.0611988	0	0
8381	-0.061082	0	0
8380	-0.0609653	0	0
8379	-0.0608487	0	0
8378	-0.0607322	0	0
8377	-0.0606158	0	0
8376	-0.0604996	0	0
8375	-0.0603834	0	0
8374	-0.0602673	0	0
8373	-0.0601513	0	0
8372	-0.0600355	0	0
8371	-0.0599197	0	0
8370	-0.059804	0	0
8369	-0.0596885	0	0
8368	-0.059573	0	0
8367	-0.0594576	0	0
8366	-0.0593424	0	0
8365	-0.0592272	0	0
8364	-0.0591122	0	0
8363	-0.0589972	0	0
8362	-0.0588824	0	0
8361	-0.0587676	0	0
8360	-0.058653	0	0
8359	-0.0585384	0	0
8358	-0.058424	0	0
8357	-0.0583096	0	0
8356	-0.0581954	0	0
8355	-0.0580812	0	0
8354	-0.0579672	0	0
8353	-0.0578533	0	0
8352	-0.0577394	0	0
8351	-0.0576257	0	0
8350	-0.0575121	0	0
8349	-0.0573985	0	0
8348	-0.0572851	0	0
8347	-0.0571718	0	0
8346	-0.0570585	0	0
8345	-0.0569454	0	0
8344	-0.0568324	0	0
8343	-0.0567195	0	0
8342	-0.0566067	0	0
8341	-0.0564939	0	0
8340	-0.0563813	0	0
8339	-0.0562688	0	0
8338	-0.0561564	0	0
8337	-0.0560441	0	0
8336	-0.0559319	0	0
8335	-0.0558198	0	0
8334	-0.0557078	0	0
8333	-0.0555958	0	0
8332	-0.055484	0	0
8331	-0.0553723	0	0
8330	-0.0552607	0	0
8329	-0.0551492	0	0
8328	-0.0550378	0	0
8327	-0.0549266	0	0
8326	-0.0548154	0	0
8325	-0.0547043	0	0
8324	-0.0545933	0	0
8323	-0.0544824	0	0
8322	-0.0543716	0	0
8321	-0.0542609	0	0
8320	-0.0541503	0	0
8319	-0.0540398	0	0
8318	-0.0539295	0	0
8317	-0.0538192	0	0
8316	-0.053709	0	0
8315	-0.0535989	0	0
8314	-0.053489	0	0
8313	-0.0533791	0	0
8312	-0.0532693	0	0
8311	-0.0531596	0	0
8310	-0.0530501	0	0
8309	-0.0529406	0	0
8308	-0.0528312	0	0
8307	-0.052722	0	0
8306	-0.0526128	0	0
8305	-0.0525037	0	0
8304	-0.0523948	0	0
8303	-0.0522859	0	0
8302	-0.0521772	0	0
8301	-0.0520685	0	0
8300	-0.0519599	0	0
8299	-0.0518515	0	0
8298	-0.0517431	0	0
8297	-0.0516349	0	0
8296	-0.0515267	0	0
8295	-0.0514187	0	0
8294	-0.0513107	0	0
8293	-0.0512029	0	0
8292	-0.0510952	0	0
8291	-0.0509875	0	0
8290	-0.05088	0	0
8289	-0.0507725	0	0
8288	-0.0506652	0	0
8287	-0.050558	0	0
8286	-0.0504508	0	0
8285	-0.0503438	0	0
8284	-0.0502369	0	0
8283	-0.05013	0	0
8282	-0.0500233	0	0
8281	-0.0499167	0	0
8280	-0.0498101	0	0
8279	-0.0497037	0	0
8278	-0.0495974	0	0
8277	-0.0494912	0	0
8276	-0.049385	0	0
8275	-0.049279	0	0
8274	-0.0491731	0	0
8273	-0.0490673	0	0
8272	-0.0489616	0	0
8271	-0.048856	0	0
8270	-0.0487505	0	0
8269	-0.048645	0	0
8268	-0.0485397	0	0
8267	-0.0484345	0	0
8266	-0.0483294	0	0
8265	-0.0482244	0	0
8264	-0.0481195	0	0
8263	-0.0480147	0	0
8262	-0.04791	0	0
8261	-0.0478054	0	0
8260	-0.0477009	0	0
8259	-0.0475965	0	0
8258	-0.0474922	0	0
8257	-0.047388	0	0
8256	-0.0472839	0	0
8255	-0.0471799	0	0
8254	-0.047076	0	0
8253	-0.0469723	0	0
8252	-0.0468686	0	0
8251	-0.046765	0	0
8250	-0.0466615	0	0
8249	-0.0465581	0	0
8248	-0.0464548	0	0
8247	-0.0463517	0	0
8246	-0.0462486	0	0
8245	-0.0461456	0	0
8244	-0.0460427	0	0
8243	-0.0459399	0	0
8242	-0.0458373	0	0
8241	-0.0457347	0	0
8240	-0.0456322	0	0
8239	-0.0455299	0	0
8238	-0.0454276	0	0
8237	-0.0453254	0	0
8236	-0.0452234	0	0
8235	-0.0451214	0	0
8234	-0.0450195	0	0
8233	-0.0449178	0	0
8232	-0.0448161	0	0
8231	-0.0447146	0	0
8230	-0.0446131	0	0
8229	-0.0445118	0	0
8228	-0.0444105	0	0
8227	-0.0443093	0	0
8226	-0.0442083	0	0
8225	-0.0441073	0	0
8224	-0.0440065	0	0
8223	-0.0439058	0	0
8222	-0.0438051	0	0
8221	-0.0437046	0	0
8220	-0.0436041	0	0
8219	-0.0435038	0	0
8218	-0.0434035	0	0
8217	-0.0433034	0	0
8216	-0.0432034	0	0
8215	-0.0431034	0	0
8214	-0.0430036	0	0
8213	-0.0429039	0	0
8212	-0.0428042	0	0
8211	-0.0427047	0	0
8210	-0.0426053	0	0
8209	-0.042506	0	0
8208	-0.0424067	0	0
8207	-0.0423076	0	0
8206	-0.0422086	0	0
8205	-0.0421097	0	0
8204	-0.0420109	0	0
8203	-0.0419122	0	0
8202	-0.0418135	0	0
8201	-0.041715	0	0
8200	-0.0416166	0	0
8199	-0.0415183	0	0
8198	-0.0414201	0	0
8197	-0.041322	0	0
8196	-0.041224	0	0
8195	-0.0411261	0	0
8194	-0.0410283	0	0
8193	-0.0409306	0	0
8192	-0.040833	0	0
8191	-0.0407355	0	0
8190	-0.0406381	0	0
8189	-0.0405408	0	0
8188	-0.0404436	0	0
8187	-0.0403465	0	0
8186	-0.0402495	0	0
8185	-0.0401526	0	0
8184	-0.0400558	0	0
8183	-0.0399592	0	0
8182	-0.0398626	0	0
8181	-0.0397661	0	0
8180	-0.0396697	0	0
8179	-0.0395734	0	0
8178	-0.0394773	0	0
8177	-0.0393812	0	0
8176	-0.0392852	0	0
8175	-0.0391893	0	0
8174	-0.0390936	0	0
8173	-0.0389979	0	0
8172	-0.0389023	0	0
8171	-0.0388069	0	0
8170	-0.0387115	0	0
8169	-0.0386162	0	0
8168	-0.0385211	0	0
8167	-0.038426	0	0
8166	-0.0383311	0	0
8165	-0.0382362	0	0
8164	-0.0381415	0	0
8163	-0.0380468	0	0
8162	-0.0379523	0	0
8161	-0.0378578	0	0
8160	-0.0377635	0	0
8159	-0.0376692	0	0
8158	-0.0375751	0	0
8157	-0.037481	0	0
8156	-0.0373871	0	0
8155	-0.0372932	0	0
8154	-0.0371995	0	0
8153	-0.0371059	0	0
8152	-0.0370123	0	0
8151	-0.0369189	0	0
8150	-0.0368256	0	0
8149	-0.0367324	0	0
8148	-0.0366392	0	0
8147	-0.0365462	0	0
8146	-0.0364533	0	0
8145	-0.0363605	0	0
8144	-0.0362677	0	0
8143	-0.0361751	0	0
8142	-0.0360826	0	0
8141	-0.0359902	0	0
8140	-0.0358979	0	0
8139	-0.0358057	0	0
8138	-0.0357136	0	0
8137	-0.0356216	0	0
8136	-0.0355297	0	0
8135	-0.0354379	0	0
8134	-0.0353462	0	0
8133	-0.0352546	0	0
8132	-0.0351631	0	0
8131	-0.0350717	0	0
8130	-0.0349804	0	0
8129	-0.0348892	0	0
8128	-0.0347981	0	0
8127	-0.0347071	0	0
8126	-0.0346162	0	0
8125	-0.0345254	0	0
8124	-0.0344347	0	0
8123	-0.0343442	0	0
8122	-0.0342537	0	0
8121	-0.0341633	0	0
8120	-0.034073	0	0
8119	-0.0339829	0	0
8118	-0.0338928	0	0
8117	-0.0338028	0	0
8116	-0.0337129	0	0
8115	-0.0336232	0	0
8114	-0.0335335	0	0
8113	-0.033444	0	0
8112	-0.0333545	0	0
8111	-0.0332651	0	0
8110	-0.0331759	0	0
8109	-0.0330867	0	0
8108	-0.0329977	0	0
8107	-0.0329087	0	0
8106	-0.0328199	0	0
8105	-0.0327311	0	0
8104	-0.0326425	0	0
8103	-0.032554	0	0
8102	-0.0324655	0	0
8101	-0.0323772	0	0
8100	-0.0322889	0	0
8099	-0.0322008	0	0
8098	-0.0321128	0	0
8097	-0.0320248	0	0
8096	-0.031937	0	0
8095	-0.0318493	0	0
8094	-0.0317617	0	0
8093	-0.0316741	0	0
8092	-0.0315867	0	0
8091	-0.0314994	0	0
8090	-0.0314122	0	0
8089	-0.0313251	0	0
8088	-0.0312381	0	0
8087	-0.0311512	0	0
8086	-0.0310644	0	0
8085	-0.0309776	0	0
8084	-0.030891	0	0
8083	-0.0308045	0	0
8082	-0.0307181	0	0
8081	-0.0306319	0	0
8080	-0.0305457	0	0
8079	-0.0304596	0	0
8078	-0.0303736	0	0
8077	-0.0302877	0	0
8076	-0.0302019	0	0
8075	-0.0301162	0	0
8074	-0.0300306	0	0
8073	-0.0299452	0	0
8072	-0.0298598	0	0
8071	-0.0297745	0	0
8070	-0.0296893	0	0
8069	-0.0296043	0	0
8068	-0.0295193	0	0
8067	-0.0294344	0	0
8066	-0.0293497	0	0
8065	-0.029265	0	0
8064	-0.0291804	0	0
8063	-0.029096	0	0
8062	-0.0290116	0	0
8061	-0.0289274	0	0
8060	-0.0288432	0	0
8059	-0.0287592	0	0
8058	-0.0286752	0	0
8057	-0.0285914	0	0
8056	-0.0285076	0	0
8055	-0.028424	0	0
8054	-0.0283405	0	0
8053	-0.028257	0	0
8052	-0.0281737	0	0
8051	-0.0280905	0	0
8050	-0.0280073	0	0
8049	-0.0279243	0	0
8048	-0.0278414	0	0
8047	-0.0277586	0	0
8046	-0.0276759	0	0
8045	-0.0275932	0	0
8044	-0.0275107	0	0
8043	-0.0274283	0	0
8042	-0.027346	0	0
8041	-0.0272638	0	0
8040	-0.0271817	0	0
8039	-0.0270997	0	0
8038	-0.0270178	0	0
8037	-0.026936	0	0
8036	-0.0268543	0	0
8035	-0.0267727	0	0
8034	-0.0266912	0	0
8033	-0.0266098	0	0
8032	-0.0265285	0	0
8031	-0.0264474	0	0
8030	-0.0263663	0	0
8029	-0.0262853	0	0
8028	-0.0262044	0	0
8027	-0.0261237	0	0
8026	-0.026043	0	0
8025	-0.0259624	0	0
8024	-0.0258819	0	0
8023	-0.0258016	0	0
8022	-0.0257213	0	0
8021	-0.0256412	0	0
8020	-0.0255611	0	0
8019	-0.0254812	0	0
8018	-0.0254013	0	0
8017	-0.0253216	0	0
8016	-0.0252419	0	0
8015	-0.0251624	0	0
8014	-0.0250829	0	0
8013	-0.0250036	0	0
8012	-0.0249243	0	0
8011	-0.0248452	0	0
8010	-0.0247662	0	0
8009	-0.0246872	0	0
8008	-0.0246084	0	0
8007	-0.0245297	0	0
8006	-0.0244511	0	0
8005	-0.0243726	0	0
8004	-0.0242941	0	0
8003	-0.0242158	0	0
8002	-0.0241376	0	0
8001	-0.0240595	0	0
8000	-0.0239815	0	0
7999	-0.0239036	0	0
7998	-0.0238258	0	0
7997	-0.0237481	0	0
7996	-0.0236705	0	0
7995	-0.023593	0	0
7994	-0.0235156	0	0
7993	-0.0234383	0	0
7992	-0.0233611	0	0
7991	-0.023284	0	0
7990	-0.0232071	0	0
7989	-0.0231302	0	0
7988	-0.0230534	0	0
7987	-0.0229767	0	0
7986	-0.0229002	0	0
7985	-0.0228237	0	0
7984	-0.0227473	0	0
7983	-0.0226711	0	0
7982	-0.0225949	0	0
7981	-0.0225189	0	0
7980	-0.0224429	0	0
7979	-0.022367	0	0
7978	-0.0222913	0	0
7977	-0.0222156	0	0
7976	-0.0221401	0	0
7975	-0.0220647	0	0
7974	-0.0219893	0	0
7973	-0.0219141	0	0
7972	-0.021839	0	0
7971	-0.0217639	0	0
7970	-0.021689	0	0
7969	-0.0216142	0	0
7968	-0.0215394	0	0
7967	-0.0214648	0	0
7966	-0.0213903	0	0
7965	-0.0213159	0	0
7964	-0.0212416	0	0
7963	-0.0211674	0	0
7962	-0.0210933	0	0
7961	-0.0210193	0	0
7960	-0.0209453	0	0
7959	-0.0208715	0	0
7958	-0.0207979	0	0
7957	-0.0207243	0	0
7956	-0.0206508	0	0
7955	-0.0205774	0	0
7954	-0.0205041	0	0
7953	-0.0204309	0	0
7952	-0.0203578	0	0
7951	-0.0202848	0	0
7950	-0.020212	0	0
7949	-0.0201392	0	0
7948	-0.0200665	0	0
7947	-0.019994	0	0
7946	-0.0199215	0	0
7945	-0.0198491	0	0
7944	-0.0197769	0	0
7943	-0.0197047	0	0
7942	-0.0196327	0	0
7941	-0.0195607	0	0
7940	-0.0194889	0	0
7939	-0.0194171	0	0
7938	-0.0193455	0	0
7937	-0.0192739	0	0
7936	-0.0192025	0	0
7935	-0.0191312	0	0
7934	-0.0190599	0	0
7933	-0.0189888	0	0
7932	-0.0189178	0	0
7931	-0.0188469	0	0
7930	-0.018776	0	0
7929	-0.0187053	0	0
7928	-0.0186347	0	0
7927	-0.0185642	0	0
7926	-0.0184938	0	0
7925	-0.0184235	0	0
7924	-0.0183533	0	0
7923	-0.0182832	0	0
7922	-0.0182132	0	0
7921	-0.0181433	0	0
7920	-0.0180735	0	0
7919	-0.0180038	0	0
7918	-0.0179342	0	0
7917	-0.0178647	0	0
7916	-0.0177953	0	0
7915	-0.017726	0	0
7914	-0.0176569	0	0
7913	-0.0175878	0	0
7912	-0.0175188	0	0
7911	-0.01745	0	0
7910	-0.0173812	0	0
7909	-0.0173125	0	0
7908	-0.017244	0	0
7907	-0.0171755	0	0
7906	-0.0171071	0	0
7905	-0.0170389	0	0
7904	-0.0169707	0	0
7903	-0.0169027	0	0
7902	-0.0168348	0	0
7901	-0.0167669	0	0
7900	-0.0166992	0	0
7899	-0.0166315	0	0
7898	-0.016564	0	0
7897	-0.0164966	0	0
7896	-0.0164292	0	0
7895	-0.016362	0	0
7894	-0.0162949	0	0
7893	-0.0162279	0	0
7892	-0.016161	0	0
7891	-0.0160941	0	0
7890	-0.0160274	0	0
7889	-0.0159608	0	0
7888	-0.0158943	0	0
7887	-0.0158279	0	0
7886	-0.0157616	0	0
7885	-0.0156954	0	0
7884	-0.0156293	0	0
7883	-0.0155633	0	0
7882	-0.0154974	0	0
7881	-0.0154317	0	0
7880	-0.015366	0	0
7879	-0.0153004	0	0
7878	-0.0152349	0	0
7877	-0.0151695	0	0
7876	-0.0151043	0	0
7875	-0.0150391	0	0
7874	-0.014974	0	0
7873	-0.0149091	0	0
7872	-0.0148442	0	0
7871	-0.0147794	0	0
7870	-0.0147148	0	0
7869	-0.0146502	0	0
7868	-0.0145858	0	0
7867	-0.0145214	0	0
7866	-0.0144572	0	0
7865	-0.014393	0	0
7864	-0.014329	0	0
7863	-0.014265	0	0
7862	-0.0142012	0	0
7861	-0.0141375	0	0
7860	-0.0140738	0	0
7859	-0.0140103	0	0
7858	-0.0139469	0	0
7857	-0.0138836	0	0
7856	-0.0138203	0	0
7855	-0.0137572	0	0
7854	-0.0136942	0	0
7853	-0.0136313	0	0
7852	-0.0135685	0	0
7851	-0.0135058	0	0
7850	-0.0134432	0	0
7849	-0.0133807	0	0
7848	-0.0133183	0	0
7847	-0.013256	0	0
7846	-0.0131938	0	0
7845	-0.0131317	0	0
7844	-0.0130697	0	0
7843	-0.0130078	0	0
7842	-0.012946	0	0
7841	-0.0128844	0	0
7840	-0.0128228	0	0
7839	-0.0127613	0	0
7838	-0.0126999	0	0
7837	-0.0126387	0	0
7836	-0.0125775	0	0
7835	-0.0125164	0	0
7834	-0.0124555	0	0
7833	-0.0123946	0	0
7832	-0.0123338	0	0
7831	-0.0122732	0	0
7830	-0.0122126	0	0
7829	-0.0121522	0	0
7828	-0.0120918	0	0
7827	-0.0120316	0	0
7826	-0.0119715	0	0
7825	-0.0119114	0	0
7824	-0.0118515	0	0
7823	-0.0117916	0	0
7822	-0.0117319	0	0
7821	-0.0116723	0	0
7820	-0.0116127	0	0
7819	-0.0115533	0	0
7818	-0.011494	0	0
7817	-0.0114348	0	0
7816	-0.0113757	0	0
7815	-0.0113166	0	0
7814	-0.0112577	0	0
7813	-0.0111989	0	0
7812	-0.0111402	0	0
7811	-0.0110816	0	0
7810	-0.0110231	0	0
7809	-0.0109647	0	0
7808	-0.0109064	0	0
7807	-0.0108482	0	0
7806	-0.0107901	0	0
7805	-0.0107321	0	0
7804	-0.0106742	0	0
7803	-0.0106164	0	0
7802	-0.0105588	0	0
7801	-0.0105012	0	0
7800	-0.0104437	0	0
7799	-0.0103863	0	0
7798	-0.010329	0	0
7797	-0.0102719	0	0
7796	-0.0102148	0	0
7795	-0.0101578	0	0
7794	-0.010101	0	0
7793	-0.0100442	0	0
7792	-0.00998752	0	0
7791	-0.00993096	0	0
7790	-0.00987451	0	0
7789	-0.00981815	0	0
7788	-0.0097619	0	0
7787	-0.00970574	0	0
7786	-0.00964969	0	0
7785	-0.00959375	0	0
7784	-0.0095379	0	0
7783	-0.00948216	0	0
7782	-0.00942652	0	0
7781	-0.00937098	0	0
7780	-0.00931554	0	0
7779	-0.00926021	0	0
7778	-0.00920498	0	0
7777	-0.00914985	0	0
7776	-0.00909482	0	0
7775	-0.00903989	0	0
7774	-0.00898507	0	0
7773	-0.00893035	0	0
7772	-0.00887573	0	0
7771	-0.00882121	0	0
7770	-0.00876679	0	0
7769	-0.00871248	0	0
7768	-0.00865827	0	0
7767	-0.00860416	0	0
7766	-0.00855015	0	0
7765	-0.00849624	0	0
7764	-0.00844244	0	0
7763	-0.00838873	0	0
7762	-0.00833513	0	0
7761	-0.00828164	0	0
7760	-0.00822824	0	0
7759	-0.00817494	0	0
7758	-0.00812175	0	0
7757	-0.00806866	0	0
7756	-0.00801567	0	0
7755	-0.00796278	0	0
7754	-0.00791	0	0
7753	-0.00785731	0	0
7752	-0.00780473	0	0
7751	-0.00775225	0	0
7750	-0.00769987	0	0
7749	-0.0076476	0	0
7748	-0.00759542	0	0
7747	-0.00754335	0	0
7746	-0.00749138	0	0
7745	-0.00743951	0	0
7744	-0.00738774	0	0
7743	-0.00733607	0	0
7742	-0.00728451	0	0
7741	-0.00723304	0	0
7740	-0.00718168	0	0
7739	-0.00713042	0	0
7738	-0.00707926	0	0
7737	-0.0070282	0	0
7736	-0.00697725	0	0
7735	-0.0069264	0	0
7734	-0.00687564	0	0
7733	-0.00682499	0	0
7732	-0.00677444	0	0
7731	-0.00672399	0	0
7730	-0.00667365	0	0
7729	-0.0066234	0	0
7728	-0.00657326	0	0
7727	-0.00652322	0	0
7726	-0.00647328	0	0
7725	-0.00642344	0	0
7724	-0.0063737	0	0
7723	-0.00632406	0	0
7722	-0.00627453	0	0
7721	-0.00622509	0	0
7720	-0.00617576	0	0
7719	-0.00612653	0	0
7718	-0.0060774	0	0
7717	-0.00602837	0	0
7716	-0.00597944	0	0
7715	-0.00593062	0	0
7714	-0.00588189	0	0
7713	-0.00583327	0	0
7712	-0.00578474	0	0
7711	-0.00573632	0	0
7710	-0.005688	0	0
7709	-0.00563978	0	0
7708	-0.00559166	0	0
7707	-0.00554365	0	0
7706	-0.00549573	0	0
7705	-0.00544791	0	0
7704	-0.0054002	0	0
7703	-0.00535259	0	0
7702	-0.00530507	0	0
7701	-0.00525766	0	0
7700	-0.00521035	0	0
7699	-0.00516314	0	0
7698	-0.00511604	0	0
7697	-0.00506903	0	0
7696	-0.00502212	0	0
7695	-0.00497531	0	0
7694	-0.00492861	0	0
7693	-0.00488201	0	0
7692	-0.0048355	0	0
7691	-0.0047891	0	0
7690	-0.0047428	0	0
7689	-0.0046966	0	0
7688	-0.0046505	0	0
7687	-0.0046045	0	0
7686	-0.0045586	0	0
7685	-0.0045128	0	0
7684	-0.0044671	0	0
7683	-0.0044215	0	0
7682	-0.00437601	0	0
7681	-0.00433061	0	0
7680	-0.00428531	0	0
7679	-0.00424012	0	0
7678	-0.00419503	0	0
7677	-0.00415003	0	0
7676	-0.00410514	0	0
7675	-0.00406034	0	0
7674	-0.00401565	0	0
7673	-0.00397106	0	0
7672	-0.00392657	0	0
7671	-0.00388218	0	0
7670	-0.00383788	0	0
7669	-0.00379369	0	0
7668	-0.0037496	0	0
7667	-0.00370561	0	0
7666	-0.00366172	0	0
7665	-0.00361793	0	0
7664	-0.00357424	0	0
7663	-0.00353065	0	0
7662	-0.00348716	0	0
7661	-0.00344377	0	0
7660	-0.00340048	0	0
7659	-0.00335729	0	0
7658	-0.00331421	0	0
7657	-0.00327122	0	0
7656	-0.00322833	0	0
7655	-0.00318554	0	0
7654	-0.00314285	0	0
7653	-0.00310026	0	0
7652	-0.00305777	0	0
7651	-0.00301538	0	0
7650	-0.00297309	0	0
7649	-0.0029309	0	0
7648	-0.00288881	0	0
7647	-0.00284682	0	0
7646	-0.00280493	0	0
7645	-0.00276314	0	0
7644	-0.00272145	0	0
7643	-0.00267986	0	0
7642	-0.00263836	0	0
7641	-0.00259697	0	0
7640	-0.00255568	0	0
7639	-0.00251449	0	0
7638	-0.00247339	0	0
7637	-0.0024324	0	0
7636	-0.0023915	0	0
7635	-0.00235071	0	0
7634	-0.00231001	0	0
7633	-0.00226942	0	0
7632	-0.00222892	0	0
7631	-0.00218852	0	0
7630	-0.00214822	0	0
7629	-0.00210802	0	0
7628	-0.00206793	0	0
7627	-0.00202792	0	0
7626	-0.00198802	0	0
7625	-0.00194822	0	0
7624	-0.00190852	0	0
7623	-0.00186891	0	0
7622	-0.00182941	0	0
7621	-0.00179	0	0
7620	-0.0017507	0	0
7619	-0.00171149	0	0
7618	-0.00167238	0	0
7617	-0.00163337	0	0
7616	-0.00159446	0	0
7615	-0.00155565	0	0
7614	-0.00151694	0	0
7613	-0.00147832	0	0
7612	-0.00143981	0	0
7611	-0.00140139	0	0
7610	-0.00136307	0	0
7609	-0.00132485	0	0
7608	-0.00128673	0	0
7607	-0.00124871	0	0
7606	-0.00121079	0	0
7605	-0.00117296	0	0
7604	-0.00113524	0	0
7603	-0.00109761	0	0
7602	-0.00106008	0	0
7601	-0.00102265	0	0
7600	-0.000985319	0	0
7599	-0.000948085	0	0
7598	-0.00091095	0	0
7597	-0.000873913	0	0
7596	-0.000836974	0	0
7595	-0.000800133	0	0
7594	-0.000763391	0	0
7593	-0.000726747	0	0
7592	-0.000690201	0	0
7591	-0.000653754	0	0
7590	-0.000617404	0	0
7589	-0.000581152	0	0
7588	-0.000544999	0	0
7587	-0.000508943	0	0
7586	-0.000472986	0	0
7585	-0.000437126	0	0
7584	-0.000401364	0	0
7583	-0.0003657	0	0
7582	-0.000330134	0	0
7581	-0.000294666	0	0
7580	-0.000259295	0	0
7579	-0.000224023	0	0
7578	-0.000188848	0	0
7577	-0.00015377	0	0
7576	-0.00011879	0	0
7575	-8.39079e-05	0	0
7574	-4.91232e-05	0	0
7573	-1.4436e-05	0	0
7572	2.01537e-05	0	0
7571	5.46461e-05	0	0
7570	8.9041e-05	0	0
7569	0.000123338	0	0
7568	0.000157539	0	0
7567	0.000191642	0	0
7566	0.000225647	0	0
7565	0.000259556	0	0
7564	0.000293367	0	0
7563	0.000327081	0	0
7562	0.000360698	0	0
7561	0.000394218	0	0
7560	0.000427641	0	0
7559	0.000460967	0	0
7558	0.000494196	0	0
7557	0.000527328	0	0
7556	0.000560363	0	0
7555	0.000593302	0	0
7554	0.000626143	0	0
7553	0.000658888	0	0
7552	0.000691536	0	0
7551	0.000724088	0	0
7550	0.000756543	0	0
7549	0.000788901	0	0
7548	0.000821162	0	0
7547	0.000853327	0	0
7546	0.000885396	0	0
7545	0.000917368	0	0
7544	0.000949244	0	0
7543	0.000981024	0	0
7542	0.00101271	0	0
7541	0.00104429	0	0
7540	0.00107578	0	0
7539	0.00110718	0	0
7538	0.00113848	0	0
7537	0.00116968	0	0
7536	0.00120079	0	0
7535	0.0012318	0	0
7534	0.00126271	0	0
7533	0.00129353	0	0
7532	0.00132425	0	0
7531	0.00135488	0	0
7530	0.00138541	0	0
7529	0.00141584	0	0
7528	0.00144618	0	0
7527	0.00147642	0	0
7526	0.00150657	0	0
7525	0.00153662	0	0
7524	0.00156658	0	0
7523	0.00159644	0	0
7522	0.00162621	0	0
7521	0.00165588	0	0
7520	0.00168545	0	0
7519	0.00171493	0	0
7518	0.00174432	0	0
7517	0.0017736	0	0
7516	0.0018028	0	0
7515	0.0018319	0	0
7514	0.0018609	0	0
7513	0.00188981	0	0
7512	0.00191862	0	0
7511	0.00194734	0	0
7510	0.00197596	0	0
7509	0.00200449	0	0
7508	0.00203293	0	0
7507	0.00206127	0	0
7506	0.00208951	0	0
7505	0.00211766	0	0
7504	0.00214571	0	0
7503	0.00217368	0	0
7502	0.00220154	0	0
7501	0.00222931	0	0
7500	0.00225699	0	0
7499	0.00228457	0	0
7498	0.00231206	0	0
7497	0.00233945	0	0
7496	0.00236675	0	0
7495	0.00239396	0	0
7494	0.00242107	0	0
7493	0.00244809	0	0
7492	0.00247501	0	0
7491	0.00250184	0	0
7490	0.00252857	0	0
7489	0.00255521	0	0
7488	0.00258176	0	0
7487	0.00260821	0	0
7486	0.00263457	0	0
7485	0.00266084	0	0
7484	0.00268701	0	0
7483	0.00271309	0	0
7482	0.00273908	0	0
7481	0.00276497	0	0
7480	0.00279077	0	0
7479	0.00281647	0	0
7478	0.00284208	0	0
7477	0.0028676	0	0
7476	0.00289302	0	0
7475	0.00291836	0	0
7474	0.00294359	0	0
7473	0.00296874	0	0
7472	0.00299379	0	0
7471	0.00301875	0	0
7470	0.00304362	0	0
7469	0.00306839	0	0
7468	0.00309307	0	0
7467	0.00311766	0	0
7466	0.00314215	0	0
7465	0.00316655	0	0
7464	0.00319086	0	0
7463	0.00321508	0	0
7462	0.00323921	0	0
7461	0.00326324	0	0
7460	0.00328718	0	0
7459	0.00331102	0	0
7458	0.00333478	0	0
7457	0.00335844	0	0
7456	0.00338201	0	0
7455	0.00340549	0	0
7454	0.00342888	0	0
7453	0.00345217	0	0
7452	0.00347537	0	0
7451	0.00349849	0	0
7450	0.0035215	0	0
7449	0.00354443	0	0
7448	0.00356727	0	0
7447	0.00359001	0	0
7446	0.00361266	0	0
7445	0.00363522	0	0
7444	0.00365769	0	0
7443	0.00368007	0	0
7442	0.00370235	0	0
7441	0.00372455	0	0
7440	0.00374665	0	0
7439	0.00376866	0	0
7438	0.00379058	0	0
7437	0.00381241	0	0
7436	0.00383415	0	0
7435	0.0038558	0	0
7434	0.00387735	0	0
7433	0.00389882	0	0
7432	0.0039202	0	0
7431	0.00394148	0	0
7430	0.00396267	0	0
7429	0.00398378	0	0
7428	0.00400479	0	0
7427	0.00402571	0	0
7426	0.00404654	0	0
7425	0.00406728	0	0
7424	0.00408793	0	0
7423	0.00410849	0	0
7422	0.00412896	0	0
7421	0.00414934	0	0
7420	0.00416963	0	0
7419	0.00418983	0	0
7418	0.00420994	0	0
7417	0.00422996	0	0
7416	0.00424989	0	0
7415	0.00426973	0	0
7414	0.00428948	0	0
7413	0.00430914	0	0
7412	0.00432872	0	0
7411	0.0043482	0	0
7410	0.00436759	0	0
7409	0.00438689	0	0
7408	0.00440611	0	0
7407	0.00442523	0	0
7406	0.00444426	0	0
7405	0.00446321	0	0
7404	0.00448207	0	0
7403	0.00450083	0	0
7402	0.00451951	0	0
7401	0.0045381	0	0
7400	0.0045566	0	0
7399	0.00457502	0	0
7398	0.00459334	0	0
7397	0.00461157	0	0
7396	0.00462972	0	0
7395	0.00464778	0	0
7394	0.00466575	0	0
7393	0.00468363	0	0
7392	0.00470142	0	0
7391	0.00471913	0	0
7390	0.00473674	0	0
7389	0.00475427	0	0
7388	0.00477171	0	0
7387	0.00478906	0	0
7386	0.00480633	0	0
7385	0.0048235	0	0
7384	0.00484059	0	0
7383	0.00485759	0	0
7382	0.00487451	0	0
7381	0.00489133	0	0
7380	0.00490807	0	0
7379	0.00492472	0	0
7378	0.00494128	0	0
7377	0.00495776	0	0
7376	0.00497415	0	0
7375	0.00499045	0	0
7374	0.00500666	0	0
7373	0.00502279	0	0
7372	0.00503883	0	0
7371	0.00505478	0	0
7370	0.00507065	0	0
7369	0.00508643	0	0
7368	0.00510212	0	0
7367	0.00511773	0	0
7366	0.00513325	0	0
7365	0.00514868	0	0
7364	0.00516403	0	0
7363	0.00517929	0	0
7362	0.00519447	0	0
7361	0.00520956	0	0
7360	0.00522456	0	0
7359	0.00523947	0	0
7358	0.0052543	0	0
7357	0.00526905	0	0
7356	0.00528371	0	0
7355	0.00529828	0	0
7354	0.00531277	0	0
7353	0.00532717	0	0
7352	0.00534149	0	0
7351	0.00535572	0	0
7350	0.00536986	0	0
7349	0.00538392	0	0
7348	0.00539789	0	0
7347	0.00541178	0	0
7346	0.00542559	0	0
7345	0.00543931	0	0
7344	0.00545294	0	0
7343	0.00546649	0	0
7342	0.00547996	0	0
7341	0.00549334	0	0
7340	0.00550663	0	0
7339	0.00551984	0	0
7338	0.00553297	0	0
7337	0.00554601	0	0
7336	0.00555897	0	0
7335	0.00557184	0	0
7334	0.00558463	0	0
7333	0.00559733	0	0
7332	0.00560995	0	0
7331	0.00562249	0	0
7330	0.00563494	0	0
7329	0.00564731	0	0
7328	0.0056596	0	0
7327	0.0056718	0	0
7326	0.00568392	0	0
7325	0.00569595	0	0
7324	0.0057079	0	0
7323	0.00571977	0	0
7322	0.00573155	0	0
7321	0.00574325	0	0
7320	0.00575487	0	0
7319	0.00576641	0	0
7318	0.00577786	0	0
7317	0.00578923	0	0
7316	0.00580051	0	0
7315	0.00581172	0	0
7314	0.00582284	0	0
7313	0.00583388	0	0
7312	0.00584483	0	0
7311	0.00585571	0	0
7310	0.0058665	0	0
7309	0.00587721	0	0
7308	0.00588783	0	0
7307	0.00589838	0	0
7306	0.00590884	0	0
7305	0.00591922	0	0
7304	0.00592952	0	0
7303	0.00593973	0	0
7302	0.00594987	0	0
7301	0.00595992	0	0
7300	0.00596989	0	0
7299	0.00597979	0	0
7298	0.00598959	0	0
7297	0.00599932	0	0
7296	0.00600897	0	0
7295	0.00601853	0	0
7294	0.00602802	0	0
7293	0.00603742	0	0
7292	0.00604675	0	0
7291	0.00605599	0	0
7290	0.00606515	0	0
7289	0.00607423	0	0
7288	0.00608323	0	0
7287	0.00609215	0	0
7286	0.00610099	0	0
7285	0.00610975	0	0
7284	0.00611842	0	0
7283	0.00612702	0	0
7282	0.00613554	0	0
7281	0.00614398	0	0
7280	0.00615234	0	0
7279	0.00616062	0	0
7278	0.00616882	0	0
7277	0.00617694	0	0
7276	0.00618498	0	0
7275	0.00619294	0	0
7274	0.00620082	0	0
7273	0.00620862	0	0
7272	0.00621634	0	0
7271	0.00622399	0	0
7270	0.00623155	0	0
7269	0.00623904	0	0
7268	0.00624645	0	0
7267	0.00625377	0	0
7266	0.00626102	0	0
7265	0.00626819	0	0
7264	0.00627529	0	0
7263	0.0062823	0	0
7262	0.00628924	0	0
7261	0.00629609	0	0
7260	0.00630287	0	0
7259	0.00630958	0	0
7258	0.0063162	0	0
7257	0.00632274	0	0
7256	0.00632921	0	0
7255	0.0063356	0	0
7254	0.00634192	0	0
7253	0.00634815	0	0
7252	0.00635431	0	0
7251	0.00636039	0	0
7250	0.00636639	0	0
7249	0.00637232	0	0
7248	0.00637817	0	0
7247	0.00638394	0	0
7246	0.00638963	0	0
7245	0.00639525	0	0
7244	0.0064008	0	0
7243	0.00640626	0	0
7242	0.00641165	0	0
7241	0.00641696	0	0
7240	0.0064222	0	0
7239	0.00642736	0	0
7238	0.00643244	0	0
7237	0.00643745	0	0
7236	0.00644238	0	0
7235	0.00644724	0	0
7234	0.00645202	0	0
7233	0.00645672	0	0
7232	0.00646135	0	0
7231	0.0064659	0	0
7230	0.00647038	0	0
7229	0.00647478	0	0
7228	0.00647911	0	0
7227	0.00648336	0	0
7226	0.00648754	0	0
7225	0.00649165	0	0
7224	0.00649567	0	0
7223	0.00649963	0	0
7222	0.00650351	0	0
7221	0.00650731	0	0
7220	0.00651104	0	0
7219	0.00651469	0	0
7218	0.00651828	0	0
7217	0.00652178	0	0
7216	0.00652522	0	0
7215	0.00652857	0	0
7214	0.00653186	0	0
7213	0.00653507	0	0
7212	0.00653821	0	0
7211	0.00654127	0	0
7210	0.00654426	0	0
7209	0.00654718	0	0
7208	0.00655003	0	0
7207	0.0065528	0	0
7206	0.0065555	0	0
7205	0.00655812	0	0
7204	0.00656067	0	0
7203	0.00656315	0	0
7202	0.00656556	0	0
7201	0.0065679	0	0
7200	0.00657016	0	0
7199	0.00657235	0	0
7198	0.00657446	0	0
7197	0.00657651	0	0
7196	0.00657848	0	0
7195	0.00658038	0	0
7194	0.00658221	0	0
7193	0.00658397	0	0
7192	0.00658566	0	0
7191	0.00658727	0	0
7190	0.00658882	0	0
7189	0.00659029	0	0
7188	0.00659169	0	0
7187	0.00659302	0	0
7186	0.00659428	0	0
7185	0.00659546	0	0
7184	0.00659658	0	0
7183	0.00659763	0	0
7182	0.0065986	0	0
7181	0.00659951	0	0
7180	0.00660034	0	0
7179	0.00660111	0	0
7178	0.0066018	0	0
7177	0.00660243	0	0
7176	0.00660298	0	0
7175	0.00660346	0	0
7174	0.00660388	0	0
7173	0.00660422	0	0
7172	0.0066045	0	0
7171	0.0066047	0	0
7170	0.00660484	0	0
7169	0.00660491	0	0
7168	0.00660491	0	0
7167	0.00660484	0	0
7166	0.0066047	0	0
7165	0.00660449	0	0
7164	0.00660421	0	0
7163	0.00660386	0	0
7162	0.00660345	0	0
7161	0.00660297	0	0
7160	0.00660242	0	0
7159	0.0066018	0	0
7158	0.00660111	0	0
7157	0.00660035	0	0
7156	0.00659953	0	0
7155	0.00659864	0	0
7154	0.00659768	0	0
7153	0.00659666	0	0
7152	0.00659556	0	0
7151	0.0065944	0	0
7150	0.00659318	0	0
7149	0.00659188	0	0
7148	0.00659052	0	0
7147	0.00658909	0	0
7146	0.0065876	0	0
7145	0.00658603	0	0
7144	0.00658441	0	0
7143	0.00658271	0	0
7142	0.00658095	0	0
7141	0.00657912	0	0
7140	0.00657723	0	0
7139	0.00657527	0	0
7138	0.00657325	0	0
7137	0.00657116	0	0
7136	0.006569	0	0
7135	0.00656678	0	0
7134	0.00656449	0	0
7133	0.00656214	0	0
7132	0.00655973	0	0
7131	0.00655724	0	0
7130	0.0065547	0	0
7129	0.00655209	0	0
7128	0.00654941	0	0
7127	0.00654667	0	0
7126	0.00654386	0	0
7125	0.006541	0	0
7124	0.00653806	0	0
7123	0.00653507	0	0
7122	0.006532	0	0
7121	0.00652888	0	0
7120	0.00652569	0	0
7119	0.00652244	0	0
7118	0.00651912	0	0
7117	0.00651574	0	0
7116	0.0065123	0	0
7115	0.0065088	0	0
7114	0.00650523	0	0
7113	0.0065016	0	0
7112	0.00649791	0	0
7111	0.00649415	0	0
7110	0.00649033	0	0
7109	0.00648645	0	0
7108	0.00648251	0	0
7107	0.00647851	0	0
7106	0.00647444	0	0
7105	0.00647031	0	0
7104	0.00646612	0	0
7103	0.00646187	0	0
7102	0.00645756	0	0
7101	0.00645319	0	0
7100	0.00644875	0	0
7099	0.00644426	0	0
7098	0.0064397	0	0
7097	0.00643509	0	0
7096	0.00643041	0	0
7095	0.00642567	0	0
7094	0.00642087	0	0
7093	0.00641602	0	0
7092	0.0064111	0	0
7091	0.00640612	0	0
7090	0.00640108	0	0
7089	0.00639599	0	0
7088	0.00639083	0	0
7087	0.00638562	0	0
7086	0.00638034	0	0
7085	0.00637501	0	0
7084	0.00636962	0	0
7083	0.00636417	0	0
7082	0.00635866	0	0
7081	0.00635309	0	0
7080	0.00634746	0	0
7079	0.00634178	0	0
7078	0.00633604	0	0
7077	0.00633024	0	0
7076	0.00632438	0	0
7075	0.00631847	0	0
7074	0.0063125	0	0
7073	0.00630647	0	0
7072	0.00630038	0	0
7071	0.00629424	0	0
7070	0.00628804	0	0
7069	0.00628178	0	0
7068	0.00627547	0	0
7067	0.0062691	0	0
7066	0.00626268	0	0
7065	0.0062562	0	0
7064	0.00624966	0	0
7063	0.00624307	0	0
7062	0.00623642	0	0
7061	0.00622972	0	0
7060	0.00622296	0	0
7059	0.00621615	0	0
7058	0.00620928	0	0
7057	0.00620236	0	0
7056	0.00619538	0	0
7055	0.00618835	0	0
7054	0.00618127	0	0
7053	0.00617413	0	0
7052	0.00616694	0	0
7051	0.00615969	0	0
7050	0.0061524	0	0
7049	0.00614504	0	0
7048	0.00613764	0	0
7047	0.00613018	0	0
7046	0.00612267	0	0
7045	0.00611511	0	0
7044	0.00610749	0	0
7043	0.00609983	0	0
7042	0.00609211	0	0
7041	0.00608434	0	0
7040	0.00607651	0	0
7039	0.00606864	0	0
7038	0.00606072	0	0
7037	0.00605274	0	0
7036	0.00604471	0	0
7035	0.00603664	0	0
7034	0.00602851	0	0
7033	0.00602033	0	0
7032	0.0060121	0	0
7031	0.00600383	0	0
7030	0.0059955	0	0
7029	0.00598712	0	0
7028	0.0059787	0	0
7027	0.00597023	0	0
7026	0.0059617	0	0
7025	0.00595313	0	0
7024	0.00594451	0	0
7023	0.00593584	0	0
7022	0.00592713	0	0
7021	0.00591836	0	0
7020	0.00590955	0	0
7019	0.0059007	0	0
7018	0.00589179	0	0
7017	0.00588284	0	0
7016	0.00587384	0	0
7015	0.0058648	0	0
7014	0.00585571	0	0
7013	0.00584657	0	0
7012	0.00583739	0	0
7011	0.00582816	0	0
7010	0.00581889	0	0
7009	0.00580958	0	0
7008	0.00580021	0	0
7007	0.00579081	0	0
7006	0.00578136	0	0
7005	0.00577187	0	0
7004	0.00576233	0	0
7003	0.00575275	0	0
7002	0.00574312	0	0
7001	0.00573346	0	0
7000	0.00572375	0	0
6999	0.005714	0	0
6998	0.00570421	0	0
6997	0.00569437	0	0
6996	0.0056845	0	0
6995	0.00567458	0	0
6994	0.00566462	0	0
6993	0.00565462	0	0
6992	0.00564458	0	0
6991	0.0056345	0	0
6990	0.00562438	0	0
6989	0.00561423	0	0
6988	0.00560403	0	0
6987	0.00559379	0	0
6986	0.00558352	0	0
6985	0.00557321	0	0
6984	0.00556285	0	0
6983	0.00555247	0	0
6982	0.00554204	0	0
6981	0.00553158	0	0
6980	0.00552108	0	0
6979	0.00551054	0	0
6978	0.00549997	0	0
6977	0.00548936	0	0
6976	0.00547872	0	0
6975	0.00546804	0	0
6974	0.00545733	0	0
6973	0.00544658	0	0
6972	0.0054358	0	0
6971	0.00542498	0	0
6970	0.00541413	0	0
6969	0.00540325	0	0
6968	0.00539234	0	0
6967	0.00538139	0	0
6966	0.00537041	0	0
6965	0.0053594	0	0
6964	0.00534836	0	0
6963	0.00533729	0	0
6962	0.00532618	0	0
6961	0.00531505	0	0
6960	0.00530389	0	0
6959	0.00529269	0	0
6958	0.00528147	0	0
6957	0.00527022	0	0
6956	0.00525894	0	0
6955	0.00524764	0	0
6954	0.0052363	0	0
6953	0.00522494	0	0
6952	0.00521355	0	0
6951	0.00520214	0	0
6950	0.0051907	0	0
6949	0.00517923	0	0
6948	0.00516774	0	0
6947	0.00515622	0	0
6946	0.00514468	0	0
6945	0.00513312	0	0
6944	0.00512153	0	0
6943	0.00510992	0	0
6942	0.00509828	0	0
6941	0.00508663	0	0
6940	0.00507495	0	0
6939	0.00506325	0	0
6938	0.00505153	0	0
6937	0.00503979	0	0
6936	0.00502803	0	0
6935	0.00501625	0	0
6934	0.00500445	0	0
6933	0.00499263	0	0
6932	0.00498079	0	0
6931	0.00496894	0	0
6930	0.00495707	0	0
6929	0.00494518	0	0
6928	0.00493327	0	0
6927	0.00492135	0	0
6926	0.00490941	0	0
6925	0.00489746	0	0
6924	0.0048855	0	0
6923	0.00487352	0	0
6922	0.00486152	0	0
6921	0.00484951	0	0
6920	0.00483749	0	0
6919	0.00482546	0	0
6918	0.00481342	0	0
6917	0.00480136	0	0
6916	0.0047893	0	0
6915	0.00477722	0	0
6914	0.00476513	0	0
6913	0.00475304	0	0
6912	0.00474093	0	0
6911	0.00472882	0	0
6910	0.0047167	0	0
6909	0.00470457	0	0
6908	0.00469243	0	0
6907	0.00468029	0	0
6906	0.00466814	0	0
6905	0.00465599	0	0
6904	0.00464383	0	0
6903	0.00463167	0	0
6902	0.0046195	0	0
6901	0.00460733	0	0
6900	0.00459516	0	0
6899	0.00458298	0	0
6898	0.0045708	0	0
6897	0.00455862	0	0
6896	0.00454644	0	0
6895	0.00453426	0	0
6894	0.00452208	0	0
6893	0.0045099	0	0
6892	0.00449771	0	0
6891	0.00448553	0	0
6890	0.00447335	0	0
6889	0.00446118	0	0
6888	0.004449	0	0
6887	0.00443683	0	0
6886	0.00442466	0	0
6885	0.0044125	0	0
6884	0.00440034	0	0
6883	0.00438818	0	0
6882	0.00437603	0	0
6881	0.00436389	0	0
6880	0.00435175	0	0
6879	0.00433962	0	0
6878	0.00432749	0	0
6877	0.00431537	0	0
6876	0.00430326	0	0
6875	0.00429116	0	0
6874	0.00427907	0	0
6873	0.00426698	0	0
6872	0.00425491	0	0
6871	0.00424284	0	0
6870	0.00423078	0	0
6869	0.00421874	0	0
6868	0.0042067	0	0
6867	0.00419468	0	0
6866	0.00418266	0	0
6865	0.00417066	0	0
6864	0.00415867	0	0
6863	0.0041467	0	0
6862	0.00413473	0	0
6861	0.00412278	0	0
6860	0.00411084	0	0
6859	0.00409892	0	0
6858	0.004087	0	0
6857	0.00407511	0	0
6856	0.00406322	0	0
6855	0.00405136	0	0
6854	0.0040395	0	0
6853	0.00402766	0	0
6852	0.00401584	0	0
6851	0.00400403	0	0
6850	0.00399224	0	0
6849	0.00398047	0	0
6848	0.00396871	0	0
6847	0.00395696	0	0
6846	0.00394524	0	0
6845	0.00393353	0	0
6844	0.00392183	0	0
6843	0.00391016	0	0
6842	0.0038985	0	0
6841	0.00388686	0	0
6840	0.00387523	0	0
6839	0.00386363	0	0
6838	0.00385204	0	0
6837	0.00384047	0	0
6836	0.00382891	0	0
6835	0.00381738	0	0
6834	0.00380586	0	0
6833	0.00379437	0	0
6832	0.00378289	0	0
6831	0.00377143	0	0
6830	0.00375998	0	0
6829	0.00374856	0	0
6828	0.00373716	0	0
6827	0.00372577	0	0
6826	0.00371441	0	0
6825	0.00370306	0	0
6824	0.00369173	0	0
6823	0.00368043	0	0
6822	0.00366914	0	0
6821	0.00365787	0	0
6820	0.00364663	0	0
6819	0.0036354	0	0
6818	0.00362419	0	0
6817	0.003613	0	0
6816	0.00360184	0	0
6815	0.00359069	0	0
6814	0.00357957	0	0
6813	0.00356847	0	0
6812	0.00355738	0	0
6811	0.00354632	0	0
6810	0.00353529	0	0
6809	0.00352427	0	0
6808	0.00351327	0	0
6807	0.0035023	0	0
6806	0.00349135	0	0
6805	0.00348043	0	0
6804	0.00346952	0	0
6803	0.00345864	0	0
6802	0.00344779	0	0
6801	0.00343696	0	0
6800	0.00342615	0	0
6799	0.00341537	0	0
6798	0.00340461	0	0
6797	0.00339388	0	0
6796	0.00338318	0	0
6795	0.0033725	0	0
6794	0.00336185	0	0
6793	0.00335123	0	0
6792	0.00334063	0	0
6791	0.00333006	0	0
6790	0.00331953	0	0
6789	0.00330902	0	0
6788	0.00329854	0	0
6787	0.0032881	0	0
6786	0.00327768	0	0
6785	0.0032673	0	0
6784	0.00325695	0	0
6783	0.00324663	0	0
6782	0.00323635	0	0
6781	0.0032261	0	0
6780	0.00321589	0	0
6779	0.00320572	0	0
6778	0.00319558	0	0
6777	0.00318548	0	0
6776	0.00317542	0	0
6775	0.0031654	0	0
6774	0.00315542	0	0
6773	0.00314548	0	0
6772	0.00313559	0	0
6771	0.00312573	0	0
6770	0.00311593	0	0
6769	0.00310616	0	0
6768	0.00309645	0	0
6767	0.00308678	0	0
6766	0.00307716	0	0
6765	0.00306759	0	0
6764	0.00305808	0	0
6763	0.00304861	0	0
6762	0.0030392	0	0
6761	0.00302984	0	0
6760	0.00302054	0	0
6759	0.00301129	0	0
6758	0.00300211	0	0
6757	0.00299298	0	0
6756	0.00298392	0	0
6755	0.00297492	0	0
6754	0.00296598	0	0
6753	0.00295711	0	0
6752	0.00294831	0	0
6751	0.00293957	0	0
6750	0.00293091	0	0
6749	0.00292232	0	0
6748	0.0029138	0	0
6747	0.00290536	0	0
6746	0.00289699	0	0
6745	0.00288871	0	0
6744	0.00288051	0	0
6743	0.00287239	0	0
6742	0.00286436	0	0
6741	0.00285641	0	0
6740	0.00284856	0	0
6739	0.0028408	0	0
6738	0.00283313	0	0
6737	0.00282556	0	0
6736	0.0028181	0	0
6735	0.00281073	0	0
6734	0.00280347	0	0
6733	0.00279632	0	0
6732	0.00278928	0	0
6731	0.00278235	0	0
6730	0.00277554	0	0
6729	0.00276886	0	0
6728	0.00276229	0	0
6727	0.00275586	0	0
6726	0.00274955	0	0
6725	0.00274338	0	0
6724	0.00273736	0	0
6723	0.00273147	0	0
6722	0.00272573	0	0
6721	0.00272015	0	0
6720	0.00271472	0	0
6719	0.00270945	0	0
6718	0.00270435	0	0
6717	0.00269942	0	0
6716	0.00269467	0	0
6715	0.00269011	0	0
6714	0.00268573	0	0
6713	0.00268155	0	0
6712	0.00267757	0	0
6711	0.0026738	0	0
6710	0.00267025	0	0
6709	0.00266692	0	0
6708	0.00266382	0	0
6707	0.00266096	0	0
6706	0.00265835	0	0
6705	0.00265599	0	0
6704	0.0026539	0	0
6703	0.00265208	0	0
6702	0.00265055	0	0
6701	0.00264932	0	0
6700	0.00264839	0	0
6699	0.00264777	0	0
6698	0.00264749	0	0
6697	0.00264755	0	0
6696	0.00264796	0	0
6695	0.00264873	0	0
6694	0.00264989	0	0
6693	0.00265145	0	0
6692	0.00265341	0	0
6691	0.0026558	0	0
6690	0.00265863	0	0
6689	0.00266191	0	0
6688	0.00266567	0	0
6687	0.00266993	0	0
6686	0.00267469	0	0
6685	0.00267998	0	0
6684	0.00268582	0	0
6683	0.00269223	0	0
6682	0.00269923	0	0
6681	0.00270683	0	0
6680	0.00271506	0	0
6679	0.00272394	0	0
6678	0.00273349	0	0
6677	0.00274373	0	0
6676	0.00275468	0	0
6675	0.00276636	0	0
6674	0.00277879	0	0
6673	0.00279198	0	0
6672	0.00280597	0	0
6671	0.00282075	0	0
6670	0.00283635	0	0
6669	0.00285278	0	0
6668	0.00287004	0	0
6667	0.00288814	0	0
6666	0.00290709	0	0
6665	0.00292687	0	0
6664	0.00294749	0	0
6663	0.00296893	0	0
6662	0.00299117	0	0
6661	0.00301418	0	0
6660	0.00303792	0	0
6659	0.00306236	0	0
6658	0.00308743	0	0
6657	0.00311307	0	0
6656	0.00313921	0	0
6655	0.00316575	0	0
6654	0.0031926	0	0
6653	0.00321963	0	0
6652	0.00324673	0	0
6651	0.00327375	0	0
6650	0.00330055	0	0
6649	0.00332695	0	0
6648	0.00335278	0	0
6647	0.00337787	0	0
6646	0.00340202	0	0
6645	0.00342505	0	0
6644	0.00344675	0	0
6643	0.00346695	0	0
6642	0.00348545	0	0
6641	0.00350208	0	0
6640	0.00351668	0	0
6639	0.0035291	0	0
6638	0.00353922	0	0
6637	0.00354694	0	0
6636	0.00355217	0	0
6635	0.00355486	0	0
6634	0.00355499	0	0
6633	0.00355255	0	0
6632	0.00354758	0	0
6631	0.00354013	0	0
6630	0.00353026	0	0
6629	0.00351806	0	0
6628	0.00350366	0	0
6627	0.00348716	0	0
6626	0.00346869	0	0
6625	0.00344838	0	0
6624	0.00342638	0	0
6623	0.00340282	0	0
6622	0.00337784	0	0
6621	0.00335156	0	0
6620	0.00332412	0	0
6619	0.00329564	0	0
6618	0.00326624	0	0
6617	0.00323603	0	0
6616	0.00320512	0	0
6615	0.00317364	0	0
6614	0.00314169	0	0
6613	0.00310938	0	0
6612	0.00307682	0	0
6611	0.00304412	0	0
6610	0.00301139	0	0
6609	0.00297874	0	0
6608	0.00294627	0	0
6607	0.00291409	0	0
6606	0.00288229	0	0
6605	0.00285098	0	0
6604	0.00282023	0	0
6603	0.00279014	0	0
6602	0.00276077	0	0
6601	0.00273219	0	0
6600	0.00270446	0	0
6599	0.00267764	0	0
6598	0.00265176	0	0
6597	0.00262687	0	0
6596	0.00260299	0	0
6595	0.00258016	0	0
6594	0.00255837	0	0
6593	0.00253766	0	0
6592	0.00251803	0	0
6591	0.00249949	0	0
6590	0.00248204	0	0
6589	0.00246567	0	0
6588	0.0024504	0	0
6587	0.00243622	0	0
6586	0.00242311	0	0
6585	0.00241109	0	0
6584	0.00240015	0	0
6583	0.00239027	0	0
6582	0.00238146	0	0
6581	0.00237372	0	0
6580	0.00236704	0	0
6579	0.00236142	0	0
6578	0.00235686	0	0
6577	0.00235336	0	0
6576	0.00235092	0	0
6575	0.00234956	0	0
6574	0.00234927	0	0
6573	0.00235005	0	0
6572	0.00235193	0	0
6571	0.00235491	0	0
6570	0.002359	0	0
6569	0.00236423	0	0
6568	0.0023706	0	0
6567	0.00237813	0	0
6566	0.00238685	0	0
6565	0.00239678	0	0
6564	0.00240795	0	0
6563	0.00242038	0	0
6562	0.00243411	0	0
6561	0.00244917	0	0
6560	0.0024656	0	0
6559	0.00248343	0	0
6558	0.00250272	0	0
6557	0.0025235	0	0
6556	0.00254582	0	0
6555	0.00256974	0	0
6554	0.00259532	0	0
6553	0.0026226	0	0
6552	0.00265167	0	0
6551	0.00268257	0	0
6550	0.00271539	0	0
6549	0.0027502	0	0
6548	0.00278708	0	0
6547	0.00282612	0	0
6546	0.0028674	0	0
6545	0.00291102	0	0
6544	0.00295708	0	0
6543	0.00300569	0	0
6542	0.00305695	0	0
6541	0.00311098	0	0
6540	0.00316789	0	0
6539	0.00322783	0	0
6538	0.00329091	0	0
6537	0.00335728	0	0
6536	0.00342708	0	0
6535	0.00350045	0	0
6534	0.00357755	0	0
6533	0.00365853	0	0
6532	0.00374355	0	0
6531	0.00383278	0	0
6530	0.00392636	0	0
6529	0.00402447	0	0
6528	0.00412726	0	0
6527	0.0042349	0	0
6526	0.00434752	0	0
6525	0.00446527	0	0
6524	0.00458828	0	0
6523	0.00471665	0	0
6522	0.00485046	0	0
6521	0.00498979	0	0
6520	0.00513466	0	0
6519	0.00528503	0	0
6518	0.00544087	0	0
6517	0.00560202	0	0
6516	0.00576831	0	0
6515	0.00593947	0	0
6514	0.00611512	0	0
6513	0.00629482	0	0
6512	0.00647797	0	0
6511	0.00666389	0	0
6510	0.00685174	0	0
6509	0.00704054	0	0
6508	0.00722918	0	0
6507	0.00741637	0	0
6506	0.0076007	0	0
6505	0.0077806	0	0
6504	0.00795438	0	0
6503	0.00812024	0	0
6502	0.00827632	0	0
6501	0.00842068	0	0
6500	0.0085514	0	0
6499	0.00866663	0	0
6498	0.00876459	0	0
6497	0.00884367	0	0
6496	0.00890247	0	0
6495	0.00893986	0	0
6494	0.00895501	0	0
6493	0.00894742	0	0
6492	0.00891697	0	0
6491	0.00886388	0	0
6490	0.00878877	0	0
6489	0.00869256	0	0
6488	0.00857649	0	0
6487	0.00844206	0	0
6486	0.00829098	0	0
6485	0.00812515	0	0
6484	0.0079465	0	0
6483	0.00775676	0	0
6482	0.00755808	0	0
6481	0.0073524	0	0
6480	0.00714154	0	0
6479	0.00692722	0	0
6478	0.00671101	0	0
6477	0.00649436	0	0
6476	0.00627852	0	0
6475	0.0060646	0	0
6474	0.00585356	0	0
6473	0.0056462	0	0
6472	0.00544319	0	0
6471	0.00524505	0	0
6470	0.00505222	0	0
6469	0.004865	0	0
6468	0.00468362	0	0
6467	0.00450823	0	0
6466	0.0043389	0	0
6465	0.00417565	0	0
6464	0.00401845	0	0
6463	0.00386724	0	0
6462	0.00372191	0	0
6461	0.00358234	0	0
6460	0.00344837	0	0
6459	0.00331984	0	0
6458	0.00319658	0	0
6457	0.00307841	0	0
6456	0.00296514	0	0
6455	0.00285659	0	0
6454	0.00275256	0	0
6453	0.00265287	0	0
6452	0.00255733	0	0
6451	0.00246577	0	0
6450	0.00237802	0	0
6449	0.00229386	0	0
6448	0.00221311	0	0
6447	0.00213567	0	0
6446	0.0020614	0	0
6445	0.00199014	0	0
6444	0.00192176	0	0
6443	0.00185613	0	0
6442	0.00179312	0	0
6441	0.0017326	0	0
6440	0.00167447	0	0
6439	0.00161862	0	0
6438	0.00156494	0	0
6437	0.00151334	0	0
6436	0.00146372	0	0
6435	0.00141599	0	0
6434	0.00137008	0	0
6433	0.00132589	0	0
6432	0.00128336	0	0
6431	0.00124242	0	0
6430	0.001203	0	0
6429	0.00116504	0	0
6428	0.00112847	0	0
6427	0.00109323	0	0
6426	0.00105929	0	0
6425	0.00102658	0	0
6424	0.00099505	0	0
6423	0.000964664	0	0
6422	0.000935376	0	0
6421	0.000907143	0	0
6420	0.000879928	0	0
6419	0.000853693	0	0
6418	0.000828404	0	0
6417	0.000804027	0	0
6416	0.000780532	0	0
6415	0.000757888	0	0
6414	0.000736068	0	0
6413	0.000715043	0	0
6412	0.00069479	0	0
6411	0.000675283	0	0
6410	0.0006565	0	0
6409	0.000638419	0	0
6408	0.000621018	0	0
6407	0.000604278	0	0
6406	0.000588181	0	0
6405	0.000572706	0	0
6404	0.000557839	0	0
6403	0.000543562	0	0
6402	0.000529859	0	0
6401	0.000516716	0	0
6400	0.000504117	0	0
6399	0.000492051	0	0
6398	0.000480502	0	0
6397	0.00046946	0	0
6396	0.000458911	0	0
6395	0.000448845	0	0
6394	0.000439251	0	0
6393	0.000430118	0	0
6392	0.000421436	0	0
6391	0.000413196	0	0
6390	0.000405389	0	0
6389	0.000398005	0	0
6388	0.000391037	0	0
6387	0.000384478	0	0
6386	0.000378319	0	0
6385	0.000372553	0	0
6384	0.000367174	0	0
6383	0.000362176	0	0
6382	0.000357552	0	0
6381	0.000353298	0	0
6380	0.000349407	0	0
6379	0.000345875	0	0
6378	0.000342698	0	0
6377	0.000339872	0	0
6376	0.000337392	0	0
6375	0.000335255	0	0
6374	0.000333459	0	0
6373	0.000331999	0	0
6372	0.000330875	0	0
6371	0.000330083	0	0
6370	0.000329622	0	0
6369	0.00032949	0	0
6368	0.000329685	0	0
6367	0.000330207	0	0
6366	0.000331054	0	0
6365	0.000332226	0	0
6364	0.000333722	0	0
6363	0.000335541	0	0
6362	0.000337682	0	0
6361	0.000340144	0	0
6360	0.000342927	0	0
6359	0.000346028	0	0
6358	0.000349447	0	0
6357	0.000353181	0	0
6356	0.000357226	0	0
6355	0.000361579	0	0
6354	0.000366235	0	0
6353	0.000371188	0	0
6352	0.000376428	0	0
6351	0.000381947	0	0
6350	0.000387732	0	0
6349	0.00039377	0	0
6348	0.000400041	0	0
6347	0.000406526	0	0
6346	0.0004132	0	0
6345	0.000420034	0	0
6344	0.000426996	0	0
6343	0.000434045	0	0
6342	0.00044114	0	0
6341	0.00044823	0	0
6340	0.000455261	0	0
6339	0.000462169	0	0
6338	0.000468889	0	0
6337	0.000475344	0	0
6336	0.000481457	0	0
6335	0.000487142	0	0
6334	0.000492311	0	0
6333	0.000496871	0	0
6332	0.000500731	0	0
6331	0.000503795	0	0
6330	0.000505976	0	0
6329	0.000507187	0	0
6328	0.000507352	0	0
6327	0.000506404	0	0
6326	0.00050429	0	0
6325	0.000500973	0	0
6324	0.000496439	0	0
6323	0.000490691	0	0
6322	0.000483755	0	0
6321	0.000475664	0	0
6320	0.000466467	0	0
6319	0.000456233	0	0
6318	0.000445042	0	0
6317	0.000432988	0	0
6316	0.000420176	0	0
6315	0.000406715	0	0
6314	0.00039272	0	0
6313	0.000378306	0	0
6312	0.000363586	0	0
6311	0.000348671	0	0
6310	0.000333664	0	0
6309	0.000318661	0	0
6308	0.000303748	0	0
6307	0.000289005	0	0
6306	0.0002745	0	0
6305	0.000260292	0	0
6304	0.000246429	0	0
6303	0.000232952	0	0
6302	0.000219893	0	0
6301	0.000207277	0	0
6300	0.000195121	0	0
6299	0.000183436	0	0
6298	0.000172228	0	0
6297	0.000161499	0	0
6296	0.000151246	0	0
6295	0.000141464	0	0
6294	0.000132144	0	0
6293	0.000123277	0	0
6292	0.00011485	0	0
6291	0.00010685	0	0
6290	9.92637e-05	0	0
6289	9.20759e-05	0	0
6288	8.52719e-05	0	0
6287	7.88368e-05	0	0
6286	7.27556e-05	0	0
6285	6.70136e-05	0	0
6284	6.15963e-05	0	0
6283	5.64898e-05	0	0
6282	5.16805e-05	0	0
6281	4.71553e-05	0	0
6280	4.29017e-05	0	0
6279	3.89078e-05	0	0
6278	3.51621e-05	0	0
6277	3.16538e-05	0	0
6276	2.83728e-05	0	0
6275	2.53093e-05	0	0
6274	2.24543e-05	0	0
6273	1.97992e-05	0	0
6272	1.7336e-05	0	0
6271	1.50574e-05	0	0
6270	1.29562e-05	0	0
6269	1.10261e-05	0	0
6268	9.26129e-06	0	0
6267	7.65624e-06	0	0
6266	6.20618e-06	0	0
6265	4.90689e-06	0	0
6264	3.75483e-06	0	0
6263	2.74733e-06	0	0
6262	1.88289e-06	0	0
6261	1.16173e-06	0	0
6260	5.8716e-07	0	0
6259	1.69075e-07	0	0
6258	-6.22141e-08	0	0
6257	0	0	0
6256	0	0	0
6255	0	0	0
6254	0	0	0
6253	0	0	0
6252	0	0	0
6251	0	0	0
6250	0	0	0
6249	0	0	0
6248	0	0	0
6247	0	0	0
6246	0	0	0
6245	0	0	0
6244	0	0	0
6243	0	0	0
6242	0	0	0
6241	0	0	0
6240	0	0	0
6239	0	0	0
6238	0	0	0
6237	0	0	0
6236	0	0	0
6235	0	0	0
6234	0	0	0
6233	0	0	0
6232	0	0	0
6231	0	0	0
6230	0	0	0
6229	0	0	0
6228	0	0	0
6227	0	0	0
6226	0	0	0
6225	0	0	0
6224	0	0	0
6223	0	0	0
6222	0	0	0
6221	0	0	0
6220	0	0	0
6219	0	0	0
6218	0	0	0
6217	0	0	0
6216	0	0	0
6215	0	0	0
6214	0	0	0
6213	0	0	0
6212	0	0	0
6211	0	0	0
6210	0	0	0
6209	0	0	0
6208	0	0	0
6207	0	0	0
6206	0	0	0
6205	0	0	0
6204	0	0	0
6203	0	0	0
6202	0	0	0
6201	0	0	0
6200	0	0	0
6199	0	0	0
