10379	40.8033	0	0
10378	39.6818	0	0
10377	38.8409	0	0
10376	38.1449	0	0
10375	37.5406	0	0
10374	37.0008	0	0
10373	36.5094	0	0
10372	36.0558	0	0
10371	35.633	0	0
10370	35.2358	0	0
10369	34.8603	0	0
10368	34.5035	0	0
10367	34.1632	0	0
10366	33.8373	0	0
10365	33.5245	0	0
10364	33.2233	0	0
10363	32.9327	0	0
10362	32.6518	0	0
10361	32.3799	0	0
10360	32.1162	0	0
10359	31.8601	0	0
10358	31.6112	0	0
10357	31.3689	0	0
10356	31.1328	0	0
10355	30.9026	0	0
10354	30.678	0	0
10353	30.4586	0	0
10352	30.2442	0	0
10351	30.0345	0	0
10350	29.8292	0	0
10349	29.6283	0	0
10348	29.4314	0	0
10347	29.2385	0	0
10346	29.0493	0	0
10345	28.8637	0	0
10344	28.6815	0	0
10343	28.5027	0	0
10342	28.327	0	0
10341	28.1545	0	0
10340	27.9848	0	0
10339	27.8181	0	0
10338	27.6541	0	0
10337	27.4928	0	0
10336	27.3341	0	0
10335	27.1779	0	0
10334	27.0241	0	0
10333	26.8727	0	0
10332	26.7236	0	0
10331	26.5767	0	0
10330	26.4319	0	0
10329	26.2892	0	0
10328	26.1486	0	0
10327	26.01	0	0
10326	25.8733	0	0
10325	25.7384	0	0
10324	25.6054	0	0
10323	25.4742	0	0
10322	25.3448	0	0
10321	25.217	0	0
10320	25.0909	0	0
10319	24.9664	0	0
10318	24.8435	0	0
10317	24.7221	0	0
10316	24.6023	0	0
10315	24.4839	0	0
10314	24.3669	0	0
10313	24.2514	0	0
10312	24.1373	0	0
10311	24.0245	0	0
10310	23.913	0	0
10309	23.8028	0	0
10308	23.6939	0	0
10307	23.5862	0	0
10306	23.4798	0	0
10305	23.3745	0	0
10304	23.2705	0	0
10303	23.1675	0	0
10302	23.0657	0	0
10301	22.965	0	0
10300	22.8654	0	0
10299	22.7668	0	0
10298	22.6693	0	0
10297	22.5728	0	0
10296	22.4773	0	0
10295	22.3828	0	0
10294	22.2893	0	0
10293	22.1967	0	0
10292	22.1051	0	0
10291	22.0143	0	0
10290	21.9245	0	0
10289	21.8356	0	0
10288	21.7475	0	0
10287	21.6603	0	0
10286	21.574	0	0
10285	21.4885	0	0
10284	21.4037	0	0
10283	21.3198	0	0
10282	21.2367	0	0
10281	21.1544	0	0
10280	21.0728	0	0
10279	20.992	0	0
10278	20.912	0	0
10277	20.8326	0	0
10276	20.754	0	0
10275	20.6761	0	0
10274	20.5989	0	0
10273	20.5224	0	0
10272	20.4465	0	0
10271	20.3714	0	0
10270	20.2969	0	0
10269	20.223	0	0
10268	20.1498	0	0
10267	20.0772	0	0
10266	20.0052	0	0
10265	19.9338	0	0
10264	19.8631	0	0
10263	19.7929	0	0
10262	19.7233	0	0
10261	19.6543	0	0
10260	19.5859	0	0
10259	19.518	0	0
10258	19.4507	0	0
10257	19.3839	0	0
10256	19.3177	0	0
10255	19.252	0	0
10254	19.1868	0	0
10253	19.1222	0	0
10252	19.058	0	0
10251	18.9944	0	0
10250	18.9312	0	0
10249	18.8686	0	0
10248	18.8064	0	0
10247	18.7448	0	0
10246	18.6836	0	0
10245	18.6228	0	0
10244	18.5626	0	0
10243	18.5027	0	0
10242	18.4434	0	0
10241	18.3845	0	0
10240	18.326	0	0
10239	18.2679	0	0
10238	18.2103	0	0
10237	18.1531	0	0
10236	18.0963	0	0
10235	18.04	0	0
10234	17.984	0	0
10233	17.9285	0	0
10232	17.8733	0	0
10231	17.8186	0	0
10230	17.7642	0	0
10229	17.7102	0	0
10228	17.6566	0	0
10227	17.6034	0	0
10226	17.5505	0	0
10225	17.4981	0	0
10224	17.4459	0	0
10223	17.3942	0	0
10222	17.3428	0	0
10221	17.2917	0	0
10220	17.241	0	0
10219	17.1907	0	0
10218	17.1406	0	0
10217	17.091	0	0
10216	17.0416	0	0
10215	16.9926	0	0
10214	16.9439	0	0
10213	16.8955	0	0
10212	16.8475	0	0
10211	16.7997	0	0
10210	16.7523	0	0
10209	16.7052	0	0
10208	16.6583	0	0
10207	16.6118	0	0
10206	16.5656	0	0
10205	16.5197	0	0
10204	16.4741	0	0
10203	16.4287	0	0
10202	16.3837	0	0
10201	16.3389	0	0
10200	16.2944	0	0
10199	16.2502	0	0
10198	16.2063	0	0
10197	16.1626	0	0
10196	16.1192	0	0
10195	16.0761	0	0
10194	16.0333	0	0
10193	15.9907	0	0
10192	15.9483	0	0
10191	15.9063	0	0
10190	15.8644	0	0
10189	15.8229	0	0
10188	15.7815	0	0
10187	15.7405	0	0
10186	15.6996	0	0
10185	15.659	0	0
10184	15.6187	0	0
10183	15.5786	0	0
10182	15.5387	0	0
10181	15.499	0	0
10180	15.4596	0	0
10179	15.4204	0	0
10178	15.3815	0	0
10177	15.3427	0	0
10176	15.3042	0	0
10175	15.2659	0	0
10174	15.2278	0	0
10173	15.19	0	0
10172	15.1523	0	0
10171	15.1149	0	0
10170	15.0777	0	0
10169	15.0407	0	0
10168	15.0038	0	0
10167	14.9672	0	0
10166	14.9308	0	0
10165	14.8946	0	0
10164	14.8586	0	0
10163	14.8228	0	0
10162	14.7872	0	0
10161	14.7518	0	0
10160	14.7166	0	0
10159	14.6816	0	0
10158	14.6467	0	0
10157	14.6121	0	0
10156	14.5776	0	0
10155	14.5433	0	0
10154	14.5092	0	0
10153	14.4753	0	0
10152	14.4415	0	0
10151	14.408	0	0
10150	14.3746	0	0
10149	14.3414	0	0
10148	14.3083	0	0
10147	14.2754	0	0
10146	14.2427	0	0
10145	14.2102	0	0
10144	14.1779	0	0
10143	14.1457	0	0
10142	14.1136	0	0
10141	14.0818	0	0
10140	14.05	0	0
10139	14.0185	0	0
10138	13.9871	0	0
10137	13.9559	0	0
10136	13.9248	0	0
10135	13.8939	0	0
10134	13.8631	0	0
10133	13.8325	0	0
10132	13.8021	0	0
10131	13.7718	0	0
10130	13.7416	0	0
10129	13.7116	0	0
10128	13.6817	0	0
10127	13.652	0	0
10126	13.6224	0	0
10125	13.593	0	0
10124	13.5637	0	0
10123	13.5346	0	0
10122	13.5056	0	0
10121	13.4767	0	0
10120	13.448	0	0
10119	13.4194	0	0
10118	13.3909	0	0
10117	13.3626	0	0
10116	13.3344	0	0
10115	13.3064	0	0
10114	13.2785	0	0
10113	13.2507	0	0
10112	13.223	0	0
10111	13.1955	0	0
10110	13.1681	0	0
10109	13.1408	0	0
10108	13.1136	0	0
10107	13.0866	0	0
10106	13.0597	0	0
10105	13.0329	0	0
10104	13.0063	0	0
10103	12.9798	0	0
10102	12.9533	0	0
10101	12.927	0	0
10100	12.9009	0	0
10099	12.8748	0	0
10098	12.8489	0	0
10097	12.823	0	0
10096	12.7973	0	0
10095	12.7717	0	0
10094	12.7462	0	0
10093	12.7209	0	0
10092	12.6956	0	0
10091	12.6705	0	0
10090	12.6454	0	0
10089	12.6205	0	0
10088	12.5957	0	0
10087	12.571	0	0
10086	12.5464	0	0
10085	12.5219	0	0
10084	12.4975	0	0
10083	12.4732	0	0
10082	12.449	0	0
10081	12.4249	0	0
10080	12.401	0	0
10079	12.3771	0	0
10078	12.3533	0	0
10077	12.3297	0	0
10076	12.3061	0	0
10075	12.2826	0	0
10074	12.2592	0	0
10073	12.236	0	0
10072	12.2128	0	0
10071	12.1897	0	0
10070	12.1667	0	0
10069	12.1438	0	0
10068	12.121	0	0
10067	12.0983	0	0
10066	12.0757	0	0
10065	12.0532	0	0
10064	12.0308	0	0
10063	12.0085	0	0
10062	11.9862	0	0
10061	11.9641	0	0
10060	11.942	0	0
10059	11.92	0	0
10058	11.8982	0	0
10057	11.8764	0	0
10056	11.8547	0	0
10055	11.833	0	0
10054	11.8115	0	0
10053	11.7901	0	0
10052	11.7687	0	0
10051	11.7474	0	0
10050	11.7262	0	0
10049	11.7051	0	0
10048	11.6841	0	0
10047	11.6631	0	0
10046	11.6423	0	0
10045	11.6215	0	0
10044	11.6008	0	0
10043	11.5802	0	0
10042	11.5596	0	0
10041	11.5392	0	0
10040	11.5188	0	0
10039	11.4985	0	0
10038	11.4783	0	0
10037	11.4581	0	0
10036	11.438	0	0
10035	11.418	0	0
10034	11.3981	0	0
10033	11.3783	0	0
10032	11.3585	0	0
10031	11.3388	0	0
10030	11.3192	0	0
10029	11.2996	0	0
10028	11.2802	0	0
10027	11.2608	0	0
10026	11.2414	0	0
10025	11.2222	0	0
10024	11.203	0	0
10023	11.1839	0	0
10022	11.1648	0	0
10021	11.1459	0	0
10020	11.127	0	0
10019	11.1081	0	0
10018	11.0894	0	0
10017	11.0707	0	0
10016	11.052	0	0
10015	11.0335	0	0
10014	11.015	0	0
10013	10.9965	0	0
10012	10.9782	0	0
10011	10.9599	0	0
10010	10.9417	0	0
10009	10.9235	0	0
10008	10.9054	0	0
10007	10.8874	0	0
10006	10.8694	0	0
10005	10.8515	0	0
10004	10.8336	0	0
10003	10.8158	0	0
10002	10.7981	0	0
10001	10.7805	0	0
10000	10.7629	0	0
9999	10.7453	0	0
9998	10.7279	0	0
9997	10.7105	0	0
9996	10.6931	0	0
9995	10.6758	0	0
9994	10.6586	0	0
9993	10.6414	0	0
9992	10.6243	0	0
9991	10.6072	0	0
9990	10.5903	0	0
9989	10.5733	0	0
9988	10.5564	0	0
9987	10.5396	0	0
9986	10.5228	0	0
9985	10.5061	0	0
9984	10.4895	0	0
9983	10.4729	0	0
9982	10.4564	0	0
9981	10.4399	0	0
9980	10.4234	0	0
9979	10.4071	0	0
9978	10.3907	0	0
9977	10.3745	0	0
9976	10.3583	0	0
9975	10.3421	0	0
9974	10.326	0	0
9973	10.31	0	0
9972	10.294	0	0
9971	10.278	0	0
9970	10.2621	0	0
9969	10.2463	0	0
9968	10.2305	0	0
9967	10.2148	0	0
9966	10.1991	0	0
9965	10.1834	0	0
9964	10.1679	0	0
9963	10.1523	0	0
9962	10.1368	0	0
9961	10.1214	0	0
9960	10.106	0	0
9959	10.0907	0	0
9958	10.0754	0	0
9957	10.0602	0	0
9956	10.045	0	0
9955	10.0298	0	0
9954	10.0147	0	0
9953	9.99969	0	0
9952	9.98469	0	0
9951	9.96974	0	0
9950	9.95484	0	0
9949	9.93998	0	0
9948	9.92517	0	0
9947	9.9104	0	0
9946	9.89569	0	0
9945	9.88101	0	0
9944	9.86639	0	0
9943	9.85181	0	0
9942	9.83727	0	0
9941	9.82278	0	0
9940	9.80833	0	0
9939	9.79393	0	0
9938	9.77957	0	0
9937	9.76525	0	0
9936	9.75098	0	0
9935	9.73676	0	0
9934	9.72257	0	0
9933	9.70843	0	0
9932	9.69433	0	0
9931	9.68028	0	0
9930	9.66626	0	0
9929	9.65229	0	0
9928	9.63836	0	0
9927	9.62448	0	0
9926	9.61063	0	0
9925	9.59683	0	0
9924	9.58306	0	0
9923	9.56934	0	0
9922	9.55566	0	0
9921	9.54202	0	0
9920	9.52842	0	0
9919	9.51486	0	0
9918	9.50133	0	0
9917	9.48785	0	0
9916	9.47441	0	0
9915	9.46101	0	0
9914	9.44765	0	0
9913	9.43432	0	0
9912	9.42104	0	0
9911	9.40779	0	0
9910	9.39458	0	0
9909	9.38141	0	0
9908	9.36828	0	0
9907	9.35519	0	0
9906	9.34213	0	0
9905	9.32911	0	0
9904	9.31613	0	0
9903	9.30318	0	0
9902	9.29027	0	0
9901	9.2774	0	0
9900	9.26457	0	0
9899	9.25177	0	0
9898	9.23901	0	0
9897	9.22628	0	0
9896	9.21359	0	0
9895	9.20094	0	0
9894	9.18832	0	0
9893	9.17574	0	0
9892	9.16319	0	0
9891	9.15068	0	0
9890	9.1382	0	0
9889	9.12575	0	0
9888	9.11334	0	0
9887	9.10097	0	0
9886	9.08863	0	0
9885	9.07632	0	0
9884	9.06405	0	0
9883	9.05181	0	0
9882	9.03961	0	0
9881	9.02744	0	0
9880	9.0153	0	0
9879	9.00319	0	0
9878	8.99112	0	0
9877	8.97908	0	0
9876	8.96707	0	0
9875	8.9551	0	0
9874	8.94316	0	0
9873	8.93125	0	0
9872	8.91937	0	0
9871	8.90752	0	0
9870	8.89571	0	0
9869	8.88393	0	0
9868	8.87218	0	0
9867	8.86046	0	0
9866	8.84877	0	0
9865	8.83711	0	0
9864	8.82549	0	0
9863	8.81389	0	0
9862	8.80233	0	0
9861	8.79079	0	0
9860	8.77929	0	0
9859	8.76782	0	0
9858	8.75637	0	0
9857	8.74496	0	0
9856	8.73358	0	0
9855	8.72222	0	0
9854	8.7109	0	0
9853	8.6996	0	0
9852	8.68834	0	0
9851	8.6771	0	0
9850	8.66589	0	0
9849	8.65472	0	0
9848	8.64357	0	0
9847	8.63245	0	0
9846	8.62135	0	0
9845	8.61029	0	0
9844	8.59925	0	0
9843	8.58825	0	0
9842	8.57727	0	0
9841	8.56632	0	0
9840	8.55539	0	0
9839	8.5445	0	0
9838	8.53363	0	0
9837	8.52279	0	0
9836	8.51198	0	0
9835	8.50119	0	0
9834	8.49043	0	0
9833	8.4797	0	0
9832	8.46899	0	0
9831	8.45831	0	0
9830	8.44766	0	0
9829	8.43704	0	0
9828	8.42644	0	0
9827	8.41587	0	0
9826	8.40532	0	0
9825	8.3948	0	0
9824	8.3843	0	0
9823	8.37384	0	0
9822	8.36339	0	0
9821	8.35298	0	0
9820	8.34258	0	0
9819	8.33222	0	0
9818	8.32188	0	0
9817	8.31156	0	0
9816	8.30127	0	0
9815	8.29101	0	0
9814	8.28077	0	0
9813	8.27055	0	0
9812	8.26036	0	0
9811	8.25019	0	0
9810	8.24005	0	0
9809	8.22993	0	0
9808	8.21984	0	0
9807	8.20977	0	0
9806	8.19972	0	0
9805	8.1897	0	0
9804	8.17971	0	0
9803	8.16973	0	0
9802	8.15978	0	0
9801	8.14986	0	0
9800	8.13995	0	0
9799	8.13007	0	0
9798	8.12022	0	0
9797	8.11039	0	0
9796	8.10058	0	0
9795	8.09079	0	0
9794	8.08103	0	0
9793	8.07129	0	0
9792	8.06157	0	0
9791	8.05187	0	0
9790	8.0422	0	0
9789	8.03255	0	0
9788	8.02292	0	0
9787	8.01332	0	0
9786	8.00373	0	0
9785	7.99417	0	0
9784	7.98463	0	0
9783	7.97511	0	0
9782	7.96562	0	0
9781	7.95614	0	0
9780	7.94669	0	0
9779	7.93726	0	0
9778	7.92785	0	0
9777	7.91846	0	0
9776	7.9091	0	0
9775	7.89975	0	0
9774	7.89043	0	0
9773	7.88113	0	0
9772	7.87184	0	0
9771	7.86258	0	0
9770	7.85334	0	0
9769	7.84412	0	0
9768	7.83493	0	0
9767	7.82575	0	0
9766	7.81659	0	0
9765	7.80745	0	0
9764	7.79834	0	0
9763	7.78924	0	0
9762	7.78016	0	0
9761	7.77111	0	0
9760	7.76207	0	0
9759	7.75306	0	0
9758	7.74406	0	0
9757	7.73508	0	0
9756	7.72613	0	0
9755	7.71719	0	0
9754	7.70827	0	0
9753	7.69937	0	0
9752	7.6905	0	0
9751	7.68164	0	0
9750	7.6728	0	0
9749	7.66398	0	0
9748	7.65517	0	0
9747	7.64639	0	0
9746	7.63763	0	0
9745	7.62888	0	0
9744	7.62016	0	0
9743	7.61145	0	0
9742	7.60276	0	0
9741	7.59409	0	0
9740	7.58544	0	0
9739	7.57681	0	0
9738	7.5682	0	0
9737	7.5596	0	0
9736	7.55102	0	0
9735	7.54246	0	0
9734	7.53392	0	0
9733	7.5254	0	0
9732	7.51689	0	0
9731	7.50841	0	0
9730	7.49994	0	0
9729	7.49149	0	0
9728	7.48305	0	0
9727	7.47464	0	0
9726	7.46624	0	0
9725	7.45786	0	0
9724	7.4495	0	0
9723	7.44115	0	0
9722	7.43282	0	0
9721	7.42451	0	0
9720	7.41622	0	0
9719	7.40794	0	0
9718	7.39968	0	0
9717	7.39144	0	0
9716	7.38321	0	0
9715	7.375	0	0
9714	7.36681	0	0
9713	7.35864	0	0
9712	7.35048	0	0
9711	7.34234	0	0
9710	7.33421	0	0
9709	7.3261	0	0
9708	7.31801	0	0
9707	7.30994	0	0
9706	7.30188	0	0
9705	7.29383	0	0
9704	7.28581	0	0
9703	7.2778	0	0
9702	7.2698	0	0
9701	7.26183	0	0
9700	7.25386	0	0
9699	7.24592	0	0
9698	7.23799	0	0
9697	7.23007	0	0
9696	7.22218	0	0
9695	7.21429	0	0
9694	7.20643	0	0
9693	7.19857	0	0
9692	7.19074	0	0
9691	7.18292	0	0
9690	7.17511	0	0
9689	7.16732	0	0
9688	7.15955	0	0
9687	7.15179	0	0
9686	7.14405	0	0
9685	7.13632	0	0
9684	7.12861	0	0
9683	7.12091	0	0
9682	7.11323	0	0
9681	7.10556	0	0
9680	7.09791	0	0
9679	7.09027	0	0
9678	7.08264	0	0
9677	7.07504	0	0
9676	7.06744	0	0
9675	7.05986	0	0
9674	7.0523	0	0
9673	7.04475	0	0
9672	7.03721	0	0
9671	7.02969	0	0
9670	7.02219	0	0
9669	7.01469	0	0
9668	7.00722	0	0
9667	6.99975	0	0
9666	6.9923	0	0
9665	6.98487	0	0
9664	6.97745	0	0
9663	6.97004	0	0
9662	6.96265	0	0
9661	6.95527	0	0
9660	6.9479	0	0
9659	6.94055	0	0
9658	6.93322	0	0
9657	6.92589	0	0
9656	6.91858	0	0
9655	6.91129	0	0
9654	6.90401	0	0
9653	6.89674	0	0
9652	6.88948	0	0
9651	6.88224	0	0
9650	6.87501	0	0
9649	6.8678	0	0
9648	6.8606	0	0
9647	6.85341	0	0
9646	6.84623	0	0
9645	6.83907	0	0
9644	6.83193	0	0
9643	6.82479	0	0
9642	6.81767	0	0
9641	6.81056	0	0
9640	6.80346	0	0
9639	6.79638	0	0
9638	6.78931	0	0
9637	6.78226	0	0
9636	6.77521	0	0
9635	6.76818	0	0
9634	6.76116	0	0
9633	6.75416	0	0
9632	6.74716	0	0
9631	6.74018	0	0
9630	6.73322	0	0
9629	6.72626	0	0
9628	6.71932	0	0
9627	6.71239	0	0
9626	6.70547	0	0
9625	6.69857	0	0
9624	6.69167	0	0
9623	6.68479	0	0
9622	6.67792	0	0
9621	6.67107	0	0
9620	6.66422	0	0
9619	6.65739	0	0
9618	6.65057	0	0
9617	6.64377	0	0
9616	6.63697	0	0
9615	6.63019	0	0
9614	6.62342	0	0
9613	6.61666	0	0
9612	6.60991	0	0
9611	6.60317	0	0
9610	6.59645	0	0
9609	6.58974	0	0
9608	6.58304	0	0
9607	6.57635	0	0
9606	6.56967	0	0
9605	6.56301	0	0
9604	6.55635	0	0
9603	6.54971	0	0
9602	6.54308	0	0
9601	6.53646	0	0
9600	6.52985	0	0
9599	6.52326	0	0
9598	6.51667	0	0
9597	6.5101	0	0
9596	6.50354	0	0
9595	6.49698	0	0
9594	6.49044	0	0
9593	6.48392	0	0
9592	6.4774	0	0
9591	6.47089	0	0
9590	6.4644	0	0
9589	6.45791	0	0
9588	6.45144	0	0
9587	6.44498	0	0
9586	6.43853	0	0
9585	6.43209	0	0
9584	6.42566	0	0
9583	6.41924	0	0
9582	6.41283	0	0
9581	6.40643	0	0
9580	6.40005	0	0
9579	6.39367	0	0
9578	6.38731	0	0
9577	6.38095	0	0
9576	6.37461	0	0
9575	6.36828	0	0
9574	6.36195	0	0
9573	6.35564	0	0
9572	6.34934	0	0
9571	6.34305	0	0
9570	6.33677	0	0
9569	6.3305	0	0
9568	6.32424	0	0
9567	6.31799	0	0
9566	6.31175	0	0
9565	6.30552	0	0
9564	6.2993	0	0
9563	6.29309	0	0
9562	6.28689	0	0
9561	6.28071	0	0
9560	6.27453	0	0
9559	6.26836	0	0
9558	6.2622	0	0
9557	6.25605	0	0
9556	6.24992	0	0
9555	6.24379	0	0
9554	6.23767	0	0
9553	6.23156	0	0
9552	6.22546	0	0
9551	6.21938	0	0
9550	6.2133	0	0
9549	6.20723	0	0
9548	6.20117	0	0
9547	6.19512	0	0
9546	6.18908	0	0
9545	6.18305	0	0
9544	6.17703	0	0
9543	6.17102	0	0
9542	6.16502	0	0
9541	6.15902	0	0
9540	6.15304	0	0
9539	6.14707	0	0
9538	6.14111	0	0
9537	6.13515	0	0
9536	6.12921	0	0
9535	6.12327	0	0
9534	6.11735	0	0
9533	6.11143	0	0
9532	6.10552	0	0
9531	6.09963	0	0
9530	6.09374	0	0
9529	6.08786	0	0
9528	6.08199	0	0
9527	6.07613	0	0
9526	6.07027	0	0
9525	6.06443	0	0
9524	6.0586	0	0
9523	6.05277	0	0
9522	6.04696	0	0
9521	6.04115	0	0
9520	6.03535	0	0
9519	6.02956	0	0
9518	6.02378	0	0
9517	6.01801	0	0
9516	6.01225	0	0
9515	6.0065	0	0
9514	6.00075	0	0
9513	5.99502	0	0
9512	5.98929	0	0
9511	5.98357	0	0
9510	5.97786	0	0
9509	5.97216	0	0
9508	5.96647	0	0
9507	5.96079	0	0
9506	5.95511	0	0
9505	5.94945	0	0
9504	5.94379	0	0
9503	5.93814	0	0
9502	5.9325	0	0
9501	5.92687	0	0
9500	5.92124	0	0
9499	5.91563	0	0
9498	5.91002	0	0
9497	5.90442	0	0
9496	5.89883	0	0
9495	5.89325	0	0
9494	5.88768	0	0
9493	5.88211	0	0
9492	5.87655	0	0
9491	5.87101	0	0
9490	5.86547	0	0
9489	5.85993	0	0
9488	5.85441	0	0
9487	5.84889	0	0
9486	5.84339	0	0
9485	5.83789	0	0
9484	5.83239	0	0
9483	5.82691	0	0
9482	5.82144	0	0
9481	5.81597	0	0
9480	5.81051	0	0
9479	5.80506	0	0
9478	5.79961	0	0
9477	5.79418	0	0
9476	5.78875	0	0
9475	5.78333	0	0
9474	5.77792	0	0
9473	5.77252	0	0
9472	5.76712	0	0
9471	5.76173	0	0
9470	5.75635	0	0
9469	5.75098	0	0
9468	5.74561	0	0
9467	5.74026	0	0
9466	5.73491	0	0
9465	5.72956	0	0
9464	5.72423	0	0
9463	5.7189	0	0
9462	5.71358	0	0
9461	5.70827	0	0
9460	5.70297	0	0
9459	5.69767	0	0
9458	5.69238	0	0
9457	5.6871	0	0
9456	5.68183	0	0
9455	5.67656	0	0
9454	5.6713	0	0
9453	5.66605	0	0
9452	5.66081	0	0
9451	5.65557	0	0
9450	5.65034	0	0
9449	5.64512	0	0
9448	5.6399	0	0
9447	5.6347	0	0
9446	5.6295	0	0
9445	5.6243	0	0
9444	5.61912	0	0
9443	5.61394	0	0
9442	5.60877	0	0
9441	5.60361	0	0
9440	5.59845	0	0
9439	5.5933	0	0
9438	5.58816	0	0
9437	5.58302	0	0
9436	5.57789	0	0
9435	5.57277	0	0
9434	5.56766	0	0
9433	5.56255	0	0
9432	5.55745	0	0
9431	5.55236	0	0
9430	5.54727	0	0
9429	5.54219	0	0
9428	5.53712	0	0
9427	5.53205	0	0
9426	5.52699	0	0
9425	5.52194	0	0
9424	5.5169	0	0
9423	5.51186	0	0
9422	5.50683	0	0
9421	5.5018	0	0
9420	5.49679	0	0
9419	5.49178	0	0
9418	5.48677	0	0
9417	5.48178	0	0
9416	5.47678	0	0
9415	5.4718	0	0
9414	5.46682	0	0
9413	5.46185	0	0
9412	5.45689	0	0
9411	5.45193	0	0
9410	5.44698	0	0
9409	5.44204	0	0
9408	5.4371	0	0
9407	5.43217	0	0
9406	5.42725	0	0
9405	5.42233	0	0
9404	5.41742	0	0
9403	5.41251	0	0
9402	5.40761	0	0
9401	5.40272	0	0
9400	5.39784	0	0
9399	5.39296	0	0
9398	5.38809	0	0
9397	5.38322	0	0
9396	5.37836	0	0
9395	5.37351	0	0
9394	5.36866	0	0
9393	5.36382	0	0
9392	5.35898	0	0
9391	5.35416	0	0
9390	5.34933	0	0
9389	5.34452	0	0
9388	5.33971	0	0
9387	5.33491	0	0
9386	5.33011	0	0
9385	5.32532	0	0
9384	5.32053	0	0
9383	5.31576	0	0
9382	5.31098	0	0
9381	5.30622	0	0
9380	5.30146	0	0
9379	5.29671	0	0
9378	5.29196	0	0
9377	5.28722	0	0
9376	5.28248	0	0
9375	5.27775	0	0
9374	5.27303	0	0
9373	5.26831	0	0
9372	5.2636	0	0
9371	5.25889	0	0
9370	5.25419	0	0
9369	5.2495	0	0
9368	5.24481	0	0
9367	5.24013	0	0
9366	5.23545	0	0
9365	5.23079	0	0
9364	5.22612	0	0
9363	5.22146	0	0
9362	5.21681	0	0
9361	5.21216	0	0
9360	5.20752	0	0
9359	5.20289	0	0
9358	5.19826	0	0
9357	5.19364	0	0
9356	5.18902	0	0
9355	5.18441	0	0
9354	5.1798	0	0
9353	5.1752	0	0
9352	5.17061	0	0
9351	5.16602	0	0
9350	5.16143	0	0
9349	5.15686	0	0
9348	5.15228	0	0
9347	5.14772	0	0
9346	5.14316	0	0
9345	5.1386	0	0
9344	5.13405	0	0
9343	5.12951	0	0
9342	5.12497	0	0
9341	5.12044	0	0
9340	5.11591	0	0
9339	5.11139	0	0
9338	5.10687	0	0
9337	5.10236	0	0
9336	5.09786	0	0
9335	5.09336	0	0
9334	5.08886	0	0
9333	5.08437	0	0
9332	5.07989	0	0
9331	5.07541	0	0
9330	5.07094	0	0
9329	5.06647	0	0
9328	5.06201	0	0
9327	5.05755	0	0
9326	5.0531	0	0
9325	5.04866	0	0
9324	5.04422	0	0
9323	5.03978	0	0
9322	5.03535	0	0
9321	5.03093	0	0
9320	5.02651	0	0
9319	5.02209	0	0
9318	5.01769	0	0
9317	5.01328	0	0
9316	5.00888	0	0
9315	5.00449	0	0
9314	5.0001	0	0
9313	4.99572	0	0
9312	4.99134	0	0
9311	4.98697	0	0
9310	4.9826	0	0
9309	4.97824	0	0
9308	4.97388	0	0
9307	4.96953	0	0
9306	4.96518	0	0
9305	4.96084	0	0
9304	4.95651	0	0
9303	4.95217	0	0
9302	4.94785	0	0
9301	4.94353	0	0
9300	4.93921	0	0
9299	4.9349	0	0
9298	4.93059	0	0
9297	4.92629	0	0
9296	4.92199	0	0
9295	4.9177	0	0
9294	4.91342	0	0
9293	4.90913	0	0
9292	4.90486	0	0
9291	4.90059	0	0
9290	4.89632	0	0
9289	4.89206	0	0
9288	4.8878	0	0
9287	4.88355	0	0
9286	4.8793	0	0
9285	4.87506	0	0
9284	4.87082	0	0
9283	4.86659	0	0
9282	4.86236	0	0
9281	4.85814	0	0
9280	4.85392	0	0
9279	4.8497	0	0
9278	4.8455	0	0
9277	4.84129	0	0
9276	4.83709	0	0
9275	4.8329	0	0
9274	4.82871	0	0
9273	4.82452	0	0
9272	4.82034	0	0
9271	4.81617	0	0
9270	4.81199	0	0
9269	4.80783	0	0
9268	4.80367	0	0
9267	4.79951	0	0
9266	4.79536	0	0
9265	4.79121	0	0
9264	4.78707	0	0
9263	4.78293	0	0
9262	4.77879	0	0
9261	4.77466	0	0
9260	4.77054	0	0
9259	4.76642	0	0
9258	4.7623	0	0
9257	4.75819	0	0
9256	4.75409	0	0
9255	4.74998	0	0
9254	4.74589	0	0
9253	4.74179	0	0
9252	4.7377	0	0
9251	4.73362	0	0
9250	4.72954	0	0
9249	4.72546	0	0
9248	4.72139	0	0
9247	4.71733	0	0
9246	4.71327	0	0
9245	4.70921	0	0
9244	4.70516	0	0
9243	4.70111	0	0
9242	4.69706	0	0
9241	4.69302	0	0
9240	4.68899	0	0
9239	4.68496	0	0
9238	4.68093	0	0
9237	4.67691	0	0
9236	4.67289	0	0
9235	4.66887	0	0
9234	4.66487	0	0
9233	4.66086	0	0
9232	4.65686	0	0
9231	4.65286	0	0
9230	4.64887	0	0
9229	4.64488	0	0
9228	4.6409	0	0
9227	4.63692	0	0
9226	4.63294	0	0
9225	4.62897	0	0
9224	4.62501	0	0
9223	4.62104	0	0
9222	4.61708	0	0
9221	4.61313	0	0
9220	4.60918	0	0
9219	4.60523	0	0
9218	4.60129	0	0
9217	4.59736	0	0
9216	4.59342	0	0
9215	4.58949	0	0
9214	4.58557	0	0
9213	4.58165	0	0
9212	4.57773	0	0
9211	4.57382	0	0
9210	4.56991	0	0
9209	4.566	0	0
9208	4.5621	0	0
9207	4.55821	0	0
9206	4.55431	0	0
9205	4.55042	0	0
9204	4.54654	0	0
9203	4.54266	0	0
9202	4.53878	0	0
9201	4.53491	0	0
9200	4.53104	0	0
9199	4.52718	0	0
9198	4.52332	0	0
9197	4.51946	0	0
9196	4.51561	0	0
9195	4.51176	0	0
9194	4.50792	0	0
9193	4.50408	0	0
9192	4.50024	0	0
9191	4.49641	0	0
9190	4.49258	0	0
9189	4.48875	0	0
9188	4.48493	0	0
9187	4.48111	0	0
9186	4.4773	0	0
9185	4.47349	0	0
9184	4.46969	0	0
9183	4.46588	0	0
9182	4.46209	0	0
9181	4.45829	0	0
9180	4.4545	0	0
9179	4.45072	0	0
9178	4.44693	0	0
9177	4.44315	0	0
9176	4.43938	0	0
9175	4.43561	0	0
9174	4.43184	0	0
9173	4.42808	0	0
9172	4.42432	0	0
9171	4.42056	0	0
9170	4.41681	0	0
9169	4.41306	0	0
9168	4.40931	0	0
9167	4.40557	0	0
9166	4.40184	0	0
9165	4.3981	0	0
9164	4.39437	0	0
9163	4.39065	0	0
9162	4.38692	0	0
9161	4.3832	0	0
9160	4.37949	0	0
9159	4.37578	0	0
9158	4.37207	0	0
9157	4.36837	0	0
9156	4.36466	0	0
9155	4.36097	0	0
9154	4.35727	0	0
9153	4.35358	0	0
9152	4.3499	0	0
9151	4.34622	0	0
9150	4.34254	0	0
9149	4.33886	0	0
9148	4.33519	0	0
9147	4.33152	0	0
9146	4.32786	0	0
9145	4.3242	0	0
9144	4.32054	0	0
9143	4.31688	0	0
9142	4.31323	0	0
9141	4.30959	0	0
9140	4.30594	0	0
9139	4.3023	0	0
9138	4.29867	0	0
9137	4.29503	0	0
9136	4.2914	0	0
9135	4.28778	0	0
9134	4.28415	0	0
9133	4.28054	0	0
9132	4.27692	0	0
9131	4.27331	0	0
9130	4.2697	0	0
9129	4.26609	0	0
9128	4.26249	0	0
9127	4.25889	0	0
9126	4.2553	0	0
9125	4.25171	0	0
9124	4.24812	0	0
9123	4.24453	0	0
9122	4.24095	0	0
9121	4.23738	0	0
9120	4.2338	0	0
9119	4.23023	0	0
9118	4.22666	0	0
9117	4.2231	0	0
9116	4.21954	0	0
9115	4.21598	0	0
9114	4.21242	0	0
9113	4.20887	0	0
9112	4.20532	0	0
9111	4.20178	0	0
9110	4.19824	0	0
9109	4.1947	0	0
9108	4.19117	0	0
9107	4.18763	0	0
9106	4.18411	0	0
9105	4.18058	0	0
9104	4.17706	0	0
9103	4.17354	0	0
9102	4.17003	0	0
9101	4.16652	0	0
9100	4.16301	0	0
9099	4.1595	0	0
9098	4.156	0	0
9097	4.1525	0	0
9096	4.149	0	0
9095	4.14551	0	0
9094	4.14202	0	0
9093	4.13854	0	0
9092	4.13505	0	0
9091	4.13157	0	0
9090	4.1281	0	0
9089	4.12462	0	0
9088	4.12115	0	0
9087	4.11769	0	0
9086	4.11422	0	0
9085	4.11076	0	0
9084	4.10731	0	0
9083	4.10385	0	0
9082	4.1004	0	0
9081	4.09695	0	0
9080	4.09351	0	0
9079	4.09007	0	0
9078	4.08663	0	0
9077	4.08319	0	0
9076	4.07976	0	0
9075	4.07633	0	0
9074	4.0729	0	0
9073	4.06948	0	0
9072	4.06606	0	0
9071	4.06264	0	0
9070	4.05923	0	0
9069	4.05582	0	0
9068	4.05241	0	0
9067	4.049	0	0
9066	4.0456	0	0
9065	4.0422	0	0
9064	4.03881	0	0
9063	4.03541	0	0
9062	4.03202	0	0
9061	4.02864	0	0
9060	4.02525	0	0
9059	4.02187	0	0
9058	4.01849	0	0
9057	4.01512	0	0
9056	4.01175	0	0
9055	4.00838	0	0
9054	4.00501	0	0
9053	4.00165	0	0
9052	3.99829	0	0
9051	3.99493	0	0
9050	3.99158	0	0
9049	3.98822	0	0
9048	3.98488	0	0
9047	3.98153	0	0
9046	3.97819	0	0
9045	3.97485	0	0
9044	3.97151	0	0
9043	3.96818	0	0
9042	3.96485	0	0
9041	3.96152	0	0
9040	3.95819	0	0
9039	3.95487	0	0
9038	3.95155	0	0
9037	3.94823	0	0
9036	3.94492	0	0
9035	3.94161	0	0
9034	3.9383	0	0
9033	3.935	0	0
9032	3.93169	0	0
9031	3.92839	0	0
9030	3.9251	0	0
9029	3.9218	0	0
9028	3.91851	0	0
9027	3.91522	0	0
9026	3.91194	0	0
9025	3.90865	0	0
9024	3.90537	0	0
9023	3.9021	0	0
9022	3.89882	0	0
9021	3.89555	0	0
9020	3.89228	0	0
9019	3.88902	0	0
9018	3.88575	0	0
9017	3.88249	0	0
9016	3.87924	0	0
9015	3.87598	0	0
9014	3.87273	0	0
9013	3.86948	0	0
9012	3.86623	0	0
9011	3.86299	0	0
9010	3.85975	0	0
9009	3.85651	0	0
9008	3.85327	0	0
9007	3.85004	0	0
9006	3.84681	0	0
9005	3.84358	0	0
9004	3.84036	0	0
9003	3.83713	0	0
9002	3.83391	0	0
9001	3.8307	0	0
9000	3.82748	0	0
8999	3.82427	0	0
8998	3.82106	0	0
8997	3.81785	0	0
8996	3.81465	0	0
8995	3.81145	0	0
8994	3.80825	0	0
8993	3.80506	0	0
8992	3.80186	0	0
8991	3.79867	0	0
8990	3.79548	0	0
8989	3.7923	0	0
8988	3.78912	0	0
8987	3.78594	0	0
8986	3.78276	0	0
8985	3.77958	0	0
8984	3.77641	0	0
8983	3.77324	0	0
8982	3.77007	0	0
8981	3.76691	0	0
8980	3.76375	0	0
8979	3.76059	0	0
8978	3.75743	0	0
8977	3.75428	0	0
8976	3.75113	0	0
8975	3.74798	0	0
8974	3.74483	0	0
8973	3.74169	0	0
8972	3.73854	0	0
8971	3.73541	0	0
8970	3.73227	0	0
8969	3.72914	0	0
8968	3.726	0	0
8967	3.72288	0	0
8966	3.71975	0	0
8965	3.71662	0	0
8964	3.7135	0	0
8963	3.71038	0	0
8962	3.70727	0	0
8961	3.70415	0	0
8960	3.70104	0	0
8959	3.69793	0	0
8958	3.69483	0	0
8957	3.69172	0	0
8956	3.68862	0	0
8955	3.68552	0	0
8954	3.68243	0	0
8953	3.67933	0	0
8952	3.67624	0	0
8951	3.67315	0	0
8950	3.67006	0	0
8949	3.66698	0	0
8948	3.6639	0	0
8947	3.66082	0	0
8946	3.65774	0	0
8945	3.65467	0	0
8944	3.6516	0	0
8943	3.64853	0	0
8942	3.64546	0	0
8941	3.64239	0	0
8940	3.63933	0	0
8939	3.63627	0	0
8938	3.63321	0	0
8937	3.63016	0	0
8936	3.6271	0	0
8935	3.62405	0	0
8934	3.621	0	0
8933	3.61796	0	0
8932	3.61492	0	0
8931	3.61187	0	0
8930	3.60884	0	0
8929	3.6058	0	0
8928	3.60276	0	0
8927	3.59973	0	0
8926	3.5967	0	0
8925	3.59368	0	0
8924	3.59065	0	0
8923	3.58763	0	0
8922	3.58461	0	0
8921	3.58159	0	0
8920	3.57858	0	0
8919	3.57556	0	0
8918	3.57255	0	0
8917	3.56954	0	0
8916	3.56654	0	0
8915	3.56353	0	0
8914	3.56053	0	0
8913	3.55753	0	0
8912	3.55453	0	0
8911	3.55154	0	0
8910	3.54855	0	0
8909	3.54556	0	0
8908	3.54257	0	0
8907	3.53958	0	0
8906	3.5366	0	0
8905	3.53362	0	0
8904	3.53064	0	0
8903	3.52766	0	0
8902	3.52469	0	0
8901	3.52172	0	0
8900	3.51875	0	0
8899	3.51578	0	0
8898	3.51281	0	0
8897	3.50985	0	0
8896	3.50689	0	0
8895	3.50393	0	0
8894	3.50097	0	0
8893	3.49802	0	0
8892	3.49507	0	0
8891	3.49212	0	0
8890	3.48917	0	0
8889	3.48622	0	0
8888	3.48328	0	0
8887	3.48034	0	0
8886	3.4774	0	0
8885	3.47446	0	0
8884	3.47153	0	0
8883	3.46859	0	0
8882	3.46566	0	0
8881	3.46274	0	0
8880	3.45981	0	0
8879	3.45689	0	0
8878	3.45396	0	0
8877	3.45104	0	0
8876	3.44813	0	0
8875	3.44521	0	0
8874	3.4423	0	0
8873	3.43939	0	0
8872	3.43648	0	0
8871	3.43357	0	0
8870	3.43067	0	0
8869	3.42776	0	0
8868	3.42486	0	0
8867	3.42197	0	0
8866	3.41907	0	0
8865	3.41618	0	0
8864	3.41328	0	0
8863	3.41039	0	0
8862	3.40751	0	0
8861	3.40462	0	0
8860	3.40174	0	0
8859	3.39886	0	0
8858	3.39598	0	0
8857	3.3931	0	0
8856	3.39022	0	0
8855	3.38735	0	0
8854	3.38448	0	0
8853	3.38161	0	0
8852	3.37874	0	0
8851	3.37588	0	0
8850	3.37302	0	0
8849	3.37016	0	0
8848	3.3673	0	0
8847	3.36444	0	0
8846	3.36159	0	0
8845	3.35873	0	0
8844	3.35588	0	0
8843	3.35304	0	0
8842	3.35019	0	0
8841	3.34735	0	0
8840	3.3445	0	0
8839	3.34166	0	0
8838	3.33882	0	0
8837	3.33599	0	0
8836	3.33315	0	0
8835	3.33032	0	0
8834	3.32749	0	0
8833	3.32466	0	0
8832	3.32184	0	0
8831	3.31901	0	0
8830	3.31619	0	0
8829	3.31337	0	0
8828	3.31055	0	0
8827	3.30774	0	0
8826	3.30492	0	0
8825	3.30211	0	0
8824	3.2993	0	0
8823	3.29649	0	0
8822	3.29368	0	0
8821	3.29088	0	0
8820	3.28808	0	0
8819	3.28528	0	0
8818	3.28248	0	0
8817	3.27968	0	0
8816	3.27689	0	0
8815	3.2741	0	0
8814	3.2713	0	0
8813	3.26852	0	0
8812	3.26573	0	0
8811	3.26294	0	0
8810	3.26016	0	0
8809	3.25738	0	0
8808	3.2546	0	0
8807	3.25182	0	0
8806	3.24905	0	0
8805	3.24628	0	0
8804	3.2435	0	0
8803	3.24073	0	0
8802	3.23797	0	0
8801	3.2352	0	0
8800	3.23244	0	0
8799	3.22968	0	0
8798	3.22692	0	0
8797	3.22416	0	0
8796	3.2214	0	0
8795	3.21865	0	0
8794	3.21589	0	0
8793	3.21314	0	0
8792	3.2104	0	0
8791	3.20765	0	0
8790	3.2049	0	0
8789	3.20216	0	0
8788	3.19942	0	0
8787	3.19668	0	0
8786	3.19394	0	0
8785	3.19121	0	0
8784	3.18847	0	0
8783	3.18574	0	0
8782	3.18301	0	0
8781	3.18028	0	0
8780	3.17756	0	0
8779	3.17483	0	0
8778	3.17211	0	0
8777	3.16939	0	0
8776	3.16667	0	0
8775	3.16395	0	0
8774	3.16124	0	0
8773	3.15853	0	0
8772	3.15581	0	0
8771	3.1531	0	0
8770	3.1504	0	0
8769	3.14769	0	0
8768	3.14499	0	0
8767	3.14228	0	0
8766	3.13958	0	0
8765	3.13688	0	0
8764	3.13419	0	0
8763	3.13149	0	0
8762	3.1288	0	0
8761	3.12611	0	0
8760	3.12342	0	0
8759	3.12073	0	0
8758	3.11804	0	0
8757	3.11536	0	0
8756	3.11267	0	0
8755	3.10999	0	0
8754	3.10731	0	0
8753	3.10464	0	0
8752	3.10196	0	0
8751	3.09929	0	0
8750	3.09662	0	0
8749	3.09394	0	0
8748	3.09128	0	0
8747	3.08861	0	0
8746	3.08594	0	0
8745	3.08328	0	0
8744	3.08062	0	0
8743	3.07796	0	0
8742	3.0753	0	0
8741	3.07265	0	0
8740	3.06999	0	0
8739	3.06734	0	0
8738	3.06469	0	0
8737	3.06204	0	0
8736	3.05939	0	0
8735	3.05674	0	0
8734	3.0541	0	0
8733	3.05146	0	0
8732	3.04882	0	0
8731	3.04618	0	0
8730	3.04354	0	0
8729	3.0409	0	0
8728	3.03827	0	0
8727	3.03564	0	0
8726	3.03301	0	0
8725	3.03038	0	0
8724	3.02775	0	0
8723	3.02513	0	0
8722	3.0225	0	0
8721	3.01988	0	0
8720	3.01726	0	0
8719	3.01464	0	0
8718	3.01203	0	0
8717	3.00941	0	0
8716	3.0068	0	0
8715	3.00419	0	0
8714	3.00157	0	0
8713	2.99897	0	0
8712	2.99636	0	0
8711	2.99375	0	0
8710	2.99115	0	0
8709	2.98855	0	0
8708	2.98595	0	0
8707	2.98335	0	0
8706	2.98075	0	0
8705	2.97816	0	0
8704	2.97557	0	0
8703	2.97297	0	0
8702	2.97038	0	0
8701	2.96779	0	0
8700	2.96521	0	0
8699	2.96262	0	0
8698	2.96004	0	0
8697	2.95746	0	0
8696	2.95488	0	0
8695	2.9523	0	0
8694	2.94972	0	0
8693	2.94715	0	0
8692	2.94457	0	0
8691	2.942	0	0
8690	2.93943	0	0
8689	2.93686	0	0
8688	2.93429	0	0
8687	2.93173	0	0
8686	2.92916	0	0
8685	2.9266	0	0
8684	2.92404	0	0
8683	2.92148	0	0
8682	2.91892	0	0
8681	2.91637	0	0
8680	2.91381	0	0
8679	2.91126	0	0
8678	2.90871	0	0
8677	2.90616	0	0
8676	2.90361	0	0
8675	2.90106	0	0
8674	2.89852	0	0
8673	2.89598	0	0
8672	2.89343	0	0
8671	2.89089	0	0
8670	2.88836	0	0
8669	2.88582	0	0
8668	2.88328	0	0
8667	2.88075	0	0
8666	2.87822	0	0
8665	2.87569	0	0
8664	2.87316	0	0
8663	2.87063	0	0
8662	2.8681	0	0
8661	2.86558	0	0
8660	2.86306	0	0
8659	2.86054	0	0
8658	2.85802	0	0
8657	2.8555	0	0
8656	2.85298	0	0
8655	2.85047	0	0
8654	2.84795	0	0
8653	2.84544	0	0
8652	2.84293	0	0
8651	2.84042	0	0
8650	2.83791	0	0
8649	2.83541	0	0
8648	2.8329	0	0
8647	2.8304	0	0
8646	2.8279	0	0
8645	2.8254	0	0
8644	2.8229	0	0
8643	2.82041	0	0
8642	2.81791	0	0
8641	2.81542	0	0
8640	2.81292	0	0
8639	2.81043	0	0
8638	2.80794	0	0
8637	2.80546	0	0
8636	2.80297	0	0
8635	2.80049	0	0
8634	2.798	0	0
8633	2.79552	0	0
8632	2.79304	0	0
8631	2.79056	0	0
8630	2.78809	0	0
8629	2.78561	0	0
8628	2.78314	0	0
8627	2.78067	0	0
8626	2.77819	0	0
8625	2.77572	0	0
8624	2.77326	0	0
8623	2.77079	0	0
8622	2.76833	0	0
8621	2.76586	0	0
8620	2.7634	0	0
8619	2.76094	0	0
8618	2.75848	0	0
8617	2.75602	0	0
8616	2.75357	0	0
8615	2.75111	0	0
8614	2.74866	0	0
8613	2.74621	0	0
8612	2.74376	0	0
8611	2.74131	0	0
8610	2.73886	0	0
8609	2.73641	0	0
8608	2.73397	0	0
8607	2.73153	0	0
8606	2.72909	0	0
8605	2.72665	0	0
8604	2.72421	0	0
8603	2.72177	0	0
8602	2.71933	0	0
8601	2.7169	0	0
8600	2.71447	0	0
8599	2.71204	0	0
8598	2.70961	0	0
8597	2.70718	0	0
8596	2.70475	0	0
8595	2.70233	0	0
8594	2.6999	0	0
8593	2.69748	0	0
8592	2.69506	0	0
8591	2.69264	0	0
8590	2.69022	0	0
8589	2.6878	0	0
8588	2.68539	0	0
8587	2.68297	0	0
8586	2.68056	0	0
8585	2.67815	0	0
8584	2.67574	0	0
8583	2.67333	0	0
8582	2.67092	0	0
8581	2.66852	0	0
8580	2.66611	0	0
8579	2.66371	0	0
8578	2.66131	0	0
8577	2.65891	0	0
8576	2.65651	0	0
8575	2.65411	0	0
8574	2.65172	0	0
8573	2.64932	0	0
8572	2.64693	0	0
8571	2.64454	0	0
8570	2.64215	0	0
8569	2.63976	0	0
8568	2.63737	0	0
8567	2.63499	0	0
8566	2.6326	0	0
8565	2.63022	0	0
8564	2.62784	0	0
8563	2.62546	0	0
8562	2.62308	0	0
8561	2.6207	0	0
8560	2.61832	0	0
8559	2.61595	0	0
8558	2.61357	0	0
8557	2.6112	0	0
8556	2.60883	0	0
8555	2.60646	0	0
8554	2.60409	0	0
8553	2.60173	0	0
8552	2.59936	0	0
8551	2.597	0	0
8550	2.59464	0	0
8549	2.59227	0	0
8548	2.58991	0	0
8547	2.58756	0	0
8546	2.5852	0	0
8545	2.58284	0	0
8544	2.58049	0	0
8543	2.57814	0	0
8542	2.57578	0	0
8541	2.57343	0	0
8540	2.57108	0	0
8539	2.56874	0	0
8538	2.56639	0	0
8537	2.56405	0	0
8536	2.5617	0	0
8535	2.55936	0	0
8534	2.55702	0	0
8533	2.55468	0	0
8532	2.55234	0	0
8531	2.55	0	0
8530	2.54767	0	0
8529	2.54533	0	0
8528	2.543	0	0
8527	2.54067	0	0
8526	2.53834	0	0
8525	2.53601	0	0
8524	2.53368	0	0
8523	2.53136	0	0
8522	2.52903	0	0
8521	2.52671	0	0
8520	2.52439	0	0
8519	2.52206	0	0
8518	2.51975	0	0
8517	2.51743	0	0
8516	2.51511	0	0
8515	2.51279	0	0
8514	2.51048	0	0
8513	2.50817	0	0
8512	2.50585	0	0
8511	2.50354	0	0
8510	2.50123	0	0
8509	2.49893	0	0
8508	2.49662	0	0
8507	2.49432	0	0
8506	2.49201	0	0
8505	2.48971	0	0
8504	2.48741	0	0
8503	2.48511	0	0
8502	2.48281	0	0
8501	2.48051	0	0
8500	2.47821	0	0
8499	2.47592	0	0
8498	2.47363	0	0
8497	2.47133	0	0
8496	2.46904	0	0
8495	2.46675	0	0
8494	2.46446	0	0
8493	2.46218	0	0
8492	2.45989	0	0
8491	2.45761	0	0
8490	2.45532	0	0
8489	2.45304	0	0
8488	2.45076	0	0
8487	2.44848	0	0
8486	2.4462	0	0
8485	2.44393	0	0
8484	2.44165	0	0
8483	2.43938	0	0
8482	2.4371	0	0
8481	2.43483	0	0
8480	2.43256	0	0
8479	2.43029	0	0
8478	2.42802	0	0
8477	2.42576	0	0
8476	2.42349	0	0
8475	2.42123	0	0
8474	2.41896	0	0
8473	2.4167	0	0
8472	2.41444	0	0
8471	2.41218	0	0
8470	2.40992	0	0
8469	2.40767	0	0
8468	2.40541	0	0
8467	2.40316	0	0
8466	2.4009	0	0
8465	2.39865	0	0
8464	2.3964	0	0
8463	2.39415	0	0
8462	2.3919	0	0
8461	2.38966	0	0
8460	2.38741	0	0
8459	2.38517	0	0
8458	2.38292	0	0
8457	2.38068	0	0
8456	2.37844	0	0
8455	2.3762	0	0
8454	2.37396	0	0
8453	2.37173	0	0
8452	2.36949	0	0
8451	2.36726	0	0
8450	2.36502	0	0
8449	2.36279	0	0
8448	2.36056	0	0
8447	2.35833	0	0
8446	2.3561	0	0
8445	2.35388	0	0
8444	2.35165	0	0
8443	2.34943	0	0
8442	2.3472	0	0
8441	2.34498	0	0
8440	2.34276	0	0
8439	2.34054	0	0
8438	2.33832	0	0
8437	2.3361	0	0
8436	2.33389	0	0
8435	2.33167	0	0
8434	2.32946	0	0
8433	2.32725	0	0
8432	2.32504	0	0
8431	2.32283	0	0
8430	2.32062	0	0
8429	2.31841	0	0
8428	2.3162	0	0
8427	2.314	0	0
8426	2.31179	0	0
8425	2.30959	0	0
8424	2.30739	0	0
8423	2.30519	0	0
8422	2.30299	0	0
8421	2.30079	0	0
8420	2.2986	0	0
8419	2.2964	0	0
8418	2.29421	0	0
8417	2.29201	0	0
8416	2.28982	0	0
8415	2.28763	0	0
8414	2.28544	0	0
8413	2.28325	0	0
8412	2.28106	0	0
8411	2.27888	0	0
8410	2.27669	0	0
8409	2.27451	0	0
8408	2.27233	0	0
8407	2.27015	0	0
8406	2.26797	0	0
8405	2.26579	0	0
8404	2.26361	0	0
8403	2.26143	0	0
8402	2.25926	0	0
8401	2.25708	0	0
8400	2.25491	0	0
8399	2.25274	0	0
8398	2.25057	0	0
8397	2.2484	0	0
8396	2.24623	0	0
8395	2.24406	0	0
8394	2.2419	0	0
8393	2.23973	0	0
8392	2.23757	0	0
8391	2.23541	0	0
8390	2.23324	0	0
8389	2.23108	0	0
8388	2.22893	0	0
8387	2.22677	0	0
8386	2.22461	0	0
8385	2.22246	0	0
8384	2.2203	0	0
8383	2.21815	0	0
8382	2.216	0	0
8381	2.21384	0	0
8380	2.21169	0	0
8379	2.20955	0	0
8378	2.2074	0	0
8377	2.20525	0	0
8376	2.20311	0	0
8375	2.20096	0	0
8374	2.19882	0	0
8373	2.19668	0	0
8372	2.19454	0	0
8371	2.1924	0	0
8370	2.19026	0	0
8369	2.18812	0	0
8368	2.18599	0	0
8367	2.18385	0	0
8366	2.18172	0	0
8365	2.17959	0	0
8364	2.17746	0	0
8363	2.17533	0	0
8362	2.1732	0	0
8361	2.17107	0	0
8360	2.16894	0	0
8359	2.16682	0	0
8358	2.16469	0	0
8357	2.16257	0	0
8356	2.16045	0	0
8355	2.15833	0	0
8354	2.15621	0	0
8353	2.15409	0	0
8352	2.15197	0	0
8351	2.14985	0	0
8350	2.14774	0	0
8349	2.14562	0	0
8348	2.14351	0	0
8347	2.1414	0	0
8346	2.13929	0	0
8345	2.13718	0	0
8344	2.13507	0	0
8343	2.13296	0	0
8342	2.13085	0	0
8341	2.12875	0	0
8340	2.12664	0	0
8339	2.12454	0	0
8338	2.12244	0	0
8337	2.12034	0	0
8336	2.11824	0	0
8335	2.11614	0	0
8334	2.11404	0	0
8333	2.11195	0	0
8332	2.10985	0	0
8331	2.10776	0	0
8330	2.10566	0	0
8329	2.10357	0	0
8328	2.10148	0	0
8327	2.09939	0	0
8326	2.0973	0	0
8325	2.09522	0	0
8324	2.09313	0	0
8323	2.09104	0	0
8322	2.08896	0	0
8321	2.08688	0	0
8320	2.08479	0	0
8319	2.08271	0	0
8318	2.08063	0	0
8317	2.07856	0	0
8316	2.07648	0	0
8315	2.0744	0	0
8314	2.07233	0	0
8313	2.07025	0	0
8312	2.06818	0	0
8311	2.06611	0	0
8310	2.06404	0	0
8309	2.06197	0	0
8308	2.0599	0	0
8307	2.05783	0	0
8306	2.05576	0	0
8305	2.0537	0	0
8304	2.05163	0	0
8303	2.04957	0	0
8302	2.04751	0	0
8301	2.04545	0	0
8300	2.04339	0	0
8299	2.04133	0	0
8298	2.03927	0	0
8297	2.03721	0	0
8296	2.03516	0	0
8295	2.0331	0	0
8294	2.03105	0	0
8293	2.029	0	0
8292	2.02695	0	0
8291	2.0249	0	0
8290	2.02285	0	0
8289	2.0208	0	0
8288	2.01875	0	0
8287	2.01671	0	0
8286	2.01466	0	0
8285	2.01262	0	0
8284	2.01057	0	0
8283	2.00853	0	0
8282	2.00649	0	0
8281	2.00445	0	0
8280	2.00241	0	0
8279	2.00038	0	0
8278	1.99834	0	0
8277	1.99631	0	0
8276	1.99427	0	0
8275	1.99224	0	0
8274	1.99021	0	0
8273	1.98818	0	0
8272	1.98615	0	0
8271	1.98412	0	0
8270	1.98209	0	0
8269	1.98006	0	0
8268	1.97804	0	0
8267	1.97601	0	0
8266	1.97399	0	0
8265	1.97197	0	0
8264	1.96995	0	0
8263	1.96793	0	0
8262	1.96591	0	0
8261	1.96389	0	0
8260	1.96187	0	0
8259	1.95986	0	0
8258	1.95784	0	0
8257	1.95583	0	0
8256	1.95382	0	0
8255	1.9518	0	0
8254	1.94979	0	0
8253	1.94778	0	0
8252	1.94578	0	0
8251	1.94377	0	0
8250	1.94176	0	0
8249	1.93976	0	0
8248	1.93775	0	0
8247	1.93575	0	0
8246	1.93375	0	0
8245	1.93175	0	0
8244	1.92975	0	0
8243	1.92775	0	0
8242	1.92575	0	0
8241	1.92375	0	0
8240	1.92176	0	0
8239	1.91976	0	0
8238	1.91777	0	0
8237	1.91578	0	0
8236	1.91378	0	0
8235	1.91179	0	0
8234	1.9098	0	0
8233	1.90782	0	0
8232	1.90583	0	0
8231	1.90384	0	0
8230	1.90186	0	0
8229	1.89987	0	0
8228	1.89789	0	0
8227	1.89591	0	0
8226	1.89392	0	0
8225	1.89194	0	0
8224	1.88997	0	0
8223	1.88799	0	0
8222	1.88601	0	0
8221	1.88403	0	0
8220	1.88206	0	0
8219	1.88009	0	0
8218	1.87811	0	0
8217	1.87614	0	0
8216	1.87417	0	0
8215	1.8722	0	0
8214	1.87023	0	0
8213	1.86826	0	0
8212	1.8663	0	0
8211	1.86433	0	0
8210	1.86237	0	0
8209	1.8604	0	0
8208	1.85844	0	0
8207	1.85648	0	0
8206	1.85452	0	0
8205	1.85256	0	0
8204	1.8506	0	0
8203	1.84864	0	0
8202	1.84669	0	0
8201	1.84473	0	0
8200	1.84278	0	0
8199	1.84083	0	0
8198	1.83887	0	0
8197	1.83692	0	0
8196	1.83497	0	0
8195	1.83302	0	0
8194	1.83107	0	0
8193	1.82913	0	0
8192	1.82718	0	0
8191	1.82524	0	0
8190	1.82329	0	0
8189	1.82135	0	0
8188	1.81941	0	0
8187	1.81747	0	0
8186	1.81553	0	0
8185	1.81359	0	0
8184	1.81165	0	0
8183	1.80971	0	0
8182	1.80778	0	0
8181	1.80584	0	0
8180	1.80391	0	0
8179	1.80198	0	0
8178	1.80004	0	0
8177	1.79811	0	0
8176	1.79618	0	0
8175	1.79426	0	0
8174	1.79233	0	0
8173	1.7904	0	0
8172	1.78848	0	0
8171	1.78655	0	0
8170	1.78463	0	0
8169	1.7827	0	0
8168	1.78078	0	0
8167	1.77886	0	0
8166	1.77694	0	0
8165	1.77502	0	0
8164	1.77311	0	0
8163	1.77119	0	0
8162	1.76927	0	0
8161	1.76736	0	0
8160	1.76545	0	0
8159	1.76353	0	0
8158	1.76162	0	0
8157	1.75971	0	0
8156	1.7578	0	0
8155	1.75589	0	0
8154	1.75399	0	0
8153	1.75208	0	0
8152	1.75017	0	0
8151	1.74827	0	0
8150	1.74637	0	0
8149	1.74446	0	0
8148	1.74256	0	0
8147	1.74066	0	0
8146	1.73876	0	0
8145	1.73687	0	0
8144	1.73497	0	0
8143	1.73307	0	0
8142	1.73118	0	0
8141	1.72928	0	0
8140	1.72739	0	0
8139	1.7255	0	0
8138	1.7236	0	0
8137	1.72171	0	0
8136	1.71982	0	0
8135	1.71794	0	0
8134	1.71605	0	0
8133	1.71416	0	0
8132	1.71228	0	0
8131	1.71039	0	0
8130	1.70851	0	0
8129	1.70663	0	0
8128	1.70475	0	0
8127	1.70287	0	0
8126	1.70099	0	0
8125	1.69911	0	0
8124	1.69723	0	0
8123	1.69535	0	0
8122	1.69348	0	0
8121	1.6916	0	0
8120	1.68973	0	0
8119	1.68786	0	0
8118	1.68599	0	0
8117	1.68412	0	0
8116	1.68225	0	0
8115	1.68038	0	0
8114	1.67851	0	0
8113	1.67665	0	0
8112	1.67478	0	0
8111	1.67292	0	0
8110	1.67105	0	0
8109	1.66919	0	0
8108	1.66733	0	0
8107	1.66547	0	0
8106	1.66361	0	0
8105	1.66175	0	0
8104	1.65989	0	0
8103	1.65804	0	0
8102	1.65618	0	0
8101	1.65433	0	0
8100	1.65247	0	0
8099	1.65062	0	0
8098	1.64877	0	0
8097	1.64692	0	0
8096	1.64507	0	0
8095	1.64322	0	0
8094	1.64137	0	0
8093	1.63952	0	0
8092	1.63768	0	0
8091	1.63583	0	0
8090	1.63399	0	0
8089	1.63215	0	0
8088	1.63031	0	0
8087	1.62847	0	0
8086	1.62663	0	0
8085	1.62479	0	0
8084	1.62295	0	0
8083	1.62111	0	0
8082	1.61928	0	0
8081	1.61744	0	0
8080	1.61561	0	0
8079	1.61377	0	0
8078	1.61194	0	0
8077	1.61011	0	0
8076	1.60828	0	0
8075	1.60645	0	0
8074	1.60463	0	0
8073	1.6028	0	0
8072	1.60097	0	0
8071	1.59915	0	0
8070	1.59732	0	0
8069	1.5955	0	0
8068	1.59368	0	0
8067	1.59186	0	0
8066	1.59004	0	0
8065	1.58822	0	0
8064	1.5864	0	0
8063	1.58458	0	0
8062	1.58277	0	0
8061	1.58095	0	0
8060	1.57914	0	0
8059	1.57732	0	0
8058	1.57551	0	0
8057	1.5737	0	0
8056	1.57189	0	0
8055	1.57008	0	0
8054	1.56827	0	0
8053	1.56646	0	0
8052	1.56466	0	0
8051	1.56285	0	0
8050	1.56105	0	0
8049	1.55924	0	0
8048	1.55744	0	0
8047	1.55564	0	0
8046	1.55384	0	0
8045	1.55204	0	0
8044	1.55024	0	0
8043	1.54844	0	0
8042	1.54665	0	0
8041	1.54485	0	0
8040	1.54306	0	0
8039	1.54126	0	0
8038	1.53947	0	0
8037	1.53768	0	0
8036	1.53589	0	0
8035	1.5341	0	0
8034	1.53231	0	0
8033	1.53052	0	0
8032	1.52873	0	0
8031	1.52695	0	0
8030	1.52516	0	0
8029	1.52338	0	0
8028	1.5216	0	0
8027	1.51981	0	0
8026	1.51803	0	0
8025	1.51625	0	0
8024	1.51447	0	0
8023	1.5127	0	0
8022	1.51092	0	0
8021	1.50914	0	0
8020	1.50737	0	0
8019	1.50559	0	0
8018	1.50382	0	0
8017	1.50205	0	0
8016	1.50028	0	0
8015	1.4985	0	0
8014	1.49674	0	0
8013	1.49497	0	0
8012	1.4932	0	0
8011	1.49143	0	0
8010	1.48967	0	0
8009	1.4879	0	0
8008	1.48614	0	0
8007	1.48438	0	0
8006	1.48261	0	0
8005	1.48085	0	0
8004	1.47909	0	0
8003	1.47733	0	0
8002	1.47558	0	0
8001	1.47382	0	0
8000	1.47206	0	0
7999	1.47031	0	0
7998	1.46855	0	0
7997	1.4668	0	0
7996	1.46505	0	0
7995	1.4633	0	0
7994	1.46155	0	0
7993	1.4598	0	0
7992	1.45805	0	0
7991	1.4563	0	0
7990	1.45456	0	0
7989	1.45281	0	0
7988	1.45107	0	0
7987	1.44932	0	0
7986	1.44758	0	0
7985	1.44584	0	0
7984	1.4441	0	0
7983	1.44236	0	0
7982	1.44062	0	0
7981	1.43888	0	0
7980	1.43715	0	0
7979	1.43541	0	0
7978	1.43368	0	0
7977	1.43194	0	0
7976	1.43021	0	0
7975	1.42848	0	0
7974	1.42675	0	0
7973	1.42502	0	0
7972	1.42329	0	0
7971	1.42156	0	0
7970	1.41983	0	0
7969	1.41811	0	0
7968	1.41638	0	0
7967	1.41466	0	0
7966	1.41294	0	0
7965	1.41121	0	0
7964	1.40949	0	0
7963	1.40777	0	0
7962	1.40605	0	0
7961	1.40433	0	0
7960	1.40262	0	0
7959	1.4009	0	0
7958	1.39919	0	0
7957	1.39747	0	0
7956	1.39576	0	0
7955	1.39405	0	0
7954	1.39233	0	0
7953	1.39062	0	0
7952	1.38891	0	0
7951	1.3872	0	0
7950	1.3855	0	0
7949	1.38379	0	0
7948	1.38208	0	0
7947	1.38038	0	0
7946	1.37868	0	0
7945	1.37697	0	0
7944	1.37527	0	0
7943	1.37357	0	0
7942	1.37187	0	0
7941	1.37017	0	0
7940	1.36847	0	0
7939	1.36677	0	0
7938	1.36508	0	0
7937	1.36338	0	0
7936	1.36169	0	0
7935	1.36	0	0
7934	1.3583	0	0
7933	1.35661	0	0
7932	1.35492	0	0
7931	1.35323	0	0
7930	1.35154	0	0
7929	1.34986	0	0
7928	1.34817	0	0
7927	1.34648	0	0
7926	1.3448	0	0
7925	1.34312	0	0
7924	1.34143	0	0
7923	1.33975	0	0
7922	1.33807	0	0
7921	1.33639	0	0
7920	1.33471	0	0
7919	1.33303	0	0
7918	1.33136	0	0
7917	1.32968	0	0
7916	1.328	0	0
7915	1.32633	0	0
7914	1.32466	0	0
7913	1.32299	0	0
7912	1.32131	0	0
7911	1.31964	0	0
7910	1.31797	0	0
7909	1.31631	0	0
7908	1.31464	0	0
7907	1.31297	0	0
7906	1.31131	0	0
7905	1.30964	0	0
7904	1.30798	0	0
7903	1.30632	0	0
7902	1.30465	0	0
7901	1.30299	0	0
7900	1.30133	0	0
7899	1.29968	0	0
7898	1.29802	0	0
7897	1.29636	0	0
7896	1.2947	0	0
7895	1.29305	0	0
7894	1.2914	0	0
7893	1.28974	0	0
7892	1.28809	0	0
7891	1.28644	0	0
7890	1.28479	0	0
7889	1.28314	0	0
7888	1.28149	0	0
7887	1.27984	0	0
7886	1.2782	0	0
7885	1.27655	0	0
7884	1.27491	0	0
7883	1.27327	0	0
7882	1.27162	0	0
7881	1.26998	0	0
7880	1.26834	0	0
7879	1.2667	0	0
7878	1.26506	0	0
7877	1.26343	0	0
7876	1.26179	0	0
7875	1.26015	0	0
7874	1.25852	0	0
7873	1.25688	0	0
7872	1.25525	0	0
7871	1.25362	0	0
7870	1.25199	0	0
7869	1.25036	0	0
7868	1.24873	0	0
7867	1.2471	0	0
7866	1.24547	0	0
7865	1.24385	0	0
7864	1.24222	0	0
7863	1.2406	0	0
7862	1.23898	0	0
7861	1.23735	0	0
7860	1.23573	0	0
7859	1.23411	0	0
7858	1.23249	0	0
7857	1.23087	0	0
7856	1.22926	0	0
7855	1.22764	0	0
7854	1.22602	0	0
7853	1.22441	0	0
7852	1.2228	0	0
7851	1.22118	0	0
7850	1.21957	0	0
7849	1.21796	0	0
7848	1.21635	0	0
7847	1.21474	0	0
7846	1.21313	0	0
7845	1.21153	0	0
7844	1.20992	0	0
7843	1.20832	0	0
7842	1.20671	0	0
7841	1.20511	0	0
7840	1.20351	0	0
7839	1.20191	0	0
7838	1.20031	0	0
7837	1.19871	0	0
7836	1.19711	0	0
7835	1.19551	0	0
7834	1.19392	0	0
7833	1.19232	0	0
7832	1.19073	0	0
7831	1.18913	0	0
7830	1.18754	0	0
7829	1.18595	0	0
7828	1.18436	0	0
7827	1.18277	0	0
7826	1.18118	0	0
7825	1.17959	0	0
7824	1.17801	0	0
7823	1.17642	0	0
7822	1.17484	0	0
7821	1.17325	0	0
7820	1.17167	0	0
7819	1.17009	0	0
7818	1.16851	0	0
7817	1.16693	0	0
7816	1.16535	0	0
7815	1.16377	0	0
7814	1.16219	0	0
7813	1.16062	0	0
7812	1.15904	0	0
7811	1.15747	0	0
7810	1.15589	0	0
7809	1.15432	0	0
7808	1.15275	0	0
7807	1.15118	0	0
7806	1.14961	0	0
7805	1.14804	0	0
7804	1.14648	0	0
7803	1.14491	0	0
7802	1.14334	0	0
7801	1.14178	0	0
7800	1.14022	0	0
7799	1.13865	0	0
7798	1.13709	0	0
7797	1.13553	0	0
7796	1.13397	0	0
7795	1.13241	0	0
7794	1.13086	0	0
7793	1.1293	0	0
7792	1.12774	0	0
7791	1.12619	0	0
7790	1.12463	0	0
7789	1.12308	0	0
7788	1.12153	0	0
7787	1.11998	0	0
7786	1.11843	0	0
7785	1.11688	0	0
7784	1.11533	0	0
7783	1.11379	0	0
7782	1.11224	0	0
7781	1.11069	0	0
7780	1.10915	0	0
7779	1.10761	0	0
7778	1.10606	0	0
7777	1.10452	0	0
7776	1.10298	0	0
7775	1.10144	0	0
7774	1.09991	0	0
7773	1.09837	0	0
7772	1.09683	0	0
7771	1.0953	0	0
7770	1.09376	0	0
7769	1.09223	0	0
7768	1.0907	0	0
7767	1.08917	0	0
7766	1.08763	0	0
7765	1.08611	0	0
7764	1.08458	0	0
7763	1.08305	0	0
7762	1.08152	0	0
7761	1.08	0	0
7760	1.07847	0	0
7759	1.07695	0	0
7758	1.07543	0	0
7757	1.0739	0	0
7756	1.07238	0	0
7755	1.07086	0	0
7754	1.06934	0	0
7753	1.06783	0	0
7752	1.06631	0	0
7751	1.06479	0	0
7750	1.06328	0	0
7749	1.06177	0	0
7748	1.06025	0	0
7747	1.05874	0	0
7746	1.05723	0	0
7745	1.05572	0	0
7744	1.05421	0	0
7743	1.0527	0	0
7742	1.05119	0	0
7741	1.04969	0	0
7740	1.04818	0	0
7739	1.04668	0	0
7738	1.04518	0	0
7737	1.04367	0	0
7736	1.04217	0	0
7735	1.04067	0	0
7734	1.03917	0	0
7733	1.03767	0	0
7732	1.03618	0	0
7731	1.03468	0	0
7730	1.03319	0	0
7729	1.03169	0	0
7728	1.0302	0	0
7727	1.02871	0	0
7726	1.02721	0	0
7725	1.02572	0	0
7724	1.02423	0	0
7723	1.02275	0	0
7722	1.02126	0	0
7721	1.01977	0	0
7720	1.01829	0	0
7719	1.0168	0	0
7718	1.01532	0	0
7717	1.01384	0	0
7716	1.01235	0	0
7715	1.01087	0	0
7714	1.00939	0	0
7713	1.00791	0	0
7712	1.00644	0	0
7711	1.00496	0	0
7710	1.00348	0	0
7709	1.00201	0	0
7708	1.00054	0	0
7707	0.999063	0	0
7706	0.997592	0	0
7705	0.996121	0	0
7704	0.994651	0	0
7703	0.993182	0	0
7702	0.991714	0	0
7701	0.990247	0	0
7700	0.988781	0	0
7699	0.987317	0	0
7698	0.985853	0	0
7697	0.98439	0	0
7696	0.982928	0	0
7695	0.981467	0	0
7694	0.980007	0	0
7693	0.978548	0	0
7692	0.97709	0	0
7691	0.975633	0	0
7690	0.974177	0	0
7689	0.972722	0	0
7688	0.971268	0	0
7687	0.969815	0	0
7686	0.968363	0	0
7685	0.966912	0	0
7684	0.965462	0	0
7683	0.964013	0	0
7682	0.962565	0	0
7681	0.961118	0	0
7680	0.959671	0	0
7679	0.958226	0	0
7678	0.956782	0	0
7677	0.955339	0	0
7676	0.953897	0	0
7675	0.952456	0	0
7674	0.951016	0	0
7673	0.949577	0	0
7672	0.948138	0	0
7671	0.946701	0	0
7670	0.945265	0	0
7669	0.94383	0	0
7668	0.942396	0	0
7667	0.940962	0	0
7666	0.93953	0	0
7665	0.938099	0	0
7664	0.936669	0	0
7663	0.93524	0	0
7662	0.933812	0	0
7661	0.932384	0	0
7660	0.930958	0	0
7659	0.929533	0	0
7658	0.928109	0	0
7657	0.926685	0	0
7656	0.925263	0	0
7655	0.923842	0	0
7654	0.922422	0	0
7653	0.921003	0	0
7652	0.919584	0	0
7651	0.918167	0	0
7650	0.916751	0	0
7649	0.915336	0	0
7648	0.913921	0	0
7647	0.912508	0	0
7646	0.911096	0	0
7645	0.909685	0	0
7644	0.908275	0	0
7643	0.906865	0	0
7642	0.905457	0	0
7641	0.90405	0	0
7640	0.902644	0	0
7639	0.901238	0	0
7638	0.899834	0	0
7637	0.898431	0	0
7636	0.897029	0	0
7635	0.895628	0	0
7634	0.894228	0	0
7633	0.892828	0	0
7632	0.89143	0	0
7631	0.890033	0	0
7630	0.888637	0	0
7629	0.887242	0	0
7628	0.885848	0	0
7627	0.884454	0	0
7626	0.883062	0	0
7625	0.881671	0	0
7624	0.880281	0	0
7623	0.878892	0	0
7622	0.877504	0	0
7621	0.876117	0	0
7620	0.874731	0	0
7619	0.873346	0	0
7618	0.871961	0	0
7617	0.870578	0	0
7616	0.869196	0	0
7615	0.867815	0	0
7614	0.866435	0	0
7613	0.865056	0	0
7612	0.863678	0	0
7611	0.862301	0	0
7610	0.860925	0	0
7609	0.85955	0	0
7608	0.858177	0	0
7607	0.856804	0	0
7606	0.855432	0	0
7605	0.854061	0	0
7604	0.852691	0	0
7603	0.851322	0	0
7602	0.849954	0	0
7601	0.848587	0	0
7600	0.847221	0	0
7599	0.845857	0	0
7598	0.844493	0	0
7597	0.84313	0	0
7596	0.841768	0	0
7595	0.840408	0	0
7594	0.839048	0	0
7593	0.837689	0	0
7592	0.836332	0	0
7591	0.834975	0	0
7590	0.833619	0	0
7589	0.832265	0	0
7588	0.830911	0	0
7587	0.829558	0	0
7586	0.828207	0	0
7585	0.826856	0	0
7584	0.825507	0	0
7583	0.824158	0	0
7582	0.822811	0	0
7581	0.821464	0	0
7580	0.820119	0	0
7579	0.818775	0	0
7578	0.817431	0	0
7577	0.816089	0	0
7576	0.814748	0	0
7575	0.813407	0	0
7574	0.812068	0	0
7573	0.81073	0	0
7572	0.809393	0	0
7571	0.808056	0	0
7570	0.806721	0	0
7569	0.805387	0	0
7568	0.804054	0	0
7567	0.802722	0	0
7566	0.801391	0	0
7565	0.800061	0	0
7564	0.798732	0	0
7563	0.797404	0	0
7562	0.796077	0	0
7561	0.794751	0	0
7560	0.793426	0	0
7559	0.792102	0	0
7558	0.790779	0	0
7557	0.789458	0	0
7556	0.788137	0	0
7555	0.786817	0	0
7554	0.785499	0	0
7553	0.784181	0	0
7552	0.782864	0	0
7551	0.781549	0	0
7550	0.780234	0	0
7549	0.778921	0	0
7548	0.777608	0	0
7547	0.776297	0	0
7546	0.774986	0	0
7545	0.773677	0	0
7544	0.772369	0	0
7543	0.771061	0	0
7542	0.769755	0	0
7541	0.76845	0	0
7540	0.767146	0	0
7539	0.765843	0	0
7538	0.764541	0	0
7537	0.76324	0	0
7536	0.76194	0	0
7535	0.760641	0	0
7534	0.759343	0	0
7533	0.758046	0	0
7532	0.75675	0	0
7531	0.755455	0	0
7530	0.754161	0	0
7529	0.752869	0	0
7528	0.751577	0	0
7527	0.750286	0	0
7526	0.748997	0	0
7525	0.747708	0	0
7524	0.746421	0	0
7523	0.745134	0	0
7522	0.743849	0	0
7521	0.742565	0	0
7520	0.741281	0	0
7519	0.739999	0	0
7518	0.738718	0	0
7517	0.737438	0	0
7516	0.736159	0	0
7515	0.734881	0	0
7514	0.733604	0	0
7513	0.732328	0	0
7512	0.731053	0	0
7511	0.729779	0	0
7510	0.728506	0	0
7509	0.727234	0	0
7508	0.725964	0	0
7507	0.724694	0	0
7506	0.723426	0	0
7505	0.722158	0	0
7504	0.720892	0	0
7503	0.719626	0	0
7502	0.718362	0	0
7501	0.717098	0	0
7500	0.715836	0	0
7499	0.714575	0	0
7498	0.713315	0	0
7497	0.712056	0	0
7496	0.710798	0	0
7495	0.709541	0	0
7494	0.708285	0	0
7493	0.70703	0	0
7492	0.705776	0	0
7491	0.704524	0	0
7490	0.703272	0	0
7489	0.702021	0	0
7488	0.700772	0	0
7487	0.699523	0	0
7486	0.698276	0	0
7485	0.697029	0	0
7484	0.695784	0	0
7483	0.69454	0	0
7482	0.693297	0	0
7481	0.692055	0	0
7480	0.690814	0	0
7479	0.689574	0	0
7478	0.688335	0	0
7477	0.687097	0	0
7476	0.68586	0	0
7475	0.684625	0	0
7474	0.68339	0	0
7473	0.682156	0	0
7472	0.680924	0	0
7471	0.679693	0	0
7470	0.678462	0	0
7469	0.677233	0	0
7468	0.676005	0	0
7467	0.674778	0	0
7466	0.673552	0	0
7465	0.672327	0	0
7464	0.671103	0	0
7463	0.66988	0	0
7462	0.668658	0	0
7461	0.667437	0	0
7460	0.666218	0	0
7459	0.664999	0	0
7458	0.663782	0	0
7457	0.662565	0	0
7456	0.66135	0	0
7455	0.660136	0	0
7454	0.658923	0	0
7453	0.657711	0	0
7452	0.6565	0	0
7451	0.65529	0	0
7450	0.654081	0	0
7449	0.652873	0	0
7448	0.651666	0	0
7447	0.650461	0	0
7446	0.649256	0	0
7445	0.648053	0	0
7444	0.646851	0	0
7443	0.645649	0	0
7442	0.644449	0	0
7441	0.64325	0	0
7440	0.642052	0	0
7439	0.640855	0	0
7438	0.639659	0	0
7437	0.638465	0	0
7436	0.637271	0	0
7435	0.636078	0	0
7434	0.634887	0	0
7433	0.633697	0	0
7432	0.632507	0	0
7431	0.631319	0	0
7430	0.630132	0	0
7429	0.628946	0	0
7428	0.627761	0	0
7427	0.626577	0	0
7426	0.625394	0	0
7425	0.624213	0	0
7424	0.623032	0	0
7423	0.621853	0	0
7422	0.620674	0	0
7421	0.619497	0	0
7420	0.618321	0	0
7419	0.617146	0	0
7418	0.615972	0	0
7417	0.614799	0	0
7416	0.613627	0	0
7415	0.612456	0	0
7414	0.611287	0	0
7413	0.610118	0	0
7412	0.608951	0	0
7411	0.607785	0	0
7410	0.60662	0	0
7409	0.605455	0	0
7408	0.604292	0	0
7407	0.603131	0	0
7406	0.60197	0	0
7405	0.60081	0	0
7404	0.599652	0	0
7403	0.598494	0	0
7402	0.597338	0	0
7401	0.596182	0	0
7400	0.595028	0	0
7399	0.593875	0	0
7398	0.592723	0	0
7397	0.591573	0	0
7396	0.590423	0	0
7395	0.589274	0	0
7394	0.588127	0	0
7393	0.58698	0	0
7392	0.585835	0	0
7391	0.584691	0	0
7390	0.583548	0	0
7389	0.582406	0	0
7388	0.581265	0	0
7387	0.580126	0	0
7386	0.578987	0	0
7385	0.577849	0	0
7384	0.576713	0	0
7383	0.575578	0	0
7382	0.574444	0	0
7381	0.573311	0	0
7380	0.572179	0	0
7379	0.571048	0	0
7378	0.569918	0	0
7377	0.56879	0	0
7376	0.567663	0	0
7375	0.566536	0	0
7374	0.565411	0	0
7373	0.564287	0	0
7372	0.563164	0	0
7371	0.562042	0	0
7370	0.560922	0	0
7369	0.559802	0	0
7368	0.558684	0	0
7367	0.557566	0	0
7366	0.55645	0	0
7365	0.555335	0	0
7364	0.554221	0	0
7363	0.553109	0	0
7362	0.551997	0	0
7361	0.550886	0	0
7360	0.549777	0	0
7359	0.548669	0	0
7358	0.547562	0	0
7357	0.546456	0	0
7356	0.545351	0	0
7355	0.544247	0	0
7354	0.543145	0	0
7353	0.542043	0	0
7352	0.540943	0	0
7351	0.539844	0	0
7350	0.538746	0	0
7349	0.537649	0	0
7348	0.536553	0	0
7347	0.535458	0	0
7346	0.534365	0	0
7345	0.533272	0	0
7344	0.532181	0	0
7343	0.531091	0	0
7342	0.530002	0	0
7341	0.528914	0	0
7340	0.527828	0	0
7339	0.526742	0	0
7338	0.525658	0	0
7337	0.524575	0	0
7336	0.523493	0	0
7335	0.522412	0	0
7334	0.521332	0	0
7333	0.520253	0	0
7332	0.519176	0	0
7331	0.518099	0	0
7330	0.517024	0	0
7329	0.51595	0	0
7328	0.514877	0	0
7327	0.513806	0	0
7326	0.512735	0	0
7325	0.511666	0	0
7324	0.510597	0	0
7323	0.50953	0	0
7322	0.508464	0	0
7321	0.5074	0	0
7320	0.506336	0	0
7319	0.505273	0	0
7318	0.504212	0	0
7317	0.503152	0	0
7316	0.502093	0	0
7315	0.501035	0	0
7314	0.499978	0	0
7313	0.498923	0	0
7312	0.497868	0	0
7311	0.496815	0	0
7310	0.495763	0	0
7309	0.494712	0	0
7308	0.493663	0	0
7307	0.492614	0	0
7306	0.491567	0	0
7305	0.49052	0	0
7304	0.489475	0	0
7303	0.488431	0	0
7302	0.487389	0	0
7301	0.486347	0	0
7300	0.485307	0	0
7299	0.484268	0	0
7298	0.48323	0	0
7297	0.482193	0	0
7296	0.481157	0	0
7295	0.480123	0	0
7294	0.479089	0	0
7293	0.478057	0	0
7292	0.477026	0	0
7291	0.475996	0	0
7290	0.474968	0	0
7289	0.47394	0	0
7288	0.472914	0	0
7287	0.471889	0	0
7286	0.470865	0	0
7285	0.469842	0	0
7284	0.46882	0	0
7283	0.4678	0	0
7282	0.466781	0	0
7281	0.465763	0	0
7280	0.464746	0	0
7279	0.46373	0	0
7278	0.462716	0	0
7277	0.461703	0	0
7276	0.460691	0	0
7275	0.45968	0	0
7274	0.45867	0	0
7273	0.457661	0	0
7272	0.456654	0	0
7271	0.455648	0	0
7270	0.454643	0	0
7269	0.453639	0	0
7268	0.452637	0	0
7267	0.451635	0	0
7266	0.450635	0	0
7265	0.449636	0	0
7264	0.448638	0	0
7263	0.447642	0	0
7262	0.446646	0	0
7261	0.445652	0	0
7260	0.444659	0	0
7259	0.443667	0	0
7258	0.442677	0	0
7257	0.441687	0	0
7256	0.440699	0	0
7255	0.439712	0	0
7254	0.438726	0	0
7253	0.437742	0	0
7252	0.436758	0	0
7251	0.435776	0	0
7250	0.434795	0	0
7249	0.433816	0	0
7248	0.432837	0	0
7247	0.43186	0	0
7246	0.430884	0	0
7245	0.429909	0	0
7244	0.428935	0	0
7243	0.427962	0	0
7242	0.426991	0	0
7241	0.426021	0	0
7240	0.425052	0	0
7239	0.424085	0	0
7238	0.423118	0	0
7237	0.422153	0	0
7236	0.421189	0	0
7235	0.420226	0	0
7234	0.419265	0	0
7233	0.418304	0	0
7232	0.417345	0	0
7231	0.416387	0	0
7230	0.415431	0	0
7229	0.414475	0	0
7228	0.413521	0	0
7227	0.412568	0	0
7226	0.411616	0	0
7225	0.410666	0	0
7224	0.409716	0	0
7223	0.408768	0	0
7222	0.407821	0	0
7221	0.406876	0	0
7220	0.405931	0	0
7219	0.404988	0	0
7218	0.404046	0	0
7217	0.403106	0	0
7216	0.402166	0	0
7215	0.401228	0	0
7214	0.400291	0	0
7213	0.399355	0	0
7212	0.398421	0	0
7211	0.397487	0	0
7210	0.396555	0	0
7209	0.395624	0	0
7208	0.394695	0	0
7207	0.393766	0	0
7206	0.392839	0	0
7205	0.391914	0	0
7204	0.390989	0	0
7203	0.390066	0	0
7202	0.389143	0	0
7201	0.388223	0	0
7200	0.387303	0	0
7199	0.386385	0	0
7198	0.385468	0	0
7197	0.384552	0	0
7196	0.383637	0	0
7195	0.382724	0	0
7194	0.381812	0	0
7193	0.380901	0	0
7192	0.379991	0	0
7191	0.379083	0	0
7190	0.378176	0	0
7189	0.37727	0	0
7188	0.376365	0	0
7187	0.375462	0	0
7186	0.37456	0	0
7185	0.373659	0	0
7184	0.372759	0	0
7183	0.371861	0	0
7182	0.370964	0	0
7181	0.370068	0	0
7180	0.369174	0	0
7179	0.368281	0	0
7178	0.367389	0	0
7177	0.366498	0	0
7176	0.365608	0	0
7175	0.36472	0	0
7174	0.363833	0	0
7173	0.362948	0	0
7172	0.362063	0	0
7171	0.36118	0	0
7170	0.360299	0	0
7169	0.359418	0	0
7168	0.358539	0	0
7167	0.357661	0	0
7166	0.356784	0	0
7165	0.355909	0	0
7164	0.355034	0	0
7163	0.354162	0	0
7162	0.35329	0	0
7161	0.35242	0	0
7160	0.351551	0	0
7159	0.350683	0	0
7158	0.349816	0	0
7157	0.348951	0	0
7156	0.348087	0	0
7155	0.347225	0	0
7154	0.346363	0	0
7153	0.345503	0	0
7152	0.344644	0	0
7151	0.343787	0	0
7150	0.342931	0	0
7149	0.342076	0	0
7148	0.341222	0	0
7147	0.34037	0	0
7146	0.339519	0	0
7145	0.338669	0	0
7144	0.337821	0	0
7143	0.336974	0	0
7142	0.336128	0	0
7141	0.335283	0	0
7140	0.33444	0	0
7139	0.333598	0	0
7138	0.332757	0	0
7137	0.331918	0	0
7136	0.33108	0	0
7135	0.330243	0	0
7134	0.329408	0	0
7133	0.328574	0	0
7132	0.327741	0	0
7131	0.326909	0	0
7130	0.326079	0	0
7129	0.32525	0	0
7128	0.324423	0	0
7127	0.323596	0	0
7126	0.322771	0	0
7125	0.321948	0	0
7124	0.321125	0	0
7123	0.320304	0	0
7122	0.319484	0	0
7121	0.318666	0	0
7120	0.317849	0	0
7119	0.317033	0	0
7118	0.316218	0	0
7117	0.315405	0	0
7116	0.314593	0	0
7115	0.313783	0	0
7114	0.312974	0	0
7113	0.312166	0	0
7112	0.311359	0	0
7111	0.310554	0	0
7110	0.30975	0	0
7109	0.308947	0	0
7108	0.308146	0	0
7107	0.307346	0	0
7106	0.306547	0	0
7105	0.30575	0	0
7104	0.304954	0	0
7103	0.304159	0	0
7102	0.303366	0	0
7101	0.302574	0	0
7100	0.301783	0	0
7099	0.300994	0	0
7098	0.300206	0	0
7097	0.299419	0	0
7096	0.298634	0	0
7095	0.29785	0	0
7094	0.297067	0	0
7093	0.296286	0	0
7092	0.295506	0	0
7091	0.294727	0	0
7090	0.29395	0	0
7089	0.293174	0	0
7088	0.292399	0	0
7087	0.291625	0	0
7086	0.290853	0	0
7085	0.290083	0	0
7084	0.289313	0	0
7083	0.288545	0	0
7082	0.287779	0	0
7081	0.287013	0	0
7080	0.286249	0	0
7079	0.285487	0	0
7078	0.284725	0	0
7077	0.283965	0	0
7076	0.283207	0	0
7075	0.282449	0	0
7074	0.281693	0	0
7073	0.280939	0	0
7072	0.280185	0	0
7071	0.279434	0	0
7070	0.278683	0	0
7069	0.277934	0	0
7068	0.277186	0	0
7067	0.276439	0	0
7066	0.275694	0	0
7065	0.27495	0	0
7064	0.274208	0	0
7063	0.273466	0	0
7062	0.272727	0	0
7061	0.271988	0	0
7060	0.271251	0	0
7059	0.270515	0	0
7058	0.269781	0	0
7057	0.269048	0	0
7056	0.268316	0	0
7055	0.267586	0	0
7054	0.266856	0	0
7053	0.266129	0	0
7052	0.265402	0	0
7051	0.264677	0	0
7050	0.263954	0	0
7049	0.263231	0	0
7048	0.26251	0	0
7047	0.261791	0	0
7046	0.261073	0	0
7045	0.260356	0	0
7044	0.25964	0	0
7043	0.258926	0	0
7042	0.258213	0	0
7041	0.257501	0	0
7040	0.256791	0	0
7039	0.256082	0	0
7038	0.255375	0	0
7037	0.254669	0	0
7036	0.253964	0	0
7035	0.25326	0	0
7034	0.252558	0	0
7033	0.251857	0	0
7032	0.251158	0	0
7031	0.25046	0	0
7030	0.249763	0	0
7029	0.249068	0	0
7028	0.248374	0	0
7027	0.247681	0	0
7026	0.24699	0	0
7025	0.2463	0	0
7024	0.245611	0	0
7023	0.244923	0	0
7022	0.244237	0	0
7021	0.243553	0	0
7020	0.242869	0	0
7019	0.242187	0	0
7018	0.241507	0	0
7017	0.240827	0	0
7016	0.240149	0	0
7015	0.239473	0	0
7014	0.238797	0	0
7013	0.238123	0	0
7012	0.237451	0	0
7011	0.236779	0	0
7010	0.236109	0	0
7009	0.23544	0	0
7008	0.234773	0	0
7007	0.234107	0	0
7006	0.233442	0	0
7005	0.232779	0	0
7004	0.232117	0	0
7003	0.231456	0	0
7002	0.230797	0	0
7001	0.230138	0	0
7000	0.229482	0	0
6999	0.228826	0	0
6998	0.228172	0	0
6997	0.227519	0	0
6996	0.226867	0	0
6995	0.226217	0	0
6994	0.225568	0	0
6993	0.22492	0	0
6992	0.224274	0	0
6991	0.223629	0	0
6990	0.222985	0	0
6989	0.222343	0	0
6988	0.221701	0	0
6987	0.221062	0	0
6986	0.220423	0	0
6985	0.219786	0	0
6984	0.21915	0	0
6983	0.218515	0	0
6982	0.217881	0	0
6981	0.217249	0	0
6980	0.216618	0	0
6979	0.215988	0	0
6978	0.21536	0	0
6977	0.214733	0	0
6976	0.214107	0	0
6975	0.213482	0	0
6974	0.212859	0	0
6973	0.212237	0	0
6972	0.211616	0	0
6971	0.210997	0	0
6970	0.210378	0	0
6969	0.209761	0	0
6968	0.209145	0	0
6967	0.208531	0	0
6966	0.207917	0	0
6965	0.207305	0	0
6964	0.206694	0	0
6963	0.206084	0	0
6962	0.205476	0	0
6961	0.204869	0	0
6960	0.204263	0	0
6959	0.203658	0	0
6958	0.203054	0	0
6957	0.202452	0	0
6956	0.201851	0	0
6955	0.201251	0	0
6954	0.200652	0	0
6953	0.200054	0	0
6952	0.199458	0	0
6951	0.198862	0	0
6950	0.198268	0	0
6949	0.197675	0	0
6948	0.197083	0	0
6947	0.196493	0	0
6946	0.195903	0	0
6945	0.195315	0	0
6944	0.194728	0	0
6943	0.194142	0	0
6942	0.193557	0	0
6941	0.192973	0	0
6940	0.192391	0	0
6939	0.191809	0	0
6938	0.191229	0	0
6937	0.19065	0	0
6936	0.190072	0	0
6935	0.189495	0	0
6934	0.188919	0	0
6933	0.188344	0	0
6932	0.18777	0	0
6931	0.187198	0	0
6930	0.186626	0	0
6929	0.186056	0	0
6928	0.185486	0	0
6927	0.184918	0	0
6926	0.184351	0	0
6925	0.183785	0	0
6924	0.183219	0	0
6923	0.182655	0	0
6922	0.182092	0	0
6921	0.18153	0	0
6920	0.180969	0	0
6919	0.180409	0	0
6918	0.17985	0	0
6917	0.179292	0	0
6916	0.178735	0	0
6915	0.178179	0	0
6914	0.177624	0	0
6913	0.177071	0	0
6912	0.176518	0	0
6911	0.175966	0	0
6910	0.175415	0	0
6909	0.174864	0	0
6908	0.174315	0	0
6907	0.173767	0	0
6906	0.17322	0	0
6905	0.172674	0	0
6904	0.172128	0	0
6903	0.171584	0	0
6902	0.17104	0	0
6901	0.170498	0	0
6900	0.169956	0	0
6899	0.169415	0	0
6898	0.168876	0	0
6897	0.168337	0	0
6896	0.167799	0	0
6895	0.167261	0	0
6894	0.166725	0	0
6893	0.16619	0	0
6892	0.165655	0	0
6891	0.165121	0	0
6890	0.164588	0	0
6889	0.164056	0	0
6888	0.163525	0	0
6887	0.162995	0	0
6886	0.162465	0	0
6885	0.161936	0	0
6884	0.161408	0	0
6883	0.160881	0	0
6882	0.160355	0	0
6881	0.159829	0	0
6880	0.159304	0	0
6879	0.15878	0	0
6878	0.158257	0	0
6877	0.157735	0	0
6876	0.157213	0	0
6875	0.156692	0	0
6874	0.156172	0	0
6873	0.155652	0	0
6872	0.155134	0	0
6871	0.154616	0	0
6870	0.154098	0	0
6869	0.153582	0	0
6868	0.153066	0	0
6867	0.152551	0	0
6866	0.152037	0	0
6865	0.151523	0	0
6864	0.15101	0	0
6863	0.150498	0	0
6862	0.149986	0	0
6861	0.149475	0	0
6860	0.148965	0	0
6859	0.148455	0	0
6858	0.147946	0	0
6857	0.147438	0	0
6856	0.14693	0	0
6855	0.146423	0	0
6854	0.145917	0	0
6853	0.145411	0	0
6852	0.144906	0	0
6851	0.144402	0	0
6850	0.143898	0	0
6849	0.143395	0	0
6848	0.142892	0	0
6847	0.14239	0	0
6846	0.141889	0	0
6845	0.141389	0	0
6844	0.140889	0	0
6843	0.140389	0	0
6842	0.13989	0	0
6841	0.139392	0	0
6840	0.138894	0	0
6839	0.138397	0	0
6838	0.137901	0	0
6837	0.137405	0	0
6836	0.13691	0	0
6835	0.136415	0	0
6834	0.135921	0	0
6833	0.135428	0	0
6832	0.134935	0	0
6831	0.134443	0	0
6830	0.133951	0	0
6829	0.13346	0	0
6828	0.132969	0	0
6827	0.132479	0	0
6826	0.13199	0	0
6825	0.131501	0	0
6824	0.131013	0	0
6823	0.130525	0	0
6822	0.130039	0	0
6821	0.129552	0	0
6820	0.129066	0	0
6819	0.128581	0	0
6818	0.128097	0	0
6817	0.127613	0	0
6816	0.127129	0	0
6815	0.126646	0	0
6814	0.126164	0	0
6813	0.125683	0	0
6812	0.125202	0	0
6811	0.124721	0	0
6810	0.124242	0	0
6809	0.123763	0	0
6808	0.123284	0	0
6807	0.122806	0	0
6806	0.122329	0	0
6805	0.121853	0	0
6804	0.121377	0	0
6803	0.120902	0	0
6802	0.120427	0	0
6801	0.119953	0	0
6800	0.11948	0	0
6799	0.119008	0	0
6798	0.118536	0	0
6797	0.118065	0	0
6796	0.117594	0	0
6795	0.117125	0	0
6794	0.116656	0	0
6793	0.116188	0	0
6792	0.11572	0	0
6791	0.115253	0	0
6790	0.114788	0	0
6789	0.114322	0	0
6788	0.113858	0	0
6787	0.113395	0	0
6786	0.112932	0	0
6785	0.11247	0	0
6784	0.112009	0	0
6783	0.111549	0	0
6782	0.111089	0	0
6781	0.110631	0	0
6780	0.110173	0	0
6779	0.109716	0	0
6778	0.109261	0	0
6777	0.108806	0	0
6776	0.108352	0	0
6775	0.107899	0	0
6774	0.107447	0	0
6773	0.106996	0	0
6772	0.106546	0	0
6771	0.106097	0	0
6770	0.105649	0	0
6769	0.105202	0	0
6768	0.104756	0	0
6767	0.104312	0	0
6766	0.103868	0	0
6765	0.103426	0	0
6764	0.102985	0	0
6763	0.102544	0	0
6762	0.102105	0	0
6761	0.101668	0	0
6760	0.101231	0	0
6759	0.100796	0	0
6758	0.100362	0	0
6757	0.0999296	0	0
6756	0.0994983	0	0
6755	0.0990683	0	0
6754	0.0986398	0	0
6753	0.0982126	0	0
6752	0.0977869	0	0
6751	0.0973626	0	0
6750	0.0969398	0	0
6749	0.0965185	0	0
6748	0.0960988	0	0
6747	0.0956806	0	0
6746	0.0952641	0	0
6745	0.0948491	0	0
6744	0.0944359	0	0
6743	0.0940243	0	0
6742	0.0936144	0	0
6741	0.0932064	0	0
6740	0.0928001	0	0
6739	0.0923957	0	0
6738	0.0919931	0	0
6737	0.0915925	0	0
6736	0.0911938	0	0
6735	0.0907971	0	0
6734	0.0904025	0	0
6733	0.0900099	0	0
6732	0.0896195	0	0
6731	0.0892313	0	0
6730	0.0888452	0	0
6729	0.0884615	0	0
6728	0.0880801	0	0
6727	0.087701	0	0
6726	0.0873244	0	0
6725	0.0869503	0	0
6724	0.0865787	0	0
6723	0.0862097	0	0
6722	0.0858434	0	0
6721	0.0854799	0	0
6720	0.0851191	0	0
6719	0.0847613	0	0
6718	0.0844063	0	0
6717	0.0840544	0	0
6716	0.0837056	0	0
6715	0.08336	0	0
6714	0.0830176	0	0
6713	0.0826786	0	0
6712	0.082343	0	0
6711	0.082011	0	0
6710	0.0816826	0	0
6709	0.0813579	0	0
6708	0.0810371	0	0
6707	0.0807202	0	0
6706	0.0804074	0	0
6705	0.0800987	0	0
6704	0.0797943	0	0
6703	0.0794944	0	0
6702	0.079199	0	0
6701	0.0789083	0	0
6700	0.0786224	0	0
6699	0.0783416	0	0
6698	0.0780658	0	0
6697	0.0777954	0	0
6696	0.0775303	0	0
6695	0.077271	0	0
6694	0.0770174	0	0
6693	0.0767698	0	0
6692	0.0765284	0	0
6691	0.0762933	0	0
6690	0.0760648	0	0
6689	0.0758431	0	0
6688	0.0756283	0	0
6687	0.0754208	0	0
6686	0.0752207	0	0
6685	0.0750282	0	0
6684	0.0748436	0	0
6683	0.0746672	0	0
6682	0.0744991	0	0
6681	0.0743396	0	0
6680	0.0741889	0	0
6679	0.0740473	0	0
6678	0.0739151	0	0
6677	0.0737924	0	0
6676	0.0736795	0	0
6675	0.0735766	0	0
6674	0.073484	0	0
6673	0.0734017	0	0
6672	0.07333	0	0
6671	0.0732691	0	0
6670	0.073219	0	0
6669	0.0731799	0	0
6668	0.0731517	0	0
6667	0.0731346	0	0
6666	0.0731283	0	0
6665	0.0731329	0	0
6664	0.0731481	0	0
6663	0.0731737	0	0
6662	0.0732093	0	0
6661	0.0732545	0	0
6660	0.0733086	0	0
6659	0.0733711	0	0
6658	0.073441	0	0
6657	0.0735175	0	0
6656	0.0735994	0	0
6655	0.0736854	0	0
6654	0.0737743	0	0
6653	0.0738643	0	0
6652	0.0739538	0	0
6651	0.0740409	0	0
6650	0.0741235	0	0
6649	0.0741995	0	0
6648	0.0742667	0	0
6647	0.0743226	0	0
6646	0.0743648	0	0
6645	0.074391	0	0
6644	0.0743986	0	0
6643	0.0743853	0	0
6642	0.0743489	0	0
6641	0.0742872	0	0
6640	0.0741983	0	0
6639	0.0740805	0	0
6638	0.0739324	0	0
6637	0.0737528	0	0
6636	0.073541	0	0
6635	0.0732965	0	0
6634	0.0730192	0	0
6633	0.0727094	0	0
6632	0.0723676	0	0
6631	0.0719945	0	0
6630	0.0715914	0	0
6629	0.0711595	0	0
6628	0.0707003	0	0
6627	0.0702153	0	0
6626	0.0697063	0	0
6625	0.069175	0	0
6624	0.068623	0	0
6623	0.0680521	0	0
6622	0.0674638	0	0
6621	0.0668598	0	0
6620	0.0662415	0	0
6619	0.0656105	0	0
6618	0.064968	0	0
6617	0.0643154	0	0
6616	0.0636541	0	0
6615	0.0629853	0	0
6614	0.0623104	0	0
6613	0.0616308	0	0
6612	0.0609477	0	0
6611	0.0602626	0	0
6610	0.0595769	0	0
6609	0.0588919	0	0
6608	0.0582089	0	0
6607	0.0575295	0	0
6606	0.0568548	0	0
6605	0.0561861	0	0
6604	0.0555246	0	0
6603	0.0548713	0	0
6602	0.0542272	0	0
6601	0.0535932	0	0
6600	0.0529699	0	0
6599	0.0523581	0	0
6598	0.0517582	0	0
6597	0.0511707	0	0
6596	0.0505959	0	0
6595	0.0500339	0	0
6594	0.049485	0	0
6593	0.0489492	0	0
6592	0.0484264	0	0
6591	0.0479167	0	0
6590	0.04742	0	0
6589	0.0469361	0	0
6588	0.0464647	0	0
6587	0.0460058	0	0
6586	0.0455592	0	0
6585	0.0451245	0	0
6584	0.0447015	0	0
6583	0.04429	0	0
6582	0.0438898	0	0
6581	0.0435005	0	0
6580	0.0431221	0	0
6579	0.0427541	0	0
6578	0.0423964	0	0
6577	0.0420488	0	0
6576	0.0417111	0	0
6575	0.041383	0	0
6574	0.0410644	0	0
6573	0.0407551	0	0
6572	0.0404549	0	0
6571	0.0401637	0	0
6570	0.0398814	0	0
6569	0.0396078	0	0
6568	0.0393428	0	0
6567	0.0390863	0	0
6566	0.0388382	0	0
6565	0.0385985	0	0
6564	0.0383671	0	0
6563	0.038144	0	0
6562	0.0379292	0	0
6561	0.0377225	0	0
6560	0.0375241	0	0
6559	0.0373339	0	0
6558	0.037152	0	0
6557	0.0369784	0	0
6556	0.0368132	0	0
6555	0.0366564	0	0
6554	0.0365081	0	0
6553	0.0363685	0	0
6552	0.0362376	0	0
6551	0.0361155	0	0
6550	0.0360025	0	0
6549	0.0358987	0	0
6548	0.0358042	0	0
6547	0.0357193	0	0
6546	0.0356441	0	0
6545	0.035579	0	0
6544	0.0355241	0	0
6543	0.0354797	0	0
6542	0.0354461	0	0
6541	0.0354237	0	0
6540	0.0354126	0	0
6539	0.0354133	0	0
6538	0.035426	0	0
6537	0.0354513	0	0
6536	0.0354894	0	0
6535	0.0355408	0	0
6534	0.0356058	0	0
6533	0.0356849	0	0
6532	0.0357786	0	0
6531	0.0358872	0	0
6530	0.0360112	0	0
6529	0.0361511	0	0
6528	0.0363072	0	0
6527	0.03648	0	0
6526	0.0366699	0	0
6525	0.0368772	0	0
6524	0.0371023	0	0
6523	0.0373453	0	0
6522	0.0376065	0	0
6521	0.0378861	0	0
6520	0.0381838	0	0
6519	0.0384997	0	0
6518	0.0388334	0	0
6517	0.0391843	0	0
6516	0.0395519	0	0
6515	0.0399351	0	0
6514	0.0403328	0	0
6513	0.0407433	0	0
6512	0.0411648	0	0
6511	0.041595	0	0
6510	0.0420313	0	0
6509	0.0424704	0	0
6508	0.0429089	0	0
6507	0.0433427	0	0
6506	0.0437674	0	0
6505	0.0441781	0	0
6504	0.0445696	0	0
6503	0.0449363	0	0
6502	0.0452726	0	0
6501	0.0455725	0	0
6500	0.0458302	0	0
6499	0.0460402	0	0
6498	0.0461971	0	0
6497	0.0462963	0	0
6496	0.0463337	0	0
6495	0.0463061	0	0
6494	0.0462111	0	0
6493	0.0460477	0	0
6492	0.0458157	0	0
6491	0.0455163	0	0
6490	0.0451515	0	0
6489	0.0447245	0	0
6488	0.0442395	0	0
6487	0.0437013	0	0
6486	0.0431154	0	0
6485	0.0424876	0	0
6484	0.0418234	0	0
6483	0.0411323	0	0
6482	0.0404169	0	0
6481	0.0396833	0	0
6480	0.0389369	0	0
6479	0.0381831	0	0
6478	0.0374265	0	0
6477	0.0366716	0	0
6476	0.035922	0	0
6475	0.035181	0	0
6474	0.0344515	0	0
6473	0.0337357	0	0
6472	0.0330356	0	0
6471	0.0323527	0	0
6470	0.0316881	0	0
6469	0.0310427	0	0
6468	0.0304169	0	0
6467	0.0298113	0	0
6466	0.0292257	0	0
6465	0.0286603	0	0
6464	0.0281148	0	0
6463	0.0275888	0	0
6462	0.027082	0	0
6461	0.0265939	0	0
6460	0.0261239	0	0
6459	0.0256715	0	0
6458	0.0252359	0	0
6457	0.0248167	0	0
6456	0.0244132	0	0
6455	0.0240246	0	0
6454	0.0236504	0	0
6453	0.02329	0	0
6452	0.0229426	0	0
6451	0.0226077	0	0
6450	0.0222846	0	0
6449	0.0219729	0	0
6448	0.0216719	0	0
6447	0.0213812	0	0
6446	0.0211001	0	0
6445	0.0208281	0	0
6444	0.0205649	0	0
6443	0.0203099	0	0
6442	0.0200628	0	0
6441	0.019823	0	0
6440	0.0195902	0	0
6439	0.019364	0	0
6438	0.019144	0	0
6437	0.0189298	0	0
6436	0.0187213	0	0
6435	0.0185179	0	0
6434	0.0183195	0	0
6433	0.0181257	0	0
6432	0.0179363	0	0
6431	0.0177509	0	0
6430	0.0175694	0	0
6429	0.0173915	0	0
6428	0.0172169	0	0
6427	0.0170455	0	0
6426	0.0168771	0	0
6425	0.0167114	0	0
6424	0.0165482	0	0
6423	0.0163875	0	0
6422	0.016229	0	0
6421	0.0160725	0	0
6420	0.0159179	0	0
6419	0.0157652	0	0
6418	0.015614	0	0
6417	0.0154644	0	0
6416	0.0153161	0	0
6415	0.0151692	0	0
6414	0.0150234	0	0
6413	0.0148786	0	0
6412	0.0147349	0	0
6411	0.0145921	0	0
6410	0.0144501	0	0
6409	0.0143088	0	0
6408	0.0141683	0	0
6407	0.0140284	0	0
6406	0.0138891	0	0
6405	0.0137503	0	0
6404	0.013612	0	0
6403	0.0134742	0	0
6402	0.0133369	0	0
6401	0.0132	0	0
6400	0.0130635	0	0
6399	0.0129274	0	0
6398	0.0127917	0	0
6397	0.0126564	0	0
6396	0.0125216	0	0
6395	0.0123871	0	0
6394	0.0122532	0	0
6393	0.0121196	0	0
6392	0.0119866	0	0
6391	0.0118541	0	0
6390	0.0117222	0	0
6389	0.0115909	0	0
6388	0.0114602	0	0
6387	0.0113303	0	0
6386	0.0112011	0	0
6385	0.0110728	0	0
6384	0.0109453	0	0
6383	0.0108188	0	0
6382	0.0106933	0	0
6381	0.0105689	0	0
6380	0.0104457	0	0
6379	0.0103238	0	0
6378	0.0102032	0	0
6377	0.010084	0	0
6376	0.00996635	0	0
6375	0.00985031	0	0
6374	0.00973599	0	0
6373	0.00962346	0	0
6372	0.00951284	0	0
6371	0.00940422	0	0
6370	0.00929771	0	0
6369	0.00919341	0	0
6368	0.00909142	0	0
6367	0.00899185	0	0
6366	0.0088948	0	0
6365	0.00880037	0	0
6364	0.00870867	0	0
6363	0.0086198	0	0
6362	0.00853386	0	0
6361	0.00845095	0	0
6360	0.00837115	0	0
6359	0.00829456	0	0
6358	0.00822125	0	0
6357	0.0081513	0	0
6356	0.00808477	0	0
6355	0.00802171	0	0
6354	0.00796216	0	0
6353	0.00790614	0	0
6352	0.00785367	0	0
6351	0.00780472	0	0
6350	0.00775925	0	0
6349	0.00771721	0	0
6348	0.00767848	0	0
6347	0.00764295	0	0
6346	0.00761044	0	0
6345	0.00758073	0	0
6344	0.00755357	0	0
6343	0.00752865	0	0
6342	0.0075056	0	0
6341	0.00748399	0	0
6340	0.00746336	0	0
6339	0.00744316	0	0
6338	0.00742277	0	0
6337	0.00740155	0	0
6336	0.00737876	0	0
6335	0.00735365	0	0
6334	0.0073254	0	0
6333	0.00729318	0	0
6332	0.00725612	0	0
6331	0.00721337	0	0
6330	0.00716409	0	0
6329	0.00710748	0	0
6328	0.00704278	0	0
6327	0.00696934	0	0
6326	0.00688655	0	0
6325	0.00679395	0	0
6324	0.00669114	0	0
6323	0.00657785	0	0
6322	0.00645402	0	0
6321	0.00631998	0	0
6320	0.00617626	0	0
6319	0.00602354	0	0
6318	0.00586266	0	0
6317	0.00569454	0	0
6316	0.00552021	0	0
6315	0.00534076	0	0
6314	0.0051573	0	0
6313	0.00497094	0	0
6312	0.00478278	0	0
6311	0.00459388	0	0
6310	0.00440521	0	0
6309	0.00421769	0	0
6308	0.00403213	0	0
6307	0.00384928	0	0
6306	0.00366977	0	0
6305	0.00349414	0	0
6304	0.00332283	0	0
6303	0.00315622	0	0
6302	0.00299457	0	0
6301	0.00283812	0	0
6300	0.00268698	0	0
6299	0.00254126	0	0
6298	0.00240099	0	0
6297	0.00226615	0	0
6296	0.00213671	0	0
6295	0.0020126	0	0
6294	0.0018937	0	0
6293	0.00177992	0	0
6292	0.00167111	0	0
6291	0.00156714	0	0
6290	0.00146785	0	0
6289	0.0013731	0	0
6288	0.00128272	0	0
6287	0.00119657	0	0
6286	0.00111448	0	0
6285	0.00103631	0	0
6284	0.00096191	0	0
6283	0.000891131	0	0
6282	0.000823839	0	0
6281	0.000759898	0	0
6280	0.000699184	0	0
6279	0.000641573	0	0
6278	0.000586951	0	0
6277	0.00053521	0	0
6276	0.000486246	0	0
6275	0.000439963	0	0
6274	0.00039627	0	0
6273	0.000355084	0	0
6272	0.000316325	0	0
6271	0.000279922	0	0
6270	0.000245809	0	0
6269	0.000213927	0	0
6268	0.000184222	0	0
6267	0.00015665	0	0
6266	0.000131174	0	0
6265	0.000107765	0	0
6264	8.64081e-05	0	0
6263	6.71008e-05	0	0
6262	4.98616e-05	0	0
6261	3.47374e-05	0	0
6260	2.18222e-05	0	0
6259	1.12964e-05	0	0
6258	3.54734e-06	0	0
6257	0	0	0
6256	0	0	0
6255	0	0	0
6254	0	0	0
6253	0	0	0
6252	0	0	0
6251	0	0	0
6250	0	0	0
6249	0	0	0
6248	0	0	0
6247	0	0	0
6246	0	0	0
6245	0	0	0
6244	0	0	0
6243	0	0	0
6242	0	0	0
6241	0	0	0
6240	0	0	0
6239	0	0	0
6238	0	0	0
6237	0	0	0
6236	0	0	0
6235	0	0	0
6234	0	0	0
6233	0	0	0
6232	0	0	0
6231	0	0	0
6230	0	0	0
6229	0	0	0
6228	0	0	0
6227	0	0	0
6226	0	0	0
6225	0	0	0
6224	0	0	0
6223	0	0	0
6222	0	0	0
6221	0	0	0
6220	0	0	0
6219	0	0	0
6218	0	0	0
6217	0	0	0
6216	0	0	0
6215	0	0	0
6214	0	0	0
6213	0	0	0
6212	0	0	0
6211	0	0	0
6210	0	0	0
6209	0	0	0
6208	0	0	0
6207	0	0	0
6206	0	0	0
6205	0	0	0
6204	0	0	0
6203	0	0	0
6202	0	0	0
6201	0	0	0
6200	0	0	0
6199	0	0	0
