10379	-0.0139806	0	0
10378	-0.0141276	0	0
10377	-0.0142579	0	0
10376	-0.0143657	0	0
10375	-0.0144555	0	0
10374	-0.0145315	0	0
10373	-0.0145966	0	0
10372	-0.0146529	0	0
10371	-0.014702	0	0
10370	-0.0147452	0	0
10369	-0.0147832	0	0
10368	-0.0148169	0	0
10367	-0.0148466	0	0
10366	-0.0148729	0	0
10365	-0.0148962	0	0
10364	-0.0149167	0	0
10363	-0.0149348	0	0
10362	-0.0149505	0	0
10361	-0.0149642	0	0
10360	-0.0149759	0	0
10359	-0.0149858	0	0
10358	-0.0149942	0	0
10357	-0.015001	0	0
10356	-0.0150063	0	0
10355	-0.0150104	0	0
10354	-0.0150132	0	0
10353	-0.0150148	0	0
10352	-0.0150154	0	0
10351	-0.015015	0	0
10350	-0.0150135	0	0
10349	-0.0150112	0	0
10348	-0.0150081	0	0
10347	-0.0150041	0	0
10346	-0.0149994	0	0
10345	-0.014994	0	0
10344	-0.014988	0	0
10343	-0.0149813	0	0
10342	-0.014974	0	0
10341	-0.0149661	0	0
10340	-0.0149577	0	0
10339	-0.0149488	0	0
10338	-0.0149394	0	0
10337	-0.0149295	0	0
10336	-0.0149193	0	0
10335	-0.0149086	0	0
10334	-0.0148975	0	0
10333	-0.0148861	0	0
10332	-0.0148743	0	0
10331	-0.0148622	0	0
10330	-0.0148497	0	0
10329	-0.014837	0	0
10328	-0.0148239	0	0
10327	-0.0148106	0	0
10326	-0.0147971	0	0
10325	-0.0147833	0	0
10324	-0.0147692	0	0
10323	-0.0147549	0	0
10322	-0.0147405	0	0
10321	-0.0147258	0	0
10320	-0.0147109	0	0
10319	-0.0146958	0	0
10318	-0.0146806	0	0
10317	-0.0146651	0	0
10316	-0.0146496	0	0
10315	-0.0146338	0	0
10314	-0.0146179	0	0
10313	-0.0146019	0	0
10312	-0.0145858	0	0
10311	-0.0145695	0	0
10310	-0.0145531	0	0
10309	-0.0145365	0	0
10308	-0.0145199	0	0
10307	-0.0145031	0	0
10306	-0.0144863	0	0
10305	-0.0144693	0	0
10304	-0.0144523	0	0
10303	-0.0144351	0	0
10302	-0.0144179	0	0
10301	-0.0144006	0	0
10300	-0.0143832	0	0
10299	-0.0143658	0	0
10298	-0.0143482	0	0
10297	-0.0143306	0	0
10296	-0.0143129	0	0
10295	-0.0142952	0	0
10294	-0.0142774	0	0
10293	-0.0142596	0	0
10292	-0.0142416	0	0
10291	-0.0142237	0	0
10290	-0.0142057	0	0
10289	-0.0141876	0	0
10288	-0.0141695	0	0
10287	-0.0141513	0	0
10286	-0.0141331	0	0
10285	-0.0141149	0	0
10284	-0.0140966	0	0
10283	-0.0140783	0	0
10282	-0.01406	0	0
10281	-0.0140416	0	0
10280	-0.0140232	0	0
10279	-0.0140047	0	0
10278	-0.0139862	0	0
10277	-0.0139677	0	0
10276	-0.0139492	0	0
10275	-0.0139306	0	0
10274	-0.0139121	0	0
10273	-0.0138934	0	0
10272	-0.0138748	0	0
10271	-0.0138562	0	0
10270	-0.0138375	0	0
10269	-0.0138188	0	0
10268	-0.0138001	0	0
10267	-0.0137814	0	0
10266	-0.0137626	0	0
10265	-0.0137439	0	0
10264	-0.0137251	0	0
10263	-0.0137063	0	0
10262	-0.0136875	0	0
10261	-0.0136687	0	0
10260	-0.0136499	0	0
10259	-0.0136311	0	0
10258	-0.0136122	0	0
10257	-0.0135934	0	0
10256	-0.0135745	0	0
10255	-0.0135556	0	0
10254	-0.0135367	0	0
10253	-0.0135179	0	0
10252	-0.013499	0	0
10251	-0.0134801	0	0
10250	-0.0134612	0	0
10249	-0.0134423	0	0
10248	-0.0134233	0	0
10247	-0.0134044	0	0
10246	-0.0133855	0	0
10245	-0.0133666	0	0
10244	-0.0133476	0	0
10243	-0.0133287	0	0
10242	-0.0133098	0	0
10241	-0.0132908	0	0
10240	-0.0132719	0	0
10239	-0.0132529	0	0
10238	-0.013234	0	0
10237	-0.0132151	0	0
10236	-0.0131961	0	0
10235	-0.0131772	0	0
10234	-0.0131582	0	0
10233	-0.0131393	0	0
10232	-0.0131203	0	0
10231	-0.0131014	0	0
10230	-0.0130825	0	0
10229	-0.0130635	0	0
10228	-0.0130446	0	0
10227	-0.0130256	0	0
10226	-0.0130067	0	0
10225	-0.0129878	0	0
10224	-0.0129688	0	0
10223	-0.0129499	0	0
10222	-0.012931	0	0
10221	-0.0129121	0	0
10220	-0.0128932	0	0
10219	-0.0128742	0	0
10218	-0.0128553	0	0
10217	-0.0128364	0	0
10216	-0.0128175	0	0
10215	-0.0127986	0	0
10214	-0.0127797	0	0
10213	-0.0127608	0	0
10212	-0.0127419	0	0
10211	-0.012723	0	0
10210	-0.0127042	0	0
10209	-0.0126853	0	0
10208	-0.0126664	0	0
10207	-0.0126475	0	0
10206	-0.0126287	0	0
10205	-0.0126098	0	0
10204	-0.012591	0	0
10203	-0.0125721	0	0
10202	-0.0125533	0	0
10201	-0.0125344	0	0
10200	-0.0125156	0	0
10199	-0.0124967	0	0
10198	-0.0124779	0	0
10197	-0.0124591	0	0
10196	-0.0124403	0	0
10195	-0.0124215	0	0
10194	-0.0124027	0	0
10193	-0.0123839	0	0
10192	-0.0123651	0	0
10191	-0.0123463	0	0
10190	-0.0123275	0	0
10189	-0.0123087	0	0
10188	-0.01229	0	0
10187	-0.0122712	0	0
10186	-0.0122524	0	0
10185	-0.0122337	0	0
10184	-0.0122149	0	0
10183	-0.0121962	0	0
10182	-0.0121774	0	0
10181	-0.0121587	0	0
10180	-0.01214	0	0
10179	-0.0121212	0	0
10178	-0.0121025	0	0
10177	-0.0120838	0	0
10176	-0.0120651	0	0
10175	-0.0120464	0	0
10174	-0.0120277	0	0
10173	-0.012009	0	0
10172	-0.0119903	0	0
10171	-0.0119717	0	0
10170	-0.011953	0	0
10169	-0.0119343	0	0
10168	-0.0119157	0	0
10167	-0.011897	0	0
10166	-0.0118783	0	0
10165	-0.0118597	0	0
10164	-0.0118411	0	0
10163	-0.0118224	0	0
10162	-0.0118038	0	0
10161	-0.0117852	0	0
10160	-0.0117665	0	0
10159	-0.0117479	0	0
10158	-0.0117293	0	0
10157	-0.0117107	0	0
10156	-0.0116921	0	0
10155	-0.0116735	0	0
10154	-0.0116549	0	0
10153	-0.0116364	0	0
10152	-0.0116178	0	0
10151	-0.0115992	0	0
10150	-0.0115806	0	0
10149	-0.0115621	0	0
10148	-0.0115435	0	0
10147	-0.011525	0	0
10146	-0.0115064	0	0
10145	-0.0114879	0	0
10144	-0.0114693	0	0
10143	-0.0114508	0	0
10142	-0.0114323	0	0
10141	-0.0114137	0	0
10140	-0.0113952	0	0
10139	-0.0113767	0	0
10138	-0.0113582	0	0
10137	-0.0113397	0	0
10136	-0.0113212	0	0
10135	-0.0113027	0	0
10134	-0.0112842	0	0
10133	-0.0112657	0	0
10132	-0.0112472	0	0
10131	-0.0112288	0	0
10130	-0.0112103	0	0
10129	-0.0111918	0	0
10128	-0.0111734	0	0
10127	-0.0111549	0	0
10126	-0.0111364	0	0
10125	-0.011118	0	0
10124	-0.0110995	0	0
10123	-0.0110811	0	0
10122	-0.0110627	0	0
10121	-0.0110442	0	0
10120	-0.0110258	0	0
10119	-0.0110074	0	0
10118	-0.0109889	0	0
10117	-0.0109705	0	0
10116	-0.0109521	0	0
10115	-0.0109337	0	0
10114	-0.0109153	0	0
10113	-0.0108969	0	0
10112	-0.0108785	0	0
10111	-0.0108601	0	0
10110	-0.0108417	0	0
10109	-0.0108233	0	0
10108	-0.0108049	0	0
10107	-0.0107866	0	0
10106	-0.0107682	0	0
10105	-0.0107498	0	0
10104	-0.0107314	0	0
10103	-0.0107131	0	0
10102	-0.0106947	0	0
10101	-0.0106764	0	0
10100	-0.010658	0	0
10099	-0.0106396	0	0
10098	-0.0106213	0	0
10097	-0.010603	0	0
10096	-0.0105846	0	0
10095	-0.0105663	0	0
10094	-0.0105479	0	0
10093	-0.0105296	0	0
10092	-0.0105113	0	0
10091	-0.010493	0	0
10090	-0.0104746	0	0
10089	-0.0104563	0	0
10088	-0.010438	0	0
10087	-0.0104197	0	0
10086	-0.0104014	0	0
10085	-0.0103831	0	0
10084	-0.0103648	0	0
10083	-0.0103465	0	0
10082	-0.0103282	0	0
10081	-0.0103099	0	0
10080	-0.0102916	0	0
10079	-0.0102733	0	0
10078	-0.010255	0	0
10077	-0.0102368	0	0
10076	-0.0102185	0	0
10075	-0.0102002	0	0
10074	-0.0101819	0	0
10073	-0.0101637	0	0
10072	-0.0101454	0	0
10071	-0.0101271	0	0
10070	-0.0101089	0	0
10069	-0.0100906	0	0
10068	-0.0100724	0	0
10067	-0.0100541	0	0
10066	-0.0100359	0	0
10065	-0.0100176	0	0
10064	-0.00999939	0	0
10063	-0.00998115	0	0
10062	-0.00996291	0	0
10061	-0.00994468	0	0
10060	-0.00992645	0	0
10059	-0.00990822	0	0
10058	-0.00989	0	0
10057	-0.00987177	0	0
10056	-0.00985355	0	0
10055	-0.00983534	0	0
10054	-0.00981712	0	0
10053	-0.00979891	0	0
10052	-0.0097807	0	0
10051	-0.00976249	0	0
10050	-0.00974429	0	0
10049	-0.00972609	0	0
10048	-0.00970789	0	0
10047	-0.00968969	0	0
10046	-0.0096715	0	0
10045	-0.00965331	0	0
10044	-0.00963512	0	0
10043	-0.00961694	0	0
10042	-0.00959876	0	0
10041	-0.00958058	0	0
10040	-0.0095624	0	0
10039	-0.00954423	0	0
10038	-0.00952605	0	0
10037	-0.00950788	0	0
10036	-0.00948972	0	0
10035	-0.00947155	0	0
10034	-0.00945339	0	0
10033	-0.00943524	0	0
10032	-0.00941708	0	0
10031	-0.00939893	0	0
10030	-0.00938078	0	0
10029	-0.00936263	0	0
10028	-0.00934448	0	0
10027	-0.00932634	0	0
10026	-0.0093082	0	0
10025	-0.00929006	0	0
10024	-0.00927193	0	0
10023	-0.0092538	0	0
10022	-0.00923567	0	0
10021	-0.00921754	0	0
10020	-0.00919942	0	0
10019	-0.0091813	0	0
10018	-0.00916318	0	0
10017	-0.00914506	0	0
10016	-0.00912695	0	0
10015	-0.00910884	0	0
10014	-0.00909073	0	0
10013	-0.00907263	0	0
10012	-0.00905453	0	0
10011	-0.00903643	0	0
10010	-0.00901833	0	0
10009	-0.00900024	0	0
10008	-0.00898215	0	0
10007	-0.00896406	0	0
10006	-0.00894598	0	0
10005	-0.00892789	0	0
10004	-0.00890981	0	0
10003	-0.00889174	0	0
10002	-0.00887366	0	0
10001	-0.00885559	0	0
10000	-0.00883752	0	0
9999	-0.00881946	0	0
9998	-0.0088014	0	0
9997	-0.00878334	0	0
9996	-0.00876528	0	0
9995	-0.00874723	0	0
9994	-0.00872918	0	0
9993	-0.00871113	0	0
9992	-0.00869309	0	0
9991	-0.00867504	0	0
9990	-0.00865701	0	0
9989	-0.00863897	0	0
9988	-0.00862094	0	0
9987	-0.00860291	0	0
9986	-0.00858488	0	0
9985	-0.00856686	0	0
9984	-0.00854884	0	0
9983	-0.00853082	0	0
9982	-0.00851281	0	0
9981	-0.0084948	0	0
9980	-0.00847679	0	0
9979	-0.00845879	0	0
9978	-0.00844086	0	0
9977	-0.00842295	0	0
9976	-0.008405	0	0
9975	-0.00838705	0	0
9974	-0.0083691	0	0
9973	-0.00835115	0	0
9972	-0.00833319	0	0
9971	-0.00831524	0	0
9970	-0.00829729	0	0
9969	-0.00827934	0	0
9968	-0.0082614	0	0
9967	-0.00824345	0	0
9966	-0.00822551	0	0
9965	-0.00820757	0	0
9964	-0.00818963	0	0
9963	-0.0081717	0	0
9962	-0.00815377	0	0
9961	-0.00813584	0	0
9960	-0.00811791	0	0
9959	-0.00809999	0	0
9958	-0.00808207	0	0
9957	-0.00806415	0	0
9956	-0.00804624	0	0
9955	-0.00802833	0	0
9954	-0.00801042	0	0
9953	-0.00799252	0	0
9952	-0.00797462	0	0
9951	-0.00795672	0	0
9950	-0.00793883	0	0
9949	-0.00792094	0	0
9948	-0.00790306	0	0
9947	-0.00788518	0	0
9946	-0.0078673	0	0
9945	-0.00784942	0	0
9944	-0.00783155	0	0
9943	-0.00781368	0	0
9942	-0.00779582	0	0
9941	-0.00777796	0	0
9940	-0.00776011	0	0
9939	-0.00774225	0	0
9938	-0.0077244	0	0
9937	-0.00770656	0	0
9936	-0.00768872	0	0
9935	-0.00767087	0	0
9934	-0.00765301	0	0
9933	-0.00763516	0	0
9932	-0.00761732	0	0
9931	-0.00759949	0	0
9930	-0.00758166	0	0
9929	-0.00756384	0	0
9928	-0.00754602	0	0
9927	-0.0075282	0	0
9926	-0.0075104	0	0
9925	-0.00749259	0	0
9924	-0.00747479	0	0
9923	-0.007457	0	0
9922	-0.00743921	0	0
9921	-0.00742142	0	0
9920	-0.00740364	0	0
9919	-0.00738587	0	0
9918	-0.00736809	0	0
9917	-0.00735033	0	0
9916	-0.00733257	0	0
9915	-0.00731481	0	0
9914	-0.00729706	0	0
9913	-0.00727931	0	0
9912	-0.00726156	0	0
9911	-0.00724383	0	0
9910	-0.00722609	0	0
9909	-0.00720836	0	0
9908	-0.00719064	0	0
9907	-0.00717292	0	0
9906	-0.00715521	0	0
9905	-0.0071375	0	0
9904	-0.00711979	0	0
9903	-0.00710209	0	0
9902	-0.0070844	0	0
9901	-0.00706671	0	0
9900	-0.00704902	0	0
9899	-0.00703135	0	0
9898	-0.00701367	0	0
9897	-0.006996	0	0
9896	-0.00697834	0	0
9895	-0.00696068	0	0
9894	-0.00694302	0	0
9893	-0.00692538	0	0
9892	-0.00690773	0	0
9891	-0.00689009	0	0
9890	-0.00687246	0	0
9889	-0.00685483	0	0
9888	-0.00683721	0	0
9887	-0.00681959	0	0
9886	-0.00680198	0	0
9885	-0.00678438	0	0
9884	-0.00676677	0	0
9883	-0.00674918	0	0
9882	-0.00673159	0	0
9881	-0.006714	0	0
9880	-0.00669642	0	0
9879	-0.00667885	0	0
9878	-0.00666128	0	0
9877	-0.00664372	0	0
9876	-0.00662616	0	0
9875	-0.00660861	0	0
9874	-0.00659107	0	0
9873	-0.00657353	0	0
9872	-0.00655599	0	0
9871	-0.00653846	0	0
9870	-0.00652094	0	0
9869	-0.00650342	0	0
9868	-0.00648591	0	0
9867	-0.00646841	0	0
9866	-0.00645091	0	0
9865	-0.00643341	0	0
9864	-0.00641593	0	0
9863	-0.00639844	0	0
9862	-0.00638097	0	0
9861	-0.0063635	0	0
9860	-0.00634603	0	0
9859	-0.00632858	0	0
9858	-0.00631112	0	0
9857	-0.00629368	0	0
9856	-0.00627624	0	0
9855	-0.00625881	0	0
9854	-0.00624138	0	0
9853	-0.00622396	0	0
9852	-0.00620654	0	0
9851	-0.00618913	0	0
9850	-0.00617173	0	0
9849	-0.00615433	0	0
9848	-0.00613694	0	0
9847	-0.00611956	0	0
9846	-0.00610218	0	0
9845	-0.00608481	0	0
9844	-0.00606745	0	0
9843	-0.00605009	0	0
9842	-0.00603273	0	0
9841	-0.00601539	0	0
9840	-0.00599805	0	0
9839	-0.00598072	0	0
9838	-0.00596339	0	0
9837	-0.00594607	0	0
9836	-0.00592876	0	0
9835	-0.00591145	0	0
9834	-0.00589415	0	0
9833	-0.00587686	0	0
9832	-0.00585957	0	0
9831	-0.00584229	0	0
9830	-0.00582502	0	0
9829	-0.00580775	0	0
9828	-0.00579049	0	0
9827	-0.00577324	0	0
9826	-0.00575599	0	0
9825	-0.00573875	0	0
9824	-0.00572152	0	0
9823	-0.00570429	0	0
9822	-0.00568707	0	0
9821	-0.00566986	0	0
9820	-0.00565266	0	0
9819	-0.00563546	0	0
9818	-0.00561827	0	0
9817	-0.00560108	0	0
9816	-0.00558391	0	0
9815	-0.00556674	0	0
9814	-0.00554957	0	0
9813	-0.00553242	0	0
9812	-0.00551527	0	0
9811	-0.00549813	0	0
9810	-0.00548099	0	0
9809	-0.00546386	0	0
9808	-0.00544674	0	0
9807	-0.00542963	0	0
9806	-0.00541252	0	0
9805	-0.00539542	0	0
9804	-0.00537833	0	0
9803	-0.00536125	0	0
9802	-0.00534417	0	0
9801	-0.0053271	0	0
9800	-0.00531004	0	0
9799	-0.00529298	0	0
9798	-0.00527594	0	0
9797	-0.0052589	0	0
9796	-0.00524186	0	0
9795	-0.00522484	0	0
9794	-0.00520782	0	0
9793	-0.00519081	0	0
9792	-0.00517381	0	0
9791	-0.00515681	0	0
9790	-0.00513982	0	0
9789	-0.00512284	0	0
9788	-0.00510587	0	0
9787	-0.0050889	0	0
9786	-0.00507195	0	0
9785	-0.005055	0	0
9784	-0.00503805	0	0
9783	-0.00502112	0	0
9782	-0.00500419	0	0
9781	-0.00498727	0	0
9780	-0.00497036	0	0
9779	-0.00495346	0	0
9778	-0.00493656	0	0
9777	-0.00491968	0	0
9776	-0.0049028	0	0
9775	-0.00488592	0	0
9774	-0.00486906	0	0
9773	-0.0048522	0	0
9772	-0.00483536	0	0
9771	-0.00481851	0	0
9770	-0.00480168	0	0
9769	-0.00478486	0	0
9768	-0.00476804	0	0
9767	-0.00475123	0	0
9766	-0.00473443	0	0
9765	-0.00471764	0	0
9764	-0.00470085	0	0
9763	-0.00468408	0	0
9762	-0.00466731	0	0
9761	-0.00465055	0	0
9760	-0.0046338	0	0
9759	-0.00461705	0	0
9758	-0.00460032	0	0
9757	-0.00458359	0	0
9756	-0.00456687	0	0
9755	-0.00455016	0	0
9754	-0.00453346	0	0
9753	-0.00451676	0	0
9752	-0.00450008	0	0
9751	-0.0044834	0	0
9750	-0.00446673	0	0
9749	-0.00445007	0	0
9748	-0.00443342	0	0
9747	-0.00441677	0	0
9746	-0.00440014	0	0
9745	-0.00438351	0	0
9744	-0.00436689	0	0
9743	-0.00435028	0	0
9742	-0.00433368	0	0
9741	-0.00431708	0	0
9740	-0.0043005	0	0
9739	-0.00428392	0	0
9738	-0.00426736	0	0
9737	-0.0042508	0	0
9736	-0.00423425	0	0
9735	-0.0042177	0	0
9734	-0.00420117	0	0
9733	-0.00418465	0	0
9732	-0.00416813	0	0
9731	-0.00415162	0	0
9730	-0.00413512	0	0
9729	-0.00411863	0	0
9728	-0.00410215	0	0
9727	-0.00408568	0	0
9726	-0.00406922	0	0
9725	-0.00405276	0	0
9724	-0.00403632	0	0
9723	-0.00401988	0	0
9722	-0.00400345	0	0
9721	-0.00398703	0	0
9720	-0.00397062	0	0
9719	-0.00395422	0	0
9718	-0.00393783	0	0
9717	-0.00392144	0	0
9716	-0.00390507	0	0
9715	-0.0038887	0	0
9714	-0.00387235	0	0
9713	-0.003856	0	0
9712	-0.00383966	0	0
9711	-0.00382333	0	0
9710	-0.00380701	0	0
9709	-0.0037907	0	0
9708	-0.0037744	0	0
9707	-0.0037581	0	0
9706	-0.00374182	0	0
9705	-0.00372555	0	0
9704	-0.00370928	0	0
9703	-0.00369302	0	0
9702	-0.00367678	0	0
9701	-0.00366054	0	0
9700	-0.00364431	0	0
9699	-0.00362809	0	0
9698	-0.00361188	0	0
9697	-0.00359568	0	0
9696	-0.00357949	0	0
9695	-0.00356331	0	0
9694	-0.00354714	0	0
9693	-0.00353097	0	0
9692	-0.00351482	0	0
9691	-0.00349867	0	0
9690	-0.00348254	0	0
9689	-0.00346641	0	0
9688	-0.0034503	0	0
9687	-0.00343419	0	0
9686	-0.00341809	0	0
9685	-0.00340201	0	0
9684	-0.00338593	0	0
9683	-0.00336986	0	0
9682	-0.0033538	0	0
9681	-0.00333775	0	0
9680	-0.00332171	0	0
9679	-0.00330568	0	0
9678	-0.00328966	0	0
9677	-0.00327365	0	0
9676	-0.00325765	0	0
9675	-0.00324166	0	0
9674	-0.00322568	0	0
9673	-0.00320971	0	0
9672	-0.00319375	0	0
9671	-0.00317779	0	0
9670	-0.00316185	0	0
9669	-0.00314592	0	0
9668	-0.00313	0	0
9667	-0.00311408	0	0
9666	-0.00309818	0	0
9665	-0.00308229	0	0
9664	-0.00306641	0	0
9663	-0.00305053	0	0
9662	-0.00303467	0	0
9661	-0.00301882	0	0
9660	-0.00300297	0	0
9659	-0.00298714	0	0
9658	-0.00297132	0	0
9657	-0.0029555	0	0
9656	-0.0029397	0	0
9655	-0.00292391	0	0
9654	-0.00290812	0	0
9653	-0.00289235	0	0
9652	-0.00287659	0	0
9651	-0.00286083	0	0
9650	-0.00284509	0	0
9649	-0.00282936	0	0
9648	-0.00281364	0	0
9647	-0.00279792	0	0
9646	-0.00278222	0	0
9645	-0.00276653	0	0
9644	-0.00275085	0	0
9643	-0.00273518	0	0
9642	-0.00271952	0	0
9641	-0.00270387	0	0
9640	-0.00268823	0	0
9639	-0.0026726	0	0
9638	-0.00265698	0	0
9637	-0.00264137	0	0
9636	-0.00262577	0	0
9635	-0.00261018	0	0
9634	-0.0025946	0	0
9633	-0.00257903	0	0
9632	-0.00256348	0	0
9631	-0.00254793	0	0
9630	-0.00253239	0	0
9629	-0.00251687	0	0
9628	-0.00250135	0	0
9627	-0.00248585	0	0
9626	-0.00247035	0	0
9625	-0.00245487	0	0
9624	-0.0024394	0	0
9623	-0.00242393	0	0
9622	-0.00240848	0	0
9621	-0.00239304	0	0
9620	-0.00237761	0	0
9619	-0.00236219	0	0
9618	-0.00234678	0	0
9617	-0.00233138	0	0
9616	-0.002316	0	0
9615	-0.00230062	0	0
9614	-0.00228525	0	0
9613	-0.0022699	0	0
9612	-0.00225455	0	0
9611	-0.00223922	0	0
9610	-0.0022239	0	0
9609	-0.00220858	0	0
9608	-0.00219328	0	0
9607	-0.00217799	0	0
9606	-0.00216271	0	0
9605	-0.00214744	0	0
9604	-0.00213219	0	0
9603	-0.00211694	0	0
9602	-0.0021017	0	0
9601	-0.00208648	0	0
9600	-0.00207126	0	0
9599	-0.00205606	0	0
9598	-0.00204087	0	0
9597	-0.00202569	0	0
9596	-0.00201052	0	0
9595	-0.00199536	0	0
9594	-0.00198021	0	0
9593	-0.00196507	0	0
9592	-0.00194995	0	0
9591	-0.00193484	0	0
9590	-0.00191973	0	0
9589	-0.00190464	0	0
9588	-0.00188956	0	0
9587	-0.00187449	0	0
9586	-0.00185943	0	0
9585	-0.00184438	0	0
9584	-0.00182935	0	0
9583	-0.00181432	0	0
9582	-0.00179931	0	0
9581	-0.00178431	0	0
9580	-0.00176932	0	0
9579	-0.00175434	0	0
9578	-0.00173937	0	0
9577	-0.00172441	0	0
9576	-0.00170947	0	0
9575	-0.00169453	0	0
9574	-0.00167961	0	0
9573	-0.0016647	0	0
9572	-0.0016498	0	0
9571	-0.00163491	0	0
9570	-0.00162003	0	0
9569	-0.00160517	0	0
9568	-0.00159032	0	0
9567	-0.00157547	0	0
9566	-0.00156064	0	0
9565	-0.00154582	0	0
9564	-0.00153102	0	0
9563	-0.00151622	0	0
9562	-0.00150143	0	0
9561	-0.00148666	0	0
9560	-0.0014719	0	0
9559	-0.00145715	0	0
9558	-0.00144241	0	0
9557	-0.00142769	0	0
9556	-0.00141297	0	0
9555	-0.00139827	0	0
9554	-0.00138358	0	0
9553	-0.0013689	0	0
9552	-0.00135423	0	0
9551	-0.00133958	0	0
9550	-0.00132493	0	0
9549	-0.0013103	0	0
9548	-0.00129568	0	0
9547	-0.00128107	0	0
9546	-0.00126647	0	0
9545	-0.00125189	0	0
9544	-0.00123732	0	0
9543	-0.00122276	0	0
9542	-0.00120821	0	0
9541	-0.00119367	0	0
9540	-0.00117914	0	0
9539	-0.00116463	0	0
9538	-0.00115013	0	0
9537	-0.00113564	0	0
9536	-0.00112116	0	0
9535	-0.0011067	0	0
9534	-0.00109224	0	0
9533	-0.0010778	0	0
9532	-0.00106337	0	0
9531	-0.00104896	0	0
9530	-0.00103455	0	0
9529	-0.00102016	0	0
9528	-0.00100578	0	0
9527	-0.00099141	0	0
9526	-0.000977054	0	0
9525	-0.00096271	0	0
9524	-0.000948378	0	0
9523	-0.000934058	0	0
9522	-0.00091975	0	0
9521	-0.000905455	0	0
9520	-0.000891172	0	0
9519	-0.000876901	0	0
9518	-0.000862643	0	0
9517	-0.000848397	0	0
9516	-0.000834163	0	0
9515	-0.000819941	0	0
9514	-0.000805732	0	0
9513	-0.000791535	0	0
9512	-0.00077735	0	0
9511	-0.000763178	0	0
9510	-0.000749019	0	0
9509	-0.000734871	0	0
9508	-0.000720737	0	0
9507	-0.000706614	0	0
9506	-0.000692504	0	0
9505	-0.000678407	0	0
9504	-0.000664322	0	0
9503	-0.000650249	0	0
9502	-0.000636189	0	0
9501	-0.000622142	0	0
9500	-0.000608107	0	0
9499	-0.000594085	0	0
9498	-0.000580075	0	0
9497	-0.000566078	0	0
9496	-0.000552094	0	0
9495	-0.000538122	0	0
9494	-0.000524163	0	0
9493	-0.000510216	0	0
9492	-0.000496282	0	0
9491	-0.000482361	0	0
9490	-0.000468452	0	0
9489	-0.000454557	0	0
9488	-0.000440674	0	0
9487	-0.000426803	0	0
9486	-0.000412946	0	0
9485	-0.000399101	0	0
9484	-0.000385269	0	0
9483	-0.00037145	0	0
9482	-0.000357643	0	0
9481	-0.00034385	0	0
9480	-0.000330069	0	0
9479	-0.000316301	0	0
9478	-0.000302546	0	0
9477	-0.000288804	0	0
9476	-0.000275075	0	0
9475	-0.000261359	0	0
9474	-0.000247655	0	0
9473	-0.000233965	0	0
9472	-0.000220287	0	0
9471	-0.000206623	0	0
9470	-0.000192971	0	0
9469	-0.000179333	0	0
9468	-0.000165707	0	0
9467	-0.000152095	0	0
9466	-0.000138496	0	0
9465	-0.000124909	0	0
9464	-0.000111336	0	0
9463	-9.77759e-05	0	0
9462	-8.42288e-05	0	0
9461	-7.06948e-05	0	0
9460	-5.7174e-05	0	0
9459	-4.36663e-05	0	0
9458	-3.01717e-05	0	0
9457	-1.66903e-05	0	0
9456	-3.22215e-06	0	0
9455	1.02328e-05	0	0
9454	2.36746e-05	0	0
9453	3.71032e-05	0	0
9452	5.05185e-05	0	0
9451	6.39206e-05	0	0
9450	7.73094e-05	0	0
9449	9.06849e-05	0	0
9448	0.000104047	0	0
9447	0.000117396	0	0
9446	0.000130732	0	0
9445	0.000144054	0	0
9444	0.000157363	0	0
9443	0.000170658	0	0
9442	0.000183941	0	0
9441	0.000197209	0	0
9440	0.000210465	0	0
9439	0.000223707	0	0
9438	0.000236935	0	0
9437	0.000250151	0	0
9436	0.000263352	0	0
9435	0.00027654	0	0
9434	0.000289715	0	0
9433	0.000302876	0	0
9432	0.000316024	0	0
9431	0.000329158	0	0
9430	0.000342279	0	0
9429	0.000355386	0	0
9428	0.00036848	0	0
9427	0.00038156	0	0
9426	0.000394626	0	0
9425	0.000407679	0	0
9424	0.000420718	0	0
9423	0.000433743	0	0
9422	0.000446755	0	0
9421	0.000459754	0	0
9420	0.000472738	0	0
9419	0.000485709	0	0
9418	0.000498666	0	0
9417	0.00051161	0	0
9416	0.00052454	0	0
9415	0.000537456	0	0
9414	0.000550358	0	0
9413	0.000563246	0	0
9412	0.000576121	0	0
9411	0.000588982	0	0
9410	0.000601829	0	0
9409	0.000614663	0	0
9408	0.000627482	0	0
9407	0.000640288	0	0
9406	0.00065308	0	0
9405	0.000665858	0	0
9404	0.000678622	0	0
9403	0.000691372	0	0
9402	0.000704109	0	0
9401	0.000716831	0	0
9400	0.00072954	0	0
9399	0.000742234	0	0
9398	0.000754915	0	0
9397	0.000767582	0	0
9396	0.000780235	0	0
9395	0.000792873	0	0
9394	0.000805498	0	0
9393	0.000818109	0	0
9392	0.000830705	0	0
9391	0.000843288	0	0
9390	0.000855857	0	0
9389	0.000868411	0	0
9388	0.000880952	0	0
9387	0.000893478	0	0
9386	0.000905991	0	0
9385	0.000918489	0	0
9384	0.000930973	0	0
9383	0.000943443	0	0
9382	0.000955899	0	0
9381	0.00096834	0	0
9380	0.000980768	0	0
9379	0.000993181	0	0
9378	0.00100558	0	0
9377	0.00101797	0	0
9376	0.00103034	0	0
9375	0.00104269	0	0
9374	0.00105503	0	0
9373	0.00106736	0	0
9372	0.00107968	0	0
9371	0.00109198	0	0
9370	0.00110426	0	0
9369	0.00111653	0	0
9368	0.00112879	0	0
9367	0.00114103	0	0
9366	0.00115326	0	0
9365	0.00116547	0	0
9364	0.00117767	0	0
9363	0.00118986	0	0
9362	0.00120203	0	0
9361	0.00121418	0	0
9360	0.00122632	0	0
9359	0.00123845	0	0
9358	0.00125056	0	0
9357	0.00126266	0	0
9356	0.00127475	0	0
9355	0.00128682	0	0
9354	0.00129887	0	0
9353	0.00131091	0	0
9352	0.00132294	0	0
9351	0.00133495	0	0
9350	0.00134695	0	0
9349	0.00135893	0	0
9348	0.0013709	0	0
9347	0.00138285	0	0
9346	0.00139479	0	0
9345	0.00140671	0	0
9344	0.00141862	0	0
9343	0.00143052	0	0
9342	0.0014424	0	0
9341	0.00145426	0	0
9340	0.00146611	0	0
9339	0.00147795	0	0
9338	0.00148977	0	0
9337	0.00150158	0	0
9336	0.00151337	0	0
9335	0.00152515	0	0
9334	0.00153691	0	0
9333	0.00154866	0	0
9332	0.00156039	0	0
9331	0.00157211	0	0
9330	0.00158382	0	0
9329	0.00159551	0	0
9328	0.00160718	0	0
9327	0.00161884	0	0
9326	0.00163049	0	0
9325	0.00164212	0	0
9324	0.00165373	0	0
9323	0.00166533	0	0
9322	0.00167692	0	0
9321	0.00168849	0	0
9320	0.00170005	0	0
9319	0.00171159	0	0
9318	0.00172311	0	0
9317	0.00173463	0	0
9316	0.00174612	0	0
9315	0.0017576	0	0
9314	0.00176907	0	0
9313	0.00178052	0	0
9312	0.00179196	0	0
9311	0.00180338	0	0
9310	0.00181479	0	0
9309	0.00182618	0	0
9308	0.00183756	0	0
9307	0.00184892	0	0
9306	0.00186027	0	0
9305	0.0018716	0	0
9304	0.00188292	0	0
9303	0.00189422	0	0
9302	0.00190551	0	0
9301	0.00191678	0	0
9300	0.00192804	0	0
9299	0.00193928	0	0
9298	0.0019505	0	0
9297	0.00196172	0	0
9296	0.00197291	0	0
9295	0.00198409	0	0
9294	0.00199526	0	0
9293	0.00200641	0	0
9292	0.00201755	0	0
9291	0.00202867	0	0
9290	0.00203978	0	0
9289	0.00205087	0	0
9288	0.00206194	0	0
9287	0.002073	0	0
9286	0.00208405	0	0
9285	0.00209508	0	0
9284	0.00210609	0	0
9283	0.00211709	0	0
9282	0.00212808	0	0
9281	0.00213904	0	0
9280	0.00215	0	0
9279	0.00216094	0	0
9278	0.00217186	0	0
9277	0.00218277	0	0
9276	0.00219366	0	0
9275	0.00220454	0	0
9274	0.0022154	0	0
9273	0.00222625	0	0
9272	0.00223708	0	0
9271	0.0022479	0	0
9270	0.0022587	0	0
9269	0.00226948	0	0
9268	0.00228025	0	0
9267	0.00229101	0	0
9266	0.00230175	0	0
9265	0.00231247	0	0
9264	0.00232318	0	0
9263	0.00233387	0	0
9262	0.00234455	0	0
9261	0.00235521	0	0
9260	0.00236586	0	0
9259	0.00237649	0	0
9258	0.00238711	0	0
9257	0.00239771	0	0
9256	0.00240829	0	0
9255	0.00241886	0	0
9254	0.00242941	0	0
9253	0.00243995	0	0
9252	0.00245048	0	0
9251	0.00246098	0	0
9250	0.00247148	0	0
9249	0.00248195	0	0
9248	0.00249241	0	0
9247	0.00250286	0	0
9246	0.00251329	0	0
9245	0.0025237	0	0
9244	0.0025341	0	0
9243	0.00254448	0	0
9242	0.00255485	0	0
9241	0.0025652	0	0
9240	0.00257554	0	0
9239	0.00258586	0	0
9238	0.00259616	0	0
9237	0.00260645	0	0
9236	0.00261673	0	0
9235	0.00262699	0	0
9234	0.00263723	0	0
9233	0.00264745	0	0
9232	0.00265767	0	0
9231	0.00266786	0	0
9230	0.00267804	0	0
9229	0.0026882	0	0
9228	0.00269835	0	0
9227	0.00270848	0	0
9226	0.0027186	0	0
9225	0.0027287	0	0
9224	0.00273879	0	0
9223	0.00274886	0	0
9222	0.00275891	0	0
9221	0.00276895	0	0
9220	0.00277897	0	0
9219	0.00278898	0	0
9218	0.00279897	0	0
9217	0.00280894	0	0
9216	0.0028189	0	0
9215	0.00282885	0	0
9214	0.00283877	0	0
9213	0.00284868	0	0
9212	0.00285858	0	0
9211	0.00286846	0	0
9210	0.00287832	0	0
9209	0.00288817	0	0
9208	0.002898	0	0
9207	0.00290782	0	0
9206	0.00291762	0	0
9205	0.00292741	0	0
9204	0.00293717	0	0
9203	0.00294693	0	0
9202	0.00295666	0	0
9201	0.00296638	0	0
9200	0.00297609	0	0
9199	0.00298578	0	0
9198	0.00299545	0	0
9197	0.00300511	0	0
9196	0.00301475	0	0
9195	0.00302438	0	0
9194	0.00303398	0	0
9193	0.00304358	0	0
9192	0.00305316	0	0
9191	0.00306272	0	0
9190	0.00307226	0	0
9189	0.00308179	0	0
9188	0.0030913	0	0
9187	0.0031008	0	0
9186	0.00311028	0	0
9185	0.00311975	0	0
9184	0.0031292	0	0
9183	0.00313863	0	0
9182	0.00314805	0	0
9181	0.00315745	0	0
9180	0.00316683	0	0
9179	0.0031762	0	0
9178	0.00318555	0	0
9177	0.00319489	0	0
9176	0.00320421	0	0
9175	0.00321351	0	0
9174	0.0032228	0	0
9173	0.00323208	0	0
9172	0.00324133	0	0
9171	0.00325057	0	0
9170	0.00325979	0	0
9169	0.003269	0	0
9168	0.00327819	0	0
9167	0.00328737	0	0
9166	0.00329653	0	0
9165	0.00330567	0	0
9164	0.0033148	0	0
9163	0.00332391	0	0
9162	0.003333	0	0
9161	0.00334208	0	0
9160	0.00335114	0	0
9159	0.00336019	0	0
9158	0.00336922	0	0
9157	0.00337823	0	0
9156	0.00338723	0	0
9155	0.00339621	0	0
9154	0.00340517	0	0
9153	0.00341412	0	0
9152	0.00342305	0	0
9151	0.00343197	0	0
9150	0.00344087	0	0
9149	0.00344975	0	0
9148	0.00345862	0	0
9147	0.00346747	0	0
9146	0.0034763	0	0
9145	0.00348512	0	0
9144	0.00349392	0	0
9143	0.00350271	0	0
9142	0.00351148	0	0
9141	0.00352023	0	0
9140	0.00352896	0	0
9139	0.00353768	0	0
9138	0.00354639	0	0
9137	0.00355508	0	0
9136	0.00356375	0	0
9135	0.0035724	0	0
9134	0.00358104	0	0
9133	0.00358966	0	0
9132	0.00359827	0	0
9131	0.00360686	0	0
9130	0.00361543	0	0
9129	0.00362398	0	0
9128	0.00363252	0	0
9127	0.00364105	0	0
9126	0.00364956	0	0
9125	0.00365805	0	0
9124	0.00366652	0	0
9123	0.00367498	0	0
9122	0.00368342	0	0
9121	0.00369184	0	0
9120	0.00370025	0	0
9119	0.00370864	0	0
9118	0.00371702	0	0
9117	0.00372538	0	0
9116	0.00373372	0	0
9115	0.00374205	0	0
9114	0.00375036	0	0
9113	0.00375865	0	0
9112	0.00376693	0	0
9111	0.00377519	0	0
9110	0.00378343	0	0
9109	0.00379166	0	0
9108	0.00379987	0	0
9107	0.00380806	0	0
9106	0.00381624	0	0
9105	0.0038244	0	0
9104	0.00383255	0	0
9103	0.00384068	0	0
9102	0.00384879	0	0
9101	0.00385688	0	0
9100	0.00386496	0	0
9099	0.00387302	0	0
9098	0.00388107	0	0
9097	0.0038891	0	0
9096	0.00389711	0	0
9095	0.00390511	0	0
9094	0.00391309	0	0
9093	0.00392105	0	0
9092	0.00392899	0	0
9091	0.00393692	0	0
9090	0.00394484	0	0
9089	0.00395273	0	0
9088	0.00396061	0	0
9087	0.00396847	0	0
9086	0.00397632	0	0
9085	0.00398415	0	0
9084	0.00399196	0	0
9083	0.00399976	0	0
9082	0.00400754	0	0
9081	0.0040153	0	0
9080	0.00402305	0	0
9079	0.00403078	0	0
9078	0.00403849	0	0
9077	0.00404619	0	0
9076	0.00405387	0	0
9075	0.00406153	0	0
9074	0.00406918	0	0
9073	0.00407681	0	0
9072	0.00408442	0	0
9071	0.00409202	0	0
9070	0.0040996	0	0
9069	0.00410716	0	0
9068	0.00411471	0	0
9067	0.00412224	0	0
9066	0.00412975	0	0
9065	0.00413725	0	0
9064	0.00414473	0	0
9063	0.00415219	0	0
9062	0.00415964	0	0
9061	0.00416707	0	0
9060	0.00417448	0	0
9059	0.00418188	0	0
9058	0.00418926	0	0
9057	0.00419662	0	0
9056	0.00420397	0	0
9055	0.0042113	0	0
9054	0.00421861	0	0
9053	0.00422591	0	0
9052	0.00423319	0	0
9051	0.00424045	0	0
9050	0.0042477	0	0
9049	0.00425492	0	0
9048	0.00426214	0	0
9047	0.00426933	0	0
9046	0.00427651	0	0
9045	0.00428367	0	0
9044	0.00429082	0	0
9043	0.00429795	0	0
9042	0.00430506	0	0
9041	0.00431215	0	0
9040	0.00431923	0	0
9039	0.00432629	0	0
9038	0.00433334	0	0
9037	0.00434036	0	0
9036	0.00434738	0	0
9035	0.00435437	0	0
9034	0.00436135	0	0
9033	0.00436831	0	0
9032	0.00437525	0	0
9031	0.00438218	0	0
9030	0.00438909	0	0
9029	0.00439598	0	0
9028	0.00440286	0	0
9027	0.00440972	0	0
9026	0.00441656	0	0
9025	0.00442339	0	0
9024	0.0044302	0	0
9023	0.00443699	0	0
9022	0.00444376	0	0
9021	0.00445052	0	0
9020	0.00445726	0	0
9019	0.00446399	0	0
9018	0.0044707	0	0
9017	0.00447739	0	0
9016	0.00448406	0	0
9015	0.00449072	0	0
9014	0.00449736	0	0
9013	0.00450399	0	0
9012	0.00451059	0	0
9011	0.00451718	0	0
9010	0.00452376	0	0
9009	0.00453031	0	0
9008	0.00453685	0	0
9007	0.00454338	0	0
9006	0.00454988	0	0
9005	0.00455637	0	0
9004	0.00456284	0	0
9003	0.0045693	0	0
9002	0.00457574	0	0
9001	0.00458216	0	0
9000	0.00458856	0	0
8999	0.00459495	0	0
8998	0.00460132	0	0
8997	0.00460767	0	0
8996	0.00461401	0	0
8995	0.00462033	0	0
8994	0.00462664	0	0
8993	0.00463292	0	0
8992	0.00463919	0	0
8991	0.00464544	0	0
8990	0.00465168	0	0
8989	0.0046579	0	0
8988	0.0046641	0	0
8987	0.00467029	0	0
8986	0.00467645	0	0
8985	0.0046826	0	0
8984	0.00468874	0	0
8983	0.00469486	0	0
8982	0.00470096	0	0
8981	0.00470704	0	0
8980	0.00471311	0	0
8979	0.00471916	0	0
8978	0.00472519	0	0
8977	0.0047312	0	0
8976	0.0047372	0	0
8975	0.00474319	0	0
8974	0.00474915	0	0
8973	0.0047551	0	0
8972	0.00476103	0	0
8971	0.00476694	0	0
8970	0.00477284	0	0
8969	0.00477872	0	0
8968	0.00478458	0	0
8967	0.00479043	0	0
8966	0.00479626	0	0
8965	0.00480207	0	0
8964	0.00480787	0	0
8963	0.00481365	0	0
8962	0.00481941	0	0
8961	0.00482515	0	0
8960	0.00483088	0	0
8959	0.00483659	0	0
8958	0.00484229	0	0
8957	0.00484796	0	0
8956	0.00485363	0	0
8955	0.00485927	0	0
8954	0.00486489	0	0
8953	0.0048705	0	0
8952	0.0048761	0	0
8951	0.00488167	0	0
8950	0.00488723	0	0
8949	0.00489277	0	0
8948	0.0048983	0	0
8947	0.0049038	0	0
8946	0.00490929	0	0
8945	0.00491477	0	0
8944	0.00492023	0	0
8943	0.00492567	0	0
8942	0.00493109	0	0
8941	0.00493649	0	0
8940	0.00494188	0	0
8939	0.00494726	0	0
8938	0.00495261	0	0
8937	0.00495795	0	0
8936	0.00496327	0	0
8935	0.00496857	0	0
8934	0.00497386	0	0
8933	0.00497913	0	0
8932	0.00498438	0	0
8931	0.00498962	0	0
8930	0.00499484	0	0
8929	0.00500004	0	0
8928	0.00500523	0	0
8927	0.0050104	0	0
8926	0.00501555	0	0
8925	0.00502068	0	0
8924	0.0050258	0	0
8923	0.0050309	0	0
8922	0.00503599	0	0
8921	0.00504105	0	0
8920	0.0050461	0	0
8919	0.00505114	0	0
8918	0.00505615	0	0
8917	0.00506115	0	0
8916	0.00506613	0	0
8915	0.0050711	0	0
8914	0.00507605	0	0
8913	0.00508098	0	0
8912	0.00508589	0	0
8911	0.00509079	0	0
8910	0.00509567	0	0
8909	0.00510053	0	0
8908	0.00510538	0	0
8907	0.00511021	0	0
8906	0.00511502	0	0
8905	0.00511982	0	0
8904	0.0051246	0	0
8903	0.00512936	0	0
8902	0.0051341	0	0
8901	0.00513883	0	0
8900	0.00514354	0	0
8899	0.00514824	0	0
8898	0.00515291	0	0
8897	0.00515757	0	0
8896	0.00516222	0	0
8895	0.00516684	0	0
8894	0.00517145	0	0
8893	0.00517605	0	0
8892	0.00518062	0	0
8891	0.00518518	0	0
8890	0.00518972	0	0
8889	0.00519425	0	0
8888	0.00519875	0	0
8887	0.00520325	0	0
8886	0.00520772	0	0
8885	0.00521218	0	0
8884	0.00521662	0	0
8883	0.00522104	0	0
8882	0.00522545	0	0
8881	0.00522984	0	0
8880	0.00523421	0	0
8879	0.00523856	0	0
8878	0.0052429	0	0
8877	0.00524722	0	0
8876	0.00525153	0	0
8875	0.00525582	0	0
8874	0.00526009	0	0
8873	0.00526434	0	0
8872	0.00526858	0	0
8871	0.0052728	0	0
8870	0.005277	0	0
8869	0.00528119	0	0
8868	0.00528536	0	0
8867	0.00528951	0	0
8866	0.00529365	0	0
8865	0.00529777	0	0
8864	0.00530187	0	0
8863	0.00530595	0	0
8862	0.00531002	0	0
8861	0.00531407	0	0
8860	0.00531811	0	0
8859	0.00532212	0	0
8858	0.00532613	0	0
8857	0.00533011	0	0
8856	0.00533408	0	0
8855	0.00533803	0	0
8854	0.00534196	0	0
8853	0.00534588	0	0
8852	0.00534978	0	0
8851	0.00535366	0	0
8850	0.00535752	0	0
8849	0.00536137	0	0
8848	0.0053652	0	0
8847	0.00536902	0	0
8846	0.00537282	0	0
8845	0.0053766	0	0
8844	0.00538036	0	0
8843	0.00538411	0	0
8842	0.00538784	0	0
8841	0.00539156	0	0
8840	0.00539525	0	0
8839	0.00539894	0	0
8838	0.0054026	0	0
8837	0.00540625	0	0
8836	0.00540988	0	0
8835	0.00541349	0	0
8834	0.00541709	0	0
8833	0.00542067	0	0
8832	0.00542423	0	0
8831	0.00542777	0	0
8830	0.0054313	0	0
8829	0.00543482	0	0
8828	0.00543831	0	0
8827	0.00544179	0	0
8826	0.00544525	0	0
8825	0.0054487	0	0
8824	0.00545212	0	0
8823	0.00545554	0	0
8822	0.00545893	0	0
8821	0.00546231	0	0
8820	0.00546567	0	0
8819	0.00546901	0	0
8818	0.00547234	0	0
8817	0.00547565	0	0
8816	0.00547895	0	0
8815	0.00548223	0	0
8814	0.00548549	0	0
8813	0.00548873	0	0
8812	0.00549196	0	0
8811	0.00549517	0	0
8810	0.00549836	0	0
8809	0.00550154	0	0
8808	0.0055047	0	0
8807	0.00550784	0	0
8806	0.00551097	0	0
8805	0.00551408	0	0
8804	0.00551717	0	0
8803	0.00552025	0	0
8802	0.00552331	0	0
8801	0.00552635	0	0
8800	0.00552938	0	0
8799	0.00553239	0	0
8798	0.00553538	0	0
8797	0.00553836	0	0
8796	0.00554132	0	0
8795	0.00554426	0	0
8794	0.00554719	0	0
8793	0.0055501	0	0
8792	0.00555299	0	0
8791	0.00555586	0	0
8790	0.00555872	0	0
8789	0.00556157	0	0
8788	0.00556439	0	0
8787	0.0055672	0	0
8786	0.00557	0	0
8785	0.00557277	0	0
8784	0.00557553	0	0
8783	0.00557827	0	0
8782	0.005581	0	0
8781	0.00558371	0	0
8780	0.0055864	0	0
8779	0.00558908	0	0
8778	0.00559174	0	0
8777	0.00559438	0	0
8776	0.00559701	0	0
8775	0.00559962	0	0
8774	0.00560221	0	0
8773	0.00560479	0	0
8772	0.00560735	0	0
8771	0.0056099	0	0
8770	0.00561242	0	0
8769	0.00561493	0	0
8768	0.00561743	0	0
8767	0.0056199	0	0
8766	0.00562237	0	0
8765	0.00562481	0	0
8764	0.00562724	0	0
8763	0.00562965	0	0
8762	0.00563204	0	0
8761	0.00563442	0	0
8760	0.00563678	0	0
8759	0.00563913	0	0
8758	0.00564146	0	0
8757	0.00564377	0	0
8756	0.00564607	0	0
8755	0.00564834	0	0
8754	0.00565061	0	0
8753	0.00565285	0	0
8752	0.00565508	0	0
8751	0.0056573	0	0
8750	0.00565949	0	0
8749	0.00566167	0	0
8748	0.00566384	0	0
8747	0.00566598	0	0
8746	0.00566811	0	0
8745	0.00567023	0	0
8744	0.00567233	0	0
8743	0.00567441	0	0
8742	0.00567647	0	0
8741	0.00567852	0	0
8740	0.00568055	0	0
8739	0.00568257	0	0
8738	0.00568457	0	0
8737	0.00568655	0	0
8736	0.00568852	0	0
8735	0.00569047	0	0
8734	0.0056924	0	0
8733	0.00569432	0	0
8732	0.00569622	0	0
8731	0.00569811	0	0
8730	0.00569997	0	0
8729	0.00570183	0	0
8728	0.00570366	0	0
8727	0.00570548	0	0
8726	0.00570728	0	0
8725	0.00570907	0	0
8724	0.00571084	0	0
8723	0.00571259	0	0
8722	0.00571433	0	0
8721	0.00571605	0	0
8720	0.00571776	0	0
8719	0.00571945	0	0
8718	0.00572112	0	0
8717	0.00572278	0	0
8716	0.00572441	0	0
8715	0.00572604	0	0
8714	0.00572765	0	0
8713	0.00572924	0	0
8712	0.00573081	0	0
8711	0.00573237	0	0
8710	0.00573391	0	0
8709	0.00573544	0	0
8708	0.00573695	0	0
8707	0.00573844	0	0
8706	0.00573992	0	0
8705	0.00574138	0	0
8704	0.00574283	0	0
8703	0.00574425	0	0
8702	0.00574567	0	0
8701	0.00574706	0	0
8700	0.00574844	0	0
8699	0.00574981	0	0
8698	0.00575115	0	0
8697	0.00575249	0	0
8696	0.0057538	0	0
8695	0.0057551	0	0
8694	0.00575638	0	0
8693	0.00575765	0	0
8692	0.0057589	0	0
8691	0.00576014	0	0
8690	0.00576136	0	0
8689	0.00576256	0	0
8688	0.00576375	0	0
8687	0.00576492	0	0
8686	0.00576607	0	0
8685	0.00576721	0	0
8684	0.00576833	0	0
8683	0.00576944	0	0
8682	0.00577053	0	0
8681	0.0057716	0	0
8680	0.00577266	0	0
8679	0.0057737	0	0
8678	0.00577473	0	0
8677	0.00577574	0	0
8676	0.00577673	0	0
8675	0.00577771	0	0
8674	0.00577867	0	0
8673	0.00577962	0	0
8672	0.00578055	0	0
8671	0.00578146	0	0
8670	0.00578236	0	0
8669	0.00578324	0	0
8668	0.00578411	0	0
8667	0.00578496	0	0
8666	0.0057858	0	0
8665	0.00578661	0	0
8664	0.00578742	0	0
8663	0.0057882	0	0
8662	0.00578898	0	0
8661	0.00578973	0	0
8660	0.00579047	0	0
8659	0.00579119	0	0
8658	0.0057919	0	0
8657	0.00579259	0	0
8656	0.00579327	0	0
8655	0.00579393	0	0
8654	0.00579457	0	0
8653	0.0057952	0	0
8652	0.00579581	0	0
8651	0.00579641	0	0
8650	0.00579699	0	0
8649	0.00579755	0	0
8648	0.0057981	0	0
8647	0.00579864	0	0
8646	0.00579915	0	0
8645	0.00579966	0	0
8644	0.00580014	0	0
8643	0.00580061	0	0
8642	0.00580107	0	0
8641	0.00580151	0	0
8640	0.00580193	0	0
8639	0.00580234	0	0
8638	0.00580273	0	0
8637	0.0058031	0	0
8636	0.00580347	0	0
8635	0.00580381	0	0
8634	0.00580414	0	0
8633	0.00580445	0	0
8632	0.00580475	0	0
8631	0.00580503	0	0
8630	0.0058053	0	0
8629	0.00580555	0	0
8628	0.00580579	0	0
8627	0.00580601	0	0
8626	0.00580621	0	0
8625	0.0058064	0	0
8624	0.00580657	0	0
8623	0.00580673	0	0
8622	0.00580687	0	0
8621	0.005807	0	0
8620	0.00580711	0	0
8619	0.0058072	0	0
8618	0.00580728	0	0
8617	0.00580735	0	0
8616	0.0058074	0	0
8615	0.00580743	0	0
8614	0.00580745	0	0
8613	0.00580745	0	0
8612	0.00580744	0	0
8611	0.00580741	0	0
8610	0.00580736	0	0
8609	0.0058073	0	0
8608	0.00580723	0	0
8607	0.00580714	0	0
8606	0.00580703	0	0
8605	0.00580691	0	0
8604	0.00580678	0	0
8603	0.00580662	0	0
8602	0.00580646	0	0
8601	0.00580627	0	0
8600	0.00580608	0	0
8599	0.00580586	0	0
8598	0.00580564	0	0
8597	0.00580539	0	0
8596	0.00580513	0	0
8595	0.00580486	0	0
8594	0.00580457	0	0
8593	0.00580426	0	0
8592	0.00580394	0	0
8591	0.00580361	0	0
8590	0.00580326	0	0
8589	0.00580289	0	0
8588	0.00580251	0	0
8587	0.00580211	0	0
8586	0.0058017	0	0
8585	0.00580127	0	0
8584	0.00580083	0	0
8583	0.00580037	0	0
8582	0.0057999	0	0
8581	0.00579941	0	0
8580	0.00579891	0	0
8579	0.00579839	0	0
8578	0.00579786	0	0
8577	0.00579731	0	0
8576	0.00579675	0	0
8575	0.00579617	0	0
8574	0.00579558	0	0
8573	0.00579497	0	0
8572	0.00579435	0	0
8571	0.00579371	0	0
8570	0.00579305	0	0
8569	0.00579239	0	0
8568	0.0057917	0	0
8567	0.005791	0	0
8566	0.00579029	0	0
8565	0.00578956	0	0
8564	0.00578882	0	0
8563	0.00578806	0	0
8562	0.00578729	0	0
8561	0.0057865	0	0
8560	0.00578569	0	0
8559	0.00578488	0	0
8558	0.00578404	0	0
8557	0.00578319	0	0
8556	0.00578233	0	0
8555	0.00578145	0	0
8554	0.00578056	0	0
8553	0.00577965	0	0
8552	0.00577873	0	0
8551	0.00577779	0	0
8550	0.00577684	0	0
8549	0.00577587	0	0
8548	0.00577489	0	0
8547	0.0057739	0	0
8546	0.00577289	0	0
8545	0.00577186	0	0
8544	0.00577082	0	0
8543	0.00576976	0	0
8542	0.00576869	0	0
8541	0.00576761	0	0
8540	0.00576651	0	0
8539	0.00576539	0	0
8538	0.00576426	0	0
8537	0.00576312	0	0
8536	0.00576196	0	0
8535	0.00576079	0	0
8534	0.0057596	0	0
8533	0.0057584	0	0
8532	0.00575718	0	0
8531	0.00575595	0	0
8530	0.00575471	0	0
8529	0.00575345	0	0
8528	0.00575217	0	0
8527	0.00575088	0	0
8526	0.00574958	0	0
8525	0.00574826	0	0
8524	0.00574692	0	0
8523	0.00574558	0	0
8522	0.00574421	0	0
8521	0.00574284	0	0
8520	0.00574145	0	0
8519	0.00574004	0	0
8518	0.00573862	0	0
8517	0.00573719	0	0
8516	0.00573574	0	0
8515	0.00573427	0	0
8514	0.0057328	0	0
8513	0.0057313	0	0
8512	0.0057298	0	0
8511	0.00572828	0	0
8510	0.00572674	0	0
8509	0.00572519	0	0
8508	0.00572363	0	0
8507	0.00572205	0	0
8506	0.00572046	0	0
8505	0.00571885	0	0
8504	0.00571723	0	0
8503	0.00571559	0	0
8502	0.00571394	0	0
8501	0.00571228	0	0
8500	0.0057106	0	0
8499	0.00570891	0	0
8498	0.0057072	0	0
8497	0.00570548	0	0
8496	0.00570375	0	0
8495	0.005702	0	0
8494	0.00570024	0	0
8493	0.00569846	0	0
8492	0.00569667	0	0
8491	0.00569486	0	0
8490	0.00569304	0	0
8489	0.00569121	0	0
8488	0.00568936	0	0
8487	0.0056875	0	0
8486	0.00568562	0	0
8485	0.00568373	0	0
8484	0.00568183	0	0
8483	0.00567991	0	0
8482	0.00567798	0	0
8481	0.00567604	0	0
8480	0.00567408	0	0
8479	0.0056721	0	0
8478	0.00567012	0	0
8477	0.00566811	0	0
8476	0.0056661	0	0
8475	0.00566407	0	0
8474	0.00566203	0	0
8473	0.00565997	0	0
8472	0.0056579	0	0
8471	0.00565581	0	0
8470	0.00565372	0	0
8469	0.0056516	0	0
8468	0.00564948	0	0
8467	0.00564734	0	0
8466	0.00564518	0	0
8465	0.00564302	0	0
8464	0.00564083	0	0
8463	0.00563864	0	0
8462	0.00563643	0	0
8461	0.00563421	0	0
8460	0.00563197	0	0
8459	0.00562972	0	0
8458	0.00562746	0	0
8457	0.00562518	0	0
8456	0.00562289	0	0
8455	0.00562059	0	0
8454	0.00561827	0	0
8453	0.00561594	0	0
8452	0.00561359	0	0
8451	0.00561124	0	0
8450	0.00560886	0	0
8449	0.00560648	0	0
8448	0.00560408	0	0
8447	0.00560167	0	0
8446	0.00559924	0	0
8445	0.0055968	0	0
8444	0.00559435	0	0
8443	0.00559188	0	0
8442	0.0055894	0	0
8441	0.00558691	0	0
8440	0.0055844	0	0
8439	0.00558188	0	0
8438	0.00557935	0	0
8437	0.0055768	0	0
8436	0.00557424	0	0
8435	0.00557167	0	0
8434	0.00556908	0	0
8433	0.00556648	0	0
8432	0.00556387	0	0
8431	0.00556124	0	0
8430	0.0055586	0	0
8429	0.00555595	0	0
8428	0.00555328	0	0
8427	0.0055506	0	0
8426	0.00554791	0	0
8425	0.0055452	0	0
8424	0.00554249	0	0
8423	0.00553975	0	0
8422	0.00553701	0	0
8421	0.00553425	0	0
8420	0.00553148	0	0
8419	0.00552869	0	0
8418	0.0055259	0	0
8417	0.00552308	0	0
8416	0.00552026	0	0
8415	0.00551742	0	0
8414	0.00551457	0	0
8413	0.00551171	0	0
8412	0.00550883	0	0
8411	0.00550595	0	0
8410	0.00550304	0	0
8409	0.00550013	0	0
8408	0.0054972	0	0
8407	0.00549426	0	0
8406	0.00549131	0	0
8405	0.00548834	0	0
8404	0.00548536	0	0
8403	0.00548237	0	0
8402	0.00547937	0	0
8401	0.00547635	0	0
8400	0.00547332	0	0
8399	0.00547027	0	0
8398	0.00546722	0	0
8397	0.00546415	0	0
8396	0.00546107	0	0
8395	0.00545797	0	0
8394	0.00545487	0	0
8393	0.00545175	0	0
8392	0.00544862	0	0
8391	0.00544547	0	0
8390	0.00544231	0	0
8389	0.00543914	0	0
8388	0.00543596	0	0
8387	0.00543276	0	0
8386	0.00542956	0	0
8385	0.00542634	0	0
8384	0.0054231	0	0
8383	0.00541986	0	0
8382	0.0054166	0	0
8381	0.00541333	0	0
8380	0.00541005	0	0
8379	0.00540675	0	0
8378	0.00540344	0	0
8377	0.00540012	0	0
8376	0.00539679	0	0
8375	0.00539344	0	0
8374	0.00539009	0	0
8373	0.00538672	0	0
8372	0.00538333	0	0
8371	0.00537994	0	0
8370	0.00537653	0	0
8369	0.00537311	0	0
8368	0.00536968	0	0
8367	0.00536624	0	0
8366	0.00536278	0	0
8365	0.00535931	0	0
8364	0.00535583	0	0
8363	0.00535234	0	0
8362	0.00534884	0	0
8361	0.00534532	0	0
8360	0.00534179	0	0
8359	0.00533825	0	0
8358	0.0053347	0	0
8357	0.00533113	0	0
8356	0.00532755	0	0
8355	0.00532396	0	0
8354	0.00532036	0	0
8353	0.00531675	0	0
8352	0.00531312	0	0
8351	0.00530948	0	0
8350	0.00530584	0	0
8349	0.00530217	0	0
8348	0.0052985	0	0
8347	0.00529481	0	0
8346	0.00529112	0	0
8345	0.00528741	0	0
8344	0.00528369	0	0
8343	0.00527995	0	0
8342	0.00527621	0	0
8341	0.00527245	0	0
8340	0.00526868	0	0
8339	0.0052649	0	0
8338	0.00526111	0	0
8337	0.00525731	0	0
8336	0.00525349	0	0
8335	0.00524967	0	0
8334	0.00524583	0	0
8333	0.00524198	0	0
8332	0.00523811	0	0
8331	0.00523424	0	0
8330	0.00523036	0	0
8329	0.00522646	0	0
8328	0.00522255	0	0
8327	0.00521863	0	0
8326	0.0052147	0	0
8325	0.00521075	0	0
8324	0.0052068	0	0
8323	0.00520283	0	0
8322	0.00519886	0	0
8321	0.00519487	0	0
8320	0.00519087	0	0
8319	0.00518685	0	0
8318	0.00518283	0	0
8317	0.00517879	0	0
8316	0.00517475	0	0
8315	0.00517069	0	0
8314	0.00516662	0	0
8313	0.00516254	0	0
8312	0.00515845	0	0
8311	0.00515435	0	0
8310	0.00515023	0	0
8309	0.00514611	0	0
8308	0.00514197	0	0
8307	0.00513782	0	0
8306	0.00513366	0	0
8305	0.00512949	0	0
8304	0.00512531	0	0
8303	0.00512112	0	0
8302	0.00511692	0	0
8301	0.0051127	0	0
8300	0.00510848	0	0
8299	0.00510424	0	0
8298	0.00509999	0	0
8297	0.00509573	0	0
8296	0.00509146	0	0
8295	0.00508718	0	0
8294	0.00508289	0	0
8293	0.00507859	0	0
8292	0.00507427	0	0
8291	0.00506995	0	0
8290	0.00506561	0	0
8289	0.00506127	0	0
8288	0.00505691	0	0
8287	0.00505254	0	0
8286	0.00504816	0	0
8285	0.00504377	0	0
8284	0.00503937	0	0
8283	0.00503496	0	0
8282	0.00503054	0	0
8281	0.0050261	0	0
8280	0.00502166	0	0
8279	0.00501721	0	0
8278	0.00501274	0	0
8277	0.00500827	0	0
8276	0.00500378	0	0
8275	0.00499928	0	0
8274	0.00499478	0	0
8273	0.00499026	0	0
8272	0.00498573	0	0
8271	0.00498119	0	0
8270	0.00497664	0	0
8269	0.00497208	0	0
8268	0.00496751	0	0
8267	0.00496293	0	0
8266	0.00495834	0	0
8265	0.00495374	0	0
8264	0.00494913	0	0
8263	0.0049445	0	0
8262	0.00493987	0	0
8261	0.00493523	0	0
8260	0.00493058	0	0
8259	0.00492591	0	0
8258	0.00492124	0	0
8257	0.00491655	0	0
8256	0.00491186	0	0
8255	0.00490715	0	0
8254	0.00490244	0	0
8253	0.00489771	0	0
8252	0.00489298	0	0
8251	0.00488823	0	0
8250	0.00488348	0	0
8249	0.00487871	0	0
8248	0.00487394	0	0
8247	0.00486915	0	0
8246	0.00486436	0	0
8245	0.00485955	0	0
8244	0.00485474	0	0
8243	0.00484991	0	0
8242	0.00484507	0	0
8241	0.00484023	0	0
8240	0.00483537	0	0
8239	0.00483051	0	0
8238	0.00482563	0	0
8237	0.00482075	0	0
8236	0.00481585	0	0
8235	0.00481095	0	0
8234	0.00480603	0	0
8233	0.00480111	0	0
8232	0.00479618	0	0
8231	0.00479123	0	0
8230	0.00478628	0	0
8229	0.00478132	0	0
8228	0.00477634	0	0
8227	0.00477136	0	0
8226	0.00476637	0	0
8225	0.00476137	0	0
8224	0.00475636	0	0
8223	0.00475134	0	0
8222	0.00474631	0	0
8221	0.00474127	0	0
8220	0.00473622	0	0
8219	0.00473116	0	0
8218	0.00472609	0	0
8217	0.00472101	0	0
8216	0.00471593	0	0
8215	0.00471083	0	0
8214	0.00470573	0	0
8213	0.00470061	0	0
8212	0.00469549	0	0
8211	0.00469035	0	0
8210	0.00468521	0	0
8209	0.00468006	0	0
8208	0.0046749	0	0
8207	0.00466973	0	0
8206	0.00466455	0	0
8205	0.00465936	0	0
8204	0.00465416	0	0
8203	0.00464895	0	0
8202	0.00464374	0	0
8201	0.00463851	0	0
8200	0.00463328	0	0
8199	0.00462803	0	0
8198	0.00462278	0	0
8197	0.00461752	0	0
8196	0.00461225	0	0
8195	0.00460697	0	0
8194	0.00460168	0	0
8193	0.00459638	0	0
8192	0.00459108	0	0
8191	0.00458576	0	0
8190	0.00458044	0	0
8189	0.0045751	0	0
8188	0.00456976	0	0
8187	0.00456441	0	0
8186	0.00455905	0	0
8185	0.00455369	0	0
8184	0.00454831	0	0
8183	0.00454292	0	0
8182	0.00453753	0	0
8181	0.00453213	0	0
8180	0.00452672	0	0
8179	0.0045213	0	0
8178	0.00451587	0	0
8177	0.00451043	0	0
8176	0.00450499	0	0
8175	0.00449953	0	0
8174	0.00449407	0	0
8173	0.0044886	0	0
8172	0.00448312	0	0
8171	0.00447763	0	0
8170	0.00447213	0	0
8169	0.00446663	0	0
8168	0.00446112	0	0
8167	0.0044556	0	0
8166	0.00445007	0	0
8165	0.00444453	0	0
8164	0.00443898	0	0
8163	0.00443343	0	0
8162	0.00442787	0	0
8161	0.00442229	0	0
8160	0.00441672	0	0
8159	0.00441113	0	0
8158	0.00440553	0	0
8157	0.00439993	0	0
8156	0.00439432	0	0
8155	0.0043887	0	0
8154	0.00438307	0	0
8153	0.00437744	0	0
8152	0.00437179	0	0
8151	0.00436614	0	0
8150	0.00436048	0	0
8149	0.00435481	0	0
8148	0.00434914	0	0
8147	0.00434345	0	0
8146	0.00433776	0	0
8145	0.00433206	0	0
8144	0.00432636	0	0
8143	0.00432064	0	0
8142	0.00431492	0	0
8141	0.00430919	0	0
8140	0.00430345	0	0
8139	0.00429771	0	0
8138	0.00429196	0	0
8137	0.00428619	0	0
8136	0.00428043	0	0
8135	0.00427465	0	0
8134	0.00426887	0	0
8133	0.00426308	0	0
8132	0.00425728	0	0
8131	0.00425147	0	0
8130	0.00424566	0	0
8129	0.00423984	0	0
8128	0.00423401	0	0
8127	0.00422817	0	0
8126	0.00422233	0	0
8125	0.00421648	0	0
8124	0.00421062	0	0
8123	0.00420476	0	0
8122	0.00419888	0	0
8121	0.004193	0	0
8120	0.00418712	0	0
8119	0.00418122	0	0
8118	0.00417532	0	0
8117	0.00416941	0	0
8116	0.0041635	0	0
8115	0.00415757	0	0
8114	0.00415164	0	0
8113	0.00414571	0	0
8112	0.00413976	0	0
8111	0.00413381	0	0
8110	0.00412785	0	0
8109	0.00412189	0	0
8108	0.00411591	0	0
8107	0.00410994	0	0
8106	0.00410395	0	0
8105	0.00409796	0	0
8104	0.00409196	0	0
8103	0.00408595	0	0
8102	0.00407994	0	0
8101	0.00407392	0	0
8100	0.00406789	0	0
8099	0.00406186	0	0
8098	0.00405582	0	0
8097	0.00404977	0	0
8096	0.00404372	0	0
8095	0.00403766	0	0
8094	0.00403159	0	0
8093	0.00402552	0	0
8092	0.00401944	0	0
8091	0.00401335	0	0
8090	0.00400726	0	0
8089	0.00400116	0	0
8088	0.00399505	0	0
8087	0.00398894	0	0
8086	0.00398282	0	0
8085	0.00397669	0	0
8084	0.00397056	0	0
8083	0.00396442	0	0
8082	0.00395828	0	0
8081	0.00395213	0	0
8080	0.00394597	0	0
8079	0.00393981	0	0
8078	0.00393364	0	0
8077	0.00392746	0	0
8076	0.00392128	0	0
8075	0.00391509	0	0
8074	0.0039089	0	0
8073	0.0039027	0	0
8072	0.00389649	0	0
8071	0.00389028	0	0
8070	0.00388406	0	0
8069	0.00387784	0	0
8068	0.00387161	0	0
8067	0.00386537	0	0
8066	0.00385913	0	0
8065	0.00385288	0	0
8064	0.00384663	0	0
8063	0.00384037	0	0
8062	0.0038341	0	0
8061	0.00382783	0	0
8060	0.00382156	0	0
8059	0.00381527	0	0
8058	0.00380898	0	0
8057	0.00380269	0	0
8056	0.00379639	0	0
8055	0.00379008	0	0
8054	0.00378377	0	0
8053	0.00377746	0	0
8052	0.00377113	0	0
8051	0.00376481	0	0
8050	0.00375847	0	0
8049	0.00375213	0	0
8048	0.00374579	0	0
8047	0.00373944	0	0
8046	0.00373308	0	0
8045	0.00372672	0	0
8044	0.00372036	0	0
8043	0.00371399	0	0
8042	0.00370761	0	0
8041	0.00370123	0	0
8040	0.00369484	0	0
8039	0.00368845	0	0
8038	0.00368205	0	0
8037	0.00367565	0	0
8036	0.00366924	0	0
8035	0.00366283	0	0
8034	0.00365641	0	0
8033	0.00364999	0	0
8032	0.00364356	0	0
8031	0.00363713	0	0
8030	0.00363069	0	0
8029	0.00362424	0	0
8028	0.0036178	0	0
8027	0.00361134	0	0
8026	0.00360488	0	0
8025	0.00359842	0	0
8024	0.00359195	0	0
8023	0.00358548	0	0
8022	0.003579	0	0
8021	0.00357252	0	0
8020	0.00356603	0	0
8019	0.00355954	0	0
8018	0.00355305	0	0
8017	0.00354655	0	0
8016	0.00354004	0	0
8015	0.00353353	0	0
8014	0.00352701	0	0
8013	0.0035205	0	0
8012	0.00351397	0	0
8011	0.00350744	0	0
8010	0.00350091	0	0
8009	0.00349437	0	0
8008	0.00348783	0	0
8007	0.00348128	0	0
8006	0.00347473	0	0
8005	0.00346818	0	0
8004	0.00346162	0	0
8003	0.00345506	0	0
8002	0.00344849	0	0
8001	0.00344192	0	0
8000	0.00343534	0	0
7999	0.00342876	0	0
7998	0.00342217	0	0
7997	0.00341559	0	0
7996	0.00340899	0	0
7995	0.0034024	0	0
7994	0.00339579	0	0
7993	0.00338919	0	0
7992	0.00338258	0	0
7991	0.00337597	0	0
7990	0.00336935	0	0
7989	0.00336273	0	0
7988	0.0033561	0	0
7987	0.00334947	0	0
7986	0.00334284	0	0
7985	0.00333621	0	0
7984	0.00332956	0	0
7983	0.00332292	0	0
7982	0.00331627	0	0
7981	0.00330962	0	0
7980	0.00330297	0	0
7979	0.00329631	0	0
7978	0.00328964	0	0
7977	0.00328298	0	0
7976	0.00327631	0	0
7975	0.00326963	0	0
7974	0.00326296	0	0
7973	0.00325628	0	0
7972	0.00324959	0	0
7971	0.00324291	0	0
7970	0.00323621	0	0
7969	0.00322952	0	0
7968	0.00322282	0	0
7967	0.00321612	0	0
7966	0.00320942	0	0
7965	0.00320271	0	0
7964	0.003196	0	0
7963	0.00318929	0	0
7962	0.00318257	0	0
7961	0.00317585	0	0
7960	0.00316912	0	0
7959	0.0031624	0	0
7958	0.00315567	0	0
7957	0.00314893	0	0
7956	0.0031422	0	0
7955	0.00313546	0	0
7954	0.00312872	0	0
7953	0.00312197	0	0
7952	0.00311522	0	0
7951	0.00310847	0	0
7950	0.00310172	0	0
7949	0.00309496	0	0
7948	0.0030882	0	0
7947	0.00308144	0	0
7946	0.00307467	0	0
7945	0.0030679	0	0
7944	0.00306113	0	0
7943	0.00305436	0	0
7942	0.00304758	0	0
7941	0.0030408	0	0
7940	0.00303402	0	0
7939	0.00302724	0	0
7938	0.00302045	0	0
7937	0.00301366	0	0
7936	0.00300687	0	0
7935	0.00300008	0	0
7934	0.00299328	0	0
7933	0.00298648	0	0
7932	0.00297968	0	0
7931	0.00297287	0	0
7930	0.00296607	0	0
7929	0.00295926	0	0
7928	0.00295245	0	0
7927	0.00294563	0	0
7926	0.00293882	0	0
7925	0.002932	0	0
7924	0.00292518	0	0
7923	0.00291836	0	0
7922	0.00291153	0	0
7921	0.0029047	0	0
7920	0.00289788	0	0
7919	0.00289104	0	0
7918	0.00288421	0	0
7917	0.00287738	0	0
7916	0.00287054	0	0
7915	0.0028637	0	0
7914	0.00285686	0	0
7913	0.00285002	0	0
7912	0.00284317	0	0
7911	0.00283633	0	0
7910	0.00282948	0	0
7909	0.00282263	0	0
7908	0.00281577	0	0
7907	0.00280892	0	0
7906	0.00280207	0	0
7905	0.00279521	0	0
7904	0.00278835	0	0
7903	0.00278149	0	0
7902	0.00277463	0	0
7901	0.00276776	0	0
7900	0.0027609	0	0
7899	0.00275403	0	0
7898	0.00274716	0	0
7897	0.00274029	0	0
7896	0.00273342	0	0
7895	0.00272655	0	0
7894	0.00271967	0	0
7893	0.0027128	0	0
7892	0.00270592	0	0
7891	0.00269904	0	0
7890	0.00269216	0	0
7889	0.00268528	0	0
7888	0.0026784	0	0
7887	0.00267152	0	0
7886	0.00266463	0	0
7885	0.00265775	0	0
7884	0.00265086	0	0
7883	0.00264397	0	0
7882	0.00263708	0	0
7881	0.00263019	0	0
7880	0.0026233	0	0
7879	0.00261641	0	0
7878	0.00260951	0	0
7877	0.00260262	0	0
7876	0.00259573	0	0
7875	0.00258883	0	0
7874	0.00258193	0	0
7873	0.00257503	0	0
7872	0.00256814	0	0
7871	0.00256124	0	0
7870	0.00255434	0	0
7869	0.00254744	0	0
7868	0.00254053	0	0
7867	0.00253363	0	0
7866	0.00252673	0	0
7865	0.00251983	0	0
7864	0.00251292	0	0
7863	0.00250602	0	0
7862	0.00249911	0	0
7861	0.00249221	0	0
7860	0.0024853	0	0
7859	0.00247839	0	0
7858	0.00247149	0	0
7857	0.00246458	0	0
7856	0.00245767	0	0
7855	0.00245076	0	0
7854	0.00244385	0	0
7853	0.00243694	0	0
7852	0.00243003	0	0
7851	0.00242312	0	0
7850	0.00241621	0	0
7849	0.0024093	0	0
7848	0.00240239	0	0
7847	0.00239548	0	0
7846	0.00238857	0	0
7845	0.00238166	0	0
7844	0.00237475	0	0
7843	0.00236784	0	0
7842	0.00236093	0	0
7841	0.00235402	0	0
7840	0.00234711	0	0
7839	0.0023402	0	0
7838	0.00233329	0	0
7837	0.00232638	0	0
7836	0.00231947	0	0
7835	0.00231256	0	0
7834	0.00230565	0	0
7833	0.00229874	0	0
7832	0.00229183	0	0
7831	0.00228492	0	0
7830	0.00227801	0	0
7829	0.0022711	0	0
7828	0.00226419	0	0
7827	0.00225728	0	0
7826	0.00225038	0	0
7825	0.00224347	0	0
7824	0.00223656	0	0
7823	0.00222966	0	0
7822	0.00222275	0	0
7821	0.00221585	0	0
7820	0.00220894	0	0
7819	0.00220204	0	0
7818	0.00219514	0	0
7817	0.00218823	0	0
7816	0.00218133	0	0
7815	0.00217443	0	0
7814	0.00216753	0	0
7813	0.00216063	0	0
7812	0.00215373	0	0
7811	0.00214683	0	0
7810	0.00213994	0	0
7809	0.00213304	0	0
7808	0.00212614	0	0
7807	0.00211925	0	0
7806	0.00211236	0	0
7805	0.00210546	0	0
7804	0.00209857	0	0
7803	0.00209168	0	0
7802	0.00208479	0	0
7801	0.0020779	0	0
7800	0.00207102	0	0
7799	0.00206413	0	0
7798	0.00205724	0	0
7797	0.00205036	0	0
7796	0.00204348	0	0
7795	0.0020366	0	0
7794	0.00202972	0	0
7793	0.00202284	0	0
7792	0.00201596	0	0
7791	0.00200908	0	0
7790	0.00200221	0	0
7789	0.00199533	0	0
7788	0.00198846	0	0
7787	0.00198159	0	0
7786	0.00197472	0	0
7785	0.00196786	0	0
7784	0.00196099	0	0
7783	0.00195412	0	0
7782	0.00194726	0	0
7781	0.0019404	0	0
7780	0.00193354	0	0
7779	0.00192668	0	0
7778	0.00191983	0	0
7777	0.00191297	0	0
7776	0.00190612	0	0
7775	0.00189927	0	0
7774	0.00189242	0	0
7773	0.00188557	0	0
7772	0.00187873	0	0
7771	0.00187188	0	0
7770	0.00186504	0	0
7769	0.0018582	0	0
7768	0.00185136	0	0
7767	0.00184453	0	0
7766	0.00183769	0	0
7765	0.00183086	0	0
7764	0.00182403	0	0
7763	0.0018172	0	0
7762	0.00181038	0	0
7761	0.00180355	0	0
7760	0.00179673	0	0
7759	0.00178991	0	0
7758	0.0017831	0	0
7757	0.00177628	0	0
7756	0.00176947	0	0
7755	0.00176266	0	0
7754	0.00175585	0	0
7753	0.00174905	0	0
7752	0.00174224	0	0
7751	0.00173544	0	0
7750	0.00172865	0	0
7749	0.00172185	0	0
7748	0.00171506	0	0
7747	0.00170827	0	0
7746	0.00170148	0	0
7745	0.00169469	0	0
7744	0.00168791	0	0
7743	0.00168113	0	0
7742	0.00167435	0	0
7741	0.00166758	0	0
7740	0.00166081	0	0
7739	0.00165404	0	0
7738	0.00164727	0	0
7737	0.00164051	0	0
7736	0.00163375	0	0
7735	0.00162699	0	0
7734	0.00162023	0	0
7733	0.00161348	0	0
7732	0.00160673	0	0
7731	0.00159998	0	0
7730	0.00159324	0	0
7729	0.0015865	0	0
7728	0.00157976	0	0
7727	0.00157303	0	0
7726	0.0015663	0	0
7725	0.00155957	0	0
7724	0.00155284	0	0
7723	0.00154612	0	0
7722	0.0015394	0	0
7721	0.00153269	0	0
7720	0.00152598	0	0
7719	0.00151927	0	0
7718	0.00151256	0	0
7717	0.00150586	0	0
7716	0.00149916	0	0
7715	0.00149247	0	0
7714	0.00148577	0	0
7713	0.00147909	0	0
7712	0.0014724	0	0
7711	0.00146572	0	0
7710	0.00145904	0	0
7709	0.00145237	0	0
7708	0.00144569	0	0
7707	0.00143903	0	0
7706	0.00143236	0	0
7705	0.0014257	0	0
7704	0.00141905	0	0
7703	0.00141239	0	0
7702	0.00140575	0	0
7701	0.0013991	0	0
7700	0.00139246	0	0
7699	0.00138582	0	0
7698	0.00137919	0	0
7697	0.00137256	0	0
7696	0.00136593	0	0
7695	0.00135931	0	0
7694	0.00135269	0	0
7693	0.00134608	0	0
7692	0.00133947	0	0
7691	0.00133286	0	0
7690	0.00132626	0	0
7689	0.00131966	0	0
7688	0.00131307	0	0
7687	0.00130648	0	0
7686	0.00129989	0	0
7685	0.00129331	0	0
7684	0.00128674	0	0
7683	0.00128016	0	0
7682	0.0012736	0	0
7681	0.00126703	0	0
7680	0.00126047	0	0
7679	0.00125392	0	0
7678	0.00124737	0	0
7677	0.00124082	0	0
7676	0.00123428	0	0
7675	0.00122774	0	0
7674	0.00122121	0	0
7673	0.00121468	0	0
7672	0.00120815	0	0
7671	0.00120163	0	0
7670	0.00119512	0	0
7669	0.00118861	0	0
7668	0.0011821	0	0
7667	0.0011756	0	0
7666	0.00116911	0	0
7665	0.00116262	0	0
7664	0.00115613	0	0
7663	0.00114965	0	0
7662	0.00114317	0	0
7661	0.0011367	0	0
7660	0.00113023	0	0
7659	0.00112377	0	0
7658	0.00111731	0	0
7657	0.00111086	0	0
7656	0.00110441	0	0
7655	0.00109797	0	0
7654	0.00109153	0	0
7653	0.0010851	0	0
7652	0.00107868	0	0
7651	0.00107225	0	0
7650	0.00106584	0	0
7649	0.00105943	0	0
7648	0.00105302	0	0
7647	0.00104662	0	0
7646	0.00104022	0	0
7645	0.00103383	0	0
7644	0.00102745	0	0
7643	0.00102107	0	0
7642	0.00101469	0	0
7641	0.00100832	0	0
7640	0.00100196	0	0
7639	0.000995602	0	0
7638	0.000989249	0	0
7637	0.000982902	0	0
7636	0.000976561	0	0
7635	0.000970225	0	0
7634	0.000963895	0	0
7633	0.00095757	0	0
7632	0.000951251	0	0
7631	0.000944937	0	0
7630	0.00093863	0	0
7629	0.000932328	0	0
7628	0.000926032	0	0
7627	0.000919741	0	0
7626	0.000913457	0	0
7625	0.000907178	0	0
7624	0.000900905	0	0
7623	0.000894639	0	0
7622	0.000888378	0	0
7621	0.000882123	0	0
7620	0.000875874	0	0
7619	0.00086963	0	0
7618	0.000863393	0	0
7617	0.000857163	0	0
7616	0.000850938	0	0
7615	0.000844719	0	0
7614	0.000838506	0	0
7613	0.0008323	0	0
7612	0.0008261	0	0
7611	0.000819906	0	0
7610	0.000813718	0	0
7609	0.000807537	0	0
7608	0.000801361	0	0
7607	0.000795193	0	0
7606	0.00078903	0	0
7605	0.000782874	0	0
7604	0.000776724	0	0
7603	0.000770581	0	0
7602	0.000764444	0	0
7601	0.000758314	0	0
7600	0.00075219	0	0
7599	0.000746073	0	0
7598	0.000739962	0	0
7597	0.000733858	0	0
7596	0.000727761	0	0
7595	0.00072167	0	0
7594	0.000715586	0	0
7593	0.000709509	0	0
7592	0.000703438	0	0
7591	0.000697374	0	0
7590	0.000691317	0	0
7589	0.000685267	0	0
7588	0.000679223	0	0
7587	0.000673187	0	0
7586	0.000667157	0	0
7585	0.000661134	0	0
7584	0.000655118	0	0
7583	0.000649109	0	0
7582	0.000643107	0	0
7581	0.000637112	0	0
7580	0.000631125	0	0
7579	0.000625144	0	0
7578	0.00061917	0	0
7577	0.000613203	0	0
7576	0.000607244	0	0
7575	0.000601292	0	0
7574	0.000595347	0	0
7573	0.000589409	0	0
7572	0.000583478	0	0
7571	0.000577555	0	0
7570	0.000571639	0	0
7569	0.00056573	0	0
7568	0.000559829	0	0
7567	0.000553935	0	0
7566	0.000548048	0	0
7565	0.000542169	0	0
7564	0.000536298	0	0
7563	0.000530433	0	0
7562	0.000524577	0	0
7561	0.000518728	0	0
7560	0.000512886	0	0
7559	0.000507052	0	0
7558	0.000501225	0	0
7557	0.000495407	0	0
7556	0.000489596	0	0
7555	0.000483792	0	0
7554	0.000477996	0	0
7553	0.000472208	0	0
7552	0.000466428	0	0
7551	0.000460656	0	0
7550	0.000454891	0	0
7549	0.000449134	0	0
7548	0.000443385	0	0
7547	0.000437644	0	0
7546	0.000431911	0	0
7545	0.000426185	0	0
7544	0.000420468	0	0
7543	0.000414759	0	0
7542	0.000409057	0	0
7541	0.000403364	0	0
7540	0.000397679	0	0
7539	0.000392001	0	0
7538	0.000386332	0	0
7537	0.000380671	0	0
7536	0.000375018	0	0
7535	0.000369374	0	0
7534	0.000363737	0	0
7533	0.000358109	0	0
7532	0.000352489	0	0
7531	0.000346877	0	0
7530	0.000341274	0	0
7529	0.000335678	0	0
7528	0.000330092	0	0
7527	0.000324513	0	0
7526	0.000318943	0	0
7525	0.000313381	0	0
7524	0.000307828	0	0
7523	0.000302283	0	0
7522	0.000296747	0	0
7521	0.000291219	0	0
7520	0.0002857	0	0
7519	0.000280189	0	0
7518	0.000274687	0	0
7517	0.000269193	0	0
7516	0.000263709	0	0
7515	0.000258232	0	0
7514	0.000252765	0	0
7513	0.000247306	0	0
7512	0.000241856	0	0
7511	0.000236414	0	0
7510	0.000230981	0	0
7509	0.000225557	0	0
7508	0.000220142	0	0
7507	0.000214736	0	0
7506	0.000209339	0	0
7505	0.00020395	0	0
7504	0.00019857	0	0
7503	0.0001932	0	0
7502	0.000187838	0	0
7501	0.000182485	0	0
7500	0.000177141	0	0
7499	0.000171806	0	0
7498	0.000166481	0	0
7497	0.000161164	0	0
7496	0.000155856	0	0
7495	0.000150558	0	0
7494	0.000145268	0	0
7493	0.000139988	0	0
7492	0.000134717	0	0
7491	0.000129455	0	0
7490	0.000124202	0	0
7489	0.000118959	0	0
7488	0.000113724	0	0
7487	0.000108499	0	0
7486	0.000103284	0	0
7485	9.80775e-05	0	0
7484	9.28805e-05	0	0
7483	8.76929e-05	0	0
7482	8.25147e-05	0	0
7481	7.73459e-05	0	0
7480	7.21865e-05	0	0
7479	6.70366e-05	0	0
7478	6.18962e-05	0	0
7477	5.67652e-05	0	0
7476	5.16438e-05	0	0
7475	4.65319e-05	0	0
7474	4.14296e-05	0	0
7473	3.63369e-05	0	0
7472	3.12538e-05	0	0
7471	2.61803e-05	0	0
7470	2.11164e-05	0	0
7469	1.60622e-05	0	0
7468	1.10178e-05	0	0
7467	5.983e-06	0	0
7466	9.57962e-07	0	0
7465	-4.05732e-06	0	0
7464	-9.06282e-06	0	0
7463	-1.40585e-05	0	0
7462	-1.90444e-05	0	0
7461	-2.40205e-05	0	0
7460	-2.89867e-05	0	0
7459	-3.3943e-05	0	0
7458	-3.88894e-05	0	0
7457	-4.38258e-05	0	0
7456	-4.87524e-05	0	0
7455	-5.36689e-05	0	0
7454	-5.85755e-05	0	0
7453	-6.34721e-05	0	0
7452	-6.83587e-05	0	0
7451	-7.32352e-05	0	0
7450	-7.81016e-05	0	0
7449	-8.2958e-05	0	0
7448	-8.78042e-05	0	0
7447	-9.26403e-05	0	0
7446	-9.74663e-05	0	0
7445	-0.000102282	0	0
7444	-0.000107088	0	0
7443	-0.000111883	0	0
7442	-0.000116668	0	0
7441	-0.000121443	0	0
7440	-0.000126208	0	0
7439	-0.000130962	0	0
7438	-0.000135706	0	0
7437	-0.00014044	0	0
7436	-0.000145163	0	0
7435	-0.000149876	0	0
7434	-0.000154579	0	0
7433	-0.000159271	0	0
7432	-0.000163953	0	0
7431	-0.000168624	0	0
7430	-0.000173285	0	0
7429	-0.000177935	0	0
7428	-0.000182575	0	0
7427	-0.000187204	0	0
7426	-0.000191823	0	0
7425	-0.000196431	0	0
7424	-0.000201029	0	0
7423	-0.000205616	0	0
7422	-0.000210192	0	0
7421	-0.000214758	0	0
7420	-0.000219313	0	0
7419	-0.000223857	0	0
7418	-0.000228391	0	0
7417	-0.000232914	0	0
7416	-0.000237426	0	0
7415	-0.000241927	0	0
7414	-0.000246418	0	0
7413	-0.000250898	0	0
7412	-0.000255367	0	0
7411	-0.000259825	0	0
7410	-0.000264272	0	0
7409	-0.000268709	0	0
7408	-0.000273134	0	0
7407	-0.000277549	0	0
7406	-0.000281953	0	0
7405	-0.000286345	0	0
7404	-0.000290727	0	0
7403	-0.000295098	0	0
7402	-0.000299457	0	0
7401	-0.000303806	0	0
7400	-0.000308144	0	0
7399	-0.00031247	0	0
7398	-0.000316786	0	0
7397	-0.00032109	0	0
7396	-0.000325383	0	0
7395	-0.000329666	0	0
7394	-0.000333936	0	0
7393	-0.000338196	0	0
7392	-0.000342445	0	0
7391	-0.000346682	0	0
7390	-0.000350908	0	0
7389	-0.000355123	0	0
7388	-0.000359327	0	0
7387	-0.000363519	0	0
7386	-0.0003677	0	0
7385	-0.000371869	0	0
7384	-0.000376028	0	0
7383	-0.000380175	0	0
7382	-0.00038431	0	0
7381	-0.000388434	0	0
7380	-0.000392547	0	0
7379	-0.000396648	0	0
7378	-0.000400738	0	0
7377	-0.000404816	0	0
7376	-0.000408883	0	0
7375	-0.000412938	0	0
7374	-0.000416982	0	0
7373	-0.000421014	0	0
7372	-0.000425035	0	0
7371	-0.000429044	0	0
7370	-0.000433041	0	0
7369	-0.000437027	0	0
7368	-0.000441001	0	0
7367	-0.000444963	0	0
7366	-0.000448914	0	0
7365	-0.000452853	0	0
7364	-0.000456781	0	0
7363	-0.000460696	0	0
7362	-0.0004646	0	0
7361	-0.000468492	0	0
7360	-0.000472372	0	0
7359	-0.000476241	0	0
7358	-0.000480098	0	0
7357	-0.000483943	0	0
7356	-0.000487776	0	0
7355	-0.000491597	0	0
7354	-0.000495406	0	0
7353	-0.000499203	0	0
7352	-0.000502988	0	0
7351	-0.000506762	0	0
7350	-0.000510523	0	0
7349	-0.000514273	0	0
7348	-0.00051801	0	0
7347	-0.000521736	0	0
7346	-0.000525449	0	0
7345	-0.00052915	0	0
7344	-0.00053284	0	0
7343	-0.000536517	0	0
7342	-0.000540182	0	0
7341	-0.000543835	0	0
7340	-0.000547476	0	0
7339	-0.000551104	0	0
7338	-0.000554721	0	0
7337	-0.000558325	0	0
7336	-0.000561917	0	0
7335	-0.000565497	0	0
7334	-0.000569065	0	0
7333	-0.00057262	0	0
7332	-0.000576163	0	0
7331	-0.000579694	0	0
7330	-0.000583213	0	0
7329	-0.000586719	0	0
7328	-0.000590213	0	0
7327	-0.000593694	0	0
7326	-0.000597163	0	0
7325	-0.00060062	0	0
7324	-0.000604064	0	0
7323	-0.000607496	0	0
7322	-0.000610916	0	0
7321	-0.000614323	0	0
7320	-0.000617717	0	0
7319	-0.000621099	0	0
7318	-0.000624469	0	0
7317	-0.000627826	0	0
7316	-0.00063117	0	0
7315	-0.000634502	0	0
7314	-0.000637821	0	0
7313	-0.000641128	0	0
7312	-0.000644422	0	0
7311	-0.000647704	0	0
7310	-0.000650972	0	0
7309	-0.000654229	0	0
7308	-0.000657472	0	0
7307	-0.000660703	0	0
7306	-0.000663921	0	0
7305	-0.000667127	0	0
7304	-0.00067032	0	0
7303	-0.0006735	0	0
7302	-0.000676667	0	0
7301	-0.000679821	0	0
7300	-0.000682963	0	0
7299	-0.000686092	0	0
7298	-0.000689208	0	0
7297	-0.000692311	0	0
7296	-0.000695402	0	0
7295	-0.000698479	0	0
7294	-0.000701544	0	0
7293	-0.000704596	0	0
7292	-0.000707635	0	0
7291	-0.000710661	0	0
7290	-0.000713674	0	0
7289	-0.000716674	0	0
7288	-0.000719661	0	0
7287	-0.000722635	0	0
7286	-0.000725596	0	0
7285	-0.000728544	0	0
7284	-0.00073148	0	0
7283	-0.000734402	0	0
7282	-0.000737311	0	0
7281	-0.000740207	0	0
7280	-0.00074309	0	0
7279	-0.00074596	0	0
7278	-0.000748816	0	0
7277	-0.00075166	0	0
7276	-0.00075449	0	0
7275	-0.000757308	0	0
7274	-0.000760112	0	0
7273	-0.000762903	0	0
7272	-0.000765681	0	0
7271	-0.000768446	0	0
7270	-0.000771197	0	0
7269	-0.000773936	0	0
7268	-0.000776661	0	0
7267	-0.000779372	0	0
7266	-0.000782071	0	0
7265	-0.000784756	0	0
7264	-0.000787428	0	0
7263	-0.000790087	0	0
7262	-0.000792733	0	0
7261	-0.000795365	0	0
7260	-0.000797984	0	0
7259	-0.000800589	0	0
7258	-0.000803181	0	0
7257	-0.00080576	0	0
7256	-0.000808326	0	0
7255	-0.000810878	0	0
7254	-0.000813416	0	0
7253	-0.000815942	0	0
7252	-0.000818453	0	0
7251	-0.000820952	0	0
7250	-0.000823437	0	0
7249	-0.000825909	0	0
7248	-0.000828367	0	0
7247	-0.000830812	0	0
7246	-0.000833243	0	0
7245	-0.000835661	0	0
7244	-0.000838065	0	0
7243	-0.000840456	0	0
7242	-0.000842833	0	0
7241	-0.000845197	0	0
7240	-0.000847547	0	0
7239	-0.000849884	0	0
7238	-0.000852208	0	0
7237	-0.000854517	0	0
7236	-0.000856814	0	0
7235	-0.000859096	0	0
7234	-0.000861365	0	0
7233	-0.000863621	0	0
7232	-0.000865863	0	0
7231	-0.000868091	0	0
7230	-0.000870306	0	0
7229	-0.000872507	0	0
7228	-0.000874694	0	0
7227	-0.000876868	0	0
7226	-0.000879028	0	0
7225	-0.000881175	0	0
7224	-0.000883308	0	0
7223	-0.000885427	0	0
7222	-0.000887533	0	0
7221	-0.000889625	0	0
7220	-0.000891703	0	0
7219	-0.000893768	0	0
7218	-0.000895819	0	0
7217	-0.000897856	0	0
7216	-0.000899879	0	0
7215	-0.000901889	0	0
7214	-0.000903885	0	0
7213	-0.000905868	0	0
7212	-0.000907836	0	0
7211	-0.000909791	0	0
7210	-0.000911732	0	0
7209	-0.00091366	0	0
7208	-0.000915573	0	0
7207	-0.000917473	0	0
7206	-0.000919359	0	0
7205	-0.000921232	0	0
7204	-0.00092309	0	0
7203	-0.000924935	0	0
7202	-0.000926766	0	0
7201	-0.000928583	0	0
7200	-0.000930386	0	0
7199	-0.000932176	0	0
7198	-0.000933951	0	0
7197	-0.000935713	0	0
7196	-0.000937461	0	0
7195	-0.000939195	0	0
7194	-0.000940916	0	0
7193	-0.000942622	0	0
7192	-0.000944315	0	0
7191	-0.000945993	0	0
7190	-0.000947658	0	0
7189	-0.000949309	0	0
7188	-0.000950946	0	0
7187	-0.000952569	0	0
7186	-0.000954179	0	0
7185	-0.000955774	0	0
7184	-0.000957355	0	0
7183	-0.000958923	0	0
7182	-0.000960476	0	0
7181	-0.000962016	0	0
7180	-0.000963541	0	0
7179	-0.000965053	0	0
7178	-0.000966551	0	0
7177	-0.000968035	0	0
7176	-0.000969504	0	0
7175	-0.00097096	0	0
7174	-0.000972402	0	0
7173	-0.00097383	0	0
7172	-0.000975243	0	0
7171	-0.000976643	0	0
7170	-0.000978029	0	0
7169	-0.000979401	0	0
7168	-0.000980758	0	0
7167	-0.000982102	0	0
7166	-0.000983431	0	0
7165	-0.000984747	0	0
7164	-0.000986048	0	0
7163	-0.000987336	0	0
7162	-0.000988609	0	0
7161	-0.000989868	0	0
7160	-0.000991114	0	0
7159	-0.000992345	0	0
7158	-0.000993561	0	0
7157	-0.000994764	0	0
7156	-0.000995953	0	0
7155	-0.000997128	0	0
7154	-0.000998288	0	0
7153	-0.000999434	0	0
7152	-0.00100057	0	0
7151	-0.00100168	0	0
7150	-0.00100279	0	0
7149	-0.00100388	0	0
7148	-0.00100495	0	0
7147	-0.00100601	0	0
7146	-0.00100706	0	0
7145	-0.00100809	0	0
7144	-0.00100911	0	0
7143	-0.00101012	0	0
7142	-0.00101111	0	0
7141	-0.00101208	0	0
7140	-0.00101305	0	0
7139	-0.00101399	0	0
7138	-0.00101493	0	0
7137	-0.00101585	0	0
7136	-0.00101675	0	0
7135	-0.00101764	0	0
7134	-0.00101852	0	0
7133	-0.00101938	0	0
7132	-0.00102023	0	0
7131	-0.00102106	0	0
7130	-0.00102188	0	0
7129	-0.00102269	0	0
7128	-0.00102348	0	0
7127	-0.00102426	0	0
7126	-0.00102502	0	0
7125	-0.00102577	0	0
7124	-0.0010265	0	0
7123	-0.00102722	0	0
7122	-0.00102793	0	0
7121	-0.00102862	0	0
7120	-0.0010293	0	0
7119	-0.00102996	0	0
7118	-0.00103061	0	0
7117	-0.00103124	0	0
7116	-0.00103186	0	0
7115	-0.00103247	0	0
7114	-0.00103306	0	0
7113	-0.00103364	0	0
7112	-0.0010342	0	0
7111	-0.00103475	0	0
7110	-0.00103528	0	0
7109	-0.00103581	0	0
7108	-0.00103631	0	0
7107	-0.0010368	0	0
7106	-0.00103728	0	0
7105	-0.00103775	0	0
7104	-0.00103819	0	0
7103	-0.00103863	0	0
7102	-0.00103905	0	0
7101	-0.00103946	0	0
7100	-0.00103985	0	0
7099	-0.00104023	0	0
7098	-0.00104059	0	0
7097	-0.00104094	0	0
7096	-0.00104128	0	0
7095	-0.0010416	0	0
7094	-0.00104191	0	0
7093	-0.00104221	0	0
7092	-0.00104248	0	0
7091	-0.00104275	0	0
7090	-0.001043	0	0
7089	-0.00104324	0	0
7088	-0.00104346	0	0
7087	-0.00104367	0	0
7086	-0.00104387	0	0
7085	-0.00104405	0	0
7084	-0.00104422	0	0
7083	-0.00104437	0	0
7082	-0.00104451	0	0
7081	-0.00104464	0	0
7080	-0.00104475	0	0
7079	-0.00104484	0	0
7078	-0.00104493	0	0
7077	-0.001045	0	0
7076	-0.00104505	0	0
7075	-0.00104509	0	0
7074	-0.00104512	0	0
7073	-0.00104514	0	0
7072	-0.00104514	0	0
7071	-0.00104512	0	0
7070	-0.00104509	0	0
7069	-0.00104505	0	0
7068	-0.001045	0	0
7067	-0.00104493	0	0
7066	-0.00104485	0	0
7065	-0.00104475	0	0
7064	-0.00104464	0	0
7063	-0.00104451	0	0
7062	-0.00104437	0	0
7061	-0.00104422	0	0
7060	-0.00104406	0	0
7059	-0.00104388	0	0
7058	-0.00104368	0	0
7057	-0.00104348	0	0
7056	-0.00104326	0	0
7055	-0.00104302	0	0
7054	-0.00104277	0	0
7053	-0.00104251	0	0
7052	-0.00104224	0	0
7051	-0.00104195	0	0
7050	-0.00104164	0	0
7049	-0.00104133	0	0
7048	-0.001041	0	0
7047	-0.00104065	0	0
7046	-0.0010403	0	0
7045	-0.00103993	0	0
7044	-0.00103954	0	0
7043	-0.00103914	0	0
7042	-0.00103873	0	0
7041	-0.00103831	0	0
7040	-0.00103787	0	0
7039	-0.00103742	0	0
7038	-0.00103695	0	0
7037	-0.00103647	0	0
7036	-0.00103598	0	0
7035	-0.00103548	0	0
7034	-0.00103496	0	0
7033	-0.00103442	0	0
7032	-0.00103388	0	0
7031	-0.00103332	0	0
7030	-0.00103275	0	0
7029	-0.00103216	0	0
7028	-0.00103156	0	0
7027	-0.00103095	0	0
7026	-0.00103032	0	0
7025	-0.00102969	0	0
7024	-0.00102903	0	0
7023	-0.00102837	0	0
7022	-0.00102769	0	0
7021	-0.001027	0	0
7020	-0.00102629	0	0
7019	-0.00102558	0	0
7018	-0.00102485	0	0
7017	-0.0010241	0	0
7016	-0.00102335	0	0
7015	-0.00102258	0	0
7014	-0.0010218	0	0
7013	-0.001021	0	0
7012	-0.00102019	0	0
7011	-0.00101937	0	0
7010	-0.00101854	0	0
7009	-0.00101769	0	0
7008	-0.00101683	0	0
7007	-0.00101596	0	0
7006	-0.00101508	0	0
7005	-0.00101418	0	0
7004	-0.00101328	0	0
7003	-0.00101235	0	0
7002	-0.00101142	0	0
7001	-0.00101047	0	0
7000	-0.00100952	0	0
6999	-0.00100855	0	0
6998	-0.00100756	0	0
6997	-0.00100657	0	0
6996	-0.00100556	0	0
6995	-0.00100454	0	0
6994	-0.00100351	0	0
6993	-0.00100247	0	0
6992	-0.00100141	0	0
6991	-0.00100035	0	0
6990	-0.000999268	0	0
6989	-0.000998178	0	0
6988	-0.000997076	0	0
6987	-0.000995963	0	0
6986	-0.000994837	0	0
6985	-0.000993701	0	0
6984	-0.000992552	0	0
6983	-0.000991393	0	0
6982	-0.000990222	0	0
6981	-0.000989039	0	0
6980	-0.000987846	0	0
6979	-0.000986641	0	0
6978	-0.000985425	0	0
6977	-0.000984198	0	0
6976	-0.00098296	0	0
6975	-0.000981711	0	0
6974	-0.000980451	0	0
6973	-0.00097918	0	0
6972	-0.000977898	0	0
6971	-0.000976606	0	0
6970	-0.000975302	0	0
6969	-0.000973989	0	0
6968	-0.000972664	0	0
6967	-0.000971329	0	0
6966	-0.000969984	0	0
6965	-0.000968628	0	0
6964	-0.000967262	0	0
6963	-0.000965886	0	0
6962	-0.0009645	0	0
6961	-0.000963103	0	0
6960	-0.000961696	0	0
6959	-0.00096028	0	0
6958	-0.000958853	0	0
6957	-0.000957417	0	0
6956	-0.00095597	0	0
6955	-0.000954514	0	0
6954	-0.000953049	0	0
6953	-0.000951573	0	0
6952	-0.000950089	0	0
6951	-0.000948594	0	0
6950	-0.000947091	0	0
6949	-0.000945578	0	0
6948	-0.000944056	0	0
6947	-0.000942525	0	0
6946	-0.000940985	0	0
6945	-0.000939436	0	0
6944	-0.000937878	0	0
6943	-0.000936311	0	0
6942	-0.000934735	0	0
6941	-0.000933151	0	0
6940	-0.000931558	0	0
6939	-0.000929957	0	0
6938	-0.000928348	0	0
6937	-0.00092673	0	0
6936	-0.000925104	0	0
6935	-0.00092347	0	0
6934	-0.000921829	0	0
6933	-0.000920179	0	0
6932	-0.000918521	0	0
6931	-0.000916856	0	0
6930	-0.000915184	0	0
6929	-0.000913503	0	0
6928	-0.000911816	0	0
6927	-0.000910121	0	0
6926	-0.000908419	0	0
6925	-0.00090671	0	0
6924	-0.000904995	0	0
6923	-0.000903272	0	0
6922	-0.000901543	0	0
6921	-0.000899807	0	0
6920	-0.000898064	0	0
6919	-0.000896315	0	0
6918	-0.00089456	0	0
6917	-0.000892799	0	0
6916	-0.000891031	0	0
6915	-0.000889258	0	0
6914	-0.000887479	0	0
6913	-0.000885694	0	0
6912	-0.000883903	0	0
6911	-0.000882107	0	0
6910	-0.000880306	0	0
6909	-0.000878499	0	0
6908	-0.000876687	0	0
6907	-0.00087487	0	0
6906	-0.000873048	0	0
6905	-0.000871221	0	0
6904	-0.000869389	0	0
6903	-0.000867552	0	0
6902	-0.000865711	0	0
6901	-0.000863866	0	0
6900	-0.000862016	0	0
6899	-0.000860162	0	0
6898	-0.000858303	0	0
6897	-0.000856441	0	0
6896	-0.000854575	0	0
6895	-0.000852705	0	0
6894	-0.000850831	0	0
6893	-0.000848953	0	0
6892	-0.000847072	0	0
6891	-0.000845188	0	0
6890	-0.0008433	0	0
6889	-0.000841409	0	0
6888	-0.000839515	0	0
6887	-0.000837618	0	0
6886	-0.000835717	0	0
6885	-0.000833815	0	0
6884	-0.000831909	0	0
6883	-0.000830001	0	0
6882	-0.00082809	0	0
6881	-0.000826177	0	0
6880	-0.000824261	0	0
6879	-0.000822344	0	0
6878	-0.000820424	0	0
6877	-0.000818502	0	0
6876	-0.000816579	0	0
6875	-0.000814653	0	0
6874	-0.000812726	0	0
6873	-0.000810798	0	0
6872	-0.000808867	0	0
6871	-0.000806936	0	0
6870	-0.000805003	0	0
6869	-0.000803069	0	0
6868	-0.000801134	0	0
6867	-0.000799197	0	0
6866	-0.00079726	0	0
6865	-0.000795322	0	0
6864	-0.000793383	0	0
6863	-0.000791444	0	0
6862	-0.000789504	0	0
6861	-0.000787563	0	0
6860	-0.000785622	0	0
6859	-0.000783681	0	0
6858	-0.000781739	0	0
6857	-0.000779797	0	0
6856	-0.000777854	0	0
6855	-0.000775912	0	0
6854	-0.00077397	0	0
6853	-0.000772027	0	0
6852	-0.000770085	0	0
6851	-0.000768143	0	0
6850	-0.000766201	0	0
6849	-0.000764259	0	0
6848	-0.000762317	0	0
6847	-0.000760376	0	0
6846	-0.000758435	0	0
6845	-0.000756495	0	0
6844	-0.000754555	0	0
6843	-0.000752615	0	0
6842	-0.000750676	0	0
6841	-0.000748738	0	0
6840	-0.0007468	0	0
6839	-0.000744863	0	0
6838	-0.000742927	0	0
6837	-0.000740991	0	0
6836	-0.000739056	0	0
6835	-0.000737122	0	0
6834	-0.000735189	0	0
6833	-0.000733256	0	0
6832	-0.000731325	0	0
6831	-0.000729394	0	0
6830	-0.000727464	0	0
6829	-0.000725536	0	0
6828	-0.000723608	0	0
6827	-0.000721682	0	0
6826	-0.000719756	0	0
6825	-0.000717832	0	0
6824	-0.000715909	0	0
6823	-0.000713988	0	0
6822	-0.000712067	0	0
6821	-0.000710148	0	0
6820	-0.00070823	0	0
6819	-0.000706314	0	0
6818	-0.000704399	0	0
6817	-0.000702486	0	0
6816	-0.000700574	0	0
6815	-0.000698664	0	0
6814	-0.000696755	0	0
6813	-0.000694848	0	0
6812	-0.000692943	0	0
6811	-0.00069104	0	0
6810	-0.000689138	0	0
6809	-0.000687239	0	0
6808	-0.000685341	0	0
6807	-0.000683446	0	0
6806	-0.000681552	0	0
6805	-0.000679661	0	0
6804	-0.000677772	0	0
6803	-0.000675886	0	0
6802	-0.000674001	0	0
6801	-0.00067212	0	0
6800	-0.000670241	0	0
6799	-0.000668365	0	0
6798	-0.000666491	0	0
6797	-0.000664621	0	0
6796	-0.000662753	0	0
6795	-0.000660889	0	0
6794	-0.000659028	0	0
6793	-0.00065717	0	0
6792	-0.000655316	0	0
6791	-0.000653466	0	0
6790	-0.00065162	0	0
6789	-0.000649777	0	0
6788	-0.000647939	0	0
6787	-0.000646105	0	0
6786	-0.000644276	0	0
6785	-0.000642451	0	0
6784	-0.000640631	0	0
6783	-0.000638816	0	0
6782	-0.000637006	0	0
6781	-0.000635202	0	0
6780	-0.000633403	0	0
6779	-0.00063161	0	0
6778	-0.000629823	0	0
6777	-0.000628042	0	0
6776	-0.000626268	0	0
6775	-0.0006245	0	0
6774	-0.00062274	0	0
6773	-0.000620986	0	0
6772	-0.00061924	0	0
6771	-0.000617502	0	0
6770	-0.000615772	0	0
6769	-0.000614049	0	0
6768	-0.000612336	0	0
6767	-0.000610631	0	0
6766	-0.000608935	0	0
6765	-0.000607249	0	0
6764	-0.000605572	0	0
6763	-0.000603905	0	0
6762	-0.000602249	0	0
6761	-0.000600603	0	0
6760	-0.000598968	0	0
6759	-0.000597344	0	0
6758	-0.000595732	0	0
6757	-0.000594133	0	0
6756	-0.000592545	0	0
6755	-0.000590971	0	0
6754	-0.00058941	0	0
6753	-0.000587862	0	0
6752	-0.000586328	0	0
6751	-0.000584809	0	0
6750	-0.000583305	0	0
6749	-0.000581817	0	0
6748	-0.000580344	0	0
6747	-0.000578887	0	0
6746	-0.000577447	0	0
6745	-0.000576025	0	0
6744	-0.000574621	0	0
6743	-0.000573235	0	0
6742	-0.000571868	0	0
6741	-0.000570521	0	0
6740	-0.000569194	0	0
6739	-0.000567887	0	0
6738	-0.000566602	0	0
6737	-0.00056534	0	0
6736	-0.0005641	0	0
6735	-0.000562884	0	0
6734	-0.000561691	0	0
6733	-0.000560524	0	0
6732	-0.000559383	0	0
6731	-0.000558269	0	0
6730	-0.000557182	0	0
6729	-0.000556123	0	0
6728	-0.000555093	0	0
6727	-0.000554094	0	0
6726	-0.000553126	0	0
6725	-0.000552191	0	0
6724	-0.000551289	0	0
6723	-0.000550421	0	0
6722	-0.000549589	0	0
6721	-0.000548793	0	0
6720	-0.000548036	0	0
6719	-0.000547318	0	0
6718	-0.000546641	0	0
6717	-0.000546006	0	0
6716	-0.000545415	0	0
6715	-0.000544869	0	0
6714	-0.000544369	0	0
6713	-0.000543918	0	0
6712	-0.000543517	0	0
6711	-0.000543169	0	0
6710	-0.000542874	0	0
6709	-0.000542635	0	0
6708	-0.000542453	0	0
6707	-0.000542332	0	0
6706	-0.000542273	0	0
6705	-0.000542279	0	0
6704	-0.000542352	0	0
6703	-0.000542495	0	0
6702	-0.000542709	0	0
6701	-0.000542999	0	0
6700	-0.000543367	0	0
6699	-0.000543816	0	0
6698	-0.000544348	0	0
6697	-0.000544969	0	0
6696	-0.00054568	0	0
6695	-0.000546485	0	0
6694	-0.000547388	0	0
6693	-0.000548393	0	0
6692	-0.000549504	0	0
6691	-0.000550724	0	0
6690	-0.000552059	0	0
6689	-0.000553512	0	0
6688	-0.000555089	0	0
6687	-0.000556794	0	0
6686	-0.000558631	0	0
6685	-0.000560606	0	0
6684	-0.000562724	0	0
6683	-0.00056499	0	0
6682	-0.00056741	0	0
6681	-0.000569989	0	0
6680	-0.000572732	0	0
6679	-0.000575646	0	0
6678	-0.000578736	0	0
6677	-0.000582007	0	0
6676	-0.000585465	0	0
6675	-0.000589115	0	0
6674	-0.000592964	0	0
6673	-0.000597015	0	0
6672	-0.000601274	0	0
6671	-0.000605746	0	0
6670	-0.000610433	0	0
6669	-0.00061534	0	0
6668	-0.000620469	0	0
6667	-0.000625822	0	0
6666	-0.0006314	0	0
6665	-0.000637202	0	0
6664	-0.000643227	0	0
6663	-0.000649472	0	0
6662	-0.000655932	0	0
6661	-0.0006626	0	0
6660	-0.000669468	0	0
6659	-0.000676523	0	0
6658	-0.000683752	0	0
6657	-0.000691138	0	0
6656	-0.000698661	0	0
6655	-0.000706299	0	0
6654	-0.000714026	0	0
6653	-0.000721811	0	0
6652	-0.000729622	0	0
6651	-0.000737422	0	0
6650	-0.000745172	0	0
6649	-0.000752829	0	0
6648	-0.000760347	0	0
6647	-0.000767679	0	0
6646	-0.000774775	0	0
6645	-0.000781586	0	0
6644	-0.000788059	0	0
6643	-0.000794144	0	0
6642	-0.000799794	0	0
6641	-0.00080496	0	0
6640	-0.000809601	0	0
6639	-0.000813676	0	0
6638	-0.000817152	0	0
6637	-0.000820001	0	0
6636	-0.000822201	0	0
6635	-0.000823737	0	0
6634	-0.000824602	0	0
6633	-0.000824793	0	0
6632	-0.000824318	0	0
6631	-0.000823188	0	0
6630	-0.000821421	0	0
6629	-0.000819041	0	0
6628	-0.000816074	0	0
6627	-0.00081255	0	0
6626	-0.000808503	0	0
6625	-0.000803968	0	0
6624	-0.000798978	0	0
6623	-0.00079357	0	0
6622	-0.000787779	0	0
6621	-0.000781638	0	0
6620	-0.000775182	0	0
6619	-0.000768441	0	0
6618	-0.000761447	0	0
6617	-0.000754231	0	0
6616	-0.000746822	0	0
6615	-0.00073925	0	0
6614	-0.000731542	0	0
6613	-0.000723729	0	0
6612	-0.00071584	0	0
6611	-0.000707902	0	0
6610	-0.000699945	0	0
6609	-0.000691998	0	0
6608	-0.000684089	0	0
6607	-0.000676245	0	0
6606	-0.000668493	0	0
6605	-0.000660858	0	0
6604	-0.000653363	0	0
6603	-0.000646032	0	0
6602	-0.000638882	0	0
6601	-0.000631934	0	0
6600	-0.000625203	0	0
6599	-0.000618702	0	0
6598	-0.000612445	0	0
6597	-0.000606441	0	0
6596	-0.0006007	0	0
6595	-0.000595227	0	0
6594	-0.000590028	0	0
6593	-0.000585108	0	0
6592	-0.000580469	0	0
6591	-0.000576114	0	0
6590	-0.000572043	0	0
6589	-0.000568259	0	0
6588	-0.00056476	0	0
6587	-0.000561547	0	0
6586	-0.000558618	0	0
6585	-0.000555975	0	0
6584	-0.000553615	0	0
6583	-0.000551539	0	0
6582	-0.000549745	0	0
6581	-0.000548234	0	0
6580	-0.000547004	0	0
6579	-0.000546058	0	0
6578	-0.000545394	0	0
6577	-0.000545013	0	0
6576	-0.000544917	0	0
6575	-0.000545107	0	0
6574	-0.000545586	0	0
6573	-0.000546355	0	0
6572	-0.000547418	0	0
6571	-0.000548777	0	0
6570	-0.000550438	0	0
6569	-0.000552404	0	0
6568	-0.000554681	0	0
6567	-0.000557274	0	0
6566	-0.00056019	0	0
6565	-0.000563435	0	0
6564	-0.000567018	0	0
6563	-0.000570946	0	0
6562	-0.000575229	0	0
6561	-0.000579876	0	0
6560	-0.000584897	0	0
6559	-0.000590305	0	0
6558	-0.000596111	0	0
6557	-0.000602328	0	0
6556	-0.000608971	0	0
6555	-0.000616054	0	0
6554	-0.000623593	0	0
6553	-0.000631605	0	0
6552	-0.000640107	0	0
6551	-0.00064912	0	0
6550	-0.000658663	0	0
6549	-0.000668757	0	0
6548	-0.000679426	0	0
6547	-0.000690693	0	0
6546	-0.000702584	0	0
6545	-0.000715125	0	0
6544	-0.000728344	0	0
6543	-0.000742272	0	0
6542	-0.000756939	0	0
6541	-0.000772377	0	0
6540	-0.000788621	0	0
6539	-0.000805708	0	0
6538	-0.000823673	0	0
6537	-0.000842556	0	0
6536	-0.000862397	0	0
6535	-0.000883237	0	0
6534	-0.000905121	0	0
6533	-0.000928091	0	0
6532	-0.000952193	0	0
6531	-0.000977473	0	0
6530	-0.00100398	0	0
6529	-0.00103175	0	0
6528	-0.00106084	0	0
6527	-0.00109129	0	0
6526	-0.00112314	0	0
6525	-0.00115644	0	0
6524	-0.00119122	0	0
6523	-0.00122751	0	0
6522	-0.00126534	0	0
6521	-0.00130473	0	0
6520	-0.00134569	0	0
6519	-0.00138821	0	0
6518	-0.00143228	0	0
6517	-0.00147788	0	0
6516	-0.00152493	0	0
6515	-0.00157339	0	0
6514	-0.00162314	0	0
6513	-0.00167406	0	0
6512	-0.00172601	0	0
6511	-0.00177877	0	0
6510	-0.00183214	0	0
6509	-0.00188583	0	0
6508	-0.00193955	0	0
6507	-0.00199293	0	0
6506	-0.0020456	0	0
6505	-0.0020971	0	0
6504	-0.00214698	0	0
6503	-0.00219474	0	0
6502	-0.00223985	0	0
6501	-0.00228178	0	0
6500	-0.00232	0	0
6499	-0.00235398	0	0
6498	-0.00238322	0	0
6497	-0.00240727	0	0
6496	-0.00242573	0	0
6495	-0.00243829	0	0
6494	-0.0024447	0	0
6493	-0.00244482	0	0
6492	-0.00243859	0	0
6491	-0.00242607	0	0
6490	-0.00240743	0	0
6489	-0.0023829	0	0
6488	-0.00235283	0	0
6487	-0.00231761	0	0
6486	-0.00227772	0	0
6485	-0.00223368	0	0
6484	-0.00218601	0	0
6483	-0.0021352	0	0
6482	-0.00208183	0	0
6481	-0.00202644	0	0
6480	-0.00196953	0	0
6479	-0.00191159	0	0
6478	-0.00185305	0	0
6477	-0.00179431	0	0
6476	-0.00173571	0	0
6475	-0.00167758	0	0
6474	-0.00162018	0	0
6473	-0.00156373	0	0
6472	-0.00150841	0	0
6471	-0.0014544	0	0
6470	-0.00140179	0	0
6469	-0.00135069	0	0
6468	-0.00130115	0	0
6467	-0.00125323	0	0
6466	-0.00120694	0	0
6465	-0.00116229	0	0
6464	-0.00111929	0	0
6463	-0.0010779	0	0
6462	-0.00103811	0	0
6461	-0.000999887	0	0
6460	-0.000963185	0	0
6459	-0.000927964	0	0
6458	-0.000894177	0	0
6457	-0.000861776	0	0
6456	-0.00083071	0	0
6455	-0.00080093	0	0
6454	-0.000772385	0	0
6453	-0.000745023	0	0
6452	-0.000718796	0	0
6451	-0.000693655	0	0
6450	-0.000669553	0	0
6449	-0.000646331	0	0
6448	-0.000623815	0	0
6447	-0.000602215	0	0
6446	-0.000581491	0	0
6445	-0.000561603	0	0
6444	-0.000542512	0	0
6443	-0.000524182	0	0
6442	-0.000506579	0	0
6441	-0.000489668	0	0
6440	-0.000473419	0	0
6439	-0.000457801	0	0
6438	-0.000442786	0	0
6437	-0.000428347	0	0
6436	-0.000414459	0	0
6435	-0.000401096	0	0
6434	-0.000388236	0	0
6433	-0.000375858	0	0
6432	-0.00036394	0	0
6431	-0.000352463	0	0
6430	-0.000341408	0	0
6429	-0.000330759	0	0
6428	-0.000320497	0	0
6427	-0.000310608	0	0
6426	-0.000301077	0	0
6425	-0.00029189	0	0
6424	-0.000283033	0	0
6423	-0.000274493	0	0
6422	-0.00026626	0	0
6421	-0.00025832	0	0
6420	-0.000250665	0	0
6419	-0.000243283	0	0
6418	-0.000236165	0	0
6417	-0.000229303	0	0
6416	-0.000222686	0	0
6415	-0.000216307	0	0
6414	-0.000210158	0	0
6413	-0.000204233	0	0
6412	-0.000198523	0	0
6411	-0.000193022	0	0
6410	-0.000187723	0	0
6409	-0.000182622	0	0
6408	-0.000177711	0	0
6407	-0.000172986	0	0
6406	-0.000168441	0	0
6405	-0.000164072	0	0
6404	-0.000159872	0	0
6403	-0.000155839	0	0
6402	-0.000151968	0	0
6401	-0.000148254	0	0
6400	-0.000144694	0	0
6399	-0.000141283	0	0
6398	-0.00013802	0	0
6397	-0.000134898	0	0
6396	-0.000131917	0	0
6395	-0.000129072	0	0
6394	-0.00012636	0	0
6393	-0.00012378	0	0
6392	-0.000121327	0	0
6391	-0.000118999	0	0
6390	-0.000116795	0	0
6389	-0.00011471	0	0
6388	-0.000112745	0	0
6387	-0.000110895	0	0
6386	-0.000109159	0	0
6385	-0.000107536	0	0
6384	-0.000106023	0	0
6383	-0.000104619	0	0
6382	-0.000103323	0	0
6381	-0.000102131	0	0
6380	-0.000101045	0	0
6379	-0.000100061	0	0
6378	-9.9179e-05	0	0
6377	-9.83978e-05	0	0
6376	-9.77165e-05	0	0
6375	-9.71341e-05	0	0
6374	-9.66498e-05	0	0
6373	-9.62629e-05	0	0
6372	-9.59728e-05	0	0
6371	-9.5779e-05	0	0
6370	-9.5681e-05	0	0
6369	-9.56785e-05	0	0
6368	-9.57712e-05	0	0
6367	-9.59587e-05	0	0
6366	-9.6241e-05	0	0
6365	-9.66179e-05	0	0
6364	-9.70892e-05	0	0
6363	-9.76549e-05	0	0
6362	-9.83148e-05	0	0
6361	-9.90688e-05	0	0
6360	-9.99167e-05	0	0
6359	-0.000100858	0	0
6358	-0.000101893	0	0
6357	-0.00010302	0	0
6356	-0.000104239	0	0
6355	-0.000105549	0	0
6354	-0.000106948	0	0
6353	-0.000108434	0	0
6352	-0.000110007	0	0
6351	-0.000111661	0	0
6350	-0.000113395	0	0
6349	-0.000115204	0	0
6348	-0.000117082	0	0
6347	-0.000119025	0	0
6346	-0.000121024	0	0
6345	-0.000123072	0	0
6344	-0.000125158	0	0
6343	-0.000127272	0	0
6342	-0.000129401	0	0
6341	-0.000131529	0	0
6340	-0.000133642	0	0
6339	-0.000135721	0	0
6338	-0.000137746	0	0
6337	-0.000139694	0	0
6336	-0.000141543	0	0
6335	-0.000143268	0	0
6334	-0.000144842	0	0
6333	-0.000146239	0	0
6332	-0.00014743	0	0
6331	-0.000148387	0	0
6330	-0.000149085	0	0
6329	-0.000149498	0	0
6328	-0.000149602	0	0
6327	-0.000149378	0	0
6326	-0.00014881	0	0
6325	-0.000147886	0	0
6324	-0.000146602	0	0
6323	-0.000144959	0	0
6322	-0.000142963	0	0
6321	-0.000140625	0	0
6320	-0.000137957	0	0
6319	-0.000134981	0	0
6318	-0.000131719	0	0
6317	-0.000128199	0	0
6316	-0.000124452	0	0
6315	-0.00012051	0	0
6314	-0.000116406	0	0
6313	-0.000112175	0	0
6312	-0.000107851	0	0
6311	-0.000103465	0	0
6310	-9.90488e-05	0	0
6309	-9.46301e-05	0	0
6308	-9.02353e-05	0	0
6307	-8.58875e-05	0	0
6306	-8.16072e-05	0	0
6305	-7.74118e-05	0	0
6304	-7.33162e-05	0	0
6303	-6.93324e-05	0	0
6302	-6.54702e-05	0	0
6301	-6.17368e-05	0	0
6300	-5.81377e-05	0	0
6299	-5.46763e-05	0	0
6298	-5.13547e-05	0	0
6297	-4.81734e-05	0	0
6296	-4.51318e-05	0	0
6295	-4.22285e-05	0	0
6294	-3.94612e-05	0	0
6293	-3.68269e-05	0	0
6292	-3.43222e-05	0	0
6291	-3.19434e-05	0	0
6290	-2.96864e-05	0	0
6289	-2.7547e-05	0	0
6288	-2.55209e-05	0	0
6287	-2.36037e-05	0	0
6286	-2.1791e-05	0	0
6285	-2.00787e-05	0	0
6284	-1.84624e-05	0	0
6283	-1.69381e-05	0	0
6282	-1.55018e-05	0	0
6281	-1.41497e-05	0	0
6280	-1.28781e-05	0	0
6279	-1.16836e-05	0	0
6278	-1.05627e-05	0	0
6277	-9.51233e-06	0	0
6276	-8.5295e-06	0	0
6275	-7.61137e-06	0	0
6274	-6.75527e-06	0	0
6273	-5.95871e-06	0	0
6272	-5.21934e-06	0	0
6271	-4.53498e-06	0	0
6270	-3.9036e-06	0	0
6269	-3.32332e-06	0	0
6268	-2.79242e-06	0	0
6267	-2.30932e-06	0	0
6266	-1.87264e-06	0	0
6265	-1.48114e-06	0	0
6264	-1.13381e-06	0	0
6263	-8.29896e-07	0	0
6262	-5.6898e-07	0	0
6261	-3.51187e-07	0	0
6260	-1.77562e-07	0	0
6259	-5.11487e-08	0	0
6258	1.8828e-08	0	0
6257	0	0	0
6256	0	0	0
6255	0	0	0
6254	0	0	0
6253	0	0	0
6252	0	0	0
6251	0	0	0
6250	0	0	0
6249	0	0	0
6248	0	0	0
6247	0	0	0
6246	0	0	0
6245	0	0	0
6244	0	0	0
6243	0	0	0
6242	0	0	0
6241	0	0	0
6240	0	0	0
6239	0	0	0
6238	0	0	0
6237	0	0	0
6236	0	0	0
6235	0	0	0
6234	0	0	0
6233	0	0	0
6232	0	0	0
6231	0	0	0
6230	0	0	0
6229	0	0	0
6228	0	0	0
6227	0	0	0
6226	0	0	0
6225	0	0	0
6224	0	0	0
6223	0	0	0
6222	0	0	0
6221	0	0	0
6220	0	0	0
6219	0	0	0
6218	0	0	0
6217	0	0	0
6216	0	0	0
6215	0	0	0
6214	0	0	0
6213	0	0	0
6212	0	0	0
6211	0	0	0
6210	0	0	0
6209	0	0	0
6208	0	0	0
6207	0	0	0
6206	0	0	0
6205	0	0	0
6204	0	0	0
6203	0	0	0
6202	0	0	0
6201	0	0	0
6200	0	0	0
6199	0	0	0
