3379	-nan	0	0
3378	-nan	0	0
3377	-nan	0	0
3376	-nan	0	0
3375	-nan	0	0
3374	-nan	0	0
3373	-nan	0	0
3372	-nan	0	0
3371	-nan	0	0
3370	-nan	0	0
3369	-nan	0	0
3368	-nan	0	0
3367	-nan	0	0
3366	-nan	0	0
3365	-nan	0	0
3364	-nan	0	0
3363	-nan	0	0
3362	-nan	0	0
3361	-nan	0	0
3360	-nan	0	0
3359	-nan	0	0
3358	-nan	0	0
3357	-nan	0	0
3356	-nan	0	0
3355	-nan	0	0
3354	-nan	0	0
3353	-nan	0	0
3352	-nan	0	0
3351	-nan	0	0
3350	-nan	0	0
3349	-nan	0	0
3348	-nan	0	0
3347	-nan	0	0
3346	-nan	0	0
3345	-nan	0	0
3344	-nan	0	0
3343	-nan	0	0
3342	-nan	0	0
3341	-nan	0	0
3340	-nan	0	0
3339	-nan	0	0
3338	-nan	0	0
3337	-nan	0	0
3336	-nan	0	0
3335	-nan	0	0
3334	-nan	0	0
3333	-nan	0	0
3332	-nan	0	0
3331	-nan	0	0
3330	-nan	0	0
3329	-nan	0	0
3328	-nan	0	0
3327	-nan	0	0
3326	-nan	0	0
3325	-nan	0	0
3324	-nan	0	0
3323	-nan	0	0
3322	-nan	0	0
3321	-nan	0	0
3320	-nan	0	0
3319	-nan	0	0
3318	-nan	0	0
3317	-nan	0	0
3316	-nan	0	0
3315	-nan	0	0
3314	-nan	0	0
3313	-nan	0	0
3312	-nan	0	0
3311	-nan	0	0
3310	-nan	0	0
3309	-nan	0	0
3308	-nan	0	0
3307	-nan	0	0
3306	-nan	0	0
3305	-nan	0	0
3304	-nan	0	0
3303	-nan	0	0
3302	-nan	0	0
3301	-nan	0	0
3300	-nan	0	0
3299	-nan	0	0
3298	-nan	0	0
3297	-nan	0	0
3296	-nan	0	0
3295	-nan	0	0
3294	-nan	0	0
3293	-nan	0	0
3292	-nan	0	0
3291	-nan	0	0
3290	-nan	0	0
3289	-nan	0	0
3288	-nan	0	0
3287	-nan	0	0
3286	-nan	0	0
3285	-nan	0	0
3284	-nan	0	0
3283	-nan	0	0
3282	-nan	0	0
3281	-nan	0	0
3280	-nan	0	0
3279	-nan	0	0
3278	-nan	0	0
3277	-nan	0	0
3276	-nan	0	0
3275	-nan	0	0
3274	-nan	0	0
3273	-nan	0	0
3272	-nan	0	0
3271	-nan	0	0
3270	-nan	0	0
3269	-nan	0	0
3268	-nan	0	0
3267	-nan	0	0
3266	-nan	0	0
3265	-nan	0	0
3264	-nan	0	0
3263	-nan	0	0
3262	-nan	0	0
3261	-nan	0	0
3260	-nan	0	0
3259	-nan	0	0
3258	-nan	0	0
3257	-nan	0	0
3256	-nan	0	0
3255	-nan	0	0
3254	-nan	0	0
3253	-nan	0	0
3252	-nan	0	0
3251	-nan	0	0
3250	-nan	0	0
3249	-nan	0	0
3248	-nan	0	0
3247	-nan	0	0
3246	-nan	0	0
3245	-nan	0	0
3244	-nan	0	0
3243	-nan	0	0
3242	-nan	0	0
3241	-nan	0	0
3240	-nan	0	0
3239	-nan	0	0
3238	-nan	0	0
3237	-nan	0	0
3236	-nan	0	0
3235	-nan	0	0
3234	-nan	0	0
3233	-nan	0	0
3232	-nan	0	0
3231	-nan	0	0
3230	-nan	0	0
3229	-nan	0	0
3228	-nan	0	0
3227	-nan	0	0
3226	-nan	0	0
3225	-nan	0	0
3224	-nan	0	0
3223	-nan	0	0
3222	-nan	0	0
3221	-nan	0	0
3220	-nan	0	0
3219	-nan	0	0
3218	-nan	0	0
3217	-nan	0	0
3216	-nan	0	0
3215	-nan	0	0
3214	-nan	0	0
3213	-nan	0	0
3212	-nan	0	0
3211	-nan	0	0
3210	-nan	0	0
3209	-nan	0	0
3208	-nan	0	0
3207	-nan	0	0
3206	-nan	0	0
3205	-nan	0	0
3204	-nan	0	0
3203	-nan	0	0
3202	-nan	0	0
3201	-nan	0	0
3200	-nan	0	0
3199	-nan	0	0
3198	-nan	0	0
3197	-nan	0	0
3196	-nan	0	0
3195	-nan	0	0
3194	-nan	0	0
3193	-nan	0	0
3192	-nan	0	0
3191	-nan	0	0
3190	-nan	0	0
3189	-nan	0	0
3188	-nan	0	0
3187	-nan	0	0
3186	-nan	0	0
3185	-nan	0	0
3184	-nan	0	0
3183	-nan	0	0
3182	-nan	0	0
3181	-nan	0	0
3180	-nan	0	0
3179	-nan	0	0
3178	-nan	0	0
3177	-nan	0	0
3176	-nan	0	0
3175	-nan	0	0
3174	-nan	0	0
3173	-nan	0	0
3172	-nan	0	0
3171	-nan	0	0
3170	-nan	0	0
3169	-nan	0	0
3168	-nan	0	0
3167	-nan	0	0
3166	-nan	0	0
3165	-nan	0	0
3164	-nan	0	0
3163	-nan	0	0
3162	-nan	0	0
3161	-nan	0	0
3160	-nan	0	0
3159	-nan	0	0
3158	-nan	0	0
3157	-nan	0	0
3156	-nan	0	0
3155	-nan	0	0
3154	-nan	0	0
3153	-nan	0	0
3152	-nan	0	0
3151	-nan	0	0
3150	-nan	0	0
3149	-nan	0	0
3148	-nan	0	0
3147	-nan	0	0
3146	-nan	0	0
3145	-nan	0	0
3144	-nan	0	0
3143	-nan	0	0
3142	-nan	0	0
3141	-nan	0	0
3140	-nan	0	0
3139	-nan	0	0
3138	-nan	0	0
3137	-nan	0	0
3136	-nan	0	0
3135	-nan	0	0
3134	-nan	0	0
3133	-nan	0	0
3132	-nan	0	0
3131	-nan	0	0
3130	-nan	0	0
3129	-nan	0	0
3128	-nan	0	0
3127	-nan	0	0
3126	-nan	0	0
3125	-nan	0	0
3124	-nan	0	0
3123	-nan	0	0
3122	-nan	0	0
3121	-nan	0	0
3120	-nan	0	0
3119	-nan	0	0
3118	-nan	0	0
3117	-nan	0	0
3116	-nan	0	0
3115	-nan	0	0
3114	-nan	0	0
3113	-nan	0	0
3112	-nan	0	0
3111	-nan	0	0
3110	-nan	0	0
3109	-nan	0	0
3108	-nan	0	0
3107	-nan	0	0
3106	-nan	0	0
3105	-nan	0	0
3104	-nan	0	0
3103	-nan	0	0
3102	-nan	0	0
3101	-nan	0	0
3100	-nan	0	0
3099	-nan	0	0
3098	-nan	0	0
3097	-nan	0	0
3096	-nan	0	0
3095	-nan	0	0
3094	-nan	0	0
3093	-nan	0	0
3092	-nan	0	0
3091	-nan	0	0
3090	-nan	0	0
3089	-nan	0	0
3088	-nan	0	0
3087	-nan	0	0
3086	-nan	0	0
3085	-nan	0	0
3084	-nan	0	0
3083	-nan	0	0
3082	-nan	0	0
3081	-nan	0	0
3080	-nan	0	0
3079	-nan	0	0
3078	-nan	0	0
3077	494.397	0	0
3076	495.559	0	0
3075	496.721	0	0
3074	497.885	0	0
3073	499.049	0	0
3072	500.213	0	0
3071	501.379	0	0
3070	502.545	0	0
3069	503.712	0	0
3068	504.88	0	0
3067	506.049	0	0
3066	473.095	0	0
3065	474.154	0	0
3064	475.214	0	0
3063	476.274	0	0
3062	477.335	0	0
3061	478.397	0	0
3060	479.459	0	0
3059	480.523	0	0
3058	481.586	0	0
3057	482.651	0	0
3056	483.716	0	0
3055	484.782	0	0
3054	485.848	0	0
3053	486.916	0	0
3052	487.983	0	0
3051	458.286	0	0
3050	459.258	0	0
3049	460.232	0	0
3048	461.205	0	0
3047	462.18	0	0
3046	463.155	0	0
3045	464.13	0	0
3044	465.106	0	0
3043	466.083	0	0
3042	467.061	0	0
3041	468.039	0	0
3040	469.017	0	0
3039	469.997	0	0
3038	470.977	0	0
3037	471.957	0	0
3036	472.938	0	0
3035	445.939	0	0
3034	446.838	0	0
3033	447.737	0	0
3032	448.637	0	0
3031	449.537	0	0
3030	450.438	0	0
3029	451.34	0	0
3028	452.242	0	0
3027	453.145	0	0
3026	454.048	0	0
3025	454.952	0	0
3024	455.856	0	0
3023	456.761	0	0
3022	457.667	0	0
3021	458.573	0	0
3020	433.981	0	0
3019	434.814	0	0
3018	435.648	0	0
3017	436.482	0	0
3016	437.316	0	0
3015	438.151	0	0
3014	438.987	0	0
3013	439.823	0	0
3012	440.66	0	0
3011	441.497	0	0
3010	442.335	0	0
3009	443.173	0	0
3008	444.012	0	0
3007	444.851	0	0
3006	445.691	0	0
3005	423.205	0	0
3004	423.98	0	0
3003	424.756	0	0
3002	425.531	0	0
3001	426.308	0	0
3000	427.085	0	0
2999	427.862	0	0
2998	428.64	0	0
2997	429.418	0	0
2996	430.197	0	0
2995	430.976	0	0
2994	431.756	0	0
2993	432.536	0	0
2992	433.317	0	0
2991	434.098	0	0
2990	413.427	0	0
2989	414.152	0	0
2988	414.878	0	0
2987	415.605	0	0
2986	416.332	0	0
2985	417.059	0	0
2984	417.787	0	0
2983	418.515	0	0
2982	419.244	0	0
2981	419.973	0	0
2980	420.703	0	0
2979	421.433	0	0
2978	422.164	0	0
2977	422.895	0	0
2976	423.627	0	0
2975	404.583	0	0
2974	405.26	0	0
2973	405.938	0	0
2972	406.617	0	0
2971	407.296	0	0
2970	407.975	0	0
2969	408.655	0	0
2968	409.335	0	0
2967	410.016	0	0
2966	410.697	0	0
2965	411.378	0	0
2964	412.06	0	0
2963	412.743	0	0
2962	413.425	0	0
2961	414.109	0	0
2960	396.518	0	0
2959	397.156	0	0
2958	397.794	0	0
2957	398.433	0	0
2956	399.072	0	0
2955	399.711	0	0
2954	400.351	0	0
2953	400.991	0	0
2952	401.632	0	0
2951	402.273	0	0
2950	402.914	0	0
2949	403.556	0	0
2948	404.199	0	0
2947	404.841	0	0
2946	405.485	0	0
2945	389.147	0	0
2944	389.749	0	0
2943	390.351	0	0
2942	390.954	0	0
2941	391.557	0	0
2940	392.16	0	0
2939	392.764	0	0
2938	393.368	0	0
2937	393.973	0	0
2936	394.578	0	0
2935	395.183	0	0
2934	395.789	0	0
2933	396.395	0	0
2932	397.002	0	0
2931	381.847	0	0
2930	382.415	0	0
2929	382.983	0	0
2928	383.551	0	0
2927	384.12	0	0
2926	384.689	0	0
2925	385.258	0	0
2924	385.828	0	0
2923	386.398	0	0
2922	386.969	0	0
2921	387.539	0	0
2920	388.111	0	0
2919	388.682	0	0
2918	389.254	0	0
2917	389.827	0	0
2916	375.709	0	0
2915	376.246	0	0
2914	376.784	0	0
2913	377.322	0	0
2912	377.861	0	0
2911	378.4	0	0
2910	378.939	0	0
2909	379.479	0	0
2908	380.019	0	0
2907	380.559	0	0
2906	381.1	0	0
2905	381.641	0	0
2904	382.182	0	0
2903	382.724	0	0
2902	369.561	0	0
2901	370.071	0	0
2900	370.581	0	0
2899	371.092	0	0
2898	371.603	0	0
2897	372.115	0	0
2896	372.626	0	0
2895	373.139	0	0
2894	373.651	0	0
2893	374.164	0	0
2892	374.677	0	0
2891	375.19	0	0
2890	375.704	0	0
2889	376.218	0	0
2888	363.933	0	0
2887	364.417	0	0
2886	364.901	0	0
2885	365.385	0	0
2884	365.87	0	0
2883	366.355	0	0
2882	366.84	0	0
2881	367.326	0	0
2880	367.812	0	0
2879	368.298	0	0
2878	368.785	0	0
2877	369.272	0	0
2876	369.759	0	0
2875	370.246	0	0
2874	358.775	0	0
2873	359.235	0	0
2872	359.695	0	0
2871	360.155	0	0
2870	360.616	0	0
2869	361.077	0	0
2868	361.538	0	0
2867	361.999	0	0
2866	362.461	0	0
2865	362.923	0	0
2864	363.385	0	0
2863	363.848	0	0
2862	364.311	0	0
2861	364.774	0	0
2860	354.044	0	0
2859	354.481	0	0
2858	354.919	0	0
2857	355.357	0	0
2856	355.795	0	0
2855	356.234	0	0
2854	356.673	0	0
2853	357.112	0	0
2852	357.551	0	0
2851	357.991	0	0
2850	358.431	0	0
2849	358.872	0	0
2848	359.312	0	0
2847	349.279	0	0
2846	349.696	0	0
2845	350.113	0	0
2844	350.531	0	0
2843	350.949	0	0
2842	351.367	0	0
2841	351.785	0	0
2840	352.204	0	0
2839	352.623	0	0
2838	353.042	0	0
2837	353.462	0	0
2836	353.882	0	0
2835	354.302	0	0
2834	354.722	0	0
2833	345.315	0	0
2832	345.712	0	0
2831	346.109	0	0
2830	346.507	0	0
2829	346.905	0	0
2828	347.303	0	0
2827	347.702	0	0
2826	348.101	0	0
2825	348.5	0	0
2824	348.899	0	0
2823	349.299	0	0
2822	349.699	0	0
2821	350.099	0	0
2820	341.308	0	0
2819	341.687	0	0
2818	342.065	0	0
2817	342.444	0	0
2816	342.823	0	0
2815	343.202	0	0
2814	343.582	0	0
2813	343.962	0	0
2812	344.342	0	0
2811	344.722	0	0
2810	345.103	0	0
2809	345.484	0	0
2808	345.865	0	0
2807	337.642	0	0
2806	338.003	0	0
2805	338.364	0	0
2804	338.726	0	0
2803	339.087	0	0
2802	339.449	0	0
2801	339.812	0	0
2800	340.174	0	0
2799	340.537	0	0
2798	340.899	0	0
2797	341.263	0	0
2796	341.626	0	0
2795	341.989	0	0
2794	342.353	0	0
2793	334.634	0	0
2792	334.979	0	0
2791	335.324	0	0
2790	335.669	0	0
2789	336.015	0	0
2788	336.361	0	0
2787	336.707	0	0
2786	337.053	0	0
2785	337.4	0	0
2784	337.746	0	0
2783	338.093	0	0
2782	338.44	0	0
2781	338.788	0	0
2780	331.571	0	0
2779	331.899	0	0
2778	332.228	0	0
2777	332.556	0	0
2776	332.885	0	0
2775	405.801	0	0
2774	406.239	0	0
2773	406.678	0	0
2772	407.116	0	0
2771	407.555	0	0
2770	407.995	0	0
2769	408.434	0	0
2768	408.874	0	0
2767	399.735	0	0
2766	400.158	0	0
2765	400.582	0	0
2764	401.006	0	0
2763	401.43	0	0
2762	401.854	0	0
2761	402.279	0	0
2760	402.704	0	0
2759	403.129	0	0
2758	403.555	0	0
2757	403.981	0	0
2756	404.407	0	0
2755	395.718	0	0
2754	396.128	0	0
2753	396.538	0	0
2752	396.947	0	0
2751	397.358	0	0
2750	397.768	0	0
2749	398.179	0	0
2748	398.59	0	0
2747	399.001	0	0
2746	399.413	0	0
2745	399.825	0	0
2744	400.237	0	0
2743	400.65	0	0
2742	392.373	0	0
2741	392.77	0	0
2740	393.167	0	0
2739	393.565	0	0
2738	393.963	0	0
2737	394.361	0	0
2736	394.76	0	0
2735	395.158	0	0
2734	395.557	0	0
2733	395.957	0	0
2732	396.356	0	0
2731	396.756	0	0
2730	397.156	0	0
2729	389.254	0	0
2728	389.64	0	0
2727	390.027	0	0
2726	390.413	0	0
2725	390.8	0	0
2724	391.187	0	0
2723	391.574	0	0
2722	391.962	0	0
2721	392.349	0	0
2720	392.737	0	0
2719	393.126	0	0
2718	393.514	0	0
2717	385.977	0	0
2716	386.352	0	0
2715	386.727	0	0
2714	387.103	0	0
2713	387.478	0	0
2712	387.854	0	0
2711	388.23	0	0
2710	388.607	0	0
2709	388.983	0	0
2708	389.36	0	0
2707	389.737	0	0
2706	390.115	0	0
2705	382.914	0	0
2704	383.279	0	0
2703	383.645	0	0
2702	384.01	0	0
2701	384.376	0	0
2700	384.742	0	0
2699	385.109	0	0
2698	385.475	0	0
2697	385.842	0	0
2696	386.209	0	0
2695	386.577	0	0
2694	386.945	0	0
2693	387.312	0	0
2692	380.417	0	0
2691	380.772	0	0
2690	381.128	0	0
2689	381.483	0	0
2688	381.839	0	0
2687	382.196	0	0
2686	382.552	0	0
2685	382.909	0	0
2684	383.266	0	0
2683	383.624	0	0
2682	383.981	0	0
2681	384.339	0	0
2680	377.748	0	0
2679	378.094	0	0
2678	378.44	0	0
2677	378.787	0	0
2676	379.134	0	0
2675	379.481	0	0
2674	379.829	0	0
2673	380.176	0	0
2672	380.524	0	0
2671	380.872	0	0
2670	381.221	0	0
2669	381.569	0	0
2668	375.272	0	0
2667	375.608	0	0
2666	375.945	0	0
2665	376.282	0	0
2664	376.619	0	0
2663	376.957	0	0
2662	377.295	0	0
2661	377.633	0	0
2660	377.971	0	0
2659	378.309	0	0
2658	378.648	0	0
2657	378.987	0	0
2656	372.97	0	0
2655	373.298	0	0
2654	373.627	0	0
2653	373.955	0	0
2652	374.284	0	0
2651	374.613	0	0
2650	374.942	0	0
2649	375.272	0	0
2648	375.602	0	0
2647	375.932	0	0
2646	376.262	0	0
2645	370.511	0	0
2644	370.831	0	0
2643	371.151	0	0
2642	371.472	0	0
2641	371.792	0	0
2640	372.113	0	0
2639	372.434	0	0
2638	372.756	0	0
2637	373.077	0	0
2636	373.399	0	0
2635	373.721	0	0
2634	374.043	0	0
2633	368.54	0	0
2632	368.852	0	0
2631	369.164	0	0
2630	369.476	0	0
2629	369.789	0	0
2628	370.102	0	0
2627	370.415	0	0
2626	370.728	0	0
2625	371.041	0	0
2624	371.355	0	0
2623	371.668	0	0
2622	371.982	0	0
2621	366.719	0	0
2620	367.023	0	0
2619	367.328	0	0
2618	367.632	0	0
2617	367.937	0	0
2616	368.242	0	0
2615	368.547	0	0
2614	368.853	0	0
2613	369.159	0	0
2612	369.464	0	0
2611	369.771	0	0
2610	364.749	0	0
2609	365.045	0	0
2608	365.341	0	0
2607	365.638	0	0
2606	365.934	0	0
2605	366.231	0	0
2604	366.529	0	0
2603	366.826	0	0
2602	367.124	0	0
2601	367.421	0	0
2600	367.719	0	0
2599	368.018	0	0
2598	363.223	0	0
2597	363.511	0	0
2596	363.8	0	0
2595	364.089	0	0
2594	364.378	0	0
2593	364.667	0	0
2592	364.957	0	0
2591	365.246	0	0
2590	365.536	0	0
2589	365.827	0	0
2588	366.117	0	0
2587	361.544	0	0
2586	361.826	0	0
2585	362.107	0	0
2584	362.389	0	0
2583	362.671	0	0
2582	362.953	0	0
2581	363.236	0	0
2580	363.518	0	0
2579	363.801	0	0
2578	364.084	0	0
2577	364.367	0	0
2576	360	0	0
2575	360.275	0	0
2574	360.55	0	0
2573	360.825	0	0
2572	361.101	0	0
2571	361.376	0	0
2570	361.652	0	0
2569	361.928	0	0
2568	362.204	0	0
2567	362.48	0	0
2566	362.757	0	0
2565	358.596	0	0
2564	358.863	0	0
2563	359.13	0	0
2562	359.398	0	0
2561	359.666	0	0
2560	359.934	0	0
2559	360.202	0	0
2558	360.47	0	0
2557	360.739	0	0
2556	361.007	0	0
2555	361.276	0	0
2554	357.319	0	0
2553	357.58	0	0
2552	357.84	0	0
2551	358.101	0	0
2550	358.362	0	0
2549	358.623	0	0
2548	358.885	0	0
2547	359.146	0	0
2546	359.408	0	0
2545	359.67	0	0
2544	359.932	0	0
2543	356.168	0	0
2542	356.421	0	0
2541	356.675	0	0
2540	356.929	0	0
2539	357.183	0	0
2538	357.437	0	0
2537	357.692	0	0
2536	357.947	0	0
2535	358.201	0	0
2534	358.456	0	0
2533	358.712	0	0
2532	355.136	0	0
2531	355.383	0	0
2530	355.63	0	0
2529	355.877	0	0
2528	356.125	0	0
2527	356.372	0	0
2526	356.62	0	0
2525	356.868	0	0
2524	357.116	0	0
2523	357.364	0	0
2522	353.971	0	0
2521	354.212	0	0
2520	354.453	0	0
2519	354.694	0	0
2518	354.936	0	0
2517	355.177	0	0
2516	355.419	0	0
2515	355.661	0	0
2514	355.903	0	0
2513	356.145	0	0
2512	356.388	0	0
2511	353.164	0	0
2510	353.399	0	0
2509	353.633	0	0
2508	353.868	0	0
2507	354.103	0	0
2506	354.338	0	0
2505	354.573	0	0
2504	354.808	0	0
2503	355.044	0	0
2502	355.28	0	0
2501	355.515	0	0
2500	352.468	0	0
2499	352.696	0	0
2498	352.923	0	0
2497	353.151	0	0
2496	353.379	0	0
2495	353.608	0	0
2494	353.836	0	0
2493	354.065	0	0
2492	354.293	0	0
2491	354.522	0	0
2490	351.652	0	0
2489	351.874	0	0
2488	352.095	0	0
2487	352.317	0	0
2486	352.538	0	0
2485	352.76	0	0
2484	352.982	0	0
2483	353.204	0	0
2482	353.427	0	0
2481	353.649	0	0
2480	350.941	0	0
2479	351.157	0	0
2478	351.372	0	0
2477	351.588	0	0
2476	351.804	0	0
2475	352.021	0	0
2474	352.237	0	0
2473	394.107	0	0
2472	394.398	0	0
2471	394.689	0	0
2470	394.98	0	0
2469	391.169	0	0
2468	391.455	0	0
2467	391.741	0	0
2466	392.027	0	0
2465	392.314	0	0
2464	392.601	0	0
2463	392.888	0	0
2462	393.176	0	0
2461	393.463	0	0
2460	393.751	0	0
2459	390.057	0	0
2458	390.34	0	0
2457	390.622	0	0
2456	390.905	0	0
2455	391.189	0	0
2454	391.472	0	0
2453	391.756	0	0
2452	392.04	0	0
2451	392.324	0	0
2450	392.608	0	0
2449	389.033	0	0
2448	389.311	0	0
2447	389.59	0	0
2446	389.87	0	0
2445	390.149	0	0
2444	390.429	0	0
2443	390.709	0	0
2442	390.989	0	0
2441	391.269	0	0
2440	391.549	0	0
2439	388.09	0	0
2438	388.365	0	0
2437	388.641	0	0
2436	388.917	0	0
2435	389.193	0	0
2434	389.469	0	0
2433	389.746	0	0
2432	390.022	0	0
2431	390.299	0	0
2430	390.576	0	0
2429	387.228	0	0
2428	387.5	0	0
2427	387.772	0	0
2426	388.044	0	0
2425	388.317	0	0
2424	388.589	0	0
2423	388.862	0	0
2422	389.136	0	0
2421	389.409	0	0
2420	389.683	0	0
2419	386.446	0	0
2418	386.714	0	0
2417	386.983	0	0
2416	387.252	0	0
2415	387.52	0	0
2414	387.79	0	0
2413	388.059	0	0
2412	388.328	0	0
2411	388.598	0	0
2410	388.868	0	0
2409	385.74	0	0
2408	386.005	0	0
2407	386.27	0	0
2406	386.535	0	0
2405	386.801	0	0
2404	387.067	0	0
2403	387.333	0	0
2402	387.599	0	0
2401	387.865	0	0
2400	384.843	0	0
2399	385.105	0	0
2398	385.367	0	0
2397	385.629	0	0
2396	385.891	0	0
2395	386.154	0	0
2394	386.417	0	0
2393	386.68	0	0
2392	386.943	0	0
2391	387.206	0	0
2390	384.275	0	0
2389	384.535	0	0
2388	384.794	0	0
2387	385.054	0	0
2386	385.314	0	0
2385	385.574	0	0
2384	385.834	0	0
2383	386.095	0	0
2382	386.355	0	0
2381	386.616	0	0
2380	383.786	0	0
2379	384.041	0	0
2378	384.296	0	0
2377	384.552	0	0
2376	384.807	0	0
2375	385.063	0	0
2374	385.319	0	0
2373	385.576	0	0
2372	385.832	0	0
2371	383.12	0	0
2370	383.371	0	0
2369	383.622	0	0
2368	383.873	0	0
2367	384.125	0	0
2366	384.376	0	0
2365	384.628	0	0
2364	384.88	0	0
2363	385.133	0	0
2362	382.534	0	0
2361	382.781	0	0
2360	383.028	0	0
2359	383.275	0	0
2358	383.523	0	0
2357	383.77	0	0
2356	384.018	0	0
2355	384.266	0	0
2354	384.514	0	0
2353	384.763	0	0
2352	382.265	0	0
2351	382.508	0	0
2350	382.752	0	0
2349	382.996	0	0
2348	383.24	0	0
2347	383.484	0	0
2346	383.729	0	0
2345	383.973	0	0
2344	384.218	0	0
2343	381.82	0	0
2342	382.06	0	0
2341	382.3	0	0
2340	382.54	0	0
2339	382.781	0	0
2338	383.022	0	0
2337	383.262	0	0
2336	383.503	0	0
2335	383.745	0	0
2334	381.446	0	0
2333	381.682	0	0
2332	381.918	0	0
2331	382.155	0	0
2330	382.392	0	0
2329	382.629	0	0
2328	382.866	0	0
2327	383.104	0	0
2326	383.341	0	0
2325	381.141	0	0
2324	381.373	0	0
2323	381.606	0	0
2322	381.839	0	0
2321	382.072	0	0
2320	382.306	0	0
2319	382.539	0	0
2318	382.773	0	0
2317	383.007	0	0
2316	380.915	0	0
2315	381.142	0	0
2314	381.37	0	0
2313	381.598	0	0
2312	381.827	0	0
2311	382.055	0	0
2310	382.284	0	0
2309	382.512	0	0
2308	382.741	0	0
2307	380.755	0	0
2306	380.98	0	0
2305	381.204	0	0
2304	381.428	0	0
2303	381.653	0	0
2302	381.877	0	0
2301	382.102	0	0
2300	382.327	0	0
2299	382.552	0	0
2298	380.657	0	0
2297	380.878	0	0
2296	381.099	0	0
2295	381.32	0	0
2294	381.541	0	0
2293	381.763	0	0
2292	381.985	0	0
2291	382.206	0	0
2290	382.429	0	0
2289	380.614	0	0
2288	380.832	0	0
2287	381.051	0	0
2286	381.269	0	0
2285	381.488	0	0
2284	381.706	0	0
2283	381.925	0	0
2282	382.145	0	0
2281	382.364	0	0
2280	380.625	0	0
2279	380.841	0	0
2278	381.056	0	0
2277	381.272	0	0
2276	381.488	0	0
2275	381.704	0	0
2274	381.92	0	0
2273	382.137	0	0
2272	380.479	0	0
2271	380.692	0	0
2270	380.904	0	0
2269	381.117	0	0
2268	381.329	0	0
2267	381.542	0	0
2266	381.756	0	0
2265	381.969	0	0
2264	382.182	0	0
2263	380.602	0	0
2262	380.812	0	0
2261	381.021	0	0
2260	381.231	0	0
2259	381.441	0	0
2258	381.651	0	0
2257	381.861	0	0
2256	382.071	0	0
2255	382.282	0	0
2254	380.771	0	0
2253	380.978	0	0
2252	381.186	0	0
2251	381.393	0	0
2250	381.601	0	0
2249	381.809	0	0
2248	382.017	0	0
2247	382.225	0	0
2246	380.796	0	0
2245	380.999	0	0
2244	381.202	0	0
2243	381.406	0	0
2242	381.609	0	0
2241	381.813	0	0
2240	382.017	0	0
2239	382.221	0	0
2238	382.425	0	0
2237	381.076	0	0
2236	381.276	0	0
2235	381.477	0	0
2234	381.678	0	0
2233	381.878	0	0
2232	382.079	0	0
2231	382.281	0	0
2230	382.482	0	0
2229	381.204	0	0
2228	381.402	0	0
2227	381.6	0	0
2226	381.798	0	0
2225	381.996	0	0
2224	382.195	0	0
2223	382.393	0	0
2222	382.592	0	0
2221	381.381	0	0
2220	381.576	0	0
2219	381.772	0	0
2218	381.968	0	0
2217	382.163	0	0
2216	382.359	0	0
2215	382.555	0	0
2214	382.751	0	0
2213	381.604	0	0
2212	381.797	0	0
2211	381.99	0	0
2210	382.184	0	0
2209	382.377	0	0
2208	382.571	0	0
2207	382.765	0	0
2206	382.959	0	0
2205	383.153	0	0
2204	382.061	0	0
2203	382.252	0	0
2202	382.443	0	0
2201	382.635	0	0
2200	382.826	0	0
2199	383.018	0	0
2198	383.21	0	0
2197	383.402	0	0
2196	382.365	0	0
2195	382.555	0	0
2194	382.744	0	0
2193	382.934	0	0
2192	383.124	0	0
2191	383.314	0	0
2190	383.504	0	0
2189	383.694	0	0
2188	382.701	0	0
2187	382.89	0	0
2186	383.079	0	0
2185	383.268	0	0
2184	383.457	0	0
2183	383.646	0	0
2182	383.836	0	0
2181	384.026	0	0
2180	383.073	0	0
2179	383.26	0	0
2178	383.448	0	0
2177	383.635	0	0
2176	383.823	0	0
2175	384.011	0	0
2174	384.199	0	0
2173	384.387	0	0
2172	383.478	0	0
2171	406.757	0	0
2170	407.007	0	0
2169	407.257	0	0
2168	407.507	0	0
2167	407.758	0	0
2166	408.008	0	0
2165	408.259	0	0
2164	406.587	0	0
2163	406.835	0	0
2162	407.083	0	0
2161	407.332	0	0
2160	407.58	0	0
2159	407.829	0	0
2158	408.078	0	0
2157	408.327	0	0
2156	406.705	0	0
2155	406.952	0	0
2154	407.199	0	0
2153	407.446	0	0
2152	407.694	0	0
2151	407.941	0	0
2150	408.189	0	0
2149	406.629	0	0
2148	406.873	0	0
2147	407.117	0	0
2146	407.361	0	0
2145	407.605	0	0
2144	407.849	0	0
2143	408.094	0	0
2142	408.338	0	0
2141	406.844	0	0
2140	407.086	0	0
2139	407.327	0	0
2138	407.569	0	0
2137	407.811	0	0
2136	408.053	0	0
2135	408.295	0	0
2134	408.538	0	0
2133	407.104	0	0
2132	407.343	0	0
2131	407.582	0	0
2130	407.822	0	0
2129	408.061	0	0
2128	408.301	0	0
2127	408.54	0	0
2126	407.173	0	0
2125	407.409	0	0
2124	407.646	0	0
2123	407.882	0	0
2122	408.119	0	0
2121	408.356	0	0
2120	408.593	0	0
2119	408.83	0	0
2118	407.525	0	0
2117	407.758	0	0
2116	407.992	0	0
2115	408.226	0	0
2114	408.46	0	0
2113	408.695	0	0
2112	408.929	0	0
2111	407.686	0	0
2110	407.918	0	0
2109	408.149	0	0
2108	408.38	0	0
2107	408.612	0	0
2106	408.844	0	0
2105	409.076	0	0
2104	409.309	0	0
2103	408.117	0	0
2102	408.347	0	0
2101	408.577	0	0
2100	408.807	0	0
2099	409.037	0	0
2098	409.267	0	0
2097	409.498	0	0
2096	408.352	0	0
2095	408.58	0	0
2094	408.809	0	0
2093	409.038	0	0
2092	409.267	0	0
2091	409.496	0	0
2090	409.725	0	0
2089	409.955	0	0
2088	408.847	0	0
2087	409.074	0	0
2086	409.302	0	0
2085	409.53	0	0
2084	409.758	0	0
2083	409.987	0	0
2082	410.215	0	0
2081	409.148	0	0
2080	409.374	0	0
2079	409.601	0	0
2078	409.827	0	0
2077	410.054	0	0
2076	410.281	0	0
2075	410.508	0	0
2074	409.491	0	0
2073	409.714	0	0
2072	409.939	0	0
2071	410.163	0	0
2070	410.387	0	0
2069	410.612	0	0
2068	410.837	0	0
2067	409.868	0	0
2066	410.09	0	0
2065	410.313	0	0
2064	410.536	0	0
2063	410.759	0	0
2062	410.982	0	0
2061	411.205	0	0
2060	410.279	0	0
2059	410.5	0	0
2058	410.721	0	0
2057	410.943	0	0
2056	411.164	0	0
2055	411.386	0	0
2054	411.608	0	0
2053	411.83	0	0
2052	410.944	0	0
2051	411.164	0	0
2050	411.384	0	0
2049	411.604	0	0
2048	411.824	0	0
2047	412.044	0	0
2046	412.265	0	0
2045	411.422	0	0
2044	411.64	0	0
2043	411.859	0	0
2042	412.077	0	0
2041	412.295	0	0
2040	412.514	0	0
2039	412.733	0	0
2038	411.936	0	0
2037	412.152	0	0
2036	412.368	0	0
2035	412.585	0	0
2034	412.802	0	0
2033	413.019	0	0
2032	413.236	0	0
2031	412.483	0	0
2030	412.697	0	0
2029	412.912	0	0
2028	413.127	0	0
2027	413.342	0	0
2026	413.557	0	0
2025	412.847	0	0
2024	413.06	0	0
2023	413.273	0	0
2022	413.487	0	0
2021	413.701	0	0
2020	413.915	0	0
2019	414.129	0	0
2018	413.449	0	0
2017	413.662	0	0
2016	413.875	0	0
2015	414.088	0	0
2014	414.302	0	0
2013	414.515	0	0
2012	414.729	0	0
2011	414.073	0	0
2010	414.286	0	0
2009	414.499	0	0
2008	414.712	0	0
2007	414.926	0	0
2006	415.139	0	0
2005	415.353	0	0
2004	414.725	0	0
2003	414.937	0	0
2002	415.149	0	0
2001	415.361	0	0
2000	415.573	0	0
1999	415.786	0	0
1998	415.999	0	0
1997	415.401	0	0
1996	415.613	0	0
1995	415.824	0	0
1994	416.036	0	0
1993	416.248	0	0
1992	416.46	0	0
1991	415.885	0	0
1990	416.097	0	0
1989	416.309	0	0
1988	416.52	0	0
1987	416.733	0	0
1986	416.945	0	0
1985	417.157	0	0
1984	416.594	0	0
1983	416.807	0	0
1982	417.02	0	0
1981	417.233	0	0
1980	417.446	0	0
1979	417.66	0	0
1978	417.099	0	0
1977	417.313	0	0
1976	417.528	0	0
1975	417.743	0	0
1974	417.958	0	0
1973	418.173	0	0
1972	418.388	0	0
1971	417.821	0	0
1970	418.039	0	0
1969	418.256	0	0
1968	418.473	0	0
1967	418.691	0	0
1966	418.909	0	0
1965	419.127	0	0
1964	418.549	0	0
1963	418.769	0	0
1962	418.989	0	0
1961	419.209	0	0
1960	419.43	0	0
1959	419.651	0	0
1958	419.056	0	0
1957	419.279	0	0
1956	419.502	0	0
1955	419.726	0	0
1954	419.95	0	0
1953	420.174	0	0
1952	419.559	0	0
1951	419.785	0	0
1950	420.012	0	0
1949	420.239	0	0
1948	420.466	0	0
1947	420.693	0	0
1946	420.921	0	0
1945	420.282	0	0
1944	420.513	0	0
1943	420.745	0	0
1942	420.976	0	0
1941	421.207	0	0
1940	421.439	0	0
1939	420.793	0	0
1938	421.024	0	0
1937	421.256	0	0
1936	421.487	0	0
1935	421.719	0	0
1934	421.951	0	0
1933	421.309	0	0
1932	421.543	0	0
1931	421.776	0	0
1930	422.01	0	0
1929	422.244	0	0
1928	422.479	0	0
1927	422.713	0	0
1926	422.056	0	0
1925	422.294	0	0
1924	422.531	0	0
1923	422.77	0	0
1922	423.008	0	0
1921	423.247	0	0
1920	422.562	0	0
1919	422.804	0	0
1918	423.046	0	0
1917	423.288	0	0
1916	423.53	0	0
1915	423.773	0	0
1914	423.066	0	0
1913	423.311	0	0
1912	423.556	0	0
1911	423.802	0	0
1910	424.048	0	0
1909	424.294	0	0
1908	423.568	0	0
1907	423.816	0	0
1906	424.065	0	0
1905	424.314	0	0
1904	424.563	0	0
1903	424.813	0	0
1902	424.064	0	0
1901	424.317	0	0
1900	424.569	0	0
1899	424.822	0	0
1898	425.075	0	0
1897	425.329	0	0
1896	424.553	0	0
1895	424.81	0	0
1894	425.067	0	0
1893	425.324	0	0
1892	425.582	0	0
1891	425.84	0	0
1890	425.032	0	0
1889	425.294	0	0
1888	425.556	0	0
1887	425.818	0	0
1886	426.081	0	0
1885	426.344	0	0
1884	425.497	0	0
1883	425.765	0	0
1882	426.032	0	0
1881	426.301	0	0
1880	426.569	0	0
1879	426.838	0	0
1878	425.952	0	0
1877	426.225	0	0
1876	426.498	0	0
1875	426.771	0	0
1874	427.045	0	0
1873	427.319	0	0
1872	426.411	0	0
1871	426.687	0	0
1870	426.962	0	0
1869	427.239	0	0
1868	442.193	0	0
1867	442.445	0	0
1866	441.883	0	0
1865	442.135	0	0
1864	442.386	0	0
1863	442.638	0	0
1862	442.891	0	0
1861	443.143	0	0
1860	442.59	0	0
1859	442.844	0	0
1858	443.097	0	0
1857	443.351	0	0
1856	443.605	0	0
1855	443.859	0	0
1854	443.307	0	0
1853	443.562	0	0
1852	443.817	0	0
1851	444.073	0	0
1850	444.329	0	0
1849	443.774	0	0
1848	444.031	0	0
1847	444.288	0	0
1846	444.546	0	0
1845	444.804	0	0
1844	445.062	0	0
1843	444.507	0	0
1842	444.766	0	0
1841	445.025	0	0
1840	445.284	0	0
1839	445.544	0	0
1838	445.804	0	0
1837	445.248	0	0
1836	445.509	0	0
1835	445.77	0	0
1834	446.032	0	0
1833	446.294	0	0
1832	445.735	0	0
1831	445.998	0	0
1830	446.261	0	0
1829	446.525	0	0
1828	446.788	0	0
1827	447.052	0	0
1826	446.489	0	0
1825	446.755	0	0
1824	447.021	0	0
1823	447.287	0	0
1822	447.553	0	0
1821	447.819	0	0
1820	447.25	0	0
1819	447.518	0	0
1818	447.787	0	0
1817	448.056	0	0
1816	448.325	0	0
1815	447.743	0	0
1814	448.015	0	0
1813	448.286	0	0
1812	448.558	0	0
1811	448.83	0	0
1810	449.103	0	0
1809	448.508	0	0
1808	448.783	0	0
1807	449.058	0	0
1806	449.334	0	0
1805	449.609	0	0
1804	448.994	0	0
1803	449.273	0	0
1802	449.552	0	0
1801	449.832	0	0
1800	450.112	0	0
1799	450.392	0	0
1798	449.752	0	0
1797	450.036	0	0
1796	450.32	0	0
1795	450.604	0	0
1794	450.889	0	0
1793	450.228	0	0
1792	450.515	0	0
1791	450.802	0	0
1790	451.09	0	0
1789	451.377	0	0
1788	450.696	0	0
1787	450.987	0	0
1786	451.279	0	0
1785	451.571	0	0
1784	451.863	0	0
1783	452.156	0	0
1782	451.45	0	0
1781	451.746	0	0
1780	452.043	0	0
1779	452.34	0	0
1778	452.637	0	0
1777	451.908	0	0
1776	452.208	0	0
1775	452.508	0	0
1774	452.809	0	0
1773	453.11	0	0
1772	452.365	0	0
1771	452.668	0	0
1770	452.972	0	0
1769	453.275	0	0
1768	453.58	0	0
1767	453.884	0	0
1766	453.123	0	0
1765	453.431	0	0
1764	453.739	0	0
1763	454.047	0	0
1762	454.356	0	0
1761	453.569	0	0
1760	453.882	0	0
1759	454.195	0	0
1758	454.508	0	0
1757	454.822	0	0
1756	454.003	0	0
1755	454.321	0	0
1754	454.64	0	0
1753	454.959	0	0
1752	455.278	0	0
1751	454.425	0	0
1750	454.749	0	0
1749	455.073	0	0
1748	455.398	0	0
1747	455.723	0	0
1746	454.835	0	0
1745	455.164	0	0
1744	455.494	0	0
1743	455.824	0	0
1742	456.155	0	0
1741	455.232	0	0
1740	455.568	0	0
1739	455.903	0	0
1738	456.239	0	0
1737	456.576	0	0
1736	455.613	0	0
1735	455.955	0	0
1734	456.298	0	0
1733	456.641	0	0
1732	456.984	0	0
1731	455.992	0	0
1730	456.338	0	0
1729	456.684	0	0
1728	457.031	0	0
1727	457.379	0	0
1726	456.365	0	0
1725	456.716	0	0
1724	457.067	0	0
1723	457.419	0	0
1722	457.771	0	0
1721	456.73	0	0
1720	457.087	0	0
1719	457.443	0	0
1718	457.8	0	0
1717	458.158	0	0
1716	457.094	0	0
1715	457.454	0	0
1714	457.815	0	0
1713	458.177	0	0
1712	458.539	0	0
1711	457.46	0	0
1710	457.824	0	0
1709	458.188	0	0
1708	458.553	0	0
1707	458.919	0	0
1706	457.823	0	0
1705	458.191	0	0
1704	458.561	0	0
1703	458.93	0	0
1702	459.3	0	0
1701	458.189	0	0
1700	458.561	0	0
1699	458.933	0	0
1698	459.307	0	0
1697	459.68	0	0
1696	458.555	0	0
1695	458.931	0	0
1694	459.308	0	0
1693	459.685	0	0
1692	460.063	0	0
1691	458.926	0	0
1690	459.305	0	0
1689	459.685	0	0
1688	460.066	0	0
1687	460.447	0	0
1686	459.303	0	0
1685	459.685	0	0
1684	460.068	0	0
1683	460.451	0	0
1682	459.306	0	0
1681	459.69	0	0
1680	460.074	0	0
1679	460.46	0	0
1678	460.845	0	0
1677	459.701	0	0
1676	460.087	0	0
1675	460.474	0	0
1674	460.861	0	0
1673	461.248	0	0
1672	460.109	0	0
1671	460.496	0	0
1670	460.885	0	0
1669	461.273	0	0
1668	460.159	0	0
1667	460.544	0	0
1666	460.929	0	0
1665	461.315	0	0
1664	461.701	0	0
1663	460.622	0	0
1662	461.005	0	0
1661	461.389	0	0
1660	461.772	0	0
1659	462.157	0	0
1658	461.11	0	0
1657	461.492	0	0
1656	461.873	0	0
1655	462.256	0	0
1654	461.241	0	0
1653	461.621	0	0
1652	462.001	0	0
1651	462.382	0	0
1650	462.763	0	0
1649	461.775	0	0
1648	462.154	0	0
1647	462.533	0	0
1646	462.913	0	0
1645	461.961	0	0
1644	462.336	0	0
1643	462.712	0	0
1642	463.089	0	0
1641	463.466	0	0
1640	462.558	0	0
1639	462.929	0	0
1638	463.302	0	0
1637	463.674	0	0
1636	462.825	0	0
1635	463.19	0	0
1634	463.557	0	0
1633	463.924	0	0
1632	464.292	0	0
1631	463.502	0	0
1630	463.862	0	0
1629	464.222	0	0
1628	464.583	0	0
1627	463.872	0	0
1626	464.223	0	0
1625	464.575	0	0
1624	464.928	0	0
1623	465.281	0	0
1622	464.644	0	0
1621	464.988	0	0
1620	465.331	0	0
1619	465.676	0	0
1618	465.127	0	0
1617	465.461	0	0
1616	465.796	0	0
1615	466.131	0	0
1614	466.467	0	0
1613	465.988	0	0
1612	466.316	0	0
1611	466.645	0	0
1610	466.973	0	0
1609	466.585	0	0
1608	466.9	0	0
1607	467.217	0	0
1606	467.533	0	0
1605	467.255	0	0
1604	467.559	0	0
1603	467.863	0	0
1602	468.167	0	0
1601	468.472	0	0
1600	468.282	0	0
1599	468.576	0	0
1598	468.871	0	0
1597	469.166	0	0
1596	469.07	0	0
1595	469.354	0	0
1594	469.638	0	0
1593	469.922	0	0
1592	469.927	0	0
1591	470.199	0	0
1590	470.471	0	0
1589	470.744	0	0
1588	470.858	0	0
1587	471.117	0	0
1586	471.376	0	0
1585	471.635	0	0
1584	471.894	0	0
1583	472.116	0	0
1582	472.359	0	0
1581	472.603	0	0
1580	472.847	0	0
1579	473.197	0	0
1578	473.425	0	0
1577	473.654	0	0
1576	473.882	0	0
1575	474.358	0	0
1574	474.572	0	0
1573	474.785	0	0
1572	474.999	0	0
1571	475.596	0	0
1570	475.795	0	0
1569	475.993	0	0
1568	476.192	0	0
1567	476.894	0	0
1566	483.659	0	0
1565	484.12	0	0
1564	484.582	0	0
1563	483.401	0	0
1562	483.862	0	0
1561	484.323	0	0
1560	484.785	0	0
1559	483.621	0	0
1558	484.082	0	0
1557	484.543	0	0
1556	485.005	0	0
1555	485.467	0	0
1554	484.32	0	0
1553	484.781	0	0
1552	485.242	0	0
1551	485.704	0	0
1550	484.578	0	0
1549	485.038	0	0
1548	485.499	0	0
1547	485.96	0	0
1546	484.868	0	0
1545	485.323	0	0
1544	485.779	0	0
1543	486.236	0	0
1542	485.193	0	0
1541	485.644	0	0
1540	486.095	0	0
1539	486.548	0	0
1538	485.549	0	0
1537	485.996	0	0
1536	486.444	0	0
1535	486.893	0	0
1534	485.934	0	0
1533	486.378	0	0
1532	486.822	0	0
1531	487.268	0	0
1530	486.353	0	0
1529	486.792	0	0
1528	487.231	0	0
1527	486.369	0	0
1526	486.803	0	0
1525	487.238	0	0
1524	487.674	0	0
1523	486.858	0	0
1522	487.287	0	0
1521	487.717	0	0
1520	488.148	0	0
1519	487.387	0	0
1518	487.809	0	0
1517	488.233	0	0
1516	488.657	0	0
1515	487.957	0	0
1514	488.372	0	0
1513	488.788	0	0
1512	489.205	0	0
1511	488.573	0	0
1510	488.979	0	0
1509	489.387	0	0
1508	489.795	0	0
1507	489.237	0	0
1506	489.634	0	0
1505	490.031	0	0
1504	490.429	0	0
1503	489.952	0	0
1502	490.338	0	0
1501	490.725	0	0
1500	490.345	0	0
1499	490.719	0	0
1498	491.094	0	0
1497	491.47	0	0
1496	491.17	0	0
1495	491.535	0	0
1494	491.9	0	0
1493	492.265	0	0
1492	492.033	0	0
1491	492.39	0	0
1490	492.748	0	0
1489	493.106	0	0
1488	492.945	0	0
1487	493.291	0	0
1486	493.636	0	0
1485	493.572	0	0
1484	493.906	0	0
1483	494.24	0	0
1482	494.575	0	0
1481	494.584	0	0
1480	494.908	0	0
1479	495.233	0	0
1478	495.559	0	0
1477	495.64	0	0
1476	495.954	0	0
1475	496.269	0	0
1474	496.439	0	0
1473	496.742	0	0
1472	497.045	0	0
1471	497.348	0	0
1470	497.599	0	0
1469	497.889	0	0
1468	498.18	0	0
1467	498.472	0	0
1466	498.805	0	0
1465	499.083	0	0
1464	499.362	0	0
1463	499.791	0	0
1462	500.057	0	0
1461	500.323	0	0
1460	500.589	0	0
1459	501.1	0	0
1458	501.354	0	0
1457	501.608	0	0
1456	502.21	0	0
1455	502.452	0	0
1454	502.694	0	0
1453	502.936	0	0
1452	503.611	0	0
1451	503.842	0	0
1450	504.073	0	0
1449	504.821	0	0
1448	505.044	0	0
1447	505.266	0	0
1446	505.489	0	0
1445	506.29	0	0
1444	506.505	0	0
1443	506.721	0	0
1442	507.565	0	0
1441	507.777	0	0
1440	507.989	0	0
1439	508.202	0	0
1438	509.046	0	0
1437	509.264	0	0
1436	509.482	0	0
1435	510.311	0	0
1434	510.531	0	0
1433	510.751	0	0
1432	510.972	0	0
1431	511.807	0	0
1430	512.026	0	0
1429	512.245	0	0
1428	513.085	0	0
1427	513.307	0	0
1426	513.529	0	0
1425	513.751	0	0
1424	514.589	0	0
1423	514.812	0	0
1422	515.035	0	0
1421	515.875	0	0
1420	516.1	0	0
1419	516.324	0	0
1418	517.16	0	0
1417	517.387	0	0
1416	517.614	0	0
1415	517.841	0	0
1414	518.664	0	0
1413	518.897	0	0
1412	519.13	0	0
1411	519.909	0	0
1410	520.153	0	0
1409	520.398	0	0
1408	521.1	0	0
1407	521.361	0	0
1406	521.623	0	0
1405	521.884	0	0
1404	522.498	0	0
1403	522.781	0	0
1402	523.065	0	0
1401	523.549	0	0
1400	523.857	0	0
1399	524.167	0	0
1398	524.503	0	0
1397	524.84	0	0
1396	525.177	0	0
1395	525.515	0	0
1394	525.719	0	0
1393	526.087	0	0
1392	526.456	0	0
1391	526.49	0	0
1390	526.89	0	0
1389	527.291	0	0
1388	527.134	0	0
1387	527.573	0	0
1386	528.012	0	0
1385	527.653	0	0
1384	528.128	0	0
1383	528.605	0	0
1382	529.082	0	0
1381	528.598	0	0
1380	529.095	0	0
1379	529.593	0	0
1378	529.01	0	0
1377	529.526	0	0
1376	530.044	0	0
1375	529.338	0	0
1374	529.884	0	0
1373	530.432	0	0
1372	529.577	0	0
1371	530.152	0	0
1370	530.729	0	0
1369	529.722	0	0
1368	530.329	0	0
1367	530.937	0	0
1366	529.761	0	0
1365	530.403	0	0
1364	531.046	0	0
1363	531.691	0	0
1362	530.366	0	0
1361	531.048	0	0
1360	531.731	0	0
1359	530.209	0	0
1358	530.932	0	0
1357	531.657	0	0
1356	529.93	0	0
1355	530.695	0	0
1354	531.462	0	0
1353	529.535	0	0
1352	530.341	0	0
1351	531.148	0	0
1350	529.034	0	0
1349	529.878	0	0
1348	530.723	0	0
1347	528.445	0	0
1346	529.321	0	0
1345	530.199	0	0
1344	527.784	0	0
1343	528.688	0	0
1342	529.593	0	0
1341	527.066	0	0
1340	527.993	0	0
1339	528.922	0	0
1338	526.27	0	0
1337	527.23	0	0
1336	528.193	0	0
1335	525.418	0	0
1334	526.402	0	0
1333	527.388	0	0
1332	524.598	0	0
1331	525.572	0	0
1330	526.549	0	0
1329	523.807	0	0
1328	524.779	0	0
1327	525.753	0	0
1326	522.992	0	0
1325	523.983	0	0
1324	524.975	0	0
1323	522.164	0	0
1322	523.164	0	0
1321	524.167	0	0
1320	521.324	0	0
1319	522.336	0	0
1318	523.35	0	0
1317	520.474	0	0
1316	521.496	0	0
1315	522.521	0	0
1314	519.62	0	0
1313	520.65	0	0
1312	521.683	0	0
1311	518.775	0	0
1310	519.808	0	0
1309	516.919	0	0
1308	517.948	0	0
1307	518.981	0	0
1306	516.123	0	0
1305	517.149	0	0
1304	518.177	0	0
1303	515.364	0	0
1302	516.383	0	0
1301	517.405	0	0
1300	514.653	0	0
1299	515.66	0	0
1298	516.671	0	0
1297	513.989	0	0
1296	514.985	0	0
1295	515.984	0	0
1294	513.369	0	0
1293	514.356	0	0
1292	511.744	0	0
1291	512.745	0	0
1290	513.749	0	0
1289	511.111	0	0
1288	512.117	0	0
1287	513.126	0	0
1286	510.625	0	0
1285	511.575	0	0
1284	512.528	0	0
1283	510.294	0	0
1282	511.185	0	0
1281	512.078	0	0
1280	510.024	0	0
1279	510.907	0	0
1278	508.942	0	0
1277	509.804	0	0
1276	510.668	0	0
1275	508.798	0	0
1274	509.642	0	0
1273	510.488	0	0
1272	508.712	0	0
1271	509.537	0	0
1270	507.881	0	0
1269	508.684	0	0
1268	509.489	0	0
1267	507.93	0	0
1266	508.713	0	0
1265	509.498	0	0
1264	536.621	0	0
1263	537.64	0	0
1262	538.662	0	0
1261	536.218	0	0
1260	537.264	0	0
1259	534.713	0	0
1258	535.782	0	0
1257	536.854	0	0
1256	534.224	0	0
1255	535.317	0	0
1254	532.6	0	0
1253	533.712	0	0
1252	534.826	0	0
1251	532.051	0	0
1250	533.182	0	0
1249	534.315	0	0
1248	531.493	0	0
1247	532.64	0	0
1246	529.78	0	0
1245	530.934	0	0
1244	532.092	0	0
1243	529.212	0	0
1242	530.376	0	0
1241	531.544	0	0
1240	528.614	0	0
1239	529.809	0	0
1238	526.844	0	0
1237	528.029	0	0
1236	529.217	0	0
1235	526.342	0	0
1234	527.495	0	0
1233	524.761	0	0
1232	525.894	0	0
1231	527.03	0	0
1230	524.349	0	0
1229	525.481	0	0
1228	522.842	0	0
1227	523.965	0	0
1226	525.091	0	0
1225	522.494	0	0
1224	523.611	0	0
1223	521.066	0	0
1222	522.174	0	0
1221	523.284	0	0
1220	520.783	0	0
1219	521.884	0	0
1218	519.445	0	0
1217	520.534	0	0
1216	521.625	0	0
1215	519.241	0	0
1214	520.318	0	0
1213	518.011	0	0
1212	519.073	0	0
1211	520.137	0	0
1210	517.894	0	0
1209	518.942	0	0
1208	516.788	0	0
1207	517.817	0	0
1206	518.849	0	0
1205	516.764	0	0
1204	517.778	0	0
1203	515.778	0	0
1202	516.776	0	0
1201	517.777	0	0
1200	515.839	0	0
1199	516.822	0	0
1198	514.94	0	0
1197	515.922	0	0
1196	513.968	0	0
1195	514.988	0	0
1194	516.01	0	0
1193	514.09	0	0
1192	515.062	0	0
1191	513.435	0	0
1190	514.32	0	0
1189	515.208	0	0
1188	513.805	0	0
1187	514.645	0	0
1186	513.382	0	0
1185	514.212	0	0
1184	513.022	0	0
1183	513.832	0	0
1182	514.644	0	0
1181	513.519	0	0
1180	514.314	0	0
1179	513.266	0	0
1178	514.045	0	0
1177	513.07	0	0
1176	513.832	0	0
1175	514.597	0	0
1174	513.677	0	0
1173	514.426	0	0
1172	513.567	0	0
1171	514.306	0	0
1170	513.491	0	0
1169	514.223	0	0
1168	513.441	0	0
1167	514.167	0	0
1166	514.895	0	0
1165	514.136	0	0
1164	514.859	0	0
1163	514.12	0	0
1162	514.843	0	0
1161	514.097	0	0
1160	514.828	0	0
1159	515.56	0	0
1158	514.805	0	0
1157	515.542	0	0
1156	514.719	0	0
1155	515.499	0	0
1154	514.389	0	0
1153	515.288	0	0
1152	514.093	0	0
1151	514.94	0	0
1150	515.79	0	0
1149	514.841	0	0
1148	515.557	0	0
1147	515.011	0	0
1146	515.658	0	0
1145	515.226	0	0
1144	515.893	0	0
1143	515.416	0	0
1142	516.093	0	0
1141	515.59	0	0
1140	516.276	0	0
1139	516.964	0	0
1138	516.437	0	0
1137	517.141	0	0
1136	516.564	0	0
1135	517.286	0	0
1134	516.652	0	0
1133	517.395	0	0
1132	516.691	0	0
1131	517.458	0	0
1130	516.673	0	0
1129	517.469	0	0
1128	516.594	0	0
1127	517.419	0	0
1126	516.446	0	0
1125	517.304	0	0
1124	518.165	0	0
1123	517.115	0	0
1122	518.014	0	0
1121	516.828	0	0
1120	517.78	0	0
1119	516.439	0	0
1118	517.436	0	0
1117	515.892	0	0
1116	516.98	0	0
1115	514.922	0	0
1114	516.25	0	0
1113	513.798	0	0
1112	515.135	0	0
1111	512.994	0	0
1110	514.146	0	0
1109	512.528	0	0
1108	513.542	0	0
1107	512.065	0	0
1106	513.114	0	0
1105	511.502	0	0
1104	512.605	0	0
1103	510.873	0	0
1102	512.01	0	0
1101	510.16	0	0
1100	511.343	0	0
1099	509.363	0	0
1098	510.592	0	0
1097	508.48	0	0
1096	509.757	0	0
1095	507.513	0	0
1094	508.838	0	0
1093	506.464	0	0
1092	507.836	0	0
1091	505.337	0	0
1090	506.755	0	0
1089	504.129	0	0
1088	505.595	0	0
1087	502.834	0	0
1086	504.352	0	0
1085	501.43	0	0
1084	503.012	0	0
1083	499.935	0	0
1082	501.572	0	0
1081	498.327	0	0
1080	500.033	0	0
1079	496.282	0	0
1078	498.241	0	0
1077	494.029	0	0
1076	496.098	0	0
1075	492.091	0	0
1074	493.966	0	0
1073	490.559	0	0
1072	492.216	0	0
1071	489.185	0	0
1070	490.791	0	0
1069	487.757	0	0
1068	489.426	0	0
1067	486.287	0	0
1066	487.979	0	0
1065	484.793	0	0
1064	486.509	0	0
1063	483.271	0	0
1062	485.014	0	0
1061	481.727	0	0
1060	478.385	0	0
1059	480.164	0	0
1058	476.785	0	0
1057	478.583	0	0
1056	475.171	0	0
1055	476.988	0	0
1054	473.543	0	0
1053	475.379	0	0
1052	471.905	0	0
1051	473.758	0	0
1050	470.249	0	0
1049	472.126	0	0
1048	468.573	0	0
1047	470.475	0	0
1046	466.887	0	0
1045	463.094	0	0
1044	465.124	0	0
1043	461.012	0	0
1042	463.186	0	0
1041	459.074	0	0
1040	461.139	0	0
1039	457.414	0	0
1038	459.281	0	0
1037	455.996	0	0
1036	452.956	0	0
1035	454.683	0	0
1034	451.644	0	0
1033	453.38	0	0
1032	450.362	0	0
1031	452.086	0	0
1030	449.106	0	0
1029	450.824	0	0
1028	447.873	0	0
1027	444.97	0	0
1026	446.667	0	0
1025	443.8	0	0
1024	445.487	0	0
1023	442.657	0	0
1022	444.335	0	0
1021	441.541	0	0
1020	438.801	0	0
1019	440.453	0	0
1018	437.75	0	0
1017	439.392	0	0
1016	436.722	0	0
1015	438.358	0	0
1014	435.724	0	0
1013	433.109	0	0
1012	434.741	0	0
1011	432.016	0	0
1010	433.734	0	0
1009	430.943	0	0
1008	428.417	0	0
1007	429.981	0	0
1006	427.73	0	0
1005	429.172	0	0
1004	427.118	0	0
1003	428.505	0	0
1002	426.543	0	0
1001	424.642	0	0
1000	425.994	0	0
999	424.154	0	0
998	425.48	0	0
997	423.702	0	0
996	422.007	0	0
995	423.284	0	0
994	421.646	0	0
993	422.9	0	0
992	421.318	0	0
991	419.813	0	0
990	421.02	0	0
989	419.568	0	0
988	420.754	0	0
987	419.355	0	0
986	418.03	0	0
985	419.17	0	0
984	417.895	0	0
983	416.693	0	0
982	417.788	0	0
981	416.585	0	0
980	417.701	0	0
979	416.476	0	0
978	415.334	0	0
977	416.395	0	0
976	415.395	0	0
975	414.613	0	0
974	415.522	0	0
973	414.825	0	0
972	415.702	0	0
971	415.062	0	0
970	414.5	0	0
969	415.325	0	0
968	414.815	0	0
967	414.379	0	0
966	415.155	0	0
965	414.762	0	0
964	414.43	0	0
963	415.165	0	0
962	425.642	0	0
961	427.228	0	0
960	425.188	0	0
959	423.207	0	0
958	424.756	0	0
957	422.812	0	0
956	420.928	0	0
955	422.439	0	0
954	420.595	0	0
953	418.814	0	0
952	420.285	0	0
951	418.544	0	0
950	416.867	0	0
949	418.296	0	0
948	416.659	0	0
947	415.08	0	0
946	416.47	0	0
945	414.925	0	0
944	413.439	0	0
943	414.79	0	0
942	413.318	0	0
941	411.81	0	0
940	413.198	0	0
939	411.714	0	0
938	410.406	0	0
937	411.659	0	0
936	410.481	0	0
935	409.462	0	0
934	410.589	0	0
933	409.619	0	0
932	408.7	0	0
931	409.79	0	0
930	408.911	0	0
929	408.106	0	0
928	409.141	0	0
927	408.379	0	0
926	407.688	0	0
925	407.064	0	0
924	408.018	0	0
923	407.431	0	0
922	406.902	0	0
921	407.811	0	0
920	407.317	0	0
919	406.882	0	0
918	407.744	0	0
917	407.343	0	0
916	406.995	0	0
915	406.7	0	0
914	407.498	0	0
913	407.222	0	0
912	406.956	0	0
911	407.752	0	0
910	407.5	0	0
909	407.341	0	0
908	407.299	0	0
907	407.959	0	0
906	407.971	0	0
905	408.052	0	0
904	408.18	0	0
903	408.761	0	0
902	408.917	0	0
901	409.122	0	0
900	409.661	0	0
899	409.893	0	0
898	410.174	0	0
897	410.499	0	0
896	410.977	0	0
895	411.324	0	0
894	411.711	0	0
893	412.144	0	0
892	412.563	0	0
891	413.021	0	0
890	413.525	0	0
889	414.068	0	0
888	414.428	0	0
887	414.991	0	0
886	415.589	0	0
885	416.203	0	0
884	416.529	0	0
883	417.156	0	0
882	417.834	0	0
881	418.579	0	0
880	419.379	0	0
879	419.593	0	0
878	420.412	0	0
877	421.259	0	0
876	422.135	0	0
875	422.307	0	0
874	423.197	0	0
873	424.112	0	0
872	425.053	0	0
871	426.017	0	0
870	426.139	0	0
869	427.115	0	0
868	428.113	0	0
867	429.132	0	0
866	429.221	0	0
865	430.249	0	0
864	431.291	0	0
863	432.351	0	0
862	433.433	0	0
861	433.484	0	0
860	434.577	0	0
859	435.681	0	0
858	436.792	0	0
857	437.926	0	0
856	439.086	0	0
855	439.092	0	0
854	440.261	0	0
853	441.441	0	0
852	442.623	0	0
851	443.804	0	0
850	443.802	0	0
849	444.985	0	0
848	446.166	0	0
847	447.346	0	0
846	448.529	0	0
845	449.715	0	0
844	449.715	0	0
843	450.903	0	0
842	452.09	0	0
841	453.27	0	0
840	454.441	0	0
839	455.602	0	0
838	455.627	0	0
837	456.787	0	0
836	457.935	0	0
835	459.067	0	0
834	460.183	0	0
833	461.285	0	0
832	462.363	0	0
831	462.461	0	0
830	463.531	0	0
829	464.575	0	0
828	465.602	0	0
827	466.617	0	0
826	467.614	0	0
825	468.587	0	0
824	469.533	0	0
823	469.742	0	0
822	470.683	0	0
821	471.597	0	0
820	472.486	0	0
819	473.346	0	0
818	474.175	0	0
817	474.97	0	0
816	475.73	0	0
815	476.453	0	0
814	476.858	0	0
813	477.573	0	0
812	478.247	0	0
811	478.881	0	0
810	479.479	0	0
809	480.04	0	0
808	480.563	0	0
807	481.043	0	0
806	481.479	0	0
805	481.871	0	0
804	482.217	0	0
803	482.965	0	0
802	483.305	0	0
801	483.599	0	0
800	483.848	0	0
799	484.05	0	0
798	484.205	0	0
797	484.311	0	0
796	484.37	0	0
795	484.38	0	0
794	484.343	0	0
793	484.259	0	0
792	484.123	0	0
791	483.934	0	0
790	483.693	0	0
789	483.404	0	0
788	483.068	0	0
787	482.681	0	0
786	482.243	0	0
785	481.755	0	0
784	483.328	0	0
783	482.841	0	0
782	482.302	0	0
781	481.712	0	0
780	481.07	0	0
779	480.378	0	0
778	479.636	0	0
777	478.847	0	0
776	478.006	0	0
775	477.103	0	0
774	476.134	0	0
773	475.111	0	0
772	474.055	0	0
771	472.976	0	0
770	471.866	0	0
769	470.713	0	0
768	469.511	0	0
767	468.266	0	0
766	466.98	0	0
765	465.655	0	0
764	464.29	0	0
763	462.888	0	0
762	461.451	0	0
761	459.98	0	0
760	458.474	0	0
759	452.437	0	0
758	450.769	0	0
757	449.069	0	0
756	447.334	0	0
755	445.565	0	0
754	443.765	0	0
753	441.935	0	0
752	440.077	0	0
751	438.192	0	0
750	436.283	0	0
749	434.349	0	0
748	432.392	0	0
747	430.413	0	0
746	428.413	0	0
745	426.393	0	0
744	424.353	0	0
743	422.295	0	0
742	414.466	0	0
741	412.325	0	0
740	410.17	0	0
739	408.001	0	0
738	405.82	0	0
737	403.628	0	0
736	401.424	0	0
735	399.211	0	0
734	396.988	0	0
733	394.756	0	0
732	392.518	0	0
731	384.025	0	0
730	381.744	0	0
729	379.462	0	0
728	377.182	0	0
727	374.895	0	0
726	372.591	0	0
725	370.263	0	0
724	367.912	0	0
723	359.111	0	0
722	356.84	0	0
721	354.573	0	0
720	352.303	0	0
719	350.033	0	0
718	347.768	0	0
717	339.081	0	0
716	336.831	0	0
715	334.589	0	0
714	332.357	0	0
713	330.134	0	0
712	327.92	0	0
711	319.323	0	0
710	317.134	0	0
709	314.956	0	0
708	312.79	0	0
707	310.638	0	0
706	308.498	0	0
705	300.082	0	0
704	297.982	0	0
703	295.895	0	0
702	293.821	0	0
701	285.581	0	0
700	283.555	0	0
699	281.546	0	0
698	279.553	0	0
697	277.575	0	0
696	269.601	0	0
695	267.675	0	0
694	265.765	0	0
693	263.87	0	0
692	256.135	0	0
691	254.298	0	0
690	252.477	0	0
689	250.672	0	0
688	243.198	0	0
687	241.446	0	0
686	239.709	0	0
685	237.989	0	0
684	230.799	0	0
683	229.116	0	0
682	227.422	0	0
681	225.714	0	0
680	218.532	0	0
679	216.981	0	0
678	215.464	0	0
677	208.896	0	0
676	207.425	0	0
675	205.969	0	0
674	199.604	0	0
673	198.215	0	0
672	196.84	0	0
671	190.719	0	0
670	189.404	0	0
669	188.104	0	0
668	182.234	0	0
667	180.994	0	0
666	179.768	0	0
665	174.131	0	0
664	172.96	0	0
663	171.802	0	0
662	166.394	0	0
661	165.292	0	0
660	164.201	0	0
659	191.593	0	0
658	190.425	0	0
657	189.268	0	0
656	183.6	0	0
655	182.494	0	0
654	177	0	0
653	175.943	0	0
652	174.897	0	0
651	169.607	0	0
650	168.608	0	0
649	163.48	0	0
648	162.528	0	0
647	161.587	0	0
646	156.66	0	0
645	155.761	0	0
644	150.977	0	0
643	150.125	0	0
642	145.527	0	0
641	144.696	0	0
640	139.982	0	0
639	139.154	0	0
638	138.338	0	0
637	134.078	0	0
636	133.384	0	0
635	129.357	0	0
634	128.685	0	0
633	124.765	0	0
632	124.133	0	0
631	120.366	0	0
630	119.769	0	0
629	116.138	0	0
628	115.576	0	0
627	-nan	0	0
626	-nan	0	0
625	-nan	0	0
624	-nan	0	0
623	-nan	0	0
622	-nan	0	0
621	-nan	0	0
620	-nan	0	0
619	-nan	0	0
618	-nan	0	0
617	-nan	0	0
616	-5.34369e+06	0	0
615	-5.33417e+06	0	0
614	-5.32461e+06	0	0
613	-5.315e+06	0	0
612	-5.30534e+06	0	0
611	-5.29563e+06	0	0
610	-5.28587e+06	0	0
609	-5.27606e+06	0	0
608	-5.26621e+06	0	0
607	-5.2563e+06	0	0
606	-5.24634e+06	0	0
605	-5.23633e+06	0	0
604	-5.22627e+06	0	0
603	-5.21616e+06	0	0
602	-5.20599e+06	0	0
601	-5.19578e+06	0	0
600	-5.18551e+06	0	0
599	-5.17519e+06	0	0
598	-5.16482e+06	0	0
597	-5.15439e+06	0	0
596	-5.14392e+06	0	0
595	-5.13338e+06	0	0
594	-5.1228e+06	0	0
593	-5.11216e+06	0	0
592	-5.10146e+06	0	0
591	-5.09071e+06	0	0
590	-5.07991e+06	0	0
589	-5.06905e+06	0	0
588	-5.05814e+06	0	0
587	-5.04717e+06	0	0
586	-5.03614e+06	0	0
585	-5.02505e+06	0	0
584	-5.01391e+06	0	0
583	-5.00272e+06	0	0
582	-4.99146e+06	0	0
581	-4.98015e+06	0	0
580	-4.96878e+06	0	0
579	-4.95735e+06	0	0
578	-4.94586e+06	0	0
577	-4.93431e+06	0	0
576	-4.92271e+06	0	0
575	-4.91104e+06	0	0
574	-4.89931e+06	0	0
573	-4.88753e+06	0	0
572	-4.87568e+06	0	0
571	-4.86377e+06	0	0
570	-4.8518e+06	0	0
569	-4.83977e+06	0	0
568	-4.82767e+06	0	0
567	-4.81552e+06	0	0
566	-4.8033e+06	0	0
565	-4.79102e+06	0	0
564	-4.77867e+06	0	0
563	-4.76626e+06	0	0
562	-4.75379e+06	0	0
561	-4.74125e+06	0	0
560	-4.72864e+06	0	0
559	-4.71597e+06	0	0
558	-4.70324e+06	0	0
557	-4.69044e+06	0	0
556	-4.67757e+06	0	0
555	-4.66463e+06	0	0
554	-4.65163e+06	0	0
553	-4.63856e+06	0	0
552	-4.62542e+06	0	0
551	-4.61222e+06	0	0
550	-4.59894e+06	0	0
549	-4.5856e+06	0	0
548	-4.57218e+06	0	0
547	-4.5587e+06	0	0
546	-4.54514e+06	0	0
545	-4.53152e+06	0	0
544	-4.51782e+06	0	0
543	-4.50405e+06	0	0
542	-4.49021e+06	0	0
541	-4.4763e+06	0	0
540	-4.46231e+06	0	0
539	-4.44825e+06	0	0
538	-4.43411e+06	0	0
537	-4.4199e+06	0	0
536	-4.40562e+06	0	0
535	-4.39126e+06	0	0
534	-4.37683e+06	0	0
533	-4.36231e+06	0	0
532	-4.34773e+06	0	0
531	-4.33306e+06	0	0
530	-4.31832e+06	0	0
529	-4.3035e+06	0	0
528	-4.2886e+06	0	0
527	-4.27362e+06	0	0
526	-4.25856e+06	0	0
525	-4.24342e+06	0	0
524	-4.2282e+06	0	0
523	-4.2129e+06	0	0
522	-4.19752e+06	0	0
521	-4.18206e+06	0	0
520	-4.16651e+06	0	0
519	-4.15088e+06	0	0
518	-4.13517e+06	0	0
517	-4.11937e+06	0	0
516	-4.10349e+06	0	0
515	-4.08752e+06	0	0
514	-4.07147e+06	0	0
513	-4.05533e+06	0	0
512	-4.03911e+06	0	0
511	-4.02279e+06	0	0
510	-4.00639e+06	0	0
509	-3.9899e+06	0	0
508	-3.97333e+06	0	0
507	-3.95666e+06	0	0
