3379	-nan	0	0
3378	-nan	0	0
3377	-nan	0	0
3376	-nan	0	0
3375	-nan	0	0
3374	-nan	0	0
3373	-nan	0	0
3372	-nan	0	0
3371	-nan	0	0
3370	-nan	0	0
3369	-nan	0	0
3368	-nan	0	0
3367	-nan	0	0
3366	-nan	0	0
3365	-nan	0	0
3364	-nan	0	0
3363	-nan	0	0
3362	-nan	0	0
3361	-nan	0	0
3360	-nan	0	0
3359	-nan	0	0
3358	-nan	0	0
3357	-nan	0	0
3356	-nan	0	0
3355	-nan	0	0
3354	-nan	0	0
3353	-nan	0	0
3352	-nan	0	0
3351	-nan	0	0
3350	-nan	0	0
3349	-nan	0	0
3348	-nan	0	0
3347	-nan	0	0
3346	-nan	0	0
3345	-nan	0	0
3344	-nan	0	0
3343	-nan	0	0
3342	-nan	0	0
3341	-nan	0	0
3340	-nan	0	0
3339	-nan	0	0
3338	-nan	0	0
3337	-nan	0	0
3336	-nan	0	0
3335	-nan	0	0
3334	-nan	0	0
3333	-nan	0	0
3332	-nan	0	0
3331	-nan	0	0
3330	-nan	0	0
3329	-nan	0	0
3328	-nan	0	0
3327	-nan	0	0
3326	-nan	0	0
3325	-nan	0	0
3324	-nan	0	0
3323	-nan	0	0
3322	-nan	0	0
3321	-nan	0	0
3320	-nan	0	0
3319	-nan	0	0
3318	-nan	0	0
3317	-nan	0	0
3316	-nan	0	0
3315	-nan	0	0
3314	-nan	0	0
3313	-nan	0	0
3312	-nan	0	0
3311	-nan	0	0
3310	-nan	0	0
3309	-nan	0	0
3308	-nan	0	0
3307	-nan	0	0
3306	-nan	0	0
3305	-nan	0	0
3304	-nan	0	0
3303	-nan	0	0
3302	-nan	0	0
3301	-nan	0	0
3300	-nan	0	0
3299	-nan	0	0
3298	-nan	0	0
3297	-nan	0	0
3296	-nan	0	0
3295	-nan	0	0
3294	-nan	0	0
3293	-nan	0	0
3292	-nan	0	0
3291	-nan	0	0
3290	-nan	0	0
3289	-nan	0	0
3288	-nan	0	0
3287	-nan	0	0
3286	-nan	0	0
3285	-nan	0	0
3284	-nan	0	0
3283	-nan	0	0
3282	-nan	0	0
3281	-nan	0	0
3280	-nan	0	0
3279	-nan	0	0
3278	-nan	0	0
3277	-nan	0	0
3276	-nan	0	0
3275	-nan	0	0
3274	-nan	0	0
3273	-nan	0	0
3272	-nan	0	0
3271	-nan	0	0
3270	-nan	0	0
3269	-nan	0	0
3268	-nan	0	0
3267	-nan	0	0
3266	-nan	0	0
3265	-nan	0	0
3264	-nan	0	0
3263	-nan	0	0
3262	-nan	0	0
3261	-nan	0	0
3260	-nan	0	0
3259	-nan	0	0
3258	-nan	0	0
3257	-nan	0	0
3256	-nan	0	0
3255	-nan	0	0
3254	-nan	0	0
3253	-nan	0	0
3252	-nan	0	0
3251	-nan	0	0
3250	-nan	0	0
3249	-nan	0	0
3248	-nan	0	0
3247	-nan	0	0
3246	-nan	0	0
3245	-nan	0	0
3244	-nan	0	0
3243	-nan	0	0
3242	-nan	0	0
3241	-nan	0	0
3240	-nan	0	0
3239	-nan	0	0
3238	-nan	0	0
3237	-nan	0	0
3236	-nan	0	0
3235	-nan	0	0
3234	-nan	0	0
3233	-nan	0	0
3232	-nan	0	0
3231	-nan	0	0
3230	-nan	0	0
3229	-nan	0	0
3228	-nan	0	0
3227	-nan	0	0
3226	-nan	0	0
3225	-nan	0	0
3224	-nan	0	0
3223	-nan	0	0
3222	-nan	0	0
3221	-nan	0	0
3220	-nan	0	0
3219	-nan	0	0
3218	-nan	0	0
3217	-nan	0	0
3216	-nan	0	0
3215	-nan	0	0
3214	-nan	0	0
3213	-nan	0	0
3212	-nan	0	0
3211	-nan	0	0
3210	-nan	0	0
3209	-nan	0	0
3208	-nan	0	0
3207	-nan	0	0
3206	-nan	0	0
3205	-nan	0	0
3204	-nan	0	0
3203	-nan	0	0
3202	-nan	0	0
3201	-nan	0	0
3200	-nan	0	0
3199	-nan	0	0
3198	-nan	0	0
3197	-nan	0	0
3196	-nan	0	0
3195	-nan	0	0
3194	-nan	0	0
3193	-nan	0	0
3192	-nan	0	0
3191	-nan	0	0
3190	-nan	0	0
3189	-nan	0	0
3188	-nan	0	0
3187	-nan	0	0
3186	-nan	0	0
3185	-nan	0	0
3184	-nan	0	0
3183	-nan	0	0
3182	-nan	0	0
3181	-nan	0	0
3180	-nan	0	0
3179	-nan	0	0
3178	-nan	0	0
3177	-nan	0	0
3176	-nan	0	0
3175	-nan	0	0
3174	-nan	0	0
3173	-nan	0	0
3172	-nan	0	0
3171	-nan	0	0
3170	-nan	0	0
3169	-nan	0	0
3168	-nan	0	0
3167	-nan	0	0
3166	-nan	0	0
3165	-nan	0	0
3164	-nan	0	0
3163	-nan	0	0
3162	-nan	0	0
3161	-nan	0	0
3160	-nan	0	0
3159	-nan	0	0
3158	-nan	0	0
3157	-nan	0	0
3156	-nan	0	0
3155	-nan	0	0
3154	-nan	0	0
3153	-nan	0	0
3152	-nan	0	0
3151	-nan	0	0
3150	-nan	0	0
3149	-nan	0	0
3148	-nan	0	0
3147	-nan	0	0
3146	-nan	0	0
3145	-nan	0	0
3144	-nan	0	0
3143	-nan	0	0
3142	-nan	0	0
3141	-nan	0	0
3140	-nan	0	0
3139	-nan	0	0
3138	-nan	0	0
3137	-nan	0	0
3136	-nan	0	0
3135	-nan	0	0
3134	-nan	0	0
3133	-nan	0	0
3132	-nan	0	0
3131	-nan	0	0
3130	-nan	0	0
3129	-nan	0	0
3128	-nan	0	0
3127	-nan	0	0
3126	-nan	0	0
3125	-nan	0	0
3124	-nan	0	0
3123	-nan	0	0
3122	-nan	0	0
3121	-nan	0	0
3120	-nan	0	0
3119	-nan	0	0
3118	-nan	0	0
3117	-nan	0	0
3116	-nan	0	0
3115	-nan	0	0
3114	-nan	0	0
3113	-nan	0	0
3112	-nan	0	0
3111	-nan	0	0
3110	-nan	0	0
3109	-nan	0	0
3108	-nan	0	0
3107	-nan	0	0
3106	-nan	0	0
3105	-nan	0	0
3104	-nan	0	0
3103	-nan	0	0
3102	-nan	0	0
3101	-nan	0	0
3100	-nan	0	0
3099	-nan	0	0
3098	-nan	0	0
3097	-nan	0	0
3096	-nan	0	0
3095	-nan	0	0
3094	-nan	0	0
3093	-nan	0	0
3092	-nan	0	0
3091	-nan	0	0
3090	-nan	0	0
3089	-nan	0	0
3088	-nan	0	0
3087	-nan	0	0
3086	-nan	0	0
3085	-nan	0	0
3084	-nan	0	0
3083	-nan	0	0
3082	-nan	0	0
3081	-nan	0	0
3080	-nan	0	0
3079	-nan	0	0
3078	-nan	0	0
3077	-1.18412	0	0
3076	-1.19212	0	0
3075	-1.20016	0	0
3074	-1.20823	0	0
3073	-1.21634	0	0
3072	-1.22447	0	0
3071	-1.23265	0	0
3070	-1.24086	0	0
3069	-1.2491	0	0
3068	-1.25737	0	0
3067	-1.26569	0	0
3066	-1.16301	0	0
3065	-1.17069	0	0
3064	-1.17841	0	0
3063	-1.18615	0	0
3062	-1.19393	0	0
3061	-1.20174	0	0
3060	-1.20959	0	0
3059	-1.21746	0	0
3058	-1.22537	0	0
3057	-1.23331	0	0
3056	-1.24129	0	0
3055	-1.2493	0	0
3054	-1.25734	0	0
3053	-1.26541	0	0
3052	-1.27352	0	0
3051	-1.17313	0	0
3050	-1.18064	0	0
3049	-1.18819	0	0
3048	-1.19577	0	0
3047	-1.20338	0	0
3046	-1.21102	0	0
3045	-1.21869	0	0
3044	-1.22639	0	0
3043	-1.23412	0	0
3042	-1.24189	0	0
3041	-1.24968	0	0
3040	-1.25751	0	0
3039	-1.26537	0	0
3038	-1.27326	0	0
3037	-1.28118	0	0
3036	-1.28914	0	0
3035	-1.1903	0	0
3034	-1.19769	0	0
3033	-1.20511	0	0
3032	-1.21255	0	0
3031	-1.22003	0	0
3030	-1.22753	0	0
3029	-1.23507	0	0
3028	-1.24264	0	0
3027	-1.25023	0	0
3026	-1.25786	0	0
3025	-1.26552	0	0
3024	-1.2732	0	0
3023	-1.28092	0	0
3022	-1.28867	0	0
3021	-1.29644	0	0
3020	-1.19963	0	0
3019	-1.20687	0	0
3018	-1.21415	0	0
3017	-1.22145	0	0
3016	-1.22878	0	0
3015	-1.23615	0	0
3014	-1.24354	0	0
3013	-1.25095	0	0
3012	-1.2584	0	0
3011	-1.26588	0	0
3010	-1.27338	0	0
3009	-1.28092	0	0
3008	-1.28848	0	0
3007	-1.29608	0	0
3006	-1.3037	0	0
3005	-1.20877	0	0
3004	-1.21588	0	0
3003	-1.22301	0	0
3002	-1.23018	0	0
3001	-1.23737	0	0
3000	-1.24459	0	0
2999	-1.25184	0	0
2998	-1.25911	0	0
2997	-1.26642	0	0
2996	-1.27375	0	0
2995	-1.28111	0	0
2994	-1.28849	0	0
2993	-1.29591	0	0
2992	-1.30335	0	0
2991	-1.31083	0	0
2990	-1.2177	0	0
2989	-1.22469	0	0
2988	-1.2317	0	0
2987	-1.23874	0	0
2986	-1.24581	0	0
2985	-1.2529	0	0
2984	-1.26002	0	0
2983	-1.26717	0	0
2982	-1.27434	0	0
2981	-1.28154	0	0
2980	-1.28877	0	0
2979	-1.29603	0	0
2978	-1.30331	0	0
2977	-1.31062	0	0
2976	-1.31796	0	0
2975	-1.22647	0	0
2974	-1.23335	0	0
2973	-1.24024	0	0
2972	-1.24717	0	0
2971	-1.25412	0	0
2970	-1.26109	0	0
2969	-1.2681	0	0
2968	-1.27512	0	0
2967	-1.28218	0	0
2966	-1.28926	0	0
2965	-1.29636	0	0
2964	-1.30349	0	0
2963	-1.31065	0	0
2962	-1.31784	0	0
2961	-1.32505	0	0
2960	-1.23518	0	0
2959	-1.24194	0	0
2958	-1.24873	0	0
2957	-1.25554	0	0
2956	-1.26238	0	0
2955	-1.26924	0	0
2954	-1.27613	0	0
2953	-1.28304	0	0
2952	-1.28998	0	0
2951	-1.29694	0	0
2950	-1.30393	0	0
2949	-1.31094	0	0
2948	-1.31798	0	0
2947	-1.32505	0	0
2946	-1.33214	0	0
2945	-1.24375	0	0
2944	-1.25042	0	0
2943	-1.25711	0	0
2942	-1.26382	0	0
2941	-1.27056	0	0
2940	-1.27732	0	0
2939	-1.28411	0	0
2938	-1.29092	0	0
2937	-1.29776	0	0
2936	-1.30462	0	0
2935	-1.31151	0	0
2934	-1.31842	0	0
2933	-1.32535	0	0
2932	-1.33231	0	0
2931	-1.24581	0	0
2930	-1.25235	0	0
2929	-1.25892	0	0
2928	-1.26551	0	0
2927	-1.27212	0	0
2926	-1.27876	0	0
2925	-1.28542	0	0
2924	-1.29211	0	0
2923	-1.29882	0	0
2922	-1.30555	0	0
2921	-1.3123	0	0
2920	-1.31908	0	0
2919	-1.32589	0	0
2918	-1.33272	0	0
2917	-1.33957	0	0
2916	-1.25445	0	0
2915	-1.26091	0	0
2914	-1.26739	0	0
2913	-1.2739	0	0
2912	-1.28042	0	0
2911	-1.28697	0	0
2910	-1.29355	0	0
2909	-1.30015	0	0
2908	-1.30677	0	0
2907	-1.31341	0	0
2906	-1.32008	0	0
2905	-1.32677	0	0
2904	-1.33348	0	0
2903	-1.34022	0	0
2902	-1.25677	0	0
2901	-1.26312	0	0
2900	-1.2695	0	0
2899	-1.2759	0	0
2898	-1.28232	0	0
2897	-1.28876	0	0
2896	-1.29522	0	0
2895	-1.30171	0	0
2894	-1.30822	0	0
2893	-1.31475	0	0
2892	-1.32131	0	0
2891	-1.32788	0	0
2890	-1.33448	0	0
2889	-1.3411	0	0
2888	-1.25933	0	0
2887	-1.26558	0	0
2886	-1.27186	0	0
2885	-1.27816	0	0
2884	-1.28448	0	0
2883	-1.29082	0	0
2882	-1.29718	0	0
2881	-1.30356	0	0
2880	-1.30997	0	0
2879	-1.31639	0	0
2878	-1.32284	0	0
2877	-1.32931	0	0
2876	-1.33581	0	0
2875	-1.34232	0	0
2874	-1.26211	0	0
2873	-1.26828	0	0
2872	-1.27446	0	0
2871	-1.28066	0	0
2870	-1.28689	0	0
2869	-1.29313	0	0
2868	-1.2994	0	0
2867	-1.30569	0	0
2866	-1.312	0	0
2865	-1.31833	0	0
2864	-1.32468	0	0
2863	-1.33105	0	0
2862	-1.33745	0	0
2861	-1.34386	0	0
2860	-1.26514	0	0
2859	-1.27122	0	0
2858	-1.27731	0	0
2857	-1.28343	0	0
2856	-1.28956	0	0
2855	-1.29572	0	0
2854	-1.30189	0	0
2853	-1.30809	0	0
2852	-1.31431	0	0
2851	-1.32054	0	0
2850	-1.3268	0	0
2849	-1.33308	0	0
2848	-1.33938	0	0
2847	-1.2625	0	0
2846	-1.26847	0	0
2845	-1.27445	0	0
2844	-1.28046	0	0
2843	-1.28649	0	0
2842	-1.29253	0	0
2841	-1.2986	0	0
2840	-1.30469	0	0
2839	-1.31079	0	0
2838	-1.31692	0	0
2837	-1.32307	0	0
2836	-1.32924	0	0
2835	-1.33542	0	0
2834	-1.34163	0	0
2833	-1.26617	0	0
2832	-1.27206	0	0
2831	-1.27797	0	0
2830	-1.28389	0	0
2829	-1.28984	0	0
2828	-1.29581	0	0
2827	-1.30179	0	0
2826	-1.3078	0	0
2825	-1.31382	0	0
2824	-1.31987	0	0
2823	-1.32593	0	0
2822	-1.33201	0	0
2821	-1.33812	0	0
2820	-1.26427	0	0
2819	-1.27006	0	0
2818	-1.27588	0	0
2817	-1.28172	0	0
2816	-1.28757	0	0
2815	-1.29345	0	0
2814	-1.29934	0	0
2813	-1.30525	0	0
2812	-1.31119	0	0
2811	-1.31714	0	0
2810	-1.32311	0	0
2809	-1.3291	0	0
2808	-1.3351	0	0
2807	-1.26287	0	0
2806	-1.26858	0	0
2805	-1.2743	0	0
2804	-1.28004	0	0
2803	-1.2858	0	0
2802	-1.29158	0	0
2801	-1.29737	0	0
2800	-1.30319	0	0
2799	-1.30902	0	0
2798	-1.31487	0	0
2797	-1.32075	0	0
2796	-1.32664	0	0
2795	-1.33254	0	0
2794	-1.33847	0	0
2793	-1.26747	0	0
2792	-1.27311	0	0
2791	-1.27877	0	0
2790	-1.28445	0	0
2789	-1.29015	0	0
2788	-1.29586	0	0
2787	-1.3016	0	0
2786	-1.30735	0	0
2785	-1.31312	0	0
2784	-1.3189	0	0
2783	-1.32471	0	0
2782	-1.33054	0	0
2781	-1.33638	0	0
2780	-1.26673	0	0
2779	-1.27229	0	0
2778	-1.27788	0	0
2777	-1.28348	0	0
2776	-1.2891	0	0
2775	-1.3891	0	0
2774	-1.39552	0	0
2773	-1.40196	0	0
2772	-1.40843	0	0
2771	-1.41492	0	0
2770	-1.42142	0	0
2769	-1.42795	0	0
2768	-1.4345	0	0
2767	-1.35187	0	0
2766	-1.3581	0	0
2765	-1.36436	0	0
2764	-1.37064	0	0
2763	-1.37693	0	0
2762	-1.38325	0	0
2761	-1.38959	0	0
2760	-1.39595	0	0
2759	-1.40233	0	0
2758	-1.40873	0	0
2757	-1.41516	0	0
2756	-1.4216	0	0
2755	-1.34059	0	0
2754	-1.34672	0	0
2753	-1.35287	0	0
2752	-1.35905	0	0
2751	-1.36524	0	0
2750	-1.37145	0	0
2749	-1.37768	0	0
2748	-1.38393	0	0
2747	-1.3902	0	0
2746	-1.3965	0	0
2745	-1.40281	0	0
2744	-1.40914	0	0
2743	-1.4155	0	0
2742	-1.3358	0	0
2741	-1.34185	0	0
2740	-1.34792	0	0
2739	-1.35401	0	0
2738	-1.36012	0	0
2737	-1.36625	0	0
2736	-1.3724	0	0
2735	-1.37857	0	0
2734	-1.38476	0	0
2733	-1.39097	0	0
2732	-1.3972	0	0
2731	-1.40345	0	0
2730	-1.40972	0	0
2729	-1.33122	0	0
2728	-1.3372	0	0
2727	-1.3432	0	0
2726	-1.34922	0	0
2725	-1.35525	0	0
2724	-1.36131	0	0
2723	-1.36739	0	0
2722	-1.37348	0	0
2721	-1.3796	0	0
2720	-1.38573	0	0
2719	-1.39189	0	0
2718	-1.39806	0	0
2717	-1.32099	0	0
2716	-1.32688	0	0
2715	-1.33279	0	0
2714	-1.33871	0	0
2713	-1.34466	0	0
2712	-1.35062	0	0
2711	-1.35661	0	0
2710	-1.36261	0	0
2709	-1.36863	0	0
2708	-1.37467	0	0
2707	-1.38074	0	0
2706	-1.38682	0	0
2705	-1.31119	0	0
2704	-1.31699	0	0
2703	-1.3228	0	0
2702	-1.32864	0	0
2701	-1.3345	0	0
2700	-1.34037	0	0
2699	-1.34626	0	0
2698	-1.35217	0	0
2697	-1.3581	0	0
2696	-1.36405	0	0
2695	-1.37002	0	0
2694	-1.376	0	0
2693	-1.38201	0	0
2692	-1.30748	0	0
2691	-1.31321	0	0
2690	-1.31897	0	0
2689	-1.32474	0	0
2688	-1.33053	0	0
2687	-1.33633	0	0
2686	-1.34216	0	0
2685	-1.348	0	0
2684	-1.35387	0	0
2683	-1.35975	0	0
2682	-1.36565	0	0
2681	-1.37157	0	0
2680	-1.29834	0	0
2679	-1.30399	0	0
2678	-1.30967	0	0
2677	-1.31536	0	0
2676	-1.32106	0	0
2675	-1.32679	0	0
2674	-1.33253	0	0
2673	-1.3383	0	0
2672	-1.34408	0	0
2671	-1.34987	0	0
2670	-1.35569	0	0
2669	-1.36152	0	0
2668	-1.2896	0	0
2667	-1.29518	0	0
2666	-1.30077	0	0
2665	-1.30638	0	0
2664	-1.312	0	0
2663	-1.31765	0	0
2662	-1.32331	0	0
2661	-1.32899	0	0
2660	-1.33468	0	0
2659	-1.3404	0	0
2658	-1.34613	0	0
2657	-1.35188	0	0
2656	-1.28125	0	0
2655	-1.28674	0	0
2654	-1.29226	0	0
2653	-1.29779	0	0
2652	-1.30333	0	0
2651	-1.3089	0	0
2650	-1.31448	0	0
2649	-1.32008	0	0
2648	-1.3257	0	0
2647	-1.33134	0	0
2646	-1.33699	0	0
2645	-1.26787	0	0
2644	-1.27327	0	0
2643	-1.27869	0	0
2642	-1.28413	0	0
2641	-1.28959	0	0
2640	-1.29506	0	0
2639	-1.30055	0	0
2638	-1.30605	0	0
2637	-1.31158	0	0
2636	-1.31712	0	0
2635	-1.32267	0	0
2634	-1.32825	0	0
2633	-1.26035	0	0
2632	-1.26568	0	0
2631	-1.27103	0	0
2630	-1.27639	0	0
2629	-1.28178	0	0
2628	-1.28717	0	0
2627	-1.29259	0	0
2626	-1.29802	0	0
2625	-1.30346	0	0
2624	-1.30893	0	0
2623	-1.31441	0	0
2622	-1.31991	0	0
2621	-1.25319	0	0
2620	-1.25845	0	0
2619	-1.26373	0	0
2618	-1.26902	0	0
2617	-1.27433	0	0
2616	-1.27966	0	0
2615	-1.285	0	0
2614	-1.29036	0	0
2613	-1.29574	0	0
2612	-1.30113	0	0
2611	-1.30654	0	0
2610	-1.24118	0	0
2609	-1.24636	0	0
2608	-1.25155	0	0
2607	-1.25677	0	0
2606	-1.26199	0	0
2605	-1.26724	0	0
2604	-1.2725	0	0
2603	-1.27778	0	0
2602	-1.28307	0	0
2601	-1.28838	0	0
2600	-1.2937	0	0
2599	-1.29904	0	0
2598	-1.23477	0	0
2597	-1.23989	0	0
2596	-1.24502	0	0
2595	-1.25016	0	0
2594	-1.25532	0	0
2593	-1.2605	0	0
2592	-1.26569	0	0
2591	-1.2709	0	0
2590	-1.27612	0	0
2589	-1.28136	0	0
2588	-1.28662	0	0
2587	-1.22373	0	0
2586	-1.22876	0	0
2585	-1.2338	0	0
2584	-1.23886	0	0
2583	-1.24394	0	0
2582	-1.24903	0	0
2581	-1.25414	0	0
2580	-1.25926	0	0
2579	-1.2644	0	0
2578	-1.26955	0	0
2577	-1.27472	0	0
2576	-1.21313	0	0
2575	-1.21808	0	0
2574	-1.22306	0	0
2573	-1.22804	0	0
2572	-1.23304	0	0
2571	-1.23806	0	0
2570	-1.24309	0	0
2569	-1.24814	0	0
2568	-1.2532	0	0
2567	-1.25828	0	0
2566	-1.26337	0	0
2565	-1.2029	0	0
2564	-1.20779	0	0
2563	-1.2127	0	0
2562	-1.21762	0	0
2561	-1.22255	0	0
2560	-1.2275	0	0
2559	-1.23246	0	0
2558	-1.23744	0	0
2557	-1.24244	0	0
2556	-1.24744	0	0
2555	-1.25247	0	0
2554	-1.19308	0	0
2553	-1.1979	0	0
2552	-1.20273	0	0
2551	-1.20759	0	0
2550	-1.21245	0	0
2549	-1.21733	0	0
2548	-1.22222	0	0
2547	-1.22713	0	0
2546	-1.23206	0	0
2545	-1.23699	0	0
2544	-1.24195	0	0
2543	-1.18366	0	0
2542	-1.18842	0	0
2541	-1.19318	0	0
2540	-1.19797	0	0
2539	-1.20276	0	0
2538	-1.20757	0	0
2537	-1.2124	0	0
2536	-1.21724	0	0
2535	-1.22209	0	0
2534	-1.22696	0	0
2533	-1.23184	0	0
2532	-1.17463	0	0
2531	-1.17932	0	0
2530	-1.18402	0	0
2529	-1.18874	0	0
2528	-1.19347	0	0
2527	-1.19822	0	0
2526	-1.20298	0	0
2525	-1.20775	0	0
2524	-1.21254	0	0
2523	-1.21734	0	0
2522	-1.16122	0	0
2521	-1.16585	0	0
2520	-1.17048	0	0
2519	-1.17514	0	0
2518	-1.1798	0	0
2517	-1.18448	0	0
2516	-1.18918	0	0
2515	-1.19389	0	0
2514	-1.19861	0	0
2513	-1.20335	0	0
2512	-1.2081	0	0
2511	-1.15256	0	0
2510	-1.15715	0	0
2509	-1.16176	0	0
2508	-1.16638	0	0
2507	-1.17101	0	0
2506	-1.17566	0	0
2505	-1.18032	0	0
2504	-1.18499	0	0
2503	-1.18968	0	0
2502	-1.19439	0	0
2501	-1.1991	0	0
2500	-1.14423	0	0
2499	-1.14877	0	0
2498	-1.15331	0	0
2497	-1.15787	0	0
2496	-1.16245	0	0
2495	-1.16704	0	0
2494	-1.17164	0	0
2493	-1.17625	0	0
2492	-1.18088	0	0
2491	-1.18553	0	0
2490	-1.13168	0	0
2489	-1.13615	0	0
2488	-1.14064	0	0
2487	-1.14514	0	0
2486	-1.14965	0	0
2485	-1.15417	0	0
2484	-1.15871	0	0
2483	-1.16327	0	0
2482	-1.16783	0	0
2481	-1.17241	0	0
2480	-1.11866	0	0
2479	-1.12315	0	0
2478	-1.12765	0	0
2477	-1.13217	0	0
2476	-1.1367	0	0
2475	-1.14124	0	0
2474	-1.1458	0	0
2473	-1.02259	0	0
2472	-1.02717	0	0
2471	-1.03177	0	0
2470	-1.03638	0	0
2469	-0.976888	0	0
2468	-0.981299	0	0
2467	-0.985724	0	0
2466	-0.990163	0	0
2465	-0.994615	0	0
2464	-0.999082	0	0
2463	-1.00356	0	0
2462	-1.00806	0	0
2461	-1.01257	0	0
2460	-1.01709	0	0
2459	-0.958797	0	0
2458	-0.963124	0	0
2457	-0.967465	0	0
2456	-0.971819	0	0
2455	-0.976187	0	0
2454	-0.980569	0	0
2453	-0.984964	0	0
2452	-0.989373	0	0
2451	-0.993796	0	0
2450	-0.998233	0	0
2449	-0.941104	0	0
2448	-0.94535	0	0
2447	-0.949609	0	0
2446	-0.953882	0	0
2445	-0.958167	0	0
2444	-0.962467	0	0
2443	-0.966779	0	0
2442	-0.971106	0	0
2441	-0.975445	0	0
2440	-0.979799	0	0
2439	-0.923778	0	0
2438	-0.927946	0	0
2437	-0.932127	0	0
2436	-0.936321	0	0
2435	-0.940528	0	0
2434	-0.944748	0	0
2433	-0.948982	0	0
2432	-0.953228	0	0
2431	-0.957488	0	0
2430	-0.961761	0	0
2429	-0.906795	0	0
2428	-0.910888	0	0
2427	-0.914993	0	0
2426	-0.919111	0	0
2425	-0.923242	0	0
2424	-0.927386	0	0
2423	-0.931543	0	0
2422	-0.935712	0	0
2421	-0.939895	0	0
2420	-0.94409	0	0
2419	-0.890161	0	0
2418	-0.894178	0	0
2417	-0.898207	0	0
2416	-0.902248	0	0
2415	-0.906302	0	0
2414	-0.910369	0	0
2413	-0.914449	0	0
2412	-0.918541	0	0
2411	-0.922645	0	0
2410	-0.926763	0	0
2409	-0.873904	0	0
2408	-0.877842	0	0
2407	-0.881791	0	0
2406	-0.885753	0	0
2405	-0.889727	0	0
2404	-0.893714	0	0
2403	-0.897713	0	0
2402	-0.901724	0	0
2401	-0.905747	0	0
2400	-0.854134	0	0
2399	-0.857985	0	0
2398	-0.861848	0	0
2397	-0.865723	0	0
2396	-0.86961	0	0
2395	-0.873508	0	0
2394	-0.877419	0	0
2393	-0.881342	0	0
2392	-0.885277	0	0
2391	-0.889225	0	0
2390	-0.838582	0	0
2389	-0.842363	0	0
2388	-0.846156	0	0
2387	-0.84996	0	0
2386	-0.853777	0	0
2385	-0.857605	0	0
2384	-0.861444	0	0
2383	-0.865296	0	0
2382	-0.86916	0	0
2381	-0.873035	0	0
2380	-0.823319	0	0
2379	-0.827031	0	0
2378	-0.830753	0	0
2377	-0.834488	0	0
2376	-0.838234	0	0
2375	-0.841991	0	0
2374	-0.84576	0	0
2373	-0.849541	0	0
2372	-0.853333	0	0
2371	-0.804734	0	0
2370	-0.808362	0	0
2369	-0.812001	0	0
2368	-0.815652	0	0
2367	-0.819314	0	0
2366	-0.822987	0	0
2365	-0.826671	0	0
2364	-0.830367	0	0
2363	-0.834074	0	0
2362	-0.786516	0	0
2361	-0.790071	0	0
2360	-0.793637	0	0
2359	-0.797214	0	0
2358	-0.800802	0	0
2357	-0.804401	0	0
2356	-0.808012	0	0
2355	-0.811633	0	0
2354	-0.815265	0	0
2353	-0.818909	0	0
2352	-0.772139	0	0
2351	-0.775632	0	0
2350	-0.779135	0	0
2349	-0.782649	0	0
2348	-0.786174	0	0
2347	-0.78971	0	0
2346	-0.793257	0	0
2345	-0.796814	0	0
2344	-0.800383	0	0
2343	-0.754603	0	0
2342	-0.758018	0	0
2341	-0.761444	0	0
2340	-0.76488	0	0
2339	-0.768326	0	0
2338	-0.771783	0	0
2337	-0.775251	0	0
2336	-0.77873	0	0
2335	-0.782218	0	0
2334	-0.737449	0	0
2333	-0.740788	0	0
2332	-0.744138	0	0
2331	-0.747498	0	0
2330	-0.750868	0	0
2329	-0.754249	0	0
2328	-0.75764	0	0
2327	-0.761041	0	0
2326	-0.764453	0	0
2325	-0.720477	0	0
2324	-0.723763	0	0
2323	-0.727059	0	0
2322	-0.730365	0	0
2321	-0.733681	0	0
2320	-0.737008	0	0
2319	-0.740344	0	0
2318	-0.743691	0	0
2317	-0.747048	0	0
2316	-0.703485	0	0
2315	-0.706738	0	0
2314	-0.710002	0	0
2313	-0.713276	0	0
2312	-0.716559	0	0
2311	-0.719853	0	0
2310	-0.723157	0	0
2309	-0.726472	0	0
2308	-0.729796	0	0
2307	-0.686774	0	0
2306	-0.68996	0	0
2305	-0.693156	0	0
2304	-0.696362	0	0
2303	-0.699577	0	0
2302	-0.702802	0	0
2301	-0.706038	0	0
2300	-0.709283	0	0
2299	-0.712538	0	0
2298	-0.670276	0	0
2297	-0.673403	0	0
2296	-0.67654	0	0
2295	-0.679686	0	0
2294	-0.682842	0	0
2293	-0.686008	0	0
2292	-0.689183	0	0
2291	-0.692368	0	0
2290	-0.695563	0	0
2289	-0.654192	0	0
2288	-0.657235	0	0
2287	-0.660288	0	0
2286	-0.663351	0	0
2285	-0.666422	0	0
2284	-0.669503	0	0
2283	-0.672593	0	0
2282	-0.675693	0	0
2281	-0.678802	0	0
2280	-0.637192	0	0
2279	-0.640318	0	0
2278	-0.643453	0	0
2277	-0.646598	0	0
2276	-0.649753	0	0
2275	-0.652917	0	0
2274	-0.656092	0	0
2273	-0.659276	0	0
2272	-0.616493	0	0
2271	-0.619636	0	0
2270	-0.62279	0	0
2269	-0.625953	0	0
2268	-0.629127	0	0
2267	-0.632311	0	0
2266	-0.635504	0	0
2265	-0.638708	0	0
2264	-0.641922	0	0
2263	-0.599093	0	0
2262	-0.602178	0	0
2261	-0.605273	0	0
2260	-0.608378	0	0
2259	-0.611493	0	0
2258	-0.614617	0	0
2257	-0.617752	0	0
2256	-0.620896	0	0
2255	-0.62405	0	0
2254	-0.581893	0	0
2253	-0.584914	0	0
2252	-0.587946	0	0
2251	-0.590987	0	0
2250	-0.594037	0	0
2249	-0.597098	0	0
2248	-0.600168	0	0
2247	-0.603247	0	0
2246	-0.561891	0	0
2245	-0.564846	0	0
2244	-0.567811	0	0
2243	-0.570784	0	0
2242	-0.573768	0	0
2241	-0.57676	0	0
2240	-0.579762	0	0
2239	-0.582773	0	0
2238	-0.585794	0	0
2237	-0.541122	0	0
2236	-0.544541	0	0
2235	-0.547973	0	0
2234	-0.551416	0	0
2233	-0.55487	0	0
2232	-0.558337	0	0
2231	-0.561815	0	0
2230	-0.565305	0	0
2229	-0.51588	0	0
2228	-0.519358	0	0
2227	-0.522848	0	0
2226	-0.52635	0	0
2225	-0.529864	0	0
2224	-0.533391	0	0
2223	-0.536929	0	0
2222	-0.54048	0	0
2221	-0.490422	0	0
2220	-0.493865	0	0
2219	-0.49732	0	0
2218	-0.500787	0	0
2217	-0.504267	0	0
2216	-0.507758	0	0
2215	-0.511262	0	0
2214	-0.514777	0	0
2213	-0.466553	0	0
2212	-0.469755	0	0
2211	-0.472967	0	0
2210	-0.47619	0	0
2209	-0.479424	0	0
2208	-0.482669	0	0
2207	-0.485925	0	0
2206	-0.489193	0	0
2205	-0.492471	0	0
2204	-0.44336	0	0
2203	-0.446869	0	0
2202	-0.450391	0	0
2201	-0.453926	0	0
2200	-0.457472	0	0
2199	-0.461031	0	0
2198	-0.464603	0	0
2197	-0.468187	0	0
2196	-0.407471	0	0
2195	-0.412154	0	0
2194	-0.416856	0	0
2193	-0.421575	0	0
2192	-0.426313	0	0
2191	-0.431069	0	0
2190	-0.435844	0	0
2189	-0.440637	0	0
2188	-0.369411	0	0
2187	-0.374173	0	0
2186	-0.378953	0	0
2185	-0.383752	0	0
2184	-0.38857	0	0
2183	-0.393407	0	0
2182	-0.398263	0	0
2181	-0.403138	0	0
2180	-0.330129	0	0
2179	-0.334965	0	0
2178	-0.339821	0	0
2177	-0.344695	0	0
2176	-0.34959	0	0
2175	-0.354503	0	0
2174	-0.359437	0	0
2173	-0.36439	0	0
2172	-0.29569	0	0
2171	-0.147439	0	0
2170	-0.149118	0	0
2169	-0.150803	0	0
2168	-0.152494	0	0
2167	-0.15419	0	0
2166	-0.155892	0	0
2165	-0.157599	0	0
2164	-0.125956	0	0
2163	-0.127547	0	0
2162	-0.129144	0	0
2161	-0.130745	0	0
2160	-0.132352	0	0
2159	-0.133965	0	0
2158	-0.135582	0	0
2157	-0.137205	0	0
2156	-0.105907	0	0
2155	-0.107489	0	0
2154	-0.109077	0	0
2153	-0.11067	0	0
2152	-0.112268	0	0
2151	-0.113872	0	0
2150	-0.115481	0	0
2149	-0.0840557	0	0
2148	-0.0856157	0	0
2147	-0.0871811	0	0
2146	-0.0887519	0	0
2145	-0.0903282	0	0
2144	-0.0919098	0	0
2143	-0.093497	0	0
2142	-0.0950896	0	0
2141	-0.0640563	0	0
2140	-0.0655288	0	0
2139	-0.0670065	0	0
2138	-0.0684893	0	0
2137	-0.0699771	0	0
2136	-0.0714702	0	0
2135	-0.0729683	0	0
2134	-0.0744716	0	0
2133	-0.044266	0	0
2132	-0.0456591	0	0
2131	-0.0470571	0	0
2130	-0.0484599	0	0
2129	-0.0498675	0	0
2128	-0.05128	0	0
2127	-0.0526973	0	0
2126	-0.0235631	0	0
2125	-0.0248459	0	0
2124	-0.0261331	0	0
2123	-0.0274247	0	0
2122	-0.0287207	0	0
2121	-0.0300211	0	0
2120	-0.0313259	0	0
2119	-0.0326352	0	0
2118	-0.00466842	0	0
2117	-0.00583898	0	0
2116	-0.00701346	0	0
2115	-0.00819189	0	0
2114	-0.00937425	0	0
2113	-0.0105606	0	0
2112	-0.0117509	0	0
2111	0.0179985	0	0
2110	0.0165227	0	0
2109	0.0150414	0	0
2108	0.0135545	0	0
2107	0.012062	0	0
2106	0.010564	0	0
2105	0.00906042	0	0
2104	0.0075512	0	0
2103	0.0395182	0	0
2102	0.038077	0	0
2101	0.0366304	0	0
2100	0.0351783	0	0
2099	0.0337206	0	0
2098	0.0322574	0	0
2097	0.0307887	0	0
2096	0.0625261	0	0
2095	0.0611335	0	0
2094	0.0597354	0	0
2093	0.058332	0	0
2092	0.0569232	0	0
2091	0.055509	0	0
2090	0.0540893	0	0
2089	0.0526643	0	0
2088	0.083888	0	0
2087	0.0825866	0	0
2086	0.0812802	0	0
2085	0.0799688	0	0
2084	0.0786523	0	0
2083	0.0773308	0	0
2082	0.0760042	0	0
2081	0.105594	0	0
2080	0.10449	0	0
2079	0.103381	0	0
2078	0.102268	0	0
2077	0.101152	0	0
2076	0.100031	0	0
2075	0.0989054	0	0
2074	0.127593	0	0
2073	0.126472	0	0
2072	0.125348	0	0
2071	0.124219	0	0
2070	0.123086	0	0
2069	0.121949	0	0
2068	0.120807	0	0
2067	0.157171	0	0
2066	0.155028	0	0
2065	0.152874	0	0
2064	0.150712	0	0
2063	0.14854	0	0
2062	0.146358	0	0
2061	0.144167	0	0
2060	0.186535	0	0
2059	0.184548	0	0
2058	0.182552	0	0
2057	0.180547	0	0
2056	0.178534	0	0
2055	0.176511	0	0
2054	0.17448	0	0
2053	0.17244	0	0
2052	0.214463	0	0
2051	0.212449	0	0
2050	0.210425	0	0
2049	0.208393	0	0
2048	0.206352	0	0
2047	0.204301	0	0
2046	0.202241	0	0
2045	0.244041	0	0
2044	0.242162	0	0
2043	0.240275	0	0
2042	0.238379	0	0
2041	0.236474	0	0
2040	0.234562	0	0
2039	0.23264	0	0
2038	0.270304	0	0
2037	0.269023	0	0
2036	0.267737	0	0
2035	0.266446	0	0
2034	0.265148	0	0
2033	0.263845	0	0
2032	0.262537	0	0
2031	0.300627	0	0
2030	0.298644	0	0
2029	0.296652	0	0
2028	0.294652	0	0
2027	0.292642	0	0
2026	0.290623	0	0
2025	0.349967	0	0
2024	0.345677	0	0
2023	0.341366	0	0
2022	0.337035	0	0
2021	0.332683	0	0
2020	0.32831	0	0
2019	0.323917	0	0
2018	0.395534	0	0
2017	0.391607	0	0
2016	0.387661	0	0
2015	0.383695	0	0
2014	0.379711	0	0
2013	0.375708	0	0
2012	0.371685	0	0
2011	0.442406	0	0
2010	0.438371	0	0
2009	0.434317	0	0
2008	0.430243	0	0
2007	0.426149	0	0
2006	0.422035	0	0
2005	0.417902	0	0
2004	0.489203	0	0
2003	0.48529	0	0
2002	0.481357	0	0
2001	0.477406	0	0
2000	0.473435	0	0
1999	0.469446	0	0
1998	0.465436	0	0
1997	0.527062	0	0
1996	0.524787	0	0
1995	0.522501	0	0
1994	0.520205	0	0
1993	0.517897	0	0
1992	0.515578	0	0
1991	0.58115	0	0
1990	0.576639	0	0
1989	0.572106	0	0
1988	0.567551	0	0
1987	0.562974	0	0
1986	0.558375	0	0
1985	0.553753	0	0
1984	0.660676	0	0
1983	0.651657	0	0
1982	0.642593	0	0
1981	0.633486	0	0
1980	0.624333	0	0
1979	0.615136	0	0
1978	0.745488	0	0
1977	0.737394	0	0
1976	0.729261	0	0
1975	0.721087	0	0
1974	0.712872	0	0
1973	0.704617	0	0
1972	0.696322	0	0
1971	0.824165	0	0
1970	0.815809	0	0
1969	0.807412	0	0
1968	0.798972	0	0
1967	0.790491	0	0
1966	0.781968	0	0
1965	0.773402	0	0
1964	0.902927	0	0
1963	0.894727	0	0
1962	0.886485	0	0
1961	0.878203	0	0
1960	0.869879	0	0
1959	0.861513	0	0
1958	0.970771	0	0
1957	0.965963	0	0
1956	0.961131	0	0
1955	0.956275	0	0
1954	0.951394	0	0
1953	0.946489	0	0
1952	1.05912	0	0
1951	1.05067	0	0
1950	1.04218	0	0
1949	1.03365	0	0
1948	1.02507	0	0
1947	1.01645	0	0
1946	1.00779	0	0
1945	1.18257	0	0
1944	1.1669	0	0
1943	1.15116	0	0
1942	1.13535	0	0
1941	1.11945	0	0
1940	1.10348	0	0
1939	1.31508	0	0
1938	1.30097	0	0
1937	1.28678	0	0
1936	1.27253	0	0
1935	1.25821	0	0
1934	1.24381	0	0
1933	1.44928	0	0
1932	1.43497	0	0
1931	1.42059	0	0
1930	1.40613	0	0
1929	1.39161	0	0
1928	1.37701	0	0
1927	1.36234	0	0
1926	1.57019	0	0
1925	1.55594	0	0
1924	1.54162	0	0
1923	1.52722	0	0
1922	1.51275	0	0
1921	1.49821	0	0
1920	1.67929	0	0
1919	1.67001	0	0
1918	1.66069	0	0
1917	1.65131	0	0
1916	1.64189	0	0
1915	1.63243	0	0
1914	1.79768	0	0
1913	1.78621	0	0
1912	1.77468	0	0
1911	1.7631	0	0
1910	1.75145	0	0
1909	1.73975	0	0
1908	1.96587	0	0
1907	1.94627	0	0
1906	1.92658	0	0
1905	1.90678	0	0
1904	1.88689	0	0
1903	1.86689	0	0
1902	2.13078	0	0
1901	2.11279	0	0
1900	2.0947	0	0
1899	2.07653	0	0
1898	2.05826	0	0
1897	2.03989	0	0
1896	2.30067	0	0
1895	2.28203	0	0
1894	2.2633	0	0
1893	2.24447	0	0
1892	2.22554	0	0
1891	2.20652	0	0
1890	2.47245	0	0
1889	2.45384	0	0
1888	2.43513	0	0
1887	2.41632	0	0
1886	2.39742	0	0
1885	2.37842	0	0
1884	2.62316	0	0
1883	2.60853	0	0
1882	2.59382	0	0
1881	2.57904	0	0
1880	2.56418	0	0
1879	2.54924	0	0
1878	2.76849	0	0
1877	2.75493	0	0
1876	2.7413	0	0
1875	2.7276	0	0
1874	2.71382	0	0
1873	2.69998	0	0
1872	2.94396	0	0
1871	2.92516	0	0
1870	2.90625	0	0
1869	2.88725	0	0
1868	1.18182	0	0
1867	1.17805	0	0
1866	1.25297	0	0
1865	1.24919	0	0
1864	1.2454	0	0
1863	1.24157	0	0
1862	1.23773	0	0
1861	1.23386	0	0
1860	1.30999	0	0
1859	1.30622	0	0
1858	1.30243	0	0
1857	1.29862	0	0
1856	1.29479	0	0
1855	1.29093	0	0
1854	1.35723	0	0
1853	1.35562	0	0
1852	1.35399	0	0
1851	1.35236	0	0
1850	1.35071	0	0
1849	1.4063	0	0
1848	1.40449	0	0
1847	1.40266	0	0
1846	1.40082	0	0
1845	1.39897	0	0
1844	1.3971	0	0
1843	1.48187	0	0
1842	1.47484	0	0
1841	1.46777	0	0
1840	1.46067	0	0
1839	1.45352	0	0
1838	1.44633	0	0
1837	1.57134	0	0
1836	1.56185	0	0
1835	1.5523	0	0
1834	1.54271	0	0
1833	1.53306	0	0
1832	1.67146	0	0
1831	1.66218	0	0
1830	1.65285	0	0
1829	1.64347	0	0
1828	1.63404	0	0
1827	1.62455	0	0
1826	1.76314	0	0
1825	1.75386	0	0
1824	1.74453	0	0
1823	1.73514	0	0
1822	1.7257	0	0
1821	1.71621	0	0
1820	1.85692	0	0
1819	1.84739	0	0
1818	1.83781	0	0
1817	1.82818	0	0
1816	1.81849	0	0
1815	1.94204	0	0
1814	1.93629	0	0
1813	1.93049	0	0
1812	1.92467	0	0
1811	1.9188	0	0
1810	1.91291	0	0
1809	2.01439	0	0
1808	2.00957	0	0
1807	2.00471	0	0
1806	1.99983	0	0
1805	1.99492	0	0
1804	2.12657	0	0
1803	2.11498	0	0
1802	2.10332	0	0
1801	2.09159	0	0
1800	2.07981	0	0
1799	2.06795	0	0
1798	2.25114	0	0
1797	2.23576	0	0
1796	2.22031	0	0
1795	2.20477	0	0
1794	2.18915	0	0
1793	2.39391	0	0
1792	2.37857	0	0
1791	2.36314	0	0
1790	2.34763	0	0
1789	2.33203	0	0
1788	2.53566	0	0
1787	2.5208	0	0
1786	2.50587	0	0
1785	2.49085	0	0
1784	2.47575	0	0
1783	2.46057	0	0
1782	2.66571	0	0
1781	2.65036	0	0
1780	2.63493	0	0
1779	2.61941	0	0
1778	2.60381	0	0
1777	2.79317	0	0
1776	2.78185	0	0
1775	2.77048	0	0
1774	2.75903	0	0
1773	2.74753	0	0
1772	2.9006	0	0
1771	2.89284	0	0
1770	2.88503	0	0
1769	2.87718	0	0
1768	2.86928	0	0
1767	2.86133	0	0
1766	3.01881	0	0
1765	3.00653	0	0
1764	2.99419	0	0
1763	2.98178	0	0
1762	2.9693	0	0
1761	3.17181	0	0
1760	3.15502	0	0
1759	3.13814	0	0
1758	3.12116	0	0
1757	3.10409	0	0
1756	3.32969	0	0
1755	3.31312	0	0
1754	3.29646	0	0
1753	3.27971	0	0
1752	3.26286	0	0
1751	3.49228	0	0
1750	3.47502	0	0
1749	3.45766	0	0
1748	3.44021	0	0
1747	3.42266	0	0
1746	3.65505	0	0
1745	3.63816	0	0
1744	3.62116	0	0
1743	3.60407	0	0
1742	3.58689	0	0
1741	3.81148	0	0
1740	3.79615	0	0
1739	3.78073	0	0
1738	3.76523	0	0
1737	3.74964	0	0
1736	3.94647	0	0
1735	3.93564	0	0
1734	3.92475	0	0
1733	3.91379	0	0
1732	3.90277	0	0
1731	4.08306	0	0
1730	4.07204	0	0
1729	4.06094	0	0
1728	4.04978	0	0
1727	4.03855	0	0
1726	4.23359	0	0
1725	4.22005	0	0
1724	4.20642	0	0
1723	4.19271	0	0
1722	4.17892	0	0
1721	4.3854	0	0
1720	4.3719	0	0
1719	4.35833	0	0
1718	4.34467	0	0
1717	4.33093	0	0
1716	4.54242	0	0
1715	4.52815	0	0
1714	4.51379	0	0
1713	4.49934	0	0
1712	4.48481	0	0
1711	4.6976	0	0
1710	4.68403	0	0
1709	4.67036	0	0
1708	4.65662	0	0
1707	4.64279	0	0
1706	4.85418	0	0
1705	4.8406	0	0
1704	4.82693	0	0
1703	4.81317	0	0
1702	4.79934	0	0
1701	5.00543	0	0
1700	4.99335	0	0
1699	4.98119	0	0
1698	4.96896	0	0
1697	4.95666	0	0
1696	5.1438	0	0
1695	5.13494	0	0
1694	5.12603	0	0
1693	5.11705	0	0
1692	5.10801	0	0
1691	5.28453	0	0
1690	5.27509	0	0
1689	5.26559	0	0
1688	5.25603	0	0
1687	5.2464	0	0
1686	5.42291	0	0
1685	5.41452	0	0
1684	5.40606	0	0
1683	5.39754	0	0
1682	5.55746	0	0
1681	5.55189	0	0
1680	5.54628	0	0
1679	5.54063	0	0
1678	5.53492	0	0
1677	5.68551	0	0
1676	5.67983	0	0
1675	5.67411	0	0
1674	5.66833	0	0
1673	5.66251	0	0
1672	5.81944	0	0
1671	5.8126	0	0
1670	5.8057	0	0
1669	5.79875	0	0
1668	5.94625	0	0
1667	5.94286	0	0
1666	5.93944	0	0
1665	5.93597	0	0
1664	5.93246	0	0
1663	6.07539	0	0
1662	6.07033	0	0
1661	6.06523	0	0
1660	6.06007	0	0
1659	6.05487	0	0
1658	6.20366	0	0
1657	6.19918	0	0
1656	6.19465	0	0
1655	6.19008	0	0
1654	6.33124	0	0
1653	6.32818	0	0
1652	6.32508	0	0
1651	6.32195	0	0
1650	6.31878	0	0
1649	6.44817	0	0
1648	6.44705	0	0
1647	6.44591	0	0
1646	6.44473	0	0
1645	6.55629	0	0
1644	6.55758	0	0
1643	6.55885	0	0
1642	6.5601	0	0
1641	6.56134	0	0
1640	6.6577	0	0
1639	6.66091	0	0
1638	6.66412	0	0
1637	6.66731	0	0
1636	6.74827	0	0
1635	6.75342	0	0
1634	6.75857	0	0
1633	6.76371	0	0
1632	6.76886	0	0
1631	6.84854	0	0
1630	6.85255	0	0
1629	6.85656	0	0
1628	6.86056	0	0
1627	6.9488	0	0
1626	6.95217	0	0
1625	6.95553	0	0
1624	6.95887	0	0
1623	6.96221	0	0
1622	7.04776	0	0
1621	7.05276	0	0
1620	7.05777	0	0
1619	7.06277	0	0
1618	7.15814	0	0
1617	7.15942	0	0
1616	7.16068	0	0
1615	7.16191	0	0
1614	7.16313	0	0
1613	7.27032	0	0
1612	7.2725	0	0
1611	7.27466	0	0
1610	7.2768	0	0
1609	7.36995	0	0
1608	7.37508	0	0
1607	7.38021	0	0
1606	7.38533	0	0
1605	7.46384	0	0
1604	7.47001	0	0
1603	7.47618	0	0
1602	7.48235	0	0
1601	7.48852	0	0
1600	7.5568	0	0
1599	7.56521	0	0
1598	7.57363	0	0
1597	7.58206	0	0
1596	7.63484	0	0
1595	7.64519	0	0
1594	7.65556	0	0
1593	7.66595	0	0
1592	7.71552	0	0
1591	7.72503	0	0
1590	7.73455	0	0
1589	7.74409	0	0
1588	7.80039	0	0
1587	7.80927	0	0
1586	7.81815	0	0
1585	7.82705	0	0
1584	7.83596	0	0
1583	7.88885	0	0
1582	7.8997	0	0
1581	7.91057	0	0
1580	7.92146	0	0
1579	7.98082	0	0
1578	7.98785	0	0
1577	7.99488	0	0
1576	8.00192	0	0
1575	8.07864	0	0
1574	8.08528	0	0
1573	8.09192	0	0
1572	8.09856	0	0
1571	8.17166	0	0
1570	8.17993	0	0
1569	8.1882	0	0
1568	8.19648	0	0
1567	8.25713	0	0
1566	6.36004	0	0
1565	6.35912	0	0
1564	6.35818	0	0
1563	6.45922	0	0
1562	6.46057	0	0
1561	6.4619	0	0
1560	6.46321	0	0
1559	6.54546	0	0
1558	6.54989	0	0
1557	6.55432	0	0
1556	6.55875	0	0
1555	6.56317	0	0
1554	6.64153	0	0
1553	6.64443	0	0
1552	6.64733	0	0
1551	6.65021	0	0
1550	6.73805	0	0
1549	6.7402	0	0
1548	6.74234	0	0
1547	6.74446	0	0
1546	6.82742	0	0
1545	6.83238	0	0
1544	6.83735	0	0
1543	6.84231	0	0
1542	6.91641	0	0
1541	6.921	0	0
1540	6.92558	0	0
1539	6.93016	0	0
1538	7.01325	0	0
1537	7.01572	0	0
1536	7.01817	0	0
1535	7.02061	0	0
1534	7.1077	0	0
1533	7.11188	0	0
1532	7.11606	0	0
1531	7.12023	0	0
1530	7.19698	0	0
1529	7.20273	0	0
1528	7.20848	0	0
1527	7.27414	0	0
1526	7.28141	0	0
1525	7.28869	0	0
1524	7.29597	0	0
1523	7.34786	0	0
1522	7.35784	0	0
1521	7.36784	0	0
1520	7.37785	0	0
1519	7.41829	0	0
1518	7.42938	0	0
1517	7.4405	0	0
1516	7.45165	0	0
1515	7.4825	0	0
1514	7.4956	0	0
1513	7.50874	0	0
1512	7.52192	0	0
1511	7.54536	0	0
1510	7.55897	0	0
1509	7.57262	0	0
1508	7.58631	0	0
1507	7.61622	0	0
1506	7.62744	0	0
1505	7.63868	0	0
1504	7.64995	0	0
1503	7.6842	0	0
1502	7.69722	0	0
1501	7.71027	0	0
1500	7.74458	0	0
1499	7.75595	0	0
1498	7.76735	0	0
1497	7.77878	0	0
1496	7.82528	0	0
1495	7.83472	0	0
1494	7.84417	0	0
1493	7.85364	0	0
1492	7.90523	0	0
1491	7.91531	0	0
1490	7.9254	0	0
1489	7.93552	0	0
1488	7.97987	0	0
1487	7.99208	0	0
1486	8.00431	0	0
1485	8.03712	0	0
1484	8.05065	0	0
1483	8.06421	0	0
1482	8.07781	0	0
1481	8.10332	0	0
1480	8.11818	0	0
1479	8.13308	0	0
1478	8.14803	0	0
1477	8.16272	0	0
1476	8.1802	0	0
1475	8.19774	0	0
1474	8.20564	0	0
1473	8.22266	0	0
1472	8.23972	0	0
1471	8.25683	0	0
1470	8.26439	0	0
1469	8.28218	0	0
1468	8.30004	0	0
1467	8.31795	0	0
1466	8.31839	0	0
1465	8.33823	0	0
1464	8.35813	0	0
1463	8.3538	0	0
1462	8.37313	0	0
1461	8.39252	0	0
1460	8.41198	0	0
1459	8.41532	0	0
1458	8.43271	0	0
1457	8.45014	0	0
1456	8.46232	0	0
1455	8.47927	0	0
1454	8.49628	0	0
1453	8.51333	0	0
1452	8.52544	0	0
1451	8.54308	0	0
1450	8.56078	0	0
1449	8.56312	0	0
1448	8.58322	0	0
1447	8.60338	0	0
1446	8.62361	0	0
1445	8.6269	0	0
1444	8.64469	0	0
1443	8.66254	0	0
1442	8.67065	0	0
1441	8.68939	0	0
1440	8.70819	0	0
1439	8.72705	0	0
1438	8.72254	0	0
1437	8.74509	0	0
1436	8.76771	0	0
1435	8.75406	0	0
1434	8.77604	0	0
1433	8.79811	0	0
1432	8.82025	0	0
1431	8.81788	0	0
1430	8.83652	0	0
1429	8.85522	0	0
1428	8.84104	0	0
1427	8.86706	0	0
1426	8.89316	0	0
1425	8.91937	0	0
1424	8.88216	0	0
1423	8.90963	0	0
1422	8.9372	0	0
1421	8.90171	0	0
1420	8.92726	0	0
1419	8.9529	0	0
1418	8.92428	0	0
1417	8.94959	0	0
1416	8.97499	0	0
1415	9.00048	0	0
1414	8.96995	0	0
1413	8.99645	0	0
1412	9.02305	0	0
1411	8.98748	0	0
1410	9.01472	0	0
1409	9.04207	0	0
1408	9.00015	0	0
1407	9.02888	0	0
1406	9.05771	0	0
1405	9.08665	0	0
1404	9.05488	0	0
1403	9.07859	0	0
1402	9.10239	0	0
1401	9.09317	0	0
1400	9.11467	0	0
1399	9.13623	0	0
1398	9.13178	0	0
1397	9.15389	0	0
1396	9.17607	0	0
1395	9.19832	0	0
1394	9.19247	0	0
1393	9.21484	0	0
1392	9.23728	0	0
1391	9.22927	0	0
1390	9.25248	0	0
1389	9.27578	0	0
1388	9.25126	0	0
1387	9.27959	0	0
1386	9.30802	0	0
1385	9.2692	0	0
1384	9.29805	0	0
1383	9.32702	0	0
1382	9.35609	0	0
1381	9.31783	0	0
1380	9.34617	0	0
1379	9.37462	0	0
1378	9.33743	0	0
1377	9.36638	0	0
1376	9.39543	0	0
1375	9.354	0	0
1374	9.38412	0	0
1373	9.41436	0	0
1372	9.3715	0	0
1371	9.4012	0	0
1370	9.43102	0	0
1369	9.38855	0	0
1368	9.41869	0	0
1367	9.44895	0	0
1366	9.42097	0	0
1365	9.44624	0	0
1364	9.47159	0	0
1363	9.49704	0	0
1362	9.49789	0	0
1361	9.51514	0	0
1360	9.53244	0	0
1359	9.56243	0	0
1358	9.57818	0	0
1357	9.59397	0	0
1356	9.62898	0	0
1355	9.64483	0	0
1354	9.66071	0	0
1353	9.69588	0	0
1352	9.71188	0	0
1351	9.72792	0	0
1350	9.7542	0	0
1349	9.77398	0	0
1348	9.79381	0	0
1347	9.81034	0	0
1346	9.83029	0	0
1345	9.8503	0	0
1344	9.86778	0	0
1343	9.88749	0	0
1342	9.90725	0	0
1341	9.92681	0	0
1340	9.94625	0	0
1339	9.96575	0	0
1338	9.98155	0	0
1337	10.0031	0	0
1336	10.0246	0	0
1335	10.0336	0	0
1334	10.0561	0	0
1333	10.0787	0	0
1332	10.0824	0	0
1331	10.1063	0	0
1330	10.1303	0	0
1329	10.137	0	0
1328	10.1586	0	0
1327	10.1802	0	0
1326	10.2091	0	0
1325	10.2242	0	0
1324	10.2393	0	0
1323	10.3004	0	0
1322	10.309	0	0
1321	10.3176	0	0
1320	10.398	0	0
1319	10.4058	0	0
1318	10.4137	0	0
1317	10.4926	0	0
1316	10.5025	0	0
1315	10.5123	0	0
1314	10.5843	0	0
1313	10.5954	0	0
1312	10.6065	0	0
1311	10.6776	0	0
1310	10.6878	0	0
1309	10.7488	0	0
1308	10.7638	0	0
1307	10.7789	0	0
1306	10.8226	0	0
1305	10.841	0	0
1304	10.8593	0	0
1303	10.901	0	0
1302	10.9178	0	0
1301	10.9346	0	0
1300	10.9898	0	0
1299	11.0026	0	0
1298	11.0154	0	0
1297	11.0641	0	0
1296	11.0848	0	0
1295	11.1055	0	0
1294	11.1195	0	0
1293	11.1483	0	0
1292	11.1356	0	0
1291	11.1664	0	0
1290	11.1974	0	0
1289	11.1966	0	0
1288	11.2215	0	0
1287	11.2464	0	0
1286	11.2752	0	0
1285	11.293	0	0
1284	11.3107	0	0
1283	11.3539	0	0
1282	11.373	0	0
1281	11.392	0	0
1280	11.4229	0	0
1279	11.4475	0	0
1278	11.4707	0	0
1277	11.4927	0	0
1276	11.5148	0	0
1275	11.5496	0	0
1274	11.569	0	0
1273	11.5885	0	0
1272	11.6179	0	0
1271	11.6435	0	0
1270	11.6392	0	0
1269	11.672	0	0
1268	11.7049	0	0
1267	11.6856	0	0
1266	11.7197	0	0
1265	11.754	0	0
1264	8.70629	0	0
1263	8.71988	0	0
1262	8.73349	0	0
1261	8.76725	0	0
1260	8.78235	0	0
1259	8.81702	0	0
1258	8.8303	0	0
1257	8.8436	0	0
1256	8.87712	0	0
1255	8.89307	0	0
1254	8.91756	0	0
1253	8.93483	0	0
1252	8.95214	0	0
1251	8.97652	0	0
1250	8.99313	0	0
1249	9.00978	0	0
1248	9.03373	0	0
1247	9.05163	0	0
1246	9.07177	0	0
1245	9.09023	0	0
1244	9.10874	0	0
1243	9.13085	0	0
1242	9.14815	0	0
1241	9.16549	0	0
1240	9.18317	0	0
1239	9.20513	0	0
1238	9.20251	0	0
1237	9.2286	0	0
1236	9.25478	0	0
1235	9.24706	0	0
1234	9.27174	0	0
1233	9.26534	0	0
1232	9.29118	0	0
1231	9.31711	0	0
1230	9.32514	0	0
1229	9.34223	0	0
1228	9.38606	0	0
1227	9.39663	0	0
1226	9.40721	0	0
1225	9.46046	0	0
1224	9.47228	0	0
1223	9.52339	0	0
1222	9.53525	0	0
1221	9.54712	0	0
1220	9.59324	0	0
1219	9.60808	0	0
1218	9.65044	0	0
1217	9.66446	0	0
1216	9.67851	0	0
1215	9.72148	0	0
1214	9.73625	0	0
1213	9.76002	0	0
1212	9.78275	0	0
1211	9.80554	0	0
1210	9.81496	0	0
1209	9.83874	0	0
1208	9.85224	0	0
1207	9.87342	0	0
1206	9.89467	0	0
1205	9.91591	0	0
1204	9.93542	0	0
1203	9.95285	0	0
1202	9.9764	0	0
1201	10	0	0
1200	9.9896	0	0
1199	10.0276	0	0
1198	9.97806	0	0
1197	10.019	0	0
1196	9.97184	0	0
1195	10.0093	0	0
1194	10.047	0	0
1193	10.0167	0	0
1192	10.0474	0	0
1191	10.0417	0	0
1190	10.0678	0	0
1189	10.0941	0	0
1188	10.0912	0	0
1187	10.1213	0	0
1186	10.1047	0	0
1185	10.1378	0	0
1184	10.121	0	0
1183	10.1516	0	0
1182	10.1822	0	0
1181	10.1733	0	0
1180	10.2016	0	0
1179	10.1922	0	0
1178	10.224	0	0
1177	10.1921	0	0
1176	10.2317	0	0
1175	10.2715	0	0
1174	10.2254	0	0
1173	10.2668	0	0
1172	10.2212	0	0
1171	10.2605	0	0
1170	10.2211	0	0
1169	10.2595	0	0
1168	10.2188	0	0
1167	10.2586	0	0
1166	10.2986	0	0
1165	10.2433	0	0
1164	10.2916	0	0
1163	10.2127	0	0
1162	10.265	0	0
1161	10.1853	0	0
1160	10.2348	0	0
1159	10.2845	0	0
1158	10.2116	0	0
1157	10.2594	0	0
1156	10.1909	0	0
1155	10.2388	0	0
1154	10.1627	0	0
1153	10.2149	0	0
1152	10.1394	0	0
1151	10.1879	0	0
1150	10.2367	0	0
1149	10.1731	0	0
1148	10.2165	0	0
1147	10.1651	0	0
1146	10.2084	0	0
1145	10.1548	0	0
1144	10.1999	0	0
1143	10.1389	0	0
1142	10.1866	0	0
1141	10.1207	0	0
1140	10.1689	0	0
1139	10.2174	0	0
1138	10.1524	0	0
1137	10.1996	0	0
1136	10.1393	0	0
1135	10.1853	0	0
1134	10.1265	0	0
1133	10.1734	0	0
1132	10.1081	0	0
1131	10.1583	0	0
1130	10.0789	0	0
1129	10.1341	0	0
1128	10.0505	0	0
1127	10.1042	0	0
1126	10.028	0	0
1125	10.0792	0	0
1124	10.1306	0	0
1123	10.0612	0	0
1122	10.1096	0	0
1121	10.0502	0	0
1120	10.0959	0	0
1119	10.0398	0	0
1118	10.0872	0	0
1117	10.024	0	0
1116	10.0744	0	0
1115	9.99876	0	0
1114	10.0542	0	0
1113	9.98129	0	0
1112	10.0302	0	0
1111	9.97808	0	0
1110	10.0208	0	0
1109	9.97272	0	0
1108	10.0186	0	0
1107	9.97018	0	0
1106	10.014	0	0
1105	9.96964	0	0
1104	10.013	0	0
1103	9.96981	0	0
1102	10.0131	0	0
1101	9.9713	0	0
1100	10.0141	0	0
1099	9.96903	0	0
1098	10.0141	0	0
1097	9.96229	0	0
1096	10.0097	0	0
1095	9.95584	0	0
1094	10.0032	0	0
1093	9.95244	0	0
1092	9.99848	0	0
1091	9.95142	0	0
1090	9.9965	0	0
1089	9.95442	0	0
1088	9.99768	0	0
1087	9.96155	0	0
1086	10.0029	0	0
1085	9.96907	0	0
1084	10.0105	0	0
1083	9.97537	0	0
1082	10.0177	0	0
1081	9.97898	0	0
1080	10.023	0	0
1079	9.96899	0	0
1078	10.0209	0	0
1077	9.9622	0	0
1076	10.0118	0	0
1075	9.97698	0	0
1074	10.014	0	0
1073	9.99329	0	0
1072	10.0316	0	0
1071	10.0054	0	0
1070	10.0465	0	0
1069	10.0177	0	0
1068	10.0583	0	0
1067	10.029	0	0
1066	10.0709	0	0
1065	10.0385	0	0
1064	10.0817	0	0
1063	10.0484	0	0
1062	10.091	0	0
1061	10.06	0	0
1060	10.0281	0	0
1059	10.0713	0	0
1058	10.0351	0	0
1057	10.0802	0	0
1056	10.0431	0	0
1055	10.0878	0	0
1054	10.0541	0	0
1053	10.0971	0	0
1052	10.0673	0	0
1051	10.1094	0	0
1050	10.0802	0	0
1049	10.1233	0	0
1048	10.0919	0	0
1047	10.1361	0	0
1046	10.1031	0	0
1045	10.0607	0	0
1044	10.1105	0	0
1043	10.0561	0	0
1042	10.1107	0	0
1041	10.0639	0	0
1040	10.1091	0	0
1039	10.0799	0	0
1038	10.1208	0	0
1037	10.0955	0	0
1036	10.0652	0	0
1035	10.1093	0	0
1034	10.0802	0	0
1033	10.1237	0	0
1032	10.0952	0	0
1031	10.1391	0	0
1030	10.1094	0	0
1029	10.1544	0	0
1028	10.1235	0	0
1027	10.0924	0	0
1026	10.1377	0	0
1025	10.104	0	0
1024	10.1513	0	0
1023	10.1151	0	0
1022	10.1631	0	0
1021	10.127	0	0
1020	10.0937	0	0
1019	10.1403	0	0
1018	10.1081	0	0
1017	10.1545	0	0
1016	10.122	0	0
1015	10.1693	0	0
1014	10.1354	0	0
1013	10.0969	0	0
1012	10.1473	0	0
1011	10.1007	0	0
1010	10.1562	0	0
1009	10.1061	0	0
1008	10.0714	0	0
1007	10.1177	0	0
1006	10.0902	0	0
1005	10.1353	0	0
1004	10.1093	0	0
1003	10.1547	0	0
1002	10.1286	0	0
1001	10.1025	0	0
1000	10.1482	0	0
999	10.1222	0	0
998	10.168	0	0
997	10.1418	0	0
996	10.1148	0	0
995	10.1614	0	0
994	10.1344	0	0
993	10.1812	0	0
992	10.154	0	0
991	10.1273	0	0
990	10.1739	0	0
989	10.1496	0	0
988	10.1951	0	0
987	10.1731	0	0
986	10.152	0	0
985	10.1972	0	0
984	10.1758	0	0
983	10.1539	0	0
982	10.1997	0	0
981	10.1745	0	0
980	10.2235	0	0
979	10.1937	0	0
978	10.1663	0	0
977	10.2138	0	0
976	10.1931	0	0
975	10.1799	0	0
974	10.2221	0	0
973	10.2112	0	0
972	10.2528	0	0
971	10.2432	0	0
970	10.2352	0	0
969	10.2759	0	0
968	10.2695	0	0
967	10.2646	0	0
966	10.3045	0	0
965	10.2997	0	0
964	10.2947	0	0
963	10.3352	0	0
962	9.04826	0	0
961	9.08643	0	0
960	9.07539	0	0
959	9.06362	0	0
958	9.10265	0	0
957	9.09092	0	0
956	9.07939	0	0
955	9.11858	0	0
954	9.10609	0	0
953	9.09166	0	0
952	9.13267	0	0
951	9.11851	0	0
950	9.10629	0	0
949	9.1461	0	0
948	9.13511	0	0
947	9.1247	0	0
946	9.16431	0	0
945	9.15353	0	0
944	9.14207	0	0
943	9.18256	0	0
942	9.16982	0	0
941	9.15258	0	0
940	9.19702	0	0
939	9.18039	0	0
938	9.17157	0	0
937	9.20998	0	0
936	9.20519	0	0
935	9.20324	0	0
934	9.23963	0	0
933	9.23838	0	0
932	9.23732	0	0
931	9.2739	0	0
930	9.2731	0	0
929	9.27279	0	0
928	9.3093	0	0
927	9.30944	0	0
926	9.31047	0	0
925	9.31165	0	0
924	9.34805	0	0
923	9.34934	0	0
922	9.35258	0	0
921	9.38769	0	0
920	9.39294	0	0
919	9.40035	0	0
918	9.43404	0	0
917	9.44185	0	0
916	9.44979	0	0
915	9.45794	0	0
914	9.49192	0	0
913	9.49981	0	0
912	9.50554	0	0
911	9.54193	0	0
910	9.54713	0	0
909	9.55556	0	0
908	9.56918	0	0
907	9.60041	0	0
906	9.61635	0	0
905	9.63479	0	0
904	9.65453	0	0
903	9.68352	0	0
902	9.70419	0	0
901	9.72681	0	0
900	9.75434	0	0
899	9.77812	0	0
898	9.80273	0	0
897	9.82741	0	0
896	9.85485	0	0
895	9.87977	0	0
894	9.90522	0	0
893	9.93186	0	0
892	9.95862	0	0
891	9.98609	0	0
890	10.0147	0	0
889	10.0441	0	0
888	10.07	0	0
887	10.1	0	0
886	10.1307	0	0
885	10.1619	0	0
884	10.1875	0	0
883	10.2197	0	0
882	10.2556	0	0
881	10.2948	0	0
880	10.3356	0	0
879	10.3562	0	0
878	10.3976	0	0
877	10.4393	0	0
876	10.4816	0	0
875	10.5022	0	0
874	10.5451	0	0
873	10.5889	0	0
872	10.6335	0	0
871	10.6786	0	0
870	10.6984	0	0
869	10.744	0	0
868	10.7901	0	0
867	10.8371	0	0
866	10.8564	0	0
865	10.9044	0	0
864	10.9545	0	0
863	11.006	0	0
862	11.0578	0	0
861	11.0753	0	0
860	11.1274	0	0
859	11.1794	0	0
858	11.2315	0	0
857	11.2845	0	0
856	11.3389	0	0
855	11.356	0	0
854	11.4111	0	0
853	11.4669	0	0
852	11.5229	0	0
851	11.5792	0	0
850	11.5963	0	0
849	11.6529	0	0
848	11.7097	0	0
847	11.767	0	0
846	11.8248	0	0
845	11.883	0	0
844	11.9003	0	0
843	11.959	0	0
842	12.0181	0	0
841	12.0774	0	0
840	12.1369	0	0
839	12.1964	0	0
838	12.2145	0	0
837	12.2742	0	0
836	12.3337	0	0
835	12.3928	0	0
834	12.4515	0	0
833	12.5095	0	0
832	12.5672	0	0
831	12.5886	0	0
830	12.6466	0	0
829	12.7047	0	0
828	12.7626	0	0
827	12.8205	0	0
826	12.8784	0	0
825	12.936	0	0
824	12.9934	0	0
823	13.0175	0	0
822	13.0751	0	0
821	13.1327	0	0
820	13.1896	0	0
819	13.2454	0	0
818	13.2997	0	0
817	13.3526	0	0
816	13.405	0	0
815	13.4574	0	0
814	13.4883	0	0
813	13.5409	0	0
812	13.5924	0	0
811	13.643	0	0
810	13.6928	0	0
809	13.742	0	0
808	13.7905	0	0
807	13.8379	0	0
806	13.8841	0	0
805	13.9291	0	0
804	13.9726	0	0
803	14.0148	0	0
802	14.0583	0	0
801	14.1002	0	0
800	14.1414	0	0
799	14.1823	0	0
798	14.222	0	0
797	14.2602	0	0
796	14.2972	0	0
795	14.3331	0	0
794	14.3677	0	0
793	14.4012	0	0
792	14.4334	0	0
791	14.464	0	0
790	14.4931	0	0
789	14.5207	0	0
788	14.5465	0	0
787	14.5704	0	0
786	14.5936	0	0
785	14.6167	0	0
784	14.6837	0	0
783	14.707	0	0
782	14.7293	0	0
781	14.7499	0	0
780	14.7687	0	0
779	14.7859	0	0
778	14.802	0	0
777	14.8175	0	0
776	14.832	0	0
775	14.8446	0	0
774	14.8551	0	0
773	14.8636	0	0
772	14.8704	0	0
771	14.8763	0	0
770	14.8816	0	0
769	14.8858	0	0
768	14.8885	0	0
767	14.8895	0	0
766	14.8885	0	0
765	14.886	0	0
764	14.8823	0	0
763	14.8776	0	0
762	14.8715	0	0
761	14.8639	0	0
760	14.8548	0	0
759	14.7167	0	0
758	14.7012	0	0
757	14.6854	0	0
756	14.6687	0	0
755	14.6507	0	0
754	14.6312	0	0
753	14.6105	0	0
752	14.5887	0	0
751	14.5661	0	0
750	14.5426	0	0
749	14.5179	0	0
748	14.4919	0	0
747	14.4646	0	0
746	14.4361	0	0
745	14.4065	0	0
744	14.3763	0	0
743	14.3456	0	0
742	14.1413	0	0
741	14.1067	0	0
740	14.0712	0	0
739	14.035	0	0
738	13.9983	0	0
737	13.9612	0	0
736	13.9233	0	0
735	13.8848	0	0
734	13.8456	0	0
733	13.8058	0	0
732	13.7654	0	0
731	13.5272	0	0
730	13.4845	0	0
729	13.4426	0	0
728	13.4019	0	0
727	13.3617	0	0
726	13.3207	0	0
725	13.2778	0	0
724	13.2324	0	0
723	12.9726	0	0
722	12.9247	0	0
721	12.8766	0	0
720	12.8283	0	0
719	12.7799	0	0
718	12.7313	0	0
717	12.4637	0	0
716	12.4125	0	0
715	12.3604	0	0
714	12.3075	0	0
713	12.2541	0	0
712	12.2006	0	0
711	11.9169	0	0
710	11.863	0	0
709	11.8092	0	0
708	11.7554	0	0
707	11.7018	0	0
706	11.6482	0	0
705	11.3619	0	0
704	11.3075	0	0
703	11.2531	0	0
702	11.1987	0	0
701	10.9119	0	0
700	10.8585	0	0
699	10.8053	0	0
698	10.7523	0	0
697	10.6994	0	0
696	10.415	0	0
695	10.3624	0	0
694	10.3098	0	0
693	10.2575	0	0
692	9.97512	0	0
691	9.92401	0	0
690	9.87352	0	0
689	9.82363	0	0
688	9.55077	0	0
687	9.50123	0	0
686	9.45231	0	0
685	9.40444	0	0
684	9.15492	0	0
683	9.11314	0	0
682	9.06972	0	0
681	9.02435	0	0
680	8.75624	0	0
679	8.71017	0	0
678	8.66471	0	0
677	8.4056	0	0
676	8.36051	0	0
675	8.31532	0	0
674	8.05104	0	0
673	8.00488	0	0
672	7.95934	0	0
671	7.7027	0	0
670	7.65933	0	0
669	7.61625	0	0
668	7.36534	0	0
667	7.32314	0	0
666	7.2812	0	0
665	7.03565	0	0
664	6.99572	0	0
663	6.95621	0	0
662	6.72073	0	0
661	6.68304	0	0
660	6.6457	0	0
659	7.31836	0	0
658	7.28527	0	0
657	7.25252	0	0
656	7.03356	0	0
655	7.00219	0	0
654	6.7874	0	0
653	6.75721	0	0
652	6.72729	0	0
651	6.51813	0	0
650	6.48917	0	0
649	6.28453	0	0
648	6.2572	0	0
647	6.23022	0	0
646	6.03542	0	0
645	6.00967	0	0
644	5.81865	0	0
643	5.79619	0	0
642	5.63171	0	0
641	5.61249	0	0
640	5.43556	0	0
639	5.41202	0	0
638	5.38866	0	0
637	5.21074	0	0
636	5.18964	0	0
635	5.01798	0	0
634	4.99772	0	0
633	4.82684	0	0
632	4.80597	0	0
631	4.63264	0	0
630	4.61251	0	0
629	4.44792	0	0
628	4.42938	0	0
627	-nan	0	0
626	-nan	0	0
625	-nan	0	0
624	-nan	0	0
623	-nan	0	0
622	-nan	0	0
621	-nan	0	0
620	-nan	0	0
619	-nan	0	0
618	-nan	0	0
617	-nan	0	0
616	395611	0	0
615	396268	0	0
614	396923	0	0
613	397576	0	0
612	398227	0	0
611	398876	0	0
610	399523	0	0
609	400168	0	0
608	400811	0	0
607	401452	0	0
606	402090	0	0
605	402726	0	0
604	403359	0	0
603	403990	0	0
602	404618	0	0
601	405244	0	0
600	405868	0	0
599	406488	0	0
598	407106	0	0
597	407721	0	0
596	408333	0	0
595	408942	0	0
594	409548	0	0
593	410151	0	0
592	410751	0	0
591	411348	0	0
590	411941	0	0
589	412531	0	0
588	413118	0	0
587	413701	0	0
586	414280	0	0
585	414856	0	0
584	415428	0	0
583	415997	0	0
582	416561	0	0
581	417121	0	0
580	417678	0	0
579	418230	0	0
578	418778	0	0
577	419322	0	0
576	419862	0	0
575	420397	0	0
574	420927	0	0
573	421453	0	0
572	421974	0	0
571	422490	0	0
570	423002	0	0
569	423508	0	0
568	424010	0	0
567	424506	0	0
566	424997	0	0
565	425482	0	0
564	425962	0	0
563	426436	0	0
562	426905	0	0
561	427368	0	0
560	427825	0	0
559	428276	0	0
558	428721	0	0
557	429159	0	0
556	429591	0	0
555	430017	0	0
554	430436	0	0
553	430849	0	0
552	431255	0	0
551	431653	0	0
550	432045	0	0
549	432429	0	0
548	432807	0	0
547	433176	0	0
546	433538	0	0
545	433893	0	0
544	434239	0	0
543	434578	0	0
542	434909	0	0
541	435231	0	0
540	435545	0	0
539	435850	0	0
538	436146	0	0
537	436434	0	0
536	436713	0	0
535	436982	0	0
534	437243	0	0
533	437493	0	0
532	437735	0	0
531	437966	0	0
530	438187	0	0
529	438399	0	0
528	438600	0	0
527	438790	0	0
526	438970	0	0
525	439139	0	0
524	439297	0	0
523	439444	0	0
522	439579	0	0
521	439703	0	0
520	439815	0	0
519	439916	0	0
518	440004	0	0
517	440079	0	0
516	440142	0	0
515	440193	0	0
514	440230	0	0
513	440254	0	0
512	440265	0	0
511	440262	0	0
510	440246	0	0
509	440215	0	0
508	440170	0	0
507	440110	0	0
