4379	-nan	0	0
4378	-nan	0	0
4377	-nan	0	0
4376	-nan	0	0
4375	-nan	0	0
4374	-nan	0	0
4373	-nan	0	0
4372	-nan	0	0
4371	-nan	0	0
4370	-nan	0	0
4369	-nan	0	0
4368	-nan	0	0
4367	-nan	0	0
4366	-nan	0	0
4365	-nan	0	0
4364	-nan	0	0
4363	-nan	0	0
4362	-nan	0	0
4361	-nan	0	0
4360	-nan	0	0
4359	-nan	0	0
4358	-nan	0	0
4357	-nan	0	0
4356	-nan	0	0
4355	-nan	0	0
4354	-nan	0	0
4353	-nan	0	0
4352	-nan	0	0
4351	-nan	0	0
4350	-nan	0	0
4349	-nan	0	0
4348	-nan	0	0
4347	-nan	0	0
4346	-nan	0	0
4345	-nan	0	0
4344	-nan	0	0
4343	-nan	0	0
4342	-nan	0	0
4341	-nan	0	0
4340	-nan	0	0
4339	-nan	0	0
4338	-nan	0	0
4337	-nan	0	0
4336	-nan	0	0
4335	-nan	0	0
4334	-nan	0	0
4333	-nan	0	0
4332	-nan	0	0
4331	-nan	0	0
4330	-nan	0	0
4329	-nan	0	0
4328	-nan	0	0
4327	-nan	0	0
4326	-nan	0	0
4325	-nan	0	0
4324	-nan	0	0
4323	-nan	0	0
4322	-nan	0	0
4321	-nan	0	0
4320	-nan	0	0
4319	-nan	0	0
4318	-nan	0	0
4317	-nan	0	0
4316	-nan	0	0
4315	-nan	0	0
4314	-nan	0	0
4313	-nan	0	0
4312	-nan	0	0
4311	-nan	0	0
4310	-nan	0	0
4309	-nan	0	0
4308	-nan	0	0
4307	-nan	0	0
4306	-nan	0	0
4305	-nan	0	0
4304	-nan	0	0
4303	-nan	0	0
4302	-nan	0	0
4301	-nan	0	0
4300	-nan	0	0
4299	-nan	0	0
4298	-nan	0	0
4297	-nan	0	0
4296	-nan	0	0
4295	-nan	0	0
4294	-nan	0	0
4293	-nan	0	0
4292	-nan	0	0
4291	-nan	0	0
4290	-nan	0	0
4289	-nan	0	0
4288	-nan	0	0
4287	-nan	0	0
4286	-nan	0	0
4285	-nan	0	0
4284	-nan	0	0
4283	-nan	0	0
4282	-nan	0	0
4281	-nan	0	0
4280	-nan	0	0
4279	-nan	0	0
4278	-nan	0	0
4277	-nan	0	0
4276	-nan	0	0
4275	-nan	0	0
4274	-nan	0	0
4273	-nan	0	0
4272	-nan	0	0
4271	-nan	0	0
4270	-nan	0	0
4269	-nan	0	0
4268	-nan	0	0
4267	-nan	0	0
4266	-nan	0	0
4265	-nan	0	0
4264	-nan	0	0
4263	-nan	0	0
4262	-nan	0	0
4261	-nan	0	0
4260	-nan	0	0
4259	-nan	0	0
4258	-nan	0	0
4257	-nan	0	0
4256	-nan	0	0
4255	-nan	0	0
4254	-nan	0	0
4253	-nan	0	0
4252	-nan	0	0
4251	-nan	0	0
4250	-nan	0	0
4249	-nan	0	0
4248	-nan	0	0
4247	-nan	0	0
4246	-nan	0	0
4245	-nan	0	0
4244	-nan	0	0
4243	-nan	0	0
4242	-nan	0	0
4241	-nan	0	0
4240	-nan	0	0
4239	-nan	0	0
4238	-nan	0	0
4237	-nan	0	0
4236	-nan	0	0
4235	-nan	0	0
4234	-nan	0	0
4233	-nan	0	0
4232	-nan	0	0
4231	-nan	0	0
4230	-nan	0	0
4229	-nan	0	0
4228	-nan	0	0
4227	-nan	0	0
4226	-nan	0	0
4225	-nan	0	0
4224	-nan	0	0
4223	-nan	0	0
4222	-nan	0	0
4221	-nan	0	0
4220	-nan	0	0
4219	-nan	0	0
4218	-nan	0	0
4217	-nan	0	0
4216	-nan	0	0
4215	-nan	0	0
4214	-nan	0	0
4213	-nan	0	0
4212	-nan	0	0
4211	-nan	0	0
4210	-nan	0	0
4209	-nan	0	0
4208	-nan	0	0
4207	-nan	0	0
4206	-nan	0	0
4205	-nan	0	0
4204	-nan	0	0
4203	-nan	0	0
4202	-nan	0	0
4201	-nan	0	0
4200	-nan	0	0
4199	-nan	0	0
4198	-nan	0	0
4197	-nan	0	0
4196	-nan	0	0
4195	-nan	0	0
4194	-nan	0	0
4193	-nan	0	0
4192	-nan	0	0
4191	-nan	0	0
4190	-nan	0	0
4189	-nan	0	0
4188	-nan	0	0
4187	-nan	0	0
4186	-nan	0	0
4185	-nan	0	0
4184	-nan	0	0
4183	-nan	0	0
4182	-nan	0	0
4181	-nan	0	0
4180	-nan	0	0
4179	-nan	0	0
4178	-nan	0	0
4177	-nan	0	0
4176	-nan	0	0
4175	-nan	0	0
4174	-nan	0	0
4173	-nan	0	0
4172	-nan	0	0
4171	-nan	0	0
4170	-nan	0	0
4169	-nan	0	0
4168	-nan	0	0
4167	-nan	0	0
4166	-nan	0	0
4165	-nan	0	0
4164	-nan	0	0
4163	-nan	0	0
4162	-nan	0	0
4161	-nan	0	0
4160	-nan	0	0
4159	-nan	0	0
4158	-nan	0	0
4157	-nan	0	0
4156	-nan	0	0
4155	-nan	0	0
4154	-nan	0	0
4153	-nan	0	0
4152	-nan	0	0
4151	-nan	0	0
4150	-nan	0	0
4149	-nan	0	0
4148	-nan	0	0
4147	-nan	0	0
4146	360.17	0	0
4145	361.327	0	0
4144	325.489	0	0
4143	326.508	0	0
4142	327.528	0	0
4141	328.548	0	0
4140	329.569	0	0
4139	330.59	0	0
4138	331.612	0	0
4137	332.634	0	0
4136	333.657	0	0
4135	334.68	0	0
4134	335.703	0	0
4133	336.727	0	0
4132	337.752	0	0
4131	338.777	0	0
4130	339.803	0	0
4129	340.829	0	0
4128	341.855	0	0
4127	310.349	0	0
4126	311.255	0	0
4125	312.162	0	0
4124	313.07	0	0
4123	313.978	0	0
4122	314.886	0	0
4121	315.795	0	0
4120	316.704	0	0
4119	317.613	0	0
4118	318.523	0	0
4117	319.434	0	0
4116	320.345	0	0
4115	321.256	0	0
4114	322.168	0	0
4113	323.08	0	0
4112	323.992	0	0
4111	324.905	0	0
4110	297.105	0	0
4109	297.915	0	0
4108	298.725	0	0
4107	299.536	0	0
4106	300.347	0	0
4105	301.158	0	0
4104	301.97	0	0
4103	302.782	0	0
4102	303.595	0	0
4101	304.408	0	0
4100	305.221	0	0
4099	306.035	0	0
4098	306.849	0	0
4097	307.663	0	0
4096	308.478	0	0
4095	309.293	0	0
4094	310.109	0	0
4093	285.425	0	0
4092	286.154	0	0
4091	286.884	0	0
4090	287.613	0	0
4089	288.343	0	0
4088	289.074	0	0
4087	289.805	0	0
4086	290.536	0	0
4085	291.267	0	0
4084	291.999	0	0
4083	292.731	0	0
4082	293.463	0	0
4081	294.196	0	0
4080	294.929	0	0
4079	295.663	0	0
4078	296.397	0	0
4077	297.131	0	0
4076	275.059	0	0
4075	275.719	0	0
4074	276.379	0	0
4073	277.04	0	0
4072	277.701	0	0
4071	278.362	0	0
4070	279.024	0	0
4069	279.686	0	0
4068	280.348	0	0
4067	281.011	0	0
4066	281.674	0	0
4065	282.337	0	0
4064	283.001	0	0
4063	283.665	0	0
4062	284.329	0	0
4061	284.993	0	0
4060	265.192	0	0
4059	265.793	0	0
4058	266.395	0	0
4057	266.997	0	0
4056	267.599	0	0
4055	268.202	0	0
4054	268.805	0	0
4053	269.408	0	0
4052	270.011	0	0
4051	270.615	0	0
4050	271.219	0	0
4049	271.824	0	0
4048	272.428	0	0
4047	273.033	0	0
4046	273.638	0	0
4045	274.244	0	0
4044	274.85	0	0
4043	256.92	0	0
4042	257.471	0	0
4041	258.022	0	0
4040	258.573	0	0
4039	259.125	0	0
4038	259.677	0	0
4037	260.229	0	0
4036	260.781	0	0
4035	261.334	0	0
4034	261.887	0	0
4033	262.44	0	0
4032	262.994	0	0
4031	263.548	0	0
4030	264.102	0	0
4029	264.656	0	0
4028	265.211	0	0
4027	248.938	0	0
4026	249.445	0	0
4025	249.953	0	0
4024	250.46	0	0
4023	250.968	0	0
4022	251.476	0	0
4021	251.985	0	0
4020	252.493	0	0
4019	253.002	0	0
4018	253.511	0	0
4017	254.021	0	0
4016	254.53	0	0
4015	255.04	0	0
4014	255.55	0	0
4013	256.061	0	0
4012	256.571	0	0
4011	241.73	0	0
4010	242.199	0	0
4009	242.667	0	0
4008	243.136	0	0
4007	243.606	0	0
4006	244.075	0	0
4005	244.545	0	0
4004	245.015	0	0
4003	245.485	0	0
4002	245.955	0	0
4001	246.426	0	0
4000	246.897	0	0
3999	247.368	0	0
3998	247.839	0	0
3997	248.311	0	0
3996	248.782	0	0
3995	235.196	0	0
3994	235.63	0	0
3993	236.065	0	0
3992	236.5	0	0
3991	236.935	0	0
3990	237.37	0	0
3989	237.806	0	0
3988	238.241	0	0
3987	238.677	0	0
3986	239.113	0	0
3985	239.55	0	0
3984	239.986	0	0
3983	240.423	0	0
3982	240.86	0	0
3981	241.297	0	0
3980	241.735	0	0
3979	229.232	0	0
3978	229.637	0	0
3977	230.043	0	0
3976	230.448	0	0
3975	230.855	0	0
3974	231.261	0	0
3973	231.667	0	0
3972	232.074	0	0
3971	232.481	0	0
3970	232.888	0	0
3969	233.295	0	0
3968	233.702	0	0
3967	234.11	0	0
3966	234.518	0	0
3965	234.926	0	0
3964	235.334	0	0
3963	223.803	0	0
3962	224.18	0	0
3961	224.558	0	0
3960	224.936	0	0
3959	225.313	0	0
3958	225.691	0	0
3957	226.07	0	0
3956	226.448	0	0
3955	226.827	0	0
3954	227.205	0	0
3953	227.584	0	0
3952	227.964	0	0
3951	228.343	0	0
3950	228.722	0	0
3949	229.102	0	0
3948	218.469	0	0
3947	218.823	0	0
3946	219.177	0	0
3945	219.531	0	0
3944	219.885	0	0
3943	220.24	0	0
3942	220.594	0	0
3941	220.949	0	0
3940	221.304	0	0
3939	221.659	0	0
3938	222.014	0	0
3937	222.37	0	0
3936	222.725	0	0
3935	223.081	0	0
3934	223.437	0	0
3933	223.793	0	0
3932	213.91	0	0
3931	214.242	0	0
3930	214.575	0	0
3929	214.908	0	0
3928	215.241	0	0
3927	215.574	0	0
3926	215.908	0	0
3925	216.241	0	0
3924	216.575	0	0
3923	216.909	0	0
3922	217.243	0	0
3921	217.577	0	0
3920	217.912	0	0
3919	218.246	0	0
3918	218.581	0	0
3917	209.404	0	0
3916	209.716	0	0
3915	210.029	0	0
3914	210.342	0	0
3913	256.831	0	0
3912	257.21	0	0
3911	257.589	0	0
3910	257.968	0	0
3909	258.348	0	0
3908	258.727	0	0
3907	259.107	0	0
3906	259.487	0	0
3905	259.867	0	0
3904	260.248	0	0
3903	260.628	0	0
3902	261.009	0	0
3901	250.656	0	0
3900	251.014	0	0
3899	251.372	0	0
3898	251.731	0	0
3897	252.089	0	0
3896	252.448	0	0
3895	252.807	0	0
3894	253.166	0	0
3893	253.526	0	0
3892	253.885	0	0
3891	254.245	0	0
3890	254.605	0	0
3889	254.965	0	0
3888	255.325	0	0
3887	255.686	0	0
3886	245.989	0	0
3885	246.329	0	0
3884	246.669	0	0
3883	247.009	0	0
3882	247.349	0	0
3881	247.69	0	0
3880	248.031	0	0
3879	248.371	0	0
3878	248.712	0	0
3877	249.053	0	0
3876	249.395	0	0
3875	249.736	0	0
3874	250.078	0	0
3873	250.42	0	0
3872	250.761	0	0
3871	241.654	0	0
3870	241.977	0	0
3869	242.301	0	0
3868	242.625	0	0
3867	242.948	0	0
3866	243.273	0	0
3865	243.597	0	0
3864	243.921	0	0
3863	244.246	0	0
3862	244.57	0	0
3861	244.895	0	0
3860	245.22	0	0
3859	245.545	0	0
3858	245.871	0	0
3857	246.196	0	0
3856	237.622	0	0
3855	237.93	0	0
3854	238.238	0	0
3853	238.547	0	0
3852	238.855	0	0
3851	239.164	0	0
3850	239.473	0	0
3849	239.782	0	0
3848	240.091	0	0
3847	240.401	0	0
3846	240.71	0	0
3845	241.02	0	0
3844	241.33	0	0
3843	241.64	0	0
3842	233.572	0	0
3841	233.866	0	0
3840	234.16	0	0
3839	234.454	0	0
3838	234.749	0	0
3837	235.043	0	0
3836	235.338	0	0
3835	235.633	0	0
3834	235.928	0	0
3833	236.223	0	0
3832	236.518	0	0
3831	236.814	0	0
3830	237.109	0	0
3829	237.405	0	0
3828	237.701	0	0
3827	230.081	0	0
3826	230.362	0	0
3825	230.643	0	0
3824	230.924	0	0
3823	231.206	0	0
3822	231.487	0	0
3821	231.769	0	0
3820	232.051	0	0
3819	232.333	0	0
3818	232.616	0	0
3817	232.898	0	0
3816	233.18	0	0
3815	233.463	0	0
3814	233.746	0	0
3813	234.029	0	0
3812	226.811	0	0
3811	227.081	0	0
3810	227.351	0	0
3809	227.621	0	0
3808	227.891	0	0
3807	228.161	0	0
3806	228.432	0	0
3805	228.702	0	0
3804	228.973	0	0
3803	229.244	0	0
3802	229.514	0	0
3801	229.786	0	0
3800	230.057	0	0
3799	230.328	0	0
3798	223.492	0	0
3797	223.75	0	0
3796	224.009	0	0
3795	224.268	0	0
3794	224.527	0	0
3793	224.787	0	0
3792	225.046	0	0
3791	225.305	0	0
3790	225.565	0	0
3789	225.825	0	0
3788	226.085	0	0
3787	226.345	0	0
3786	226.605	0	0
3785	226.865	0	0
3784	227.126	0	0
3783	220.639	0	0
3782	220.887	0	0
3781	221.135	0	0
3780	221.384	0	0
3779	221.632	0	0
3778	221.881	0	0
3777	222.13	0	0
3776	222.379	0	0
3775	222.628	0	0
3774	222.877	0	0
3773	223.126	0	0
3772	223.375	0	0
3771	223.625	0	0
3770	223.875	0	0
3769	217.721	0	0
3768	217.96	0	0
3767	218.199	0	0
3766	218.438	0	0
3765	218.677	0	0
3764	218.917	0	0
3763	219.156	0	0
3762	219.396	0	0
3761	219.636	0	0
3760	219.875	0	0
3759	220.115	0	0
3758	220.355	0	0
3757	220.596	0	0
3756	220.836	0	0
3755	214.982	0	0
3754	215.212	0	0
3753	215.442	0	0
3752	215.672	0	0
3751	215.903	0	0
3750	216.134	0	0
3749	216.364	0	0
3748	216.595	0	0
3747	216.826	0	0
3746	217.057	0	0
3745	217.289	0	0
3744	217.52	0	0
3743	217.751	0	0
3742	217.983	0	0
3741	212.405	0	0
3740	212.627	0	0
3739	212.85	0	0
3738	213.072	0	0
3737	213.295	0	0
3736	213.517	0	0
3735	213.74	0	0
3734	213.963	0	0
3733	214.186	0	0
3732	214.409	0	0
3731	214.632	0	0
3730	214.855	0	0
3729	215.079	0	0
3728	215.302	0	0
3727	209.988	0	0
3726	210.202	0	0
3725	210.417	0	0
3724	210.631	0	0
3723	210.845	0	0
3722	211.06	0	0
3721	211.274	0	0
3720	211.489	0	0
3719	211.704	0	0
3718	211.919	0	0
3717	212.134	0	0
3716	212.349	0	0
3715	212.565	0	0
3714	212.78	0	0
3713	207.716	0	0
3712	207.923	0	0
3711	208.13	0	0
3710	208.337	0	0
3709	208.544	0	0
3708	208.751	0	0
3707	208.958	0	0
3706	209.166	0	0
3705	209.373	0	0
3704	209.581	0	0
3703	209.789	0	0
3702	209.997	0	0
3701	210.204	0	0
3700	205.377	0	0
3699	205.577	0	0
3698	205.777	0	0
3697	205.977	0	0
3696	206.178	0	0
3695	206.378	0	0
3694	206.578	0	0
3693	206.779	0	0
3692	206.98	0	0
3691	207.18	0	0
3690	207.381	0	0
3689	207.582	0	0
3688	207.783	0	0
3687	207.984	0	0
3686	203.371	0	0
3685	203.564	0	0
3684	203.758	0	0
3683	203.951	0	0
3682	204.145	0	0
3681	204.339	0	0
3680	230.608	0	0
3679	230.826	0	0
3678	231.045	0	0
3677	231.263	0	0
3676	231.482	0	0
3675	231.701	0	0
3674	231.92	0	0
3673	232.139	0	0
3672	227.172	0	0
3671	227.384	0	0
3670	227.596	0	0
3669	227.808	0	0
3668	228.02	0	0
3667	228.232	0	0
3666	228.444	0	0
3665	228.656	0	0
3664	228.869	0	0
3663	229.081	0	0
3662	229.294	0	0
3661	229.507	0	0
3660	229.719	0	0
3659	224.951	0	0
3658	225.157	0	0
3657	225.363	0	0
3656	225.569	0	0
3655	225.776	0	0
3654	225.982	0	0
3653	226.189	0	0
3652	226.395	0	0
3651	226.602	0	0
3650	226.809	0	0
3649	227.016	0	0
3648	227.223	0	0
3647	227.43	0	0
3646	222.844	0	0
3645	223.045	0	0
3644	223.246	0	0
3643	223.447	0	0
3642	223.648	0	0
3641	223.849	0	0
3640	224.05	0	0
3639	224.252	0	0
3638	224.453	0	0
3637	224.655	0	0
3636	224.857	0	0
3635	225.058	0	0
3634	225.26	0	0
3633	225.462	0	0
3632	221.048	0	0
3631	221.244	0	0
3630	221.439	0	0
3629	221.635	0	0
3628	221.83	0	0
3627	222.026	0	0
3626	222.222	0	0
3625	222.418	0	0
3624	222.614	0	0
3623	222.81	0	0
3622	223.006	0	0
3621	223.203	0	0
3620	223.399	0	0
3619	219.157	0	0
3618	219.347	0	0
3617	219.538	0	0
3616	219.728	0	0
3615	219.919	0	0
3614	220.11	0	0
3613	220.301	0	0
3612	220.492	0	0
3611	220.683	0	0
3610	220.874	0	0
3609	221.065	0	0
3608	221.257	0	0
3607	221.448	0	0
3606	217.366	0	0
3605	217.552	0	0
3604	217.737	0	0
3603	217.923	0	0
3602	218.109	0	0
3601	218.295	0	0
3600	218.481	0	0
3599	218.667	0	0
3598	218.853	0	0
3597	219.04	0	0
3596	219.226	0	0
3595	219.413	0	0
3594	219.599	0	0
3593	215.666	0	0
3592	215.848	0	0
3591	216.029	0	0
3590	216.211	0	0
3589	216.392	0	0
3588	216.574	0	0
3587	216.756	0	0
3586	216.937	0	0
3585	217.119	0	0
3584	217.301	0	0
3583	217.483	0	0
3582	217.666	0	0
3581	217.848	0	0
3580	214.053	0	0
3579	214.231	0	0
3578	214.408	0	0
3577	214.585	0	0
3576	214.763	0	0
3575	214.94	0	0
3574	215.118	0	0
3573	215.296	0	0
3572	215.473	0	0
3571	215.651	0	0
3570	215.829	0	0
3569	216.007	0	0
3568	212.35	0	0
3567	212.523	0	0
3566	212.696	0	0
3565	212.869	0	0
3564	213.043	0	0
3563	213.216	0	0
3562	213.39	0	0
3561	213.563	0	0
3560	213.737	0	0
3559	213.911	0	0
3558	214.085	0	0
3557	214.259	0	0
3556	214.433	0	0
3555	210.904	0	0
3554	211.073	0	0
3553	211.243	0	0
3552	211.412	0	0
3551	211.581	0	0
3550	211.751	0	0
3549	211.92	0	0
3548	212.09	0	0
3547	212.259	0	0
3546	212.429	0	0
3545	212.599	0	0
3544	212.769	0	0
3543	212.939	0	0
3542	209.534	0	0
3541	209.699	0	0
3540	209.865	0	0
3539	210.03	0	0
3538	210.196	0	0
3537	210.362	0	0
3536	210.527	0	0
3535	210.693	0	0
3534	210.859	0	0
3533	211.026	0	0
3532	211.192	0	0
3531	211.358	0	0
3530	208.073	0	0
3529	208.234	0	0
3528	208.396	0	0
3527	208.558	0	0
3526	208.72	0	0
3525	208.882	0	0
3524	209.045	0	0
3523	209.207	0	0
3522	209.369	0	0
3521	209.532	0	0
3520	209.694	0	0
3519	209.857	0	0
3518	210.02	0	0
3517	206.842	0	0
3516	207.001	0	0
3515	207.16	0	0
3514	207.318	0	0
3513	207.477	0	0
3512	207.636	0	0
3511	207.795	0	0
3510	207.954	0	0
3509	208.114	0	0
3508	208.273	0	0
3507	208.432	0	0
3506	208.592	0	0
3505	205.519	0	0
3504	205.674	0	0
3503	205.83	0	0
3502	205.986	0	0
3501	206.141	0	0
3500	206.297	0	0
3499	206.453	0	0
3498	206.609	0	0
3497	206.765	0	0
3496	206.921	0	0
3495	207.077	0	0
3494	207.234	0	0
3493	204.262	0	0
3492	204.414	0	0
3491	204.567	0	0
3490	204.719	0	0
3489	204.872	0	0
3488	205.024	0	0
3487	205.177	0	0
3486	205.33	0	0
3485	205.483	0	0
3484	205.636	0	0
3483	205.789	0	0
3482	205.943	0	0
3481	203.068	0	0
3480	203.217	0	0
3479	203.367	0	0
3478	203.517	0	0
3477	203.666	0	0
3476	203.816	0	0
3475	203.966	0	0
3474	204.116	0	0
3473	204.266	0	0
3472	204.416	0	0
3471	204.566	0	0
3470	204.716	0	0
3469	201.938	0	0
3468	202.084	0	0
3467	202.231	0	0
3466	202.377	0	0
3465	202.524	0	0
3464	202.67	0	0
3463	202.817	0	0
3462	202.964	0	0
3461	203.111	0	0
3460	203.258	0	0
3459	203.405	0	0
3458	203.552	0	0
3457	200.866	0	0
3456	201.009	0	0
3455	201.153	0	0
3454	201.297	0	0
3453	201.44	0	0
3452	201.584	0	0
3451	201.728	0	0
3450	201.872	0	0
3449	202.016	0	0
3448	202.161	0	0
3447	219.214	0	0
3446	219.372	0	0
3445	216.521	0	0
3444	216.675	0	0
3443	216.83	0	0
3442	216.985	0	0
3441	217.139	0	0
3440	217.294	0	0
3439	217.449	0	0
3438	217.605	0	0
3437	217.76	0	0
3436	217.915	0	0
3435	218.07	0	0
3434	218.226	0	0
3433	215.452	0	0
3432	215.605	0	0
3431	215.757	0	0
3430	215.91	0	0
3429	216.062	0	0
3428	216.215	0	0
3427	216.368	0	0
3426	216.521	0	0
3425	216.674	0	0
3424	216.827	0	0
3423	216.98	0	0
3422	217.134	0	0
3421	214.433	0	0
3420	214.583	0	0
3419	214.733	0	0
3418	214.884	0	0
3417	215.035	0	0
3416	215.185	0	0
3415	215.336	0	0
3414	215.487	0	0
3413	215.638	0	0
3412	215.789	0	0
3411	215.94	0	0
3410	213.311	0	0
3409	213.46	0	0
3408	213.608	0	0
3407	213.757	0	0
3406	213.905	0	0
3405	214.054	0	0
3404	214.203	0	0
3403	214.351	0	0
3402	214.5	0	0
3401	214.649	0	0
3400	214.798	0	0
3399	214.948	0	0
3398	212.387	0	0
3397	212.533	0	0
3396	212.68	0	0
3395	212.826	0	0
3394	212.973	0	0
3393	213.119	0	0
3392	213.266	0	0
3391	213.413	0	0
3390	213.559	0	0
3389	213.706	0	0
3388	213.853	0	0
3387	211.362	0	0
3386	211.506	0	0
3385	211.651	0	0
3384	211.795	0	0
3383	211.94	0	0
3382	212.084	0	0
3381	212.229	0	0
3380	212.374	0	0
3379	212.519	0	0
3378	212.664	0	0
3377	212.809	0	0
3376	212.954	0	0
3375	210.525	0	0
3374	210.667	0	0
3373	210.81	0	0
3372	210.953	0	0
3371	211.095	0	0
3370	211.238	0	0
3369	211.381	0	0
3368	211.524	0	0
3367	211.667	0	0
3366	211.81	0	0
3365	211.954	0	0
3364	209.586	0	0
3363	209.727	0	0
3362	209.868	0	0
3361	210.009	0	0
3360	210.15	0	0
3359	210.291	0	0
3358	210.432	0	0
3357	210.573	0	0
3356	210.715	0	0
3355	210.856	0	0
3354	210.998	0	0
3353	208.689	0	0
3352	208.828	0	0
3351	208.967	0	0
3350	209.106	0	0
3349	209.246	0	0
3348	209.385	0	0
3347	209.525	0	0
3346	209.664	0	0
3345	209.804	0	0
3344	209.944	0	0
3343	210.083	0	0
3342	210.223	0	0
3341	207.969	0	0
3340	208.106	0	0
3339	208.244	0	0
3338	208.381	0	0
3337	208.519	0	0
3336	208.657	0	0
3335	208.795	0	0
3334	208.933	0	0
3333	209.071	0	0
3332	209.21	0	0
3331	209.348	0	0
3330	207.147	0	0
3329	207.283	0	0
3328	207.42	0	0
3327	207.556	0	0
3326	207.692	0	0
3325	207.828	0	0
3324	207.965	0	0
3323	208.101	0	0
3322	208.238	0	0
3321	208.375	0	0
3320	208.512	0	0
3319	206.361	0	0
3318	206.496	0	0
3317	206.631	0	0
3316	206.766	0	0
3315	206.901	0	0
3314	207.036	0	0
3313	207.171	0	0
3312	207.306	0	0
3311	207.442	0	0
3310	207.577	0	0
3309	207.712	0	0
3308	205.615	0	0
3307	205.748	0	0
3306	205.881	0	0
3305	206.014	0	0
3304	206.147	0	0
3303	206.28	0	0
3302	206.414	0	0
3301	206.547	0	0
3300	206.681	0	0
3299	206.814	0	0
3298	206.948	0	0
3297	204.906	0	0
3296	205.037	0	0
3295	205.168	0	0
3294	205.3	0	0
3293	205.431	0	0
3292	205.563	0	0
3291	205.695	0	0
3290	205.826	0	0
3289	205.958	0	0
3288	206.09	0	0
3287	206.222	0	0
3286	204.233	0	0
3285	204.363	0	0
3284	204.493	0	0
3283	204.622	0	0
3282	204.752	0	0
3281	204.882	0	0
3280	205.012	0	0
3279	205.142	0	0
3278	205.272	0	0
3277	205.403	0	0
3276	203.466	0	0
3275	203.594	0	0
3274	203.723	0	0
3273	203.851	0	0
3272	203.979	0	0
3271	204.108	0	0
3270	204.236	0	0
3269	204.365	0	0
3268	204.493	0	0
3267	204.622	0	0
3266	204.751	0	0
3265	202.86	0	0
3264	202.987	0	0
3263	203.114	0	0
3262	203.241	0	0
3261	203.368	0	0
3260	203.495	0	0
3259	203.622	0	0
3258	203.75	0	0
3257	203.877	0	0
3256	204.004	0	0
3255	204.132	0	0
3254	202.286	0	0
3253	202.412	0	0
3252	202.537	0	0
3251	202.663	0	0
3250	202.788	0	0
3249	202.914	0	0
3248	203.04	0	0
3247	203.166	0	0
3246	203.292	0	0
3245	203.418	0	0
3244	201.622	0	0
3243	201.746	0	0
3242	201.87	0	0
3241	201.994	0	0
3240	202.118	0	0
3239	202.242	0	0
3238	202.366	0	0
3237	202.49	0	0
3236	202.614	0	0
3235	202.738	0	0
3234	202.863	0	0
3233	201.118	0	0
3232	201.24	0	0
3231	201.362	0	0
3230	201.484	0	0
3229	201.606	0	0
3228	201.728	0	0
3227	201.851	0	0
3226	201.973	0	0
3225	202.095	0	0
3224	202.218	0	0
3223	200.522	0	0
3222	200.642	0	0
3221	200.763	0	0
3220	200.884	0	0
3219	201.005	0	0
3218	201.125	0	0
3217	201.246	0	0
3216	201.367	0	0
3215	201.488	0	0
3214	201.61	0	0
3213	211.511	0	0
3212	211.641	0	0
3211	211.772	0	0
3210	211.902	0	0
3209	212.032	0	0
3208	212.163	0	0
3207	212.293	0	0
3206	212.424	0	0
3205	212.554	0	0
3204	212.685	0	0
3203	212.816	0	0
3202	211.029	0	0
3201	211.159	0	0
3200	211.288	0	0
3199	211.418	0	0
3198	211.547	0	0
3197	211.677	0	0
3196	211.807	0	0
3195	211.937	0	0
3194	212.067	0	0
3193	212.197	0	0
3192	210.443	0	0
3191	210.571	0	0
3190	210.7	0	0
3189	210.829	0	0
3188	210.958	0	0
3187	211.087	0	0
3186	211.216	0	0
3185	211.345	0	0
3184	211.474	0	0
3183	211.603	0	0
3182	209.884	0	0
3181	210.012	0	0
3180	210.139	0	0
3179	210.267	0	0
3178	210.395	0	0
3177	210.523	0	0
3176	210.651	0	0
3175	210.779	0	0
3174	210.907	0	0
3173	211.035	0	0
3172	209.35	0	0
3171	209.476	0	0
3170	209.603	0	0
3169	209.73	0	0
3168	209.857	0	0
3167	209.985	0	0
3166	210.112	0	0
3165	210.239	0	0
3164	210.367	0	0
3163	210.494	0	0
3162	208.84	0	0
3161	208.966	0	0
3160	209.092	0	0
3159	209.218	0	0
3158	209.344	0	0
3157	209.471	0	0
3156	209.597	0	0
3155	209.723	0	0
3154	209.85	0	0
3153	209.976	0	0
3152	208.355	0	0
3151	208.48	0	0
3150	208.605	0	0
3149	208.73	0	0
3148	208.856	0	0
3147	208.981	0	0
3146	209.107	0	0
3145	209.232	0	0
3144	209.358	0	0
3143	209.484	0	0
3142	207.893	0	0
3141	208.017	0	0
3140	208.141	0	0
3139	208.266	0	0
3138	208.39	0	0
3137	208.515	0	0
3136	208.64	0	0
3135	208.764	0	0
3134	208.889	0	0
3133	209.014	0	0
3132	207.452	0	0
3131	207.576	0	0
3130	207.7	0	0
3129	207.823	0	0
3128	207.947	0	0
3127	208.071	0	0
3126	208.195	0	0
3125	208.32	0	0
3124	208.444	0	0
3123	208.568	0	0
3122	207.034	0	0
3121	207.157	0	0
3120	207.28	0	0
3119	207.403	0	0
3118	207.526	0	0
3117	207.649	0	0
3116	207.773	0	0
3115	207.896	0	0
3114	208.02	0	0
3113	206.515	0	0
3112	206.638	0	0
3111	206.76	0	0
3110	206.882	0	0
3109	207.004	0	0
3108	207.127	0	0
3107	207.249	0	0
3106	207.372	0	0
3105	207.495	0	0
3104	207.617	0	0
3103	206.142	0	0
3102	206.263	0	0
3101	206.385	0	0
3100	206.506	0	0
3099	206.628	0	0
3098	206.749	0	0
3097	206.871	0	0
3096	206.993	0	0
3095	207.115	0	0
3094	207.237	0	0
3093	205.789	0	0
3092	205.91	0	0
3091	206.03	0	0
3090	206.151	0	0
3089	206.272	0	0
3088	206.393	0	0
3087	206.514	0	0
3086	206.635	0	0
3085	206.756	0	0
3084	205.337	0	0
3083	205.457	0	0
3082	205.577	0	0
3081	205.697	0	0
3080	205.817	0	0
3079	205.937	0	0
3078	206.057	0	0
3077	206.178	0	0
3076	206.298	0	0
3075	206.418	0	0
3074	205.024	0	0
3073	205.143	0	0
3072	205.263	0	0
3071	205.382	0	0
3070	205.502	0	0
3069	205.621	0	0
3068	205.741	0	0
3067	205.861	0	0
3066	205.981	0	0
3065	204.613	0	0
3064	204.731	0	0
3063	204.85	0	0
3062	204.969	0	0
3061	205.087	0	0
3060	205.206	0	0
3059	205.325	0	0
3058	205.444	0	0
3057	205.563	0	0
3056	204.223	0	0
3055	204.341	0	0
3054	204.458	0	0
3053	204.576	0	0
3052	204.694	0	0
3051	204.812	0	0
3050	204.93	0	0
3049	205.048	0	0
3048	205.167	0	0
3047	205.285	0	0
3046	203.97	0	0
3045	204.087	0	0
3044	204.204	0	0
3043	204.322	0	0
3042	204.439	0	0
3041	204.556	0	0
3040	204.674	0	0
3039	204.791	0	0
3038	204.909	0	0
3037	203.62	0	0
3036	203.736	0	0
3035	203.852	0	0
3034	203.969	0	0
3033	204.086	0	0
3032	204.202	0	0
3031	204.319	0	0
3030	204.436	0	0
3029	204.553	0	0
3028	203.289	0	0
3027	203.405	0	0
3026	203.52	0	0
3025	203.636	0	0
3024	203.752	0	0
3023	203.868	0	0
3022	203.984	0	0
3021	204.1	0	0
3020	204.216	0	0
3019	202.979	0	0
3018	203.094	0	0
3017	203.208	0	0
3016	203.323	0	0
3015	203.438	0	0
3014	203.553	0	0
3013	203.669	0	0
3012	203.784	0	0
3011	203.899	0	0
3010	202.69	0	0
3009	202.804	0	0
3008	202.918	0	0
3007	203.032	0	0
3006	203.146	0	0
3005	203.26	0	0
3004	203.374	0	0
3003	203.488	0	0
3002	203.603	0	0
3001	202.423	0	0
3000	202.535	0	0
2999	202.648	0	0
2998	202.761	0	0
2997	202.874	0	0
2996	202.987	0	0
2995	203.101	0	0
2994	203.214	0	0
2993	203.327	0	0
2992	202.176	0	0
2991	202.288	0	0
2990	202.4	0	0
2989	202.512	0	0
2988	202.624	0	0
2987	202.736	0	0
2986	202.848	0	0
2985	202.961	0	0
2984	203.073	0	0
2983	201.948	0	0
2982	202.059	0	0
2981	202.17	0	0
2980	210.485	0	0
2979	210.608	0	0
2978	210.731	0	0
2977	210.854	0	0
2976	210.977	0	0
2975	211.1	0	0
2974	209.838	0	0
2973	209.96	0	0
2972	210.082	0	0
2971	210.205	0	0
2970	210.327	0	0
2969	210.45	0	0
2968	210.572	0	0
2967	210.695	0	0
2966	210.818	0	0
2965	209.573	0	0
2964	209.694	0	0
2963	209.816	0	0
2962	209.939	0	0
2961	210.061	0	0
2960	210.183	0	0
2959	210.305	0	0
2958	210.428	0	0
2957	210.551	0	0
2956	209.323	0	0
2955	209.444	0	0
2954	209.566	0	0
2953	209.688	0	0
2952	209.81	0	0
2951	209.932	0	0
2950	210.054	0	0
2949	210.176	0	0
2948	208.967	0	0
2947	209.088	0	0
2946	209.209	0	0
2945	209.331	0	0
2944	209.452	0	0
2943	209.574	0	0
2942	209.695	0	0
2941	209.817	0	0
2940	209.939	0	0
2939	208.749	0	0
2938	208.869	0	0
2937	208.99	0	0
2936	209.111	0	0
2935	209.232	0	0
2934	209.353	0	0
2933	209.474	0	0
2932	209.596	0	0
2931	209.717	0	0
2930	208.546	0	0
2929	208.667	0	0
2928	208.787	0	0
2927	208.907	0	0
2926	209.028	0	0
2925	209.149	0	0
2924	209.269	0	0
2923	209.39	0	0
2922	208.241	0	0
2921	208.36	0	0
2920	208.48	0	0
2919	208.6	0	0
2918	208.72	0	0
2917	208.84	0	0
2916	208.96	0	0
2915	209.08	0	0
2914	209.2	0	0
2913	208.072	0	0
2912	208.191	0	0
2911	208.31	0	0
2910	208.429	0	0
2909	208.548	0	0
2908	208.668	0	0
2907	208.787	0	0
2906	208.907	0	0
2905	207.802	0	0
2904	207.92	0	0
2903	208.039	0	0
2902	208.157	0	0
2901	208.275	0	0
2900	208.394	0	0
2899	208.513	0	0
2898	208.631	0	0
2897	208.75	0	0
2896	207.668	0	0
2895	207.786	0	0
2894	207.903	0	0
2893	208.021	0	0
2892	208.139	0	0
2891	208.256	0	0
2890	208.374	0	0
2889	208.492	0	0
2888	207.433	0	0
2887	207.55	0	0
2886	207.667	0	0
2885	207.784	0	0
2884	207.901	0	0
2883	208.018	0	0
2882	208.135	0	0
2881	208.253	0	0
2880	207.215	0	0
2879	207.331	0	0
2878	207.447	0	0
2877	207.563	0	0
2876	207.68	0	0
2875	207.796	0	0
2874	207.913	0	0
2873	208.029	0	0
2872	207.014	0	0
2871	207.129	0	0
2870	207.245	0	0
2869	207.36	0	0
2868	207.476	0	0
2867	207.592	0	0
2866	207.707	0	0
2865	207.823	0	0
2864	207.939	0	0
2863	206.943	0	0
2862	207.058	0	0
2861	207.173	0	0
2860	207.288	0	0
2859	207.403	0	0
2858	207.519	0	0
2857	207.634	0	0
2856	207.749	0	0
2855	206.771	0	0
2854	206.886	0	0
2853	207	0	0
2852	207.115	0	0
2851	207.23	0	0
2850	207.344	0	0
2849	207.459	0	0
2848	207.574	0	0
2847	206.613	0	0
2846	206.727	0	0
2845	206.841	0	0
2844	206.955	0	0
2843	207.069	0	0
2842	207.184	0	0
2841	207.298	0	0
2840	207.413	0	0
2839	206.467	0	0
2838	206.581	0	0
2837	206.695	0	0
2836	206.809	0	0
2835	206.923	0	0
2834	207.037	0	0
2833	207.151	0	0
2832	207.265	0	0
2831	206.334	0	0
2830	206.447	0	0
2829	206.561	0	0
2828	206.675	0	0
2827	206.789	0	0
2826	206.902	0	0
2825	207.016	0	0
2824	207.13	0	0
2823	206.213	0	0
2822	206.326	0	0
2821	206.439	0	0
2820	206.553	0	0
2819	206.666	0	0
2818	206.78	0	0
2817	206.893	0	0
2816	207.007	0	0
2815	206.103	0	0
2814	206.216	0	0
2813	206.329	0	0
2812	206.442	0	0
2811	206.556	0	0
2810	206.669	0	0
2809	206.783	0	0
2808	206.896	0	0
2807	206.004	0	0
2806	206.117	0	0
2805	206.23	0	0
2804	206.343	0	0
2803	206.456	0	0
2802	206.569	0	0
2801	206.683	0	0
2800	206.796	0	0
2799	205.916	0	0
2798	206.029	0	0
2797	206.142	0	0
2796	206.255	0	0
2795	206.367	0	0
2794	206.48	0	0
2793	206.594	0	0
2792	206.707	0	0
2791	205.841	0	0
2790	205.954	0	0
2789	206.066	0	0
2788	206.179	0	0
2787	206.291	0	0
2786	206.404	0	0
2785	206.516	0	0
2784	205.668	0	0
2783	205.78	0	0
2782	205.892	0	0
2781	206.004	0	0
2780	206.115	0	0
2779	206.228	0	0
2778	206.34	0	0
2777	206.452	0	0
2776	205.622	0	0
2775	205.733	0	0
2774	205.844	0	0
2773	205.955	0	0
2772	206.066	0	0
2771	206.178	0	0
2770	206.289	0	0
2769	206.401	0	0
2768	205.59	0	0
2767	205.7	0	0
2766	205.811	0	0
2765	205.921	0	0
2764	206.032	0	0
2763	206.142	0	0
2762	206.253	0	0
2761	205.464	0	0
2760	205.573	0	0
2759	205.683	0	0
2758	205.792	0	0
2757	205.902	0	0
2756	206.012	0	0
2755	206.121	0	0
2754	206.231	0	0
2753	205.459	0	0
2752	205.568	0	0
2751	205.677	0	0
2750	205.787	0	0
2749	205.896	0	0
2748	206.005	0	0
2747	211.644	0	0
2746	211.767	0	0
2745	210.842	0	0
2744	210.964	0	0
2743	211.087	0	0
2742	211.209	0	0
2741	211.332	0	0
2740	211.454	0	0
2739	211.577	0	0
2738	210.663	0	0
2737	210.785	0	0
2736	210.908	0	0
2735	211.03	0	0
2734	211.152	0	0
2733	211.275	0	0
2732	211.398	0	0
2731	211.52	0	0
2730	210.62	0	0
2729	210.742	0	0
2728	210.863	0	0
2727	210.985	0	0
2726	211.107	0	0
2725	211.229	0	0
2724	211.351	0	0
2723	210.47	0	0
2722	210.591	0	0
2721	210.712	0	0
2720	210.833	0	0
2719	210.954	0	0
2718	211.075	0	0
2717	211.197	0	0
2716	210.331	0	0
2715	210.452	0	0
2714	210.573	0	0
2713	210.693	0	0
2712	210.814	0	0
2711	210.935	0	0
2710	211.056	0	0
2709	211.178	0	0
2708	210.325	0	0
2707	210.445	0	0
2706	210.566	0	0
2705	210.686	0	0
2704	210.807	0	0
2703	210.928	0	0
2702	211.048	0	0
2701	210.21	0	0
2700	210.33	0	0
2699	210.45	0	0
2698	210.57	0	0
2697	210.69	0	0
2696	210.811	0	0
2695	210.931	0	0
2694	210.106	0	0
2693	210.226	0	0
2692	210.346	0	0
2691	210.465	0	0
2690	210.585	0	0
2689	210.705	0	0
2688	210.825	0	0
2687	210.945	0	0
2686	210.133	0	0
2685	210.252	0	0
2684	210.372	0	0
2683	210.491	0	0
2682	210.611	0	0
2681	210.731	0	0
2680	210.851	0	0
2679	210.048	0	0
2678	210.167	0	0
2677	210.287	0	0
2676	210.407	0	0
2675	210.527	0	0
2674	210.647	0	0
2673	210.767	0	0
2672	209.972	0	0
2671	210.092	0	0
2670	210.211	0	0
2669	210.331	0	0
2668	210.451	0	0
2667	210.571	0	0
2666	210.691	0	0
2665	209.908	0	0
2664	210.027	0	0
2663	210.146	0	0
2662	210.265	0	0
2661	210.385	0	0
2660	210.504	0	0
2659	210.624	0	0
2658	209.856	0	0
2657	209.974	0	0
2656	210.093	0	0
2655	210.212	0	0
2654	210.331	0	0
2653	210.45	0	0
2652	210.569	0	0
2651	209.815	0	0
2650	209.933	0	0
2649	210.052	0	0
2648	210.17	0	0
2647	210.288	0	0
2646	210.407	0	0
2645	210.526	0	0
2644	209.786	0	0
2643	209.904	0	0
2642	210.022	0	0
2641	210.14	0	0
2640	210.258	0	0
2639	210.376	0	0
2638	210.494	0	0
2637	209.769	0	0
2636	209.887	0	0
2635	210.004	0	0
2634	210.121	0	0
2633	210.239	0	0
2632	210.356	0	0
2631	210.474	0	0
2630	209.764	0	0
2629	209.881	0	0
2628	209.997	0	0
2627	210.114	0	0
2626	210.231	0	0
2625	210.348	0	0
2624	210.465	0	0
2623	209.769	0	0
2622	209.885	0	0
2621	210.001	0	0
2620	210.118	0	0
2619	210.235	0	0
2618	210.351	0	0
2617	210.468	0	0
2616	209.782	0	0
2615	209.898	0	0
2614	210.015	0	0
2613	210.131	0	0
2612	210.248	0	0
2611	210.365	0	0
2610	210.481	0	0
2609	209.804	0	0
2608	209.921	0	0
2607	210.037	0	0
2606	210.153	0	0
2605	210.27	0	0
2604	210.386	0	0
2603	209.72	0	0
2602	209.836	0	0
2601	209.952	0	0
2600	210.068	0	0
2599	210.184	0	0
2598	210.301	0	0
2597	210.417	0	0
2596	209.761	0	0
2595	209.876	0	0
2594	209.992	0	0
2593	210.108	0	0
2592	210.224	0	0
2591	210.34	0	0
2590	210.457	0	0
2589	209.812	0	0
2588	209.927	0	0
2587	210.043	0	0
2586	210.158	0	0
2585	210.274	0	0
2584	210.389	0	0
2583	210.505	0	0
2582	209.872	0	0
2581	209.987	0	0
2580	210.103	0	0
2579	210.218	0	0
2578	210.333	0	0
2577	210.449	0	0
2576	209.829	0	0
2575	209.943	0	0
2574	210.058	0	0
2573	210.173	0	0
2572	210.287	0	0
2571	210.402	0	0
2570	210.517	0	0
2569	209.913	0	0
2568	210.027	0	0
2567	210.141	0	0
2566	210.254	0	0
2565	210.368	0	0
2564	210.482	0	0
2563	209.897	0	0
2562	210.01	0	0
2561	210.123	0	0
2560	210.236	0	0
2559	210.349	0	0
2558	210.462	0	0
2557	210.575	0	0
2556	210.007	0	0
2555	210.119	0	0
2554	210.231	0	0
2553	210.343	0	0
2552	210.455	0	0
2551	210.567	0	0
2550	210.015	0	0
2549	210.126	0	0
2548	210.238	0	0
2547	210.349	0	0
2546	210.461	0	0
2545	210.573	0	0
2544	210.685	0	0
2543	210.144	0	0
2542	210.255	0	0
2541	210.367	0	0
2540	210.478	0	0
2539	210.589	0	0
2538	210.701	0	0
2537	210.17	0	0
2536	210.281	0	0
2535	210.392	0	0
2534	210.503	0	0
2533	210.614	0	0
2532	210.726	0	0
2531	210.837	0	0
2530	210.313	0	0
2529	210.424	0	0
2528	210.535	0	0
2527	210.647	0	0
2526	210.758	0	0
2525	210.87	0	0
2524	210.353	0	0
2523	210.464	0	0
2522	210.575	0	0
2521	210.686	0	0
2520	210.797	0	0
2519	210.909	0	0
2518	210.397	0	0
2517	210.509	0	0
2516	210.62	0	0
2515	210.731	0	0
2514	213.639	0	0
2513	213.766	0	0
2512	213.892	0	0
2511	213.225	0	0
2510	213.351	0	0
2509	213.478	0	0
2508	213.604	0	0
2507	213.731	0	0
2506	213.857	0	0
2505	213.199	0	0
2504	213.325	0	0
2503	213.451	0	0
2502	213.577	0	0
2501	213.703	0	0
2500	213.829	0	0
2499	213.184	0	0
2498	213.309	0	0
2497	213.434	0	0
2496	213.56	0	0
2495	213.685	0	0
2494	213.811	0	0
2493	213.937	0	0
2492	213.303	0	0
2491	213.428	0	0
2490	213.554	0	0
2489	213.679	0	0
2488	213.804	0	0
2487	213.929	0	0
2486	213.308	0	0
2485	213.433	0	0
2484	213.557	0	0
2483	213.682	0	0
2482	213.807	0	0
2481	213.932	0	0
2480	213.322	0	0
2479	213.446	0	0
2478	213.571	0	0
2477	213.695	0	0
2476	213.82	0	0
2475	213.944	0	0
2474	213.348	0	0
2473	213.471	0	0
2472	213.595	0	0
2471	213.719	0	0
2470	213.842	0	0
2469	213.966	0	0
2468	213.386	0	0
2467	213.508	0	0
2466	213.631	0	0
2465	213.754	0	0
2464	213.877	0	0
2463	214	0	0
2462	213.436	0	0
2461	213.557	0	0
2460	213.679	0	0
2459	213.801	0	0
2458	213.923	0	0
2457	214.046	0	0
2456	213.495	0	0
2455	213.617	0	0
2454	213.738	0	0
2453	213.86	0	0
2452	213.981	0	0
2451	214.103	0	0
2450	213.566	0	0
2449	213.687	0	0
2448	213.808	0	0
2447	213.928	0	0
2446	214.049	0	0
2445	214.17	0	0
2444	213.649	0	0
2443	213.769	0	0
2442	213.889	0	0
2441	214.009	0	0
2440	214.129	0	0
2439	214.249	0	0
2438	213.742	0	0
2437	213.861	0	0
2436	213.98	0	0
2435	214.1	0	0
2434	214.219	0	0
2433	214.339	0	0
2432	213.839	0	0
2431	213.958	0	0
2430	214.078	0	0
2429	214.198	0	0
2428	214.318	0	0
2427	214.438	0	0
2426	213.937	0	0
2425	214.058	0	0
2424	214.178	0	0
2423	214.299	0	0
2422	214.42	0	0
2421	214.541	0	0
2420	214.037	0	0
2419	214.158	0	0
2418	214.28	0	0
2417	214.402	0	0
2416	214.523	0	0
2415	214.645	0	0
2414	214.138	0	0
2413	214.261	0	0
2412	214.383	0	0
2411	214.506	0	0
2410	214.628	0	0
2409	214.751	0	0
2408	214.241	0	0
2407	214.365	0	0
2406	214.488	0	0
2405	214.611	0	0
2404	214.735	0	0
2403	214.229	0	0
2402	214.352	0	0
2401	214.475	0	0
2400	214.598	0	0
2399	214.721	0	0
2398	214.844	0	0
2397	214.35	0	0
2396	214.472	0	0
2395	214.594	0	0
2394	214.717	0	0
2393	214.839	0	0
2392	214.962	0	0
2391	214.478	0	0
2390	214.6	0	0
2389	214.722	0	0
2388	214.845	0	0
2387	214.967	0	0
2386	215.089	0	0
2385	214.613	0	0
2384	214.735	0	0
2383	214.857	0	0
2382	214.979	0	0
2381	215.102	0	0
2380	214.631	0	0
2379	214.754	0	0
2378	214.876	0	0
2377	214.998	0	0
2376	215.12	0	0
2375	215.243	0	0
2374	214.779	0	0
2373	214.901	0	0
2372	215.023	0	0
2371	215.145	0	0
2370	215.268	0	0
2369	214.812	0	0
2368	214.934	0	0
2367	215.056	0	0
2366	215.178	0	0
2365	215.3	0	0
2364	215.422	0	0
2363	214.973	0	0
2362	215.095	0	0
2361	215.217	0	0
2360	215.339	0	0
2359	215.461	0	0
2358	215.583	0	0
2357	215.141	0	0
2356	215.262	0	0
2355	215.384	0	0
2354	215.506	0	0
2353	215.628	0	0
2352	215.191	0	0
2351	215.313	0	0
2350	215.435	0	0
2349	215.557	0	0
2348	215.679	0	0
2347	215.802	0	0
2346	215.367	0	0
2345	215.489	0	0
2344	215.612	0	0
2343	215.735	0	0
2342	215.858	0	0
2341	215.422	0	0
2340	215.545	0	0
2339	215.668	0	0
2338	215.792	0	0
2337	215.915	0	0
2336	216.039	0	0
2335	215.603	0	0
2334	215.727	0	0
2333	215.851	0	0
2332	215.975	0	0
2331	216.099	0	0
2330	215.664	0	0
2329	215.789	0	0
2328	215.913	0	0
2327	216.037	0	0
2326	216.162	0	0
2325	215.729	0	0
2324	215.853	0	0
2323	215.978	0	0
2322	216.103	0	0
2321	216.228	0	0
2320	216.353	0	0
2319	215.921	0	0
2318	216.046	0	0
2317	216.171	0	0
2316	216.297	0	0
2315	216.422	0	0
2314	215.99	0	0
2313	216.115	0	0
2312	216.241	0	0
2311	216.368	0	0
2310	216.494	0	0
2309	216.62	0	0
2308	216.187	0	0
2307	216.314	0	0
2306	216.441	0	0
2305	216.567	0	0
2304	216.694	0	0
2303	216.262	0	0
2302	216.389	0	0
2301	216.516	0	0
2300	216.644	0	0
2299	216.771	0	0
2298	216.338	0	0
2297	216.466	0	0
2296	216.594	0	0
2295	216.722	0	0
2294	216.85	0	0
2293	216.415	0	0
2292	216.543	0	0
2291	216.672	0	0
2290	216.801	0	0
2289	216.93	0	0
2288	217.06	0	0
2287	216.621	0	0
2286	216.751	0	0
2285	216.881	0	0
2284	217.011	0	0
2283	217.141	0	0
2282	216.702	0	0
2281	216.832	0	0
2280	217.617	0	0
2279	217.75	0	0
2278	217.884	0	0
2277	217.423	0	0
2276	217.557	0	0
2275	217.69	0	0
2274	217.824	0	0
2273	217.957	0	0
2272	217.497	0	0
2271	217.631	0	0
2270	217.766	0	0
2269	217.9	0	0
2268	218.035	0	0
2267	217.573	0	0
2266	217.708	0	0
2265	217.843	0	0
2264	217.978	0	0
2263	218.113	0	0
2262	218.248	0	0
2261	217.786	0	0
2260	217.922	0	0
2259	218.058	0	0
2258	218.193	0	0
2257	218.329	0	0
2256	217.872	0	0
2255	218.007	0	0
2254	218.142	0	0
2253	218.278	0	0
2252	218.413	0	0
2251	217.962	0	0
2250	218.098	0	0
2249	218.233	0	0
2248	218.369	0	0
2247	218.504	0	0
2246	218.057	0	0
2245	218.193	0	0
2244	218.329	0	0
2243	218.465	0	0
2242	218.601	0	0
2241	218.156	0	0
2240	218.292	0	0
2239	218.428	0	0
2238	218.564	0	0
2237	218.701	0	0
2236	218.258	0	0
2235	218.395	0	0
2234	218.531	0	0
2233	218.668	0	0
2232	218.805	0	0
2231	218.363	0	0
2230	218.5	0	0
2229	218.638	0	0
2228	218.775	0	0
2227	218.912	0	0
2226	218.469	0	0
2225	218.607	0	0
2224	218.746	0	0
2223	218.884	0	0
2222	219.022	0	0
2221	218.578	0	0
2220	218.716	0	0
2219	218.855	0	0
2218	218.994	0	0
2217	219.133	0	0
2216	218.689	0	0
2215	218.828	0	0
2214	218.968	0	0
2213	219.107	0	0
2212	219.247	0	0
2211	218.803	0	0
2210	218.943	0	0
2209	219.083	0	0
2208	219.223	0	0
2207	218.778	0	0
2206	218.919	0	0
2205	219.06	0	0
2204	219.201	0	0
2203	219.342	0	0
2202	218.893	0	0
2201	219.035	0	0
2200	219.177	0	0
2199	219.319	0	0
2198	219.461	0	0
2197	219.007	0	0
2196	219.15	0	0
2195	219.294	0	0
2194	219.437	0	0
2193	219.581	0	0
2192	219.122	0	0
2191	219.266	0	0
2190	219.411	0	0
2189	219.555	0	0
2188	219.7	0	0
2187	219.238	0	0
2186	219.383	0	0
2185	219.529	0	0
2184	219.674	0	0
2183	219.207	0	0
2182	219.353	0	0
2181	219.5	0	0
2180	219.647	0	0
2179	219.794	0	0
2178	219.321	0	0
2177	219.469	0	0
2176	219.617	0	0
2175	219.765	0	0
2174	219.914	0	0
2173	219.438	0	0
2172	219.587	0	0
2171	219.736	0	0
2170	219.885	0	0
2169	220.034	0	0
2168	219.554	0	0
2167	219.704	0	0
2166	219.855	0	0
2165	220.005	0	0
2164	219.519	0	0
2163	219.67	0	0
2162	219.822	0	0
2161	219.974	0	0
2160	220.126	0	0
2159	219.633	0	0
2158	219.786	0	0
2157	219.939	0	0
2156	220.093	0	0
2155	220.246	0	0
2154	219.745	0	0
2153	219.9	0	0
2152	220.055	0	0
2151	220.211	0	0
2150	219.701	0	0
2149	219.857	0	0
2148	220.014	0	0
2147	220.17	0	0
2146	220.327	0	0
2145	219.809	0	0
2144	219.967	0	0
2143	220.126	0	0
2142	220.285	0	0
2141	219.756	0	0
2140	219.916	0	0
2139	220.076	0	0
2138	220.237	0	0
2137	220.397	0	0
2136	219.86	0	0
2135	220.022	0	0
2134	220.184	0	0
2133	220.346	0	0
2132	220.509	0	0
2131	219.965	0	0
2130	220.128	0	0
2129	220.292	0	0
2128	220.456	0	0
2127	219.903	0	0
2126	220.068	0	0
2125	220.234	0	0
2124	220.399	0	0
2123	220.565	0	0
2122	220.005	0	0
2121	220.172	0	0
2120	220.339	0	0
2119	220.506	0	0
2118	219.937	0	0
2117	220.106	0	0
2116	220.275	0	0
2115	220.444	0	0
2114	220.613	0	0
2113	220.036	0	0
2112	220.206	0	0
2111	220.377	0	0
2110	220.548	0	0
2109	219.961	0	0
2108	220.134	0	0
2107	220.306	0	0
2106	220.479	0	0
2105	220.652	0	0
2104	220.056	0	0
2103	220.231	0	0
2102	220.405	0	0
2101	220.58	0	0
2100	219.974	0	0
2099	220.151	0	0
2098	220.327	0	0
2097	220.504	0	0
2096	219.887	0	0
2095	220.065	0	0
2094	220.244	0	0
2093	220.422	0	0
2092	220.601	0	0
2091	219.975	0	0
2090	220.155	0	0
2089	220.336	0	0
2088	220.517	0	0
2087	219.884	0	0
2086	220.065	0	0
2085	220.247	0	0
2084	220.429	0	0
2083	219.79	0	0
2082	219.973	0	0
2081	220.156	0	0
2080	220.34	0	0
2079	220.523	0	0
2078	219.877	0	0
2077	220.062	0	0
2076	220.247	0	0
2075	220.433	0	0
2074	219.778	0	0
2073	219.965	0	0
2072	220.152	0	0
2071	220.339	0	0
2070	219.678	0	0
2069	219.866	0	0
2068	220.054	0	0
2067	220.243	0	0
2066	220.431	0	0
2065	219.764	0	0
2064	219.954	0	0
2063	220.144	0	0
2062	220.335	0	0
2061	219.661	0	0
2060	219.852	0	0
2059	220.044	0	0
2058	220.236	0	0
2057	219.556	0	0
2056	219.748	0	0
2055	219.942	0	0
2054	220.135	0	0
2053	219.449	0	0
2052	219.643	0	0
2051	219.838	0	0
2050	220.033	0	0
2049	220.228	0	0
2048	219.537	0	0
2047	221.232	0	0
2046	221.413	0	0
2045	221.595	0	0
2044	221.013	0	0
2043	221.196	0	0
2042	221.38	0	0
2041	221.563	0	0
2040	220.973	0	0
2039	221.157	0	0
2038	221.343	0	0
2037	221.528	0	0
2036	220.929	0	0
2035	221.115	0	0
2034	221.302	0	0
2033	221.489	0	0
2032	220.881	0	0
2031	221.07	0	0
2030	221.259	0	0
2029	221.448	0	0
2028	220.832	0	0
2027	221.022	0	0
2026	221.213	0	0
2025	221.403	0	0
2024	220.779	0	0
2023	220.971	0	0
2022	221.164	0	0
2021	221.356	0	0
2020	220.725	0	0
2019	220.919	0	0
2018	221.113	0	0
2017	221.307	0	0
2016	221.502	0	0
2015	220.864	0	0
2014	221.06	0	0
2013	221.256	0	0
2012	221.453	0	0
2011	220.805	0	0
2010	221.003	0	0
2009	221.201	0	0
2008	221.4	0	0
2007	220.745	0	0
2006	220.944	0	0
2005	221.144	0	0
2004	221.344	0	0
2003	220.681	0	0
2002	220.883	0	0
2001	221.085	0	0
2000	221.288	0	0
1999	220.614	0	0
1998	220.818	0	0
1997	221.023	0	0
1996	221.227	0	0
1995	220.544	0	0
1994	220.75	0	0
1993	220.957	0	0
1992	221.163	0	0
1991	220.473	0	0
1990	220.681	0	0
1989	220.889	0	0
1988	221.097	0	0
1987	220.4	0	0
1986	220.61	0	0
1985	220.82	0	0
1984	220.114	0	0
1983	220.325	0	0
1982	220.537	0	0
1981	220.748	0	0
1980	220.037	0	0
1979	220.249	0	0
1978	220.463	0	0
1977	220.676	0	0
1976	219.96	0	0
1975	220.174	0	0
1974	220.388	0	0
1973	220.603	0	0
1972	219.883	0	0
1971	220.099	0	0
1970	220.315	0	0
1969	220.531	0	0
1968	219.808	0	0
1967	220.025	0	0
1966	220.242	0	0
1965	220.459	0	0
1964	219.735	0	0
1963	219.952	0	0
1962	220.17	0	0
1961	220.389	0	0
1960	219.664	0	0
1959	219.882	0	0
1958	220.101	0	0
1957	220.32	0	0
1956	219.595	0	0
1955	219.814	0	0
1954	220.034	0	0
1953	219.308	0	0
1952	219.528	0	0
1951	219.748	0	0
1950	219.969	0	0
1949	219.243	0	0
1948	219.464	0	0
1947	219.685	0	0
1946	219.906	0	0
1945	219.182	0	0
1944	219.403	0	0
1943	219.625	0	0
1942	219.847	0	0
1941	219.126	0	0
1940	219.347	0	0
1939	219.569	0	0
1938	219.791	0	0
1937	219.074	0	0
1936	219.295	0	0
1935	219.517	0	0
1934	218.804	0	0
1933	219.026	0	0
1932	219.248	0	0
1931	219.471	0	0
1930	218.76	0	0
1929	218.982	0	0
1928	219.205	0	0
1927	219.428	0	0
1926	218.721	0	0
1925	218.943	0	0
1924	219.166	0	0
1923	218.463	0	0
1922	218.686	0	0
1921	218.909	0	0
1920	219.132	0	0
1919	218.434	0	0
1918	218.656	0	0
1917	218.879	0	0
1916	219.102	0	0
1915	218.411	0	0
1914	218.633	0	0
1913	218.855	0	0
1912	218.176	0	0
1911	218.397	0	0
1910	218.618	0	0
1909	218.839	0	0
1908	218.172	0	0
1907	218.391	0	0
1906	218.61	0	0
1905	218.83	0	0
1904	218.175	0	0
1903	218.393	0	0
1902	218.612	0	0
1901	217.969	0	0
1900	218.186	0	0
1899	218.403	0	0
1898	218.621	0	0
1897	217.99	0	0
1896	218.206	0	0
1895	218.422	0	0
1894	218.638	0	0
1893	218.021	0	0
1892	218.235	0	0
1891	218.449	0	0
1890	217.847	0	0
1889	218.06	0	0
1888	218.273	0	0
1887	218.486	0	0
1886	217.897	0	0
1885	218.108	0	0
1884	218.319	0	0
1883	217.745	0	0
1882	217.955	0	0
1881	218.164	0	0
1880	218.375	0	0
1879	217.812	0	0
1878	218.021	0	0
1877	218.229	0	0
1876	217.68	0	0
1875	217.887	0	0
1874	218.094	0	0
1873	218.302	0	0
1872	217.763	0	0
1871	217.969	0	0
1870	218.176	0	0
1869	217.648	0	0
1868	217.853	0	0
1867	218.058	0	0
1866	218.264	0	0
1865	217.745	0	0
1864	217.95	0	0
1863	218.154	0	0
1862	217.647	0	0
1861	217.85	0	0
1860	218.053	0	0
1859	218.256	0	0
1858	217.76	0	0
1857	217.962	0	0
1856	218.163	0	0
1855	217.686	0	0
1854	217.884	0	0
1853	218.083	0	0
1852	218.283	0	0
1851	217.824	0	0
1850	218.02	0	0
1849	218.215	0	0
1848	217.781	0	0
1847	217.973	0	0
1846	218.166	0	0
1845	217.754	0	0
1844	217.944	0	0
1843	218.133	0	0
1842	218.323	0	0
1841	217.931	0	0
1840	218.117	0	0
1839	218.304	0	0
1838	217.939	0	0
1837	218.121	0	0
1836	218.303	0	0
1835	218.486	0	0
1834	218.142	0	0
1833	218.322	0	0
1832	218.501	0	0
1831	218.175	0	0
1830	218.353	0	0
1829	218.531	0	0
1828	218.218	0	0
1827	218.394	0	0
1826	218.571	0	0
1825	218.747	0	0
1824	218.445	0	0
1823	218.62	0	0
1822	218.795	0	0
1821	218.504	0	0
1820	218.678	0	0
1819	218.852	0	0
1818	218.569	0	0
1817	218.742	0	0
1816	218.916	0	0
1815	219.089	0	0
1814	216.468	0	0
1813	216.699	0	0
1812	216.931	0	0
1811	216.334	0	0
1810	216.563	0	0
1809	216.792	0	0
1808	216.214	0	0
1807	216.44	0	0
1806	216.667	0	0
1805	216.107	0	0
1804	216.331	0	0
1803	216.555	0	0
1802	216.78	0	0
1801	216.232	0	0
1800	216.455	0	0
1799	216.678	0	0
1798	216.143	0	0
1797	216.364	0	0
1796	216.586	0	0
1795	216.062	0	0
1794	216.282	0	0
1793	216.503	0	0
1792	215.991	0	0
1791	216.21	0	0
1790	216.428	0	0
1789	216.648	0	0
1788	216.149	0	0
1787	216.365	0	0
1786	216.582	0	0
1785	216.098	0	0
1784	216.313	0	0
1783	216.528	0	0
1782	216.059	0	0
1781	216.271	0	0
1780	216.484	0	0
1779	216.031	0	0
1778	216.241	0	0
1777	216.452	0	0
1776	216.015	0	0
1775	216.223	0	0
1774	216.431	0	0
1773	216.014	0	0
1772	216.218	0	0
1771	216.423	0	0
1770	216.023	0	0
1769	216.226	0	0
1768	216.428	0	0
1767	216.631	0	0
1766	216.243	0	0
1765	216.444	0	0
1764	216.645	0	0
1763	216.271	0	0
1762	216.47	0	0
1761	216.669	0	0
1760	216.304	0	0
1759	216.503	0	0
1758	216.701	0	0
1757	216.351	0	0
1756	216.546	0	0
1755	216.741	0	0
1754	216.41	0	0
1753	216.602	0	0
1752	216.795	0	0
1751	216.477	0	0
1750	216.668	0	0
1749	216.859	0	0
1748	216.55	0	0
1747	216.74	0	0
1746	216.931	0	0
1745	216.627	0	0
1744	216.817	0	0
1743	217.008	0	0
1742	216.706	0	0
1741	216.897	0	0
1740	217.088	0	0
1739	216.785	0	0
1738	216.977	0	0
1737	217.169	0	0
1736	216.865	0	0
1735	217.058	0	0
1734	217.251	0	0
1733	216.944	0	0
1732	217.138	0	0
1731	217.332	0	0
1730	217.022	0	0
1729	217.217	0	0
1728	217.414	0	0
1727	217.095	0	0
1726	217.293	0	0
1725	217.492	0	0
1724	217.161	0	0
1723	217.363	0	0
1722	217.565	0	0
1721	217.222	0	0
1720	217.427	0	0
1719	217.633	0	0
1718	217.277	0	0
1717	217.485	0	0
1716	217.694	0	0
1715	217.327	0	0
1714	217.538	0	0
1713	217.75	0	0
1712	217.372	0	0
1711	217.586	0	0
1710	217.801	0	0
1709	217.415	0	0
1708	217.631	0	0
1707	217.848	0	0
1706	217.454	0	0
1705	217.673	0	0
1704	217.892	0	0
1703	217.491	0	0
1702	217.712	0	0
1701	217.934	0	0
1700	217.521	0	0
1699	217.746	0	0
1698	217.972	0	0
1697	217.545	0	0
1696	217.774	0	0
1695	217.329	0	0
1694	217.562	0	0
1693	217.795	0	0
1692	217.325	0	0
1691	217.566	0	0
1690	217.806	0	0
1689	217.314	0	0
1688	217.558	0	0
1687	217.804	0	0
1686	217.298	0	0
1685	217.546	0	0
1684	217.794	0	0
1683	217.268	0	0
1682	217.524	0	0
1681	217.78	0	0
1680	217.221	0	0
1679	217.485	0	0
1678	216.885	0	0
1677	217.157	0	0
1676	217.43	0	0
1675	216.795	0	0
1674	217.077	0	0
1673	217.358	0	0
1672	216.688	0	0
1671	216.978	0	0
1670	217.269	0	0
1669	216.566	0	0
1668	216.864	0	0
1667	217.163	0	0
1666	216.43	0	0
1665	216.736	0	0
1664	215.968	0	0
1663	216.281	0	0
1662	216.594	0	0
1661	215.801	0	0
1660	216.121	0	0
1659	216.441	0	0
1658	215.623	0	0
1657	215.95	0	0
1656	216.277	0	0
1655	215.437	0	0
1654	215.769	0	0
1653	214.904	0	0
1652	215.242	0	0
1651	215.58	0	0
1650	214.696	0	0
1649	215.039	0	0
1648	215.383	0	0
1647	214.481	0	0
1646	214.83	0	0
1645	215.179	0	0
1644	214.258	0	0
1643	214.613	0	0
1642	213.669	0	0
1641	214.028	0	0
1640	214.389	0	0
1639	213.426	0	0
1638	213.791	0	0
1637	214.157	0	0
1636	213.174	0	0
1635	213.546	0	0
1634	212.535	0	0
1633	212.914	0	0
1632	213.293	0	0
1631	212.259	0	0
1630	212.644	0	0
1629	213.031	0	0
1628	211.969	0	0
1627	212.365	0	0
1626	211.259	0	0
1625	211.664	0	0
1624	212.07	0	0
1623	210.958	0	0
1622	211.359	0	0
1621	211.762	0	0
1620	210.662	0	0
1619	211.064	0	0
1618	209.956	0	0
1617	210.364	0	0
1616	210.773	0	0
1615	209.649	0	0
1614	210.061	0	0
1613	208.928	0	0
1612	209.342	0	0
1611	209.756	0	0
1610	208.619	0	0
1609	209.035	0	0
1608	209.452	0	0
1607	208.312	0	0
1606	208.73	0	0
1605	207.59	0	0
1604	208.008	0	0
1603	208.428	0	0
1602	207.291	0	0
1601	207.709	0	0
1600	206.579	0	0
1599	206.997	0	0
1598	207.415	0	0
1597	206.291	0	0
1596	206.709	0	0
1595	205.594	0	0
1594	206.01	0	0
1593	206.427	0	0
1592	205.32	0	0
1591	205.735	0	0
1590	204.642	0	0
1589	205.054	0	0
1588	205.468	0	0
1587	204.384	0	0
1586	204.796	0	0
1585	203.721	0	0
1584	204.131	0	0
1583	204.543	0	0
1582	203.475	0	0
1581	207.656	0	0
1580	206.622	0	0
1579	207.029	0	0
1578	207.437	0	0
1577	206.397	0	0
1576	206.807	0	0
1575	205.759	0	0
1574	206.172	0	0
1573	206.586	0	0
1572	205.532	0	0
1571	205.948	0	0
1570	204.888	0	0
1569	205.306	0	0
1568	205.725	0	0
1567	204.659	0	0
1566	205.081	0	0
1565	204.007	0	0
1564	204.431	0	0
1563	204.857	0	0
1562	203.775	0	0
1561	204.203	0	0
1560	203.113	0	0
1559	203.544	0	0
1558	203.976	0	0
1557	202.873	0	0
1556	203.312	0	0
1555	202.187	0	0
1554	202.63	0	0
1553	201.528	0	0
1552	201.96	0	0
1551	202.392	0	0
1550	201.317	0	0
1549	201.745	0	0
1548	200.675	0	0
1547	201.107	0	0
1546	201.539	0	0
1545	200.468	0	0
1544	200.899	0	0
1543	199.835	0	0
1542	200.266	0	0
1541	199.209	0	0
1540	199.638	0	0
1539	200.069	0	0
1538	199.018	0	0
1537	199.447	0	0
1536	198.409	0	0
1535	198.835	0	0
1534	197.813	0	0
1533	198.236	0	0
1532	198.66	0	0
1531	197.648	0	0
1530	198.069	0	0
1529	197.072	0	0
1528	197.491	0	0
1527	196.508	0	0
1526	196.924	0	0
1525	197.34	0	0
1524	196.369	0	0
1523	196.782	0	0
1522	195.826	0	0
1521	196.237	0	0
1520	195.294	0	0
1519	195.702	0	0
1518	196.11	0	0
1517	195.178	0	0
1516	195.584	0	0
1515	194.665	0	0
1514	195.068	0	0
1513	194.164	0	0
1512	194.564	0	0
1511	194.966	0	0
1510	194.07	0	0
1509	194.469	0	0
1508	193.585	0	0
1507	193.982	0	0
1506	193.108	0	0
1505	193.504	0	0
1504	192.636	0	0
1503	193.031	0	0
1502	193.427	0	0
1501	192.566	0	0
1500	192.96	0	0
1499	192.096	0	0
1498	192.496	0	0
1497	191.606	0	0
1496	192.015	0	0
1495	191.169	0	0
1494	191.553	0	0
1493	191.937	0	0
1492	191.163	0	0
1491	191.522	0	0
1490	190.8	0	0
1489	191.16	0	0
1488	190.444	0	0
1487	190.802	0	0
1486	190.103	0	0
1485	190.455	0	0
1484	190.809	0	0
1483	190.124	0	0
1482	190.474	0	0
1481	189.803	0	0
1480	190.15	0	0
1479	189.494	0	0
1478	189.837	0	0
1477	189.192	0	0
1476	189.534	0	0
1475	188.896	0	0
1474	189.237	0	0
1473	188.603	0	0
1472	188.944	0	0
1471	189.286	0	0
1470	188.654	0	0
1469	188.996	0	0
1468	188.368	0	0
1467	188.709	0	0
1466	188.085	0	0
1465	188.426	0	0
1464	187.805	0	0
1463	188.146	0	0
1462	187.526	0	0
1461	187.868	0	0
1460	187.245	0	0
1459	187.589	0	0
1458	186.958	0	0
1457	187.306	0	0
1456	187.655	0	0
1455	187.017	0	0
1454	187.37	0	0
1453	186.723	0	0
1452	187.079	0	0
1451	186.424	0	0
1450	186.784	0	0
1449	186.114	0	0
1448	186.48	0	0
1447	185.796	0	0
1446	186.166	0	0
1445	185.46	0	0
1444	185.841	0	0
1443	185.063	0	0
1442	185.478	0	0
1441	184.67	0	0
1440	185.077	0	0
1439	184.388	0	0
1438	184.739	0	0
1437	184.136	0	0
1436	184.48	0	0
1435	183.858	0	0
1434	184.218	0	0
1433	183.576	0	0
1432	183.938	0	0
1431	184.301	0	0
1430	183.655	0	0
1429	184.021	0	0
1428	183.363	0	0
1427	183.737	0	0
1426	183.06	0	0
1425	183.44	0	0
1424	182.745	0	0
1423	183.132	0	0
1422	182.42	0	0
1421	182.813	0	0
1420	182.083	0	0
1419	182.484	0	0
1418	181.734	0	0
1417	182.143	0	0
1416	181.37	0	0
1415	181.788	0	0
1414	180.993	0	0
1413	181.419	0	0
1412	180.602	0	0
1411	181.036	0	0
1410	180.199	0	0
1409	180.641	0	0
1408	179.785	0	0
1407	180.235	0	0
1406	179.359	0	0
1405	179.816	0	0
1404	178.921	0	0
1403	179.386	0	0
1402	178.47	0	0
1401	178.944	0	0
1400	178.007	0	0
1399	178.49	0	0
1398	177.528	0	0
1397	176.531	0	0
1396	177.034	0	0
1395	176.016	0	0
1394	176.526	0	0
1393	175.441	0	0
1392	175.986	0	0
1391	174.803	0	0
1390	175.385	0	0
1389	174.251	0	0
1388	174.782	0	0
1387	173.801	0	0
1386	174.276	0	0
1385	173.347	0	0
1384	173.836	0	0
1383	172.87	0	0
1382	173.375	0	0
1381	172.388	0	0
1380	172.895	0	0
1379	171.903	0	0
1378	172.415	0	0
1377	171.41	0	0
1376	171.929	0	0
1375	170.911	0	0
1374	171.436	0	0
1373	170.407	0	0
1372	169.362	0	0
1371	169.896	0	0
1370	168.841	0	0
1369	169.381	0	0
1368	168.315	0	0
1367	168.86	0	0
1366	167.786	0	0
1365	168.336	0	0
1364	167.253	0	0
1363	167.807	0	0
1362	166.717	0	0
1361	167.276	0	0
1360	166.178	0	0
1359	165.072	0	0
1358	165.637	0	0
1357	164.525	0	0
1356	165.094	0	0
1355	163.976	0	0
1354	164.549	0	0
1353	163.427	0	0
1352	164.003	0	0
1351	162.876	0	0
1350	163.456	0	0
1349	162.321	0	0
1348	161.18	0	0
1347	166.306	0	0
1346	165.308	0	0
1345	165.848	0	0
1344	164.836	0	0
1343	165.383	0	0
1342	164.359	0	0
1341	164.913	0	0
1340	163.875	0	0
1339	162.82	0	0
1338	163.386	0	0
1337	162.313	0	0
1336	162.89	0	0
1335	161.79	0	0
1334	162.382	0	0
1333	161.259	0	0
1332	161.858	0	0
1331	160.733	0	0
1330	159.667	0	0
1329	160.231	0	0
1328	159.228	0	0
1327	159.768	0	0
1326	158.794	0	0
1325	159.337	0	0
1324	158.355	0	0
1323	157.361	0	0
1322	157.913	0	0
1321	156.92	0	0
1320	157.473	0	0
1319	156.48	0	0
1318	157.035	0	0
1317	156.04	0	0
1316	155.044	0	0
1315	155.602	0	0
1314	154.606	0	0
1313	155.166	0	0
1312	154.17	0	0
1311	153.175	0	0
1310	153.736	0	0
1309	152.741	0	0
1308	153.304	0	0
1307	152.31	0	0
1306	152.874	0	0
1305	151.883	0	0
1304	150.895	0	0
1303	151.458	0	0
1302	150.474	0	0
1301	151.037	0	0
1300	150.057	0	0
1299	149.082	0	0
1298	149.644	0	0
1297	148.674	0	0
1296	149.235	0	0
1295	148.269	0	0
1294	147.309	0	0
1293	147.868	0	0
1292	146.912	0	0
1291	147.471	0	0
1290	146.516	0	0
1289	145.555	0	0
1288	146.12	0	0
1287	145.161	0	0
1286	145.724	0	0
1285	144.781	0	0
1284	143.896	0	0
1283	144.422	0	0
1282	143.581	0	0
1281	144.089	0	0
1280	143.272	0	0
1279	142.459	0	0
1278	142.966	0	0
1277	142.158	0	0
1276	142.662	0	0
1275	141.865	0	0
1274	141.084	0	0
1273	141.578	0	0
1272	140.808	0	0
1271	140.053	0	0
1270	140.538	0	0
1269	139.794	0	0
1268	140.275	0	0
1267	139.54	0	0
1266	138.819	0	0
1265	139.292	0	0
1264	138.58	0	0
1263	137.881	0	0
1262	138.347	0	0
1261	137.657	0	0
1260	138.119	0	0
1259	137.438	0	0
1258	136.77	0	0
1257	137.224	0	0
1256	136.565	0	0
1255	135.919	0	0
1254	136.365	0	0
1253	135.728	0	0
1252	136.171	0	0
1251	135.543	0	0
1250	134.931	0	0
1249	135.364	0	0
1248	134.761	0	0
1247	134.167	0	0
1246	134.595	0	0
1245	134.007	0	0
1244	133.43	0	0
1243	133.85	0	0
1242	133.287	0	0
1241	132.76	0	0
1240	133.155	0	0
1239	132.652	0	0
1238	132.172	0	0
1237	132.55	0	0
1236	132.078	0	0
1235	132.453	0	0
1234	131.989	0	0
1233	131.542	0	0
1232	131.906	0	0
1231	131.468	0	0
1230	131.042	0	0
1229	131.397	0	0
1228	130.979	0	0
1227	130.573	0	0
1226	130.92	0	0
1225	130.522	0	0
1224	130.137	0	0
1223	130.476	0	0
1222	130.098	0	0
1221	129.732	0	0
1220	130.063	0	0
1219	129.704	0	0
1218	129.357	0	0
1217	129.68	0	0
1216	129.34	0	0
1215	129.012	0	0
1214	128.694	0	0
1213	129.005	0	0
1212	128.694	0	0
1211	128.392	0	0
1210	128.696	0	0
1209	128.401	0	0
1208	128.116	0	0
1207	128.413	0	0
1206	128.133	0	0
1205	127.858	0	0
1204	128.151	0	0
1203	127.883	0	0
1202	127.629	0	0
1201	127.911	0	0
1200	127.668	0	0
1199	127.445	0	0
1198	127.234	0	0
1197	127.498	0	0
1196	127.291	0	0
1195	127.091	0	0
1194	127.349	0	0
1193	127.154	0	0
1192	126.965	0	0
1191	127.219	0	0
1190	127.035	0	0
1189	126.857	0	0
1188	126.685	0	0
1187	126.932	0	0
1186	126.764	0	0
1185	126.602	0	0
1184	126.844	0	0
1183	126.685	0	0
1182	126.53	0	0
1181	126.381	0	0
1180	126.618	0	0
1179	126.471	0	0
1178	126.328	0	0
1177	126.564	0	0
1176	126.423	0	0
1175	126.286	0	0
1174	126.153	0	0
1173	126.385	0	0
1172	126.254	0	0
1171	126.126	0	0
1170	125.999	0	0
1169	126.229	0	0
1168	126.102	0	0
1167	125.975	0	0
1166	126.207	0	0
1165	126.08	0	0
1164	125.956	0	0
1163	125.838	0	0
1162	126.065	0	0
1161	125.951	0	0
1160	125.84	0	0
1159	125.727	0	0
1158	125.954	0	0
1157	125.841	0	0
1156	125.726	0	0
1155	125.61	0	0
1154	125.841	0	0
1153	125.725	0	0
1152	125.607	0	0
1151	125.487	0	0
1150	125.722	0	0
1149	125.601	0	0
1148	125.477	0	0
1147	125.349	0	0
1146	125.591	0	0
1145	125.462	0	0
1144	125.328	0	0
1143	125.189	0	0
1142	125.044	0	0
1141	125.3	0	0
1140	125.153	0	0
1139	125.001	0	0
1138	124.845	0	0
1137	125.109	0	0
1136	124.952	0	0
1135	124.79	0	0
1134	124.622	0	0
1133	124.897	0	0
1132	124.726	0	0
1131	124.547	0	0
1130	124.361	0	0
1129	124.168	0	0
1128	124.462	0	0
1127	124.267	0	0
1126	124.067	0	0
1125	123.859	0	0
1124	123.643	0	0
1123	123.955	0	0
1122	123.736	0	0
1121	123.508	0	0
1120	123.271	0	0
1119	123.025	0	0
1118	123.36	0	0
1117	123.11	0	0
1116	122.851	0	0
1115	122.581	0	0
1114	115	0	0
1113	115.304	0	0
1112	115.091	0	0
1111	114.874	0	0
1110	114.65	0	0
1109	114.421	0	0
1108	114.741	0	0
1107	114.51	0	0
1106	114.272	0	0
1105	114.027	0	0
1104	113.774	0	0
1103	114.115	0	0
1102	113.86	0	0
1101	113.599	0	0
1100	113.329	0	0
1099	113.051	0	0
1098	112.766	0	0
1097	113.133	0	0
1096	112.847	0	0
1095	112.553	0	0
1094	112.252	0	0
1093	111.943	0	0
1092	111.626	0	0
1091	112.021	0	0
1090	111.701	0	0
1089	111.372	0	0
1088	111.035	0	0
1087	110.689	0	0
1086	110.336	0	0
1085	109.974	0	0
1084	110.407	0	0
1083	110.044	0	0
1082	109.674	0	0
1081	109.295	0	0
1080	108.907	0	0
1079	108.51	0	0
1078	108.104	0	0
1077	108.577	0	0
1076	108.168	0	0
1075	107.751	0	0
1074	107.325	0	0
1073	106.89	0	0
1072	106.447	0	0
1071	105.994	0	0
1070	106.51	0	0
1069	106.056	0	0
1068	105.593	0	0
1067	105.121	0	0
1066	104.641	0	0
1065	104.155	0	0
1064	103.66	0	0
1063	103.157	0	0
1062	102.647	0	0
1061	103.218	0	0
1060	102.707	0	0
1059	102.188	0	0
1058	101.662	0	0
1057	101.128	0	0
1056	100.586	0	0
1055	100.037	0	0
1054	99.4821	0	0
1053	98.9209	0	0
1052	99.5441	0	0
1051	98.9826	0	0
1050	98.4149	0	0
1049	97.8407	0	0
1048	97.2604	0	0
1047	96.6745	0	0
1046	96.0832	0	0
1045	95.4859	0	0
1044	94.882	0	0
1043	94.271	0	0
1042	93.6532	0	0
1041	93.0299	0	0
1040	93.7214	0	0
1039	93.0985	0	0
1038	92.4722	0	0
1037	91.8446	0	0
1036	91.2161	0	0
1035	90.5861	0	0
1034	89.9536	0	0
1033	89.3178	0	0
1032	88.6782	0	0
1031	88.0348	0	0
1030	87.3882	0	0
1029	86.7393	0	0
1028	86.0883	0	0
1027	85.4352	0	0
1026	84.78	0	0
1025	84.123	0	0
1024	83.4645	0	0
1023	84.2128	0	0
1022	83.5557	0	0
1021	82.8977	0	0
1020	82.2388	0	0
1019	81.5793	0	0
1018	80.9196	0	0
1017	80.2596	0	0
1016	79.5995	0	0
1015	78.9393	0	0
1014	78.2797	0	0
1013	77.6212	0	0
1012	76.9642	0	0
1011	76.309	0	0
1010	75.655	0	0
1009	75.0017	0	0
1008	74.3493	0	0
1007	73.6983	0	0
1006	73.049	0	0
1005	72.4015	0	0
1004	71.7559	0	0
1003	71.1123	0	0
1002	70.4706	0	0
1001	69.831	0	0
1000	69.1936	0	0
999	68.5586	0	0
998	67.9258	0	0
997	67.2956	0	0
996	66.6682	0	0
995	66.0438	0	0
994	65.4226	0	0
993	64.8047	0	0
992	64.1903	0	0
991	63.5795	0	0
990	62.9723	0	0
989	62.3689	0	0
988	61.7693	0	0
987	61.1737	0	0
986	60.5824	0	0
985	59.9954	0	0
984	59.4125	0	0
983	58.8334	0	0
982	58.2581	0	0
981	57.6862	0	0
980	57.118	0	0
979	56.5536	0	0
978	55.9936	0	0
977	54.1765	0	0
976	53.6347	0	0
975	53.0956	0	0
974	52.5583	0	0
973	52.0219	0	0
972	51.4873	0	0
971	50.9565	0	0
970	50.4315	0	0
969	49.9142	0	0
968	49.4057	0	0
967	48.9056	0	0
966	48.4129	0	0
965	47.9262	0	0
964	47.4444	0	0
963	46.9663	0	0
962	45.3735	0	0
961	44.9113	0	0
960	44.4541	0	0
959	44.0017	0	0
958	43.554	0	0
957	43.111	0	0
956	42.6726	0	0
955	42.2386	0	0
954	41.8091	0	0
953	41.384	0	0
952	40.9634	0	0
951	39.5421	0	0
950	39.1392	0	0
949	38.7406	0	0
948	38.3465	0	0
947	37.9567	0	0
946	37.5714	0	0
945	37.1905	0	0
944	36.8139	0	0
943	36.4417	0	0
942	35.1633	0	0
941	34.8079	0	0
940	34.4568	0	0
939	34.1097	0	0
938	33.7667	0	0
937	33.4277	0	0
936	33.0925	0	0
935	-nan	0	0
934	-nan	0	0
933	-nan	0	0
932	-nan	0	0
931	-nan	0	0
930	-nan	0	0
929	-nan	0	0
928	-951474	0	0
927	-932250	0	0
926	-912969	0	0
925	-893633	0	0
924	-874241	0	0
923	-854793	0	0
922	-835288	0	0
921	-815727	0	0
920	-796109	0	0
919	-776435	0	0
918	-756703	0	0
917	-736914	0	0
916	-717068	0	0
915	-697164	0	0
914	-677202	0	0
913	-657182	0	0
912	-637104	0	0
911	-616967	0	0
910	-596772	0	0
909	-576518	0	0
908	-556204	0	0
907	-535832	0	0
906	-515400	0	0
905	-494908	0	0
904	-474356	0	0
903	-453745	0	0
902	-433073	0	0
901	-412340	0	0
900	-391547	0	0
899	-370693	0	0
898	-349777	0	0
897	-328800	0	0
896	-307762	0	0
895	-286662	0	0
894	-265500	0	0
893	-244275	0	0
892	-222988	0	0
891	-201639	0	0
890	-180226	0	0
889	-158751	0	0
888	-137212	0	0
887	-115609	0	0
886	-93942.8	0	0
885	-72212.4	0	0
884	-50417.8	0	0
883	-28558.7	0	0
882	-6634.92	0	0
881	-5.2858e+06	0	0
880	-5.27087e+06	0	0
879	-5.25589e+06	0	0
878	-5.24086e+06	0	0
877	-5.22579e+06	0	0
876	-5.21066e+06	0	0
875	-5.19548e+06	0	0
874	-5.18026e+06	0	0
873	-5.16498e+06	0	0
872	-5.14966e+06	0	0
871	-5.13428e+06	0	0
870	-5.11886e+06	0	0
869	-5.10338e+06	0	0
868	-5.08785e+06	0	0
867	-5.07227e+06	0	0
866	-5.05664e+06	0	0
865	-5.04096e+06	0	0
864	-5.02523e+06	0	0
863	-5.00944e+06	0	0
862	-4.99361e+06	0	0
861	-4.97772e+06	0	0
860	-4.96178e+06	0	0
859	-4.94579e+06	0	0
858	-4.92974e+06	0	0
857	-4.91364e+06	0	0
856	-4.89749e+06	0	0
855	-4.88128e+06	0	0
854	-4.86502e+06	0	0
853	-4.84871e+06	0	0
852	-4.83235e+06	0	0
851	-4.81593e+06	0	0
850	-4.79945e+06	0	0
849	-4.78292e+06	0	0
848	-4.76634e+06	0	0
847	-4.7497e+06	0	0
846	-4.73301e+06	0	0
845	-4.71626e+06	0	0
844	-4.69945e+06	0	0
843	-4.68259e+06	0	0
842	-4.66567e+06	0	0
841	-4.6487e+06	0	0
840	-4.63167e+06	0	0
839	-4.61459e+06	0	0
838	-4.59745e+06	0	0
837	-4.58025e+06	0	0
836	-4.56299e+06	0	0
835	-4.54568e+06	0	0
834	-4.52831e+06	0	0
833	-4.51088e+06	0	0
832	-4.49339e+06	0	0
831	-4.47584e+06	0	0
830	-4.45824e+06	0	0
829	-4.44058e+06	0	0
828	-4.42286e+06	0	0
827	-4.40508e+06	0	0
826	-4.38723e+06	0	0
825	-4.36934e+06	0	0
824	-4.35138e+06	0	0
823	-4.33336e+06	0	0
822	-4.31528e+06	0	0
821	-4.29713e+06	0	0
820	-4.27893e+06	0	0
819	-4.26067e+06	0	0
818	-4.24235e+06	0	0
817	-4.22396e+06	0	0
816	-4.20551e+06	0	0
815	-4.18701e+06	0	0
