5379	-nan	0	0
5378	-nan	0	0
5377	-nan	0	0
5376	-nan	0	0
5375	-nan	0	0
5374	-nan	0	0
5373	-nan	0	0
5372	-nan	0	0
5371	-nan	0	0
5370	-nan	0	0
5369	-nan	0	0
5368	-nan	0	0
5367	-nan	0	0
5366	-nan	0	0
5365	-nan	0	0
5364	-nan	0	0
5363	-nan	0	0
5362	-nan	0	0
5361	-nan	0	0
5360	-nan	0	0
5359	-nan	0	0
5358	-nan	0	0
5357	-nan	0	0
5356	-nan	0	0
5355	-nan	0	0
5354	-nan	0	0
5353	-nan	0	0
5352	-nan	0	0
5351	-nan	0	0
5350	-nan	0	0
5349	-nan	0	0
5348	-nan	0	0
5347	-nan	0	0
5346	-nan	0	0
5345	-nan	0	0
5344	-nan	0	0
5343	-nan	0	0
5342	-nan	0	0
5341	-nan	0	0
5340	-nan	0	0
5339	-nan	0	0
5338	-nan	0	0
5337	-nan	0	0
5336	-nan	0	0
5335	-nan	0	0
5334	-nan	0	0
5333	-nan	0	0
5332	-nan	0	0
5331	-nan	0	0
5330	-nan	0	0
5329	-nan	0	0
5328	-nan	0	0
5327	-nan	0	0
5326	-nan	0	0
5325	-nan	0	0
5324	-nan	0	0
5323	-nan	0	0
5322	-nan	0	0
5321	-nan	0	0
5320	-nan	0	0
5319	-nan	0	0
5318	-nan	0	0
5317	-nan	0	0
5316	-nan	0	0
5315	-nan	0	0
5314	-nan	0	0
5313	-nan	0	0
5312	-nan	0	0
5311	-nan	0	0
5310	-nan	0	0
5309	-nan	0	0
5308	-nan	0	0
5307	-nan	0	0
5306	-nan	0	0
5305	-nan	0	0
5304	-nan	0	0
5303	-nan	0	0
5302	-nan	0	0
5301	-nan	0	0
5300	-nan	0	0
5299	-nan	0	0
5298	-nan	0	0
5297	-nan	0	0
5296	-nan	0	0
5295	-nan	0	0
5294	-nan	0	0
5293	-nan	0	0
5292	-nan	0	0
5291	-nan	0	0
5290	-nan	0	0
5289	-nan	0	0
5288	-nan	0	0
5287	-nan	0	0
5286	-nan	0	0
5285	-nan	0	0
5284	-nan	0	0
5283	-nan	0	0
5282	-nan	0	0
5281	-nan	0	0
5280	-nan	0	0
5279	-nan	0	0
5278	-nan	0	0
5277	-nan	0	0
5276	-nan	0	0
5275	-nan	0	0
5274	-nan	0	0
5273	-nan	0	0
5272	-nan	0	0
5271	-nan	0	0
5270	-nan	0	0
5269	-nan	0	0
5268	-nan	0	0
5267	-nan	0	0
5266	-nan	0	0
5265	-nan	0	0
5264	-nan	0	0
5263	-nan	0	0
5262	-nan	0	0
5261	-nan	0	0
5260	-nan	0	0
5259	-nan	0	0
5258	-nan	0	0
5257	-nan	0	0
5256	-nan	0	0
5255	-nan	0	0
5254	-nan	0	0
5253	-nan	0	0
5252	-nan	0	0
5251	-nan	0	0
5250	-nan	0	0
5249	-nan	0	0
5248	-nan	0	0
5247	-nan	0	0
5246	-nan	0	0
5245	-nan	0	0
5244	-nan	0	0
5243	-nan	0	0
5242	-nan	0	0
5241	-nan	0	0
5240	-nan	0	0
5239	-nan	0	0
5238	-nan	0	0
5237	-nan	0	0
5236	-nan	0	0
5235	-nan	0	0
5234	-nan	0	0
5233	-nan	0	0
5232	-nan	0	0
5231	-nan	0	0
5230	-nan	0	0
5229	-nan	0	0
5228	-nan	0	0
5227	-nan	0	0
5226	-nan	0	0
5225	-nan	0	0
5224	-nan	0	0
5223	-nan	0	0
5222	-nan	0	0
5221	-nan	0	0
5220	-nan	0	0
5219	-nan	0	0
5218	-nan	0	0
5217	-nan	0	0
5216	-nan	0	0
5215	-nan	0	0
5214	-nan	0	0
5213	-nan	0	0
5212	-nan	0	0
5211	-nan	0	0
5210	-nan	0	0
5209	-nan	0	0
5208	-nan	0	0
5207	-nan	0	0
5206	-nan	0	0
5205	-nan	0	0
5204	-nan	0	0
5203	-nan	0	0
5202	-nan	0	0
5201	-nan	0	0
5200	-nan	0	0
5199	-nan	0	0
5198	-nan	0	0
5197	-nan	0	0
5196	-nan	0	0
5195	-nan	0	0
5194	-nan	0	0
5193	-nan	0	0
5192	-nan	0	0
5191	-nan	0	0
5190	253.634	0	0
5189	254.61	0	0
5188	255.585	0	0
5187	256.561	0	0
5186	257.538	0	0
5185	258.514	0	0
5184	259.491	0	0
5183	260.469	0	0
5182	261.447	0	0
5181	262.425	0	0
5180	263.404	0	0
5179	264.383	0	0
5178	265.362	0	0
5177	234.08	0	0
5176	234.926	0	0
5175	235.773	0	0
5174	236.62	0	0
5173	237.468	0	0
5172	238.316	0	0
5171	239.164	0	0
5170	240.012	0	0
5169	240.861	0	0
5168	241.71	0	0
5167	242.56	0	0
5166	243.41	0	0
5165	244.26	0	0
5164	245.11	0	0
5163	245.961	0	0
5162	246.812	0	0
5161	247.663	0	0
5160	248.515	0	0
5159	221.287	0	0
5158	222.036	0	0
5157	222.784	0	0
5156	223.533	0	0
5155	224.282	0	0
5154	225.031	0	0
5153	225.781	0	0
5152	226.53	0	0
5151	227.281	0	0
5150	228.031	0	0
5149	228.782	0	0
5148	229.533	0	0
5147	230.284	0	0
5146	231.036	0	0
5145	231.787	0	0
5144	232.54	0	0
5143	233.292	0	0
5142	234.045	0	0
5141	210.109	0	0
5140	210.772	0	0
5139	211.435	0	0
5138	212.099	0	0
5137	212.762	0	0
5136	213.426	0	0
5135	214.09	0	0
5134	214.755	0	0
5133	215.419	0	0
5132	216.084	0	0
5131	216.749	0	0
5130	217.414	0	0
5129	218.08	0	0
5128	218.746	0	0
5127	219.412	0	0
5126	220.078	0	0
5125	220.745	0	0
5124	199.725	0	0
5123	200.314	0	0
5122	200.902	0	0
5121	201.491	0	0
5120	202.08	0	0
5119	202.67	0	0
5118	203.259	0	0
5117	203.849	0	0
5116	204.439	0	0
5115	205.029	0	0
5114	205.619	0	0
5113	206.21	0	0
5112	206.801	0	0
5111	207.392	0	0
5110	207.983	0	0
5109	208.575	0	0
5108	209.167	0	0
5107	190.64	0	0
5106	191.165	0	0
5105	191.69	0	0
5104	192.215	0	0
5103	192.74	0	0
5102	193.265	0	0
5101	193.791	0	0
5100	194.317	0	0
5099	194.843	0	0
5098	195.369	0	0
5097	195.895	0	0
5096	196.422	0	0
5095	196.949	0	0
5094	197.476	0	0
5093	198.003	0	0
5092	198.53	0	0
5091	199.058	0	0
5090	199.586	0	0
5089	183.097	0	0
5088	183.568	0	0
5087	184.04	0	0
5086	184.511	0	0
5085	184.983	0	0
5084	185.456	0	0
5083	185.928	0	0
5082	186.401	0	0
5081	186.873	0	0
5080	187.346	0	0
5079	187.819	0	0
5078	188.293	0	0
5077	188.766	0	0
5076	189.24	0	0
5075	189.714	0	0
5074	190.188	0	0
5073	190.662	0	0
5072	175.934	0	0
5071	176.36	0	0
5070	176.787	0	0
5069	177.213	0	0
5068	177.639	0	0
5067	178.066	0	0
5066	178.493	0	0
5065	178.92	0	0
5064	179.347	0	0
5063	179.775	0	0
5062	180.202	0	0
5061	180.63	0	0
5060	181.058	0	0
5059	181.486	0	0
5058	181.914	0	0
5057	182.342	0	0
5056	182.771	0	0
5055	169.53	0	0
5054	169.918	0	0
5053	170.306	0	0
5052	170.694	0	0
5051	171.082	0	0
5050	171.47	0	0
5049	171.858	0	0
5048	172.247	0	0
5047	172.635	0	0
5046	173.024	0	0
5045	173.413	0	0
5044	173.802	0	0
5043	174.191	0	0
5042	174.581	0	0
5041	174.97	0	0
5040	175.36	0	0
5039	175.75	0	0
5038	163.775	0	0
5037	164.129	0	0
5036	164.484	0	0
5035	164.838	0	0
5034	165.193	0	0
5033	165.547	0	0
5032	165.902	0	0
5031	166.257	0	0
5030	166.613	0	0
5029	166.968	0	0
5028	167.323	0	0
5027	167.679	0	0
5026	168.035	0	0
5025	168.391	0	0
5024	168.747	0	0
5023	169.103	0	0
5022	158.247	0	0
5021	158.572	0	0
5020	158.897	0	0
5019	159.223	0	0
5018	159.549	0	0
5017	159.875	0	0
5016	160.201	0	0
5015	160.527	0	0
5014	160.853	0	0
5013	161.18	0	0
5012	161.506	0	0
5011	161.833	0	0
5010	162.16	0	0
5009	162.487	0	0
5008	162.814	0	0
5007	163.141	0	0
5006	163.468	0	0
5005	153.55	0	0
5004	153.85	0	0
5003	154.151	0	0
5002	154.451	0	0
5001	154.751	0	0
5000	188.306	0	0
4999	188.665	0	0
4998	189.023	0	0
4997	189.382	0	0
4996	189.74	0	0
4995	190.099	0	0
4994	190.458	0	0
4993	190.817	0	0
4992	191.177	0	0
4991	191.536	0	0
4990	191.896	0	0
4989	181.085	0	0
4988	181.417	0	0
4987	181.748	0	0
4986	182.08	0	0
4985	182.412	0	0
4984	182.745	0	0
4983	183.077	0	0
4982	183.409	0	0
4981	183.742	0	0
4980	184.074	0	0
4979	184.407	0	0
4978	184.74	0	0
4977	185.073	0	0
4976	185.406	0	0
4975	185.74	0	0
4974	186.073	0	0
4973	186.407	0	0
4972	176.435	0	0
4971	176.743	0	0
4970	177.052	0	0
4969	177.361	0	0
4968	177.67	0	0
4967	177.98	0	0
4966	178.289	0	0
4965	178.598	0	0
4964	178.908	0	0
4963	179.218	0	0
4962	179.527	0	0
4961	179.837	0	0
4960	180.147	0	0
4959	180.458	0	0
4958	180.768	0	0
4957	181.078	0	0
4956	171.866	0	0
4955	172.155	0	0
4954	172.444	0	0
4953	172.732	0	0
4952	173.021	0	0
4951	173.31	0	0
4950	173.599	0	0
4949	173.888	0	0
4948	174.178	0	0
4947	174.467	0	0
4946	174.757	0	0
4945	175.046	0	0
4944	175.336	0	0
4943	175.626	0	0
4942	175.916	0	0
4941	176.206	0	0
4940	167.664	0	0
4939	167.934	0	0
4938	168.205	0	0
4937	168.476	0	0
4936	168.746	0	0
4935	169.017	0	0
4934	169.288	0	0
4933	169.559	0	0
4932	169.83	0	0
4931	170.101	0	0
4930	170.373	0	0
4929	170.644	0	0
4928	170.916	0	0
4927	171.187	0	0
4926	171.459	0	0
4925	171.731	0	0
4924	172.003	0	0
4923	164.042	0	0
4922	164.296	0	0
4921	164.55	0	0
4920	164.805	0	0
4919	165.059	0	0
4918	165.314	0	0
4917	165.568	0	0
4916	165.823	0	0
4915	166.078	0	0
4914	166.333	0	0
4913	166.588	0	0
4912	166.843	0	0
4911	167.098	0	0
4910	167.353	0	0
4909	167.609	0	0
4908	167.864	0	0
4907	160.439	0	0
4906	160.678	0	0
4905	160.918	0	0
4904	161.158	0	0
4903	161.398	0	0
4902	161.638	0	0
4901	161.878	0	0
4900	162.118	0	0
4899	162.358	0	0
4898	162.598	0	0
4897	162.839	0	0
4896	163.079	0	0
4895	163.32	0	0
4894	163.561	0	0
4893	163.801	0	0
4892	156.869	0	0
4891	157.096	0	0
4890	157.322	0	0
4889	157.548	0	0
4888	157.775	0	0
4887	158.002	0	0
4886	158.228	0	0
4885	158.455	0	0
4884	158.682	0	0
4883	158.909	0	0
4882	159.136	0	0
4881	159.363	0	0
4880	159.59	0	0
4879	159.818	0	0
4878	160.045	0	0
4877	160.272	0	0
4876	153.773	0	0
4875	153.988	0	0
4874	154.202	0	0
4873	154.416	0	0
4872	154.631	0	0
4871	154.845	0	0
4870	155.06	0	0
4869	155.274	0	0
4868	155.489	0	0
4867	155.704	0	0
4866	155.919	0	0
4865	156.134	0	0
4864	156.349	0	0
4863	156.564	0	0
4862	156.779	0	0
4861	156.995	0	0
4860	150.885	0	0
4859	151.088	0	0
4858	151.292	0	0
4857	151.495	0	0
4856	151.699	0	0
4855	151.903	0	0
4854	152.106	0	0
4853	152.31	0	0
4852	152.514	0	0
4851	152.718	0	0
4850	152.922	0	0
4849	153.127	0	0
4848	153.331	0	0
4847	153.535	0	0
4846	153.74	0	0
4845	153.944	0	0
4844	148.187	0	0
4843	148.38	0	0
4842	148.574	0	0
4841	148.767	0	0
4840	148.961	0	0
4839	149.155	0	0
4838	149.348	0	0
4837	149.542	0	0
4836	149.736	0	0
4835	149.93	0	0
4834	150.124	0	0
4833	150.318	0	0
4832	150.513	0	0
4831	150.707	0	0
4830	150.901	0	0
4829	145.479	0	0
4828	145.663	0	0
4827	145.848	0	0
4826	146.032	0	0
4825	146.216	0	0
4824	146.4	0	0
4823	146.585	0	0
4822	146.769	0	0
4821	146.954	0	0
4820	147.139	0	0
4819	147.323	0	0
4818	147.508	0	0
4817	147.693	0	0
4816	147.878	0	0
4815	148.063	0	0
4814	142.947	0	0
4813	143.123	0	0
4812	143.299	0	0
4811	143.474	0	0
4810	161.515	0	0
4809	161.709	0	0
4808	161.904	0	0
4807	162.099	0	0
4806	162.294	0	0
4805	162.489	0	0
4804	162.683	0	0
4803	162.879	0	0
4802	163.074	0	0
4801	163.269	0	0
4800	163.464	0	0
4799	163.659	0	0
4798	158.301	0	0
4797	158.487	0	0
4796	158.673	0	0
4795	158.859	0	0
4794	159.045	0	0
4793	159.232	0	0
4792	159.418	0	0
4791	159.604	0	0
4790	159.791	0	0
4789	159.977	0	0
4788	160.164	0	0
4787	160.35	0	0
4786	160.537	0	0
4785	160.724	0	0
4784	160.911	0	0
4783	155.83	0	0
4782	156.008	0	0
4781	156.187	0	0
4780	156.365	0	0
4779	156.543	0	0
4778	156.722	0	0
4777	156.9	0	0
4776	157.079	0	0
4775	157.257	0	0
4774	157.436	0	0
4773	157.615	0	0
4772	157.793	0	0
4771	157.972	0	0
4770	158.151	0	0
4769	158.33	0	0
4768	153.504	0	0
4767	153.675	0	0
4766	153.846	0	0
4765	154.017	0	0
4764	154.189	0	0
4763	154.36	0	0
4762	154.531	0	0
4761	154.703	0	0
4760	154.874	0	0
4759	155.046	0	0
4758	155.217	0	0
4757	155.389	0	0
4756	155.561	0	0
4755	155.732	0	0
4754	155.904	0	0
4753	151.311	0	0
4752	151.476	0	0
4751	151.64	0	0
4750	151.805	0	0
4749	151.969	0	0
4748	152.134	0	0
4747	152.299	0	0
4746	152.463	0	0
4745	152.628	0	0
4744	152.793	0	0
4743	152.958	0	0
4742	153.123	0	0
4741	153.288	0	0
4740	153.453	0	0
4739	153.619	0	0
4738	149.242	0	0
4737	149.4	0	0
4736	149.558	0	0
4735	149.717	0	0
4734	149.875	0	0
4733	150.034	0	0
4732	150.192	0	0
4731	150.351	0	0
4730	150.509	0	0
4729	150.668	0	0
4728	150.827	0	0
4727	150.985	0	0
4726	151.144	0	0
4725	151.303	0	0
4724	151.462	0	0
4723	147.287	0	0
4722	147.439	0	0
4721	147.592	0	0
4720	147.744	0	0
4719	147.897	0	0
4718	148.05	0	0
4717	148.202	0	0
4716	148.355	0	0
4715	148.508	0	0
4714	148.661	0	0
4713	148.814	0	0
4712	148.967	0	0
4711	149.12	0	0
4710	149.273	0	0
4709	145.289	0	0
4708	145.436	0	0
4707	145.583	0	0
4706	145.73	0	0
4705	145.877	0	0
4704	146.025	0	0
4703	146.172	0	0
4702	146.32	0	0
4701	146.467	0	0
4700	146.615	0	0
4699	146.762	0	0
4698	146.91	0	0
4697	147.058	0	0
4696	147.206	0	0
4695	147.353	0	0
4694	143.541	0	0
4693	143.683	0	0
4692	143.825	0	0
4691	143.967	0	0
4690	144.11	0	0
4689	144.252	0	0
4688	144.394	0	0
4687	144.537	0	0
4686	144.679	0	0
4685	144.822	0	0
4684	144.964	0	0
4683	145.107	0	0
4682	145.249	0	0
4681	145.392	0	0
4680	145.535	0	0
4679	141.884	0	0
4678	142.022	0	0
4677	142.159	0	0
4676	142.296	0	0
4675	142.434	0	0
4674	142.572	0	0
4673	142.709	0	0
4672	142.847	0	0
4671	142.985	0	0
4670	143.123	0	0
4669	143.26	0	0
4668	143.398	0	0
4667	143.536	0	0
4666	143.674	0	0
4665	140.181	0	0
4664	140.313	0	0
4663	140.446	0	0
4662	140.579	0	0
4661	140.712	0	0
4660	140.845	0	0
4659	140.978	0	0
4658	141.111	0	0
4657	141.245	0	0
4656	141.378	0	0
4655	141.511	0	0
4654	141.644	0	0
4653	141.778	0	0
4652	141.911	0	0
4651	138.563	0	0
4650	138.692	0	0
4649	138.821	0	0
4648	138.95	0	0
4647	139.079	0	0
4646	139.207	0	0
4645	139.336	0	0
4644	139.465	0	0
4643	139.595	0	0
4642	139.724	0	0
4641	139.853	0	0
4640	139.982	0	0
4639	140.111	0	0
4638	140.241	0	0
4637	140.37	0	0
4636	137.15	0	0
4635	137.275	0	0
4634	137.4	0	0
4633	137.525	0	0
4632	137.651	0	0
4631	137.776	0	0
4630	137.901	0	0
4629	138.026	0	0
4628	138.152	0	0
4627	138.277	0	0
4626	138.402	0	0
4625	138.528	0	0
4624	138.654	0	0
4623	138.779	0	0
4622	135.682	0	0
4621	135.804	0	0
4620	147.033	0	0
4619	147.162	0	0
4618	147.292	0	0
4617	147.421	0	0
4616	147.551	0	0
4615	147.681	0	0
4614	147.811	0	0
4613	147.94	0	0
4612	148.07	0	0
4611	148.2	0	0
4610	148.33	0	0
4609	148.46	0	0
4608	145.29	0	0
4607	145.416	0	0
4606	145.542	0	0
4605	145.668	0	0
4604	145.794	0	0
4603	145.92	0	0
4602	146.046	0	0
4601	146.172	0	0
4600	146.298	0	0
4599	146.424	0	0
4598	146.551	0	0
4597	146.677	0	0
4596	146.803	0	0
4595	146.93	0	0
4594	143.877	0	0
4593	144	0	0
4592	144.122	0	0
4591	144.245	0	0
4590	144.367	0	0
4589	144.49	0	0
4588	144.612	0	0
4587	144.735	0	0
4586	144.858	0	0
4585	144.981	0	0
4584	145.103	0	0
4583	145.226	0	0
4582	145.349	0	0
4581	145.472	0	0
4580	142.53	0	0
4579	142.65	0	0
4578	142.769	0	0
4577	142.888	0	0
4576	143.007	0	0
4575	143.127	0	0
4574	143.246	0	0
4573	143.366	0	0
4572	143.485	0	0
4571	143.605	0	0
4570	143.724	0	0
4569	143.844	0	0
4568	143.964	0	0
4567	144.083	0	0
4566	141.244	0	0
4565	141.36	0	0
4564	141.476	0	0
4563	141.593	0	0
4562	141.709	0	0
4561	141.826	0	0
4560	141.942	0	0
4559	142.059	0	0
4558	142.175	0	0
4557	142.292	0	0
4556	142.409	0	0
4555	142.525	0	0
4554	142.642	0	0
4553	142.759	0	0
4552	140.017	0	0
4551	140.13	0	0
4550	140.243	0	0
4549	140.357	0	0
4548	140.47	0	0
4547	140.584	0	0
4546	140.697	0	0
4545	140.811	0	0
4544	140.925	0	0
4543	141.038	0	0
4542	141.152	0	0
4541	141.266	0	0
4540	141.38	0	0
4539	138.735	0	0
4538	138.845	0	0
4537	138.956	0	0
4536	139.066	0	0
4535	139.177	0	0
4534	139.288	0	0
4533	139.398	0	0
4532	139.509	0	0
4531	139.62	0	0
4530	139.731	0	0
4529	139.842	0	0
4528	139.953	0	0
4527	140.064	0	0
4526	140.175	0	0
4525	137.618	0	0
4524	137.726	0	0
4523	137.834	0	0
4522	137.942	0	0
4521	138.05	0	0
4520	138.158	0	0
4519	138.266	0	0
4518	138.374	0	0
4517	138.483	0	0
4516	138.591	0	0
4515	138.699	0	0
4514	138.807	0	0
4513	138.916	0	0
4512	136.445	0	0
4511	136.55	0	0
4510	136.656	0	0
4509	136.761	0	0
4508	136.867	0	0
4507	136.973	0	0
4506	137.078	0	0
4505	137.184	0	0
4504	137.29	0	0
4503	137.395	0	0
4502	137.501	0	0
4501	137.607	0	0
4500	137.713	0	0
4499	137.819	0	0
4498	135.426	0	0
4497	135.529	0	0
4496	135.633	0	0
4495	135.736	0	0
4494	135.839	0	0
4493	135.942	0	0
4492	136.045	0	0
4491	136.149	0	0
4490	136.252	0	0
4489	136.356	0	0
4488	136.459	0	0
4487	136.563	0	0
4486	136.666	0	0
4485	134.35	0	0
4484	134.451	0	0
4483	134.552	0	0
4482	134.653	0	0
4481	134.754	0	0
4480	134.855	0	0
4479	134.956	0	0
4478	135.057	0	0
4477	135.158	0	0
4476	135.26	0	0
4475	135.361	0	0
4474	135.462	0	0
4473	135.564	0	0
4472	135.665	0	0
4471	133.417	0	0
4470	133.516	0	0
4469	133.615	0	0
4468	133.714	0	0
4467	133.813	0	0
4466	133.912	0	0
4465	134.011	0	0
4464	134.11	0	0
4463	134.209	0	0
4462	134.309	0	0
4461	134.408	0	0
4460	134.507	0	0
4459	134.607	0	0
4458	132.426	0	0
4457	132.523	0	0
4456	132.62	0	0
4455	132.717	0	0
4454	132.814	0	0
4453	132.911	0	0
4452	133.008	0	0
4451	133.105	0	0
4450	133.202	0	0
4449	133.3	0	0
4448	133.397	0	0
4447	133.494	0	0
4446	133.591	0	0
4445	131.479	0	0
4444	131.573	0	0
4443	131.668	0	0
4442	131.763	0	0
4441	131.858	0	0
4440	131.953	0	0
4439	132.048	0	0
4438	132.143	0	0
4437	132.238	0	0
4436	132.333	0	0
4435	132.429	0	0
4434	132.524	0	0
4433	132.619	0	0
4432	130.57	0	0
4431	130.663	0	0
4430	138.294	0	0
4429	138.391	0	0
4428	138.489	0	0
4427	138.586	0	0
4426	138.684	0	0
4425	138.781	0	0
4424	138.879	0	0
4423	138.977	0	0
4422	139.074	0	0
4421	139.172	0	0
4420	139.27	0	0
4419	137.19	0	0
4418	137.286	0	0
4417	137.381	0	0
4416	137.477	0	0
4415	137.573	0	0
4414	137.668	0	0
4413	137.764	0	0
4412	137.86	0	0
4411	137.956	0	0
4410	138.052	0	0
4409	138.148	0	0
4408	138.244	0	0
4407	138.34	0	0
4406	136.317	0	0
4405	136.411	0	0
4404	136.505	0	0
4403	136.599	0	0
4402	136.693	0	0
4401	136.787	0	0
4400	136.881	0	0
4399	136.975	0	0
4398	137.07	0	0
4397	137.164	0	0
4396	137.258	0	0
4395	137.352	0	0
4394	137.447	0	0
4393	135.479	0	0
4392	135.571	0	0
4391	135.664	0	0
4390	135.756	0	0
4389	135.849	0	0
4388	135.941	0	0
4387	136.034	0	0
4386	136.126	0	0
4385	136.219	0	0
4384	136.311	0	0
4383	136.404	0	0
4382	136.497	0	0
4381	134.583	0	0
4380	134.674	0	0
4379	134.765	0	0
4378	134.855	0	0
4377	134.946	0	0
4376	135.037	0	0
4375	135.128	0	0
4374	135.219	0	0
4373	135.31	0	0
4372	135.401	0	0
4371	135.492	0	0
4370	135.584	0	0
4369	135.675	0	0
4368	133.81	0	0
4367	133.9	0	0
4366	133.989	0	0
4365	134.078	0	0
4364	134.168	0	0
4363	134.257	0	0
4362	134.347	0	0
4361	134.436	0	0
4360	134.526	0	0
4359	134.616	0	0
4358	134.705	0	0
4357	134.795	0	0
4356	134.885	0	0
4355	133.067	0	0
4354	133.155	0	0
4353	133.243	0	0
4352	133.331	0	0
4351	133.419	0	0
4350	133.507	0	0
4349	133.595	0	0
4348	133.684	0	0
4347	133.772	0	0
4346	133.86	0	0
4345	133.948	0	0
4344	134.037	0	0
4343	132.264	0	0
4342	132.351	0	0
4341	132.438	0	0
4340	132.524	0	0
4339	132.611	0	0
4338	132.698	0	0
4337	132.785	0	0
4336	132.872	0	0
4335	132.959	0	0
4334	133.046	0	0
4333	133.133	0	0
4332	133.22	0	0
4331	133.307	0	0
4330	131.575	0	0
4329	131.661	0	0
4328	131.746	0	0
4327	131.832	0	0
4326	131.918	0	0
4325	132.004	0	0
4324	132.089	0	0
4323	132.175	0	0
4322	132.261	0	0
4321	132.347	0	0
4320	132.433	0	0
4319	132.519	0	0
4318	130.828	0	0
4317	130.912	0	0
4316	130.997	0	0
4315	131.081	0	0
4314	131.166	0	0
4313	131.25	0	0
4312	131.335	0	0
4311	131.419	0	0
4310	131.504	0	0
4309	131.589	0	0
4308	131.673	0	0
4307	131.758	0	0
4306	130.108	0	0
4305	130.191	0	0
4304	130.274	0	0
4303	130.358	0	0
4302	130.441	0	0
4301	130.524	0	0
4300	130.608	0	0
4299	130.691	0	0
4298	130.775	0	0
4297	130.858	0	0
4296	130.942	0	0
4295	131.025	0	0
4294	131.109	0	0
4293	129.497	0	0
4292	129.579	0	0
4291	129.661	0	0
4290	129.743	0	0
4289	129.825	0	0
4288	129.907	0	0
4287	129.99	0	0
4286	130.072	0	0
4285	130.154	0	0
4284	130.237	0	0
4283	130.319	0	0
4282	130.401	0	0
4281	128.827	0	0
4280	128.908	0	0
4279	128.989	0	0
4278	129.07	0	0
4277	129.151	0	0
4276	129.232	0	0
4275	129.313	0	0
4274	129.395	0	0
4273	129.476	0	0
4272	129.557	0	0
4271	129.639	0	0
4270	129.72	0	0
4269	128.18	0	0
4268	128.26	0	0
4267	128.341	0	0
4266	128.421	0	0
4265	128.501	0	0
4264	128.581	0	0
4263	128.661	0	0
4262	128.741	0	0
4261	128.822	0	0
4260	128.902	0	0
4259	128.982	0	0
4258	129.063	0	0
4257	127.557	0	0
4256	127.636	0	0
4255	127.715	0	0
4254	127.794	0	0
4253	127.873	0	0
4252	127.953	0	0
4251	128.032	0	0
4250	128.111	0	0
4249	128.19	0	0
4248	128.27	0	0
4247	128.349	0	0
4246	128.429	0	0
4245	126.956	0	0
4244	127.034	0	0
4243	127.112	0	0
4242	127.19	0	0
4241	127.268	0	0
4240	132.773	0	0
4239	132.854	0	0
4238	132.935	0	0
4237	133.016	0	0
4236	133.097	0	0
4235	133.178	0	0
4234	133.259	0	0
4233	131.775	0	0
4232	131.855	0	0
4231	131.934	0	0
4230	132.014	0	0
4229	132.094	0	0
4228	132.174	0	0
4227	132.254	0	0
4226	132.333	0	0
4225	132.413	0	0
4224	132.493	0	0
4223	132.573	0	0
4222	132.653	0	0
4221	131.202	0	0
4220	131.28	0	0
4219	131.359	0	0
4218	131.438	0	0
4217	131.517	0	0
4216	131.596	0	0
4215	131.675	0	0
4214	131.754	0	0
4213	131.833	0	0
4212	131.912	0	0
4211	131.991	0	0
4210	130.569	0	0
4209	130.647	0	0
4208	130.725	0	0
4207	130.803	0	0
4206	130.881	0	0
4205	130.96	0	0
4204	131.038	0	0
4203	131.116	0	0
4202	131.194	0	0
4201	131.273	0	0
4200	131.351	0	0
4199	131.429	0	0
4198	130.034	0	0
4197	130.111	0	0
4196	130.189	0	0
4195	130.266	0	0
4194	130.344	0	0
4193	130.421	0	0
4192	130.498	0	0
4191	130.576	0	0
4190	130.653	0	0
4189	130.731	0	0
4188	130.809	0	0
4187	130.886	0	0
4186	129.519	0	0
4185	129.596	0	0
4184	129.672	0	0
4183	129.749	0	0
4182	129.825	0	0
4181	129.902	0	0
4180	129.978	0	0
4179	130.055	0	0
4178	130.131	0	0
4177	130.208	0	0
4176	130.285	0	0
4175	128.949	0	0
4174	129.025	0	0
4173	129.1	0	0
4172	129.176	0	0
4171	129.251	0	0
4170	129.327	0	0
4169	129.402	0	0
4168	129.478	0	0
4167	129.554	0	0
4166	129.629	0	0
4165	129.705	0	0
4164	129.781	0	0
4163	128.475	0	0
4162	128.549	0	0
4161	128.624	0	0
4160	128.698	0	0
4159	128.773	0	0
4158	128.848	0	0
4157	128.922	0	0
4156	128.997	0	0
4155	129.072	0	0
4154	129.147	0	0
4153	129.222	0	0
4152	127.942	0	0
4151	128.016	0	0
4150	128.09	0	0
4149	128.164	0	0
4148	128.238	0	0
4147	128.312	0	0
4146	128.386	0	0
4145	128.46	0	0
4144	128.534	0	0
4143	128.609	0	0
4142	128.683	0	0
4141	128.757	0	0
4140	127.499	0	0
4139	127.573	0	0
4138	127.646	0	0
4137	127.72	0	0
4136	127.793	0	0
4135	127.867	0	0
4134	127.94	0	0
4133	128.014	0	0
4132	128.087	0	0
4131	128.161	0	0
4130	128.235	0	0
4129	127	0	0
4128	127.072	0	0
4127	127.145	0	0
4126	127.218	0	0
4125	127.291	0	0
4124	127.363	0	0
4123	127.436	0	0
4122	127.509	0	0
4121	127.582	0	0
4120	127.655	0	0
4119	127.728	0	0
4118	126.517	0	0
4117	126.589	0	0
4116	126.661	0	0
4115	126.733	0	0
4114	126.805	0	0
4113	126.878	0	0
4112	126.95	0	0
4111	127.022	0	0
4110	127.094	0	0
4109	127.166	0	0
4108	127.239	0	0
4107	126.05	0	0
4106	126.121	0	0
4105	126.193	0	0
4104	126.264	0	0
4103	126.336	0	0
4102	126.408	0	0
4101	126.479	0	0
4100	126.551	0	0
4099	126.623	0	0
4098	126.694	0	0
4097	126.766	0	0
4096	126.838	0	0
4095	125.668	0	0
4094	125.739	0	0
4093	125.81	0	0
4092	125.881	0	0
4091	125.952	0	0
4090	126.023	0	0
4089	126.094	0	0
4088	126.166	0	0
4087	126.237	0	0
4086	126.308	0	0
4085	126.379	0	0
4084	125.228	0	0
4083	125.298	0	0
4082	125.369	0	0
4081	125.439	0	0
4080	125.51	0	0
4079	125.581	0	0
4078	125.651	0	0
4077	125.722	0	0
4076	125.793	0	0
4075	125.864	0	0
4074	125.935	0	0
4073	124.802	0	0
4072	124.872	0	0
4071	124.942	0	0
4070	125.012	0	0
4069	125.082	0	0
4068	125.152	0	0
4067	125.222	0	0
4066	125.293	0	0
4065	125.363	0	0
4064	125.433	0	0
4063	125.504	0	0
4062	124.39	0	0
4061	124.46	0	0
4060	124.529	0	0
4059	124.599	0	0
4058	124.668	0	0
4057	124.738	0	0
4056	124.807	0	0
4055	124.877	0	0
4054	124.947	0	0
4053	125.017	0	0
4052	123.923	0	0
4051	123.992	0	0
4050	128.107	0	0
4049	128.178	0	0
4048	128.249	0	0
4047	128.32	0	0
4046	128.391	0	0
4045	128.462	0	0
4044	128.534	0	0
4043	128.605	0	0
4042	128.676	0	0
4041	127.571	0	0
4040	127.641	0	0
4039	127.712	0	0
4038	127.782	0	0
4037	127.853	0	0
4036	127.923	0	0
4035	127.994	0	0
4034	128.065	0	0
4033	128.136	0	0
4032	128.206	0	0
4031	128.277	0	0
4030	127.189	0	0
4029	127.259	0	0
4028	127.329	0	0
4027	127.399	0	0
4026	127.47	0	0
4025	127.54	0	0
4024	127.61	0	0
4023	127.68	0	0
4022	127.751	0	0
4021	127.821	0	0
4020	127.891	0	0
4019	126.82	0	0
4018	126.89	0	0
4017	126.96	0	0
4016	127.029	0	0
4015	127.099	0	0
4014	127.169	0	0
4013	127.239	0	0
4012	127.308	0	0
4011	127.378	0	0
4010	127.448	0	0
4009	126.394	0	0
4008	126.463	0	0
4007	126.532	0	0
4006	126.602	0	0
4005	126.671	0	0
4004	126.74	0	0
4003	126.81	0	0
4002	126.879	0	0
4001	126.949	0	0
4000	127.018	0	0
3999	127.088	0	0
3998	126.048	0	0
3997	126.117	0	0
3996	126.186	0	0
3995	126.255	0	0
3994	126.324	0	0
3993	126.393	0	0
3992	126.462	0	0
3991	126.531	0	0
3990	126.6	0	0
3989	126.67	0	0
3988	126.739	0	0
3987	125.714	0	0
3986	125.783	0	0
3985	125.851	0	0
3984	125.92	0	0
3983	125.988	0	0
3982	126.057	0	0
3981	126.126	0	0
3980	126.195	0	0
3979	126.263	0	0
3978	126.332	0	0
3977	125.322	0	0
3976	125.391	0	0
3975	125.459	0	0
3974	125.527	0	0
3973	125.595	0	0
3972	125.664	0	0
3971	125.732	0	0
3970	125.8	0	0
3969	125.869	0	0
3968	125.937	0	0
3967	126.006	0	0
3966	125.01	0	0
3965	125.078	0	0
3964	125.146	0	0
3963	125.214	0	0
3962	125.282	0	0
3961	125.35	0	0
3960	125.418	0	0
3959	125.486	0	0
3958	125.554	0	0
3957	125.622	0	0
3956	124.64	0	0
3955	124.707	0	0
3954	124.775	0	0
3953	124.843	0	0
3952	124.91	0	0
3951	124.978	0	0
3950	125.046	0	0
3949	125.114	0	0
3948	125.181	0	0
3947	125.249	0	0
3946	124.28	0	0
3945	124.347	0	0
3944	124.415	0	0
3943	124.482	0	0
3942	124.549	0	0
3941	124.617	0	0
3940	124.684	0	0
3939	124.752	0	0
3938	124.819	0	0
3937	124.887	0	0
3936	124.954	0	0
3935	123.998	0	0
3934	124.065	0	0
3933	124.132	0	0
3932	124.199	0	0
3931	124.266	0	0
3930	124.333	0	0
3929	124.4	0	0
3928	124.467	0	0
3927	124.535	0	0
3926	124.602	0	0
3925	123.66	0	0
3924	123.726	0	0
3923	123.793	0	0
3922	123.859	0	0
3921	123.926	0	0
3920	123.993	0	0
3919	124.059	0	0
3918	124.126	0	0
3917	124.193	0	0
3916	124.26	0	0
3915	123.333	0	0
3914	123.399	0	0
3913	123.465	0	0
3912	123.531	0	0
3911	123.598	0	0
3910	123.664	0	0
3909	123.73	0	0
3908	123.796	0	0
3907	123.863	0	0
3906	123.929	0	0
3905	123.016	0	0
3904	123.082	0	0
3903	123.148	0	0
3902	123.214	0	0
3901	123.28	0	0
3900	123.346	0	0
3899	123.412	0	0
3898	123.478	0	0
3897	123.544	0	0
3896	123.61	0	0
3895	122.71	0	0
3894	122.776	0	0
3893	122.841	0	0
3892	122.907	0	0
3891	122.972	0	0
3890	123.038	0	0
3889	123.103	0	0
3888	123.169	0	0
3887	123.235	0	0
3886	123.3	0	0
3885	122.412	0	0
3884	122.478	0	0
3883	122.543	0	0
3882	122.608	0	0
3881	122.674	0	0
3880	122.739	0	0
3879	122.804	0	0
3878	122.87	0	0
3877	122.935	0	0
3876	123.001	0	0
3875	122.123	0	0
3874	122.188	0	0
3873	122.253	0	0
3872	122.319	0	0
3871	122.384	0	0
3870	122.449	0	0
3869	122.514	0	0
3868	122.579	0	0
3867	122.645	0	0
3866	122.71	0	0
3865	121.843	0	0
3864	121.908	0	0
3863	121.973	0	0
3862	122.038	0	0
3861	122.103	0	0
3860	125.279	0	0
3859	125.346	0	0
3858	125.413	0	0
3857	125.48	0	0
3856	125.546	0	0
3855	124.668	0	0
3854	124.734	0	0
3853	124.8	0	0
3852	124.867	0	0
3851	124.933	0	0
3850	125	0	0
3849	125.066	0	0
3848	125.133	0	0
3847	125.199	0	0
3846	125.266	0	0
3845	124.399	0	0
3844	124.465	0	0
3843	124.531	0	0
3842	124.597	0	0
3841	124.663	0	0
3840	124.729	0	0
3839	124.795	0	0
3838	124.861	0	0
3837	124.928	0	0
3836	124.994	0	0
3835	124.137	0	0
3834	124.203	0	0
3833	124.269	0	0
3832	124.335	0	0
3831	124.401	0	0
3830	124.467	0	0
3829	124.533	0	0
3828	124.599	0	0
3827	124.665	0	0
3826	123.819	0	0
3825	123.884	0	0
3824	123.95	0	0
3823	124.016	0	0
3822	124.081	0	0
3821	124.147	0	0
3820	124.213	0	0
3819	124.279	0	0
3818	124.345	0	0
3817	124.411	0	0
3816	123.575	0	0
3815	123.64	0	0
3814	123.705	0	0
3813	123.771	0	0
3812	123.836	0	0
3811	123.902	0	0
3810	123.967	0	0
3809	124.033	0	0
3808	124.098	0	0
3807	124.164	0	0
3806	123.341	0	0
3805	123.406	0	0
3804	123.471	0	0
3803	123.536	0	0
3802	123.601	0	0
3801	123.666	0	0
3800	123.731	0	0
3799	123.796	0	0
3798	123.861	0	0
3797	123.051	0	0
3796	123.116	0	0
3795	123.18	0	0
3794	123.245	0	0
3793	123.31	0	0
3792	123.374	0	0
3791	123.439	0	0
3790	123.504	0	0
3789	123.569	0	0
3788	123.634	0	0
3787	122.835	0	0
3786	122.899	0	0
3785	122.964	0	0
3784	123.028	0	0
3783	123.092	0	0
3782	123.157	0	0
3781	123.221	0	0
3780	123.286	0	0
3779	123.35	0	0
3778	122.563	0	0
3777	122.627	0	0
3776	122.691	0	0
3775	122.755	0	0
3774	122.819	0	0
3773	122.884	0	0
3772	122.948	0	0
3771	123.012	0	0
3770	123.076	0	0
3769	123.14	0	0
3768	122.363	0	0
3767	122.427	0	0
3766	122.491	0	0
3765	122.555	0	0
3764	122.619	0	0
3763	122.683	0	0
3762	122.747	0	0
3761	122.811	0	0
3760	122.875	0	0
3759	122.107	0	0
3758	122.17	0	0
3757	122.234	0	0
3756	122.298	0	0
3755	122.361	0	0
3754	122.425	0	0
3753	122.489	0	0
3752	122.553	0	0
3751	122.617	0	0
3750	121.856	0	0
3749	121.92	0	0
3748	121.983	0	0
3747	122.047	0	0
3746	122.111	0	0
3745	122.175	0	0
3744	122.238	0	0
3743	122.302	0	0
3742	122.366	0	0
3741	122.43	0	0
3740	121.676	0	0
3739	121.74	0	0
3738	121.803	0	0
3737	121.867	0	0
3736	121.93	0	0
3735	121.994	0	0
3734	122.058	0	0
3733	122.122	0	0
3732	122.185	0	0
3731	121.439	0	0
3730	121.503	0	0
3729	121.566	0	0
3728	121.63	0	0
3727	121.693	0	0
3726	121.757	0	0
3725	121.82	0	0
3724	121.884	0	0
3723	121.947	0	0
3722	121.209	0	0
3721	121.272	0	0
3720	121.336	0	0
3719	121.399	0	0
3718	121.463	0	0
3717	121.526	0	0
3716	121.589	0	0
3715	121.653	0	0
3714	121.716	0	0
3713	120.985	0	0
3712	121.048	0	0
3711	121.111	0	0
3710	121.175	0	0
3709	121.238	0	0
3708	121.301	0	0
3707	121.365	0	0
3706	121.428	0	0
3705	121.492	0	0
3704	120.766	0	0
3703	120.829	0	0
3702	120.892	0	0
3701	120.956	0	0
3700	121.019	0	0
3699	121.082	0	0
3698	121.146	0	0
3697	121.209	0	0
3696	121.273	0	0
3695	120.551	0	0
3694	120.614	0	0
3693	120.678	0	0
3692	120.741	0	0
3691	120.805	0	0
3690	120.868	0	0
3689	120.932	0	0
3688	120.995	0	0
3687	121.059	0	0
3686	120.342	0	0
3685	120.405	0	0
3684	120.469	0	0
3683	120.532	0	0
3682	120.595	0	0
3681	120.659	0	0
3680	120.722	0	0
3679	120.786	0	0
3678	120.85	0	0
3677	120.139	0	0
3676	120.202	0	0
3675	120.265	0	0
3674	120.329	0	0
3673	120.392	0	0
3672	120.455	0	0
3671	122.938	0	0
3670	123.003	0	0
3669	123.068	0	0
3668	122.342	0	0
3667	122.407	0	0
3666	122.472	0	0
3665	122.537	0	0
3664	122.602	0	0
3663	122.667	0	0
3662	122.732	0	0
3661	122.797	0	0
3660	122.863	0	0
3659	122.143	0	0
3658	122.208	0	0
3657	122.273	0	0
3656	122.338	0	0
3655	122.403	0	0
3654	122.468	0	0
3653	122.533	0	0
3652	122.598	0	0
3651	122.663	0	0
3650	121.95	0	0
3649	122.015	0	0
3648	122.08	0	0
3647	122.145	0	0
3646	122.209	0	0
3645	122.274	0	0
3644	122.339	0	0
3643	122.404	0	0
3642	122.469	0	0
3641	121.764	0	0
3640	121.828	0	0
3639	121.893	0	0
3638	121.958	0	0
3637	122.022	0	0
3636	122.087	0	0
3635	122.152	0	0
3634	122.217	0	0
3633	122.282	0	0
3632	121.584	0	0
3631	121.648	0	0
3630	121.713	0	0
3629	121.777	0	0
3628	121.842	0	0
3627	121.906	0	0
3626	121.971	0	0
3625	122.036	0	0
3624	121.346	0	0
3623	121.41	0	0
3622	121.475	0	0
3621	121.539	0	0
3620	121.603	0	0
3619	121.668	0	0
3618	121.732	0	0
3617	121.797	0	0
3616	121.861	0	0
3615	121.177	0	0
3614	121.241	0	0
3613	121.306	0	0
3612	121.37	0	0
3611	121.435	0	0
3610	121.499	0	0
3609	121.564	0	0
3608	121.629	0	0
3607	121.693	0	0
3606	121.012	0	0
3605	121.076	0	0
3604	121.141	0	0
3603	121.206	0	0
3602	121.27	0	0
3601	121.335	0	0
3600	121.4	0	0
3599	121.464	0	0
3598	120.79	0	0
3597	120.854	0	0
3596	120.919	0	0
3595	120.983	0	0
3594	121.047	0	0
3593	121.111	0	0
3592	121.176	0	0
3591	121.24	0	0
3590	121.305	0	0
3589	120.639	0	0
3588	120.703	0	0
3587	120.767	0	0
3586	120.831	0	0
3585	120.895	0	0
3584	120.96	0	0
3583	121.024	0	0
3582	121.088	0	0
3581	120.43	0	0
3580	120.494	0	0
3579	120.558	0	0
3578	120.622	0	0
3577	120.686	0	0
3576	120.75	0	0
3575	120.814	0	0
3574	120.878	0	0
3573	120.942	0	0
3572	120.291	0	0
3571	120.354	0	0
3570	120.418	0	0
3569	120.482	0	0
3568	120.546	0	0
3567	120.61	0	0
3566	120.674	0	0
3565	120.738	0	0
3564	120.093	0	0
3563	120.157	0	0
3562	120.22	0	0
3561	120.284	0	0
3560	120.348	0	0
3559	120.412	0	0
3558	120.476	0	0
3557	120.54	0	0
3556	120.604	0	0
3555	119.963	0	0
3554	120.026	0	0
3553	120.09	0	0
3552	120.154	0	0
3551	120.218	0	0
3550	120.282	0	0
3549	120.346	0	0
3548	120.41	0	0
3547	119.772	0	0
3546	119.836	0	0
3545	119.9	0	0
3544	119.964	0	0
3543	120.028	0	0
3542	120.092	0	0
3541	120.156	0	0
3540	120.221	0	0
3539	119.586	0	0
3538	119.65	0	0
3537	119.714	0	0
3536	119.778	0	0
3535	119.842	0	0
3534	119.906	0	0
3533	119.97	0	0
3532	120.035	0	0
3531	120.099	0	0
3530	119.47	0	0
3529	119.534	0	0
3528	119.598	0	0
3527	119.662	0	0
3526	119.726	0	0
3525	119.79	0	0
3524	119.854	0	0
3523	119.918	0	0
3522	119.295	0	0
3521	119.359	0	0
3520	119.423	0	0
3519	119.487	0	0
3518	119.55	0	0
3517	119.614	0	0
3516	119.678	0	0
3515	119.742	0	0
3514	119.125	0	0
3513	119.189	0	0
3512	119.253	0	0
3511	119.317	0	0
3510	119.38	0	0
3509	119.444	0	0
3508	119.508	0	0
3507	119.572	0	0
3506	118.961	0	0
3505	119.025	0	0
3504	119.088	0	0
3503	119.152	0	0
3502	119.216	0	0
3501	119.279	0	0
3500	119.343	0	0
3499	119.407	0	0
3498	118.802	0	0
3497	118.866	0	0
3496	118.929	0	0
3495	118.993	0	0
3494	119.057	0	0
3493	119.12	0	0
3492	119.184	0	0
3491	119.248	0	0
3490	118.649	0	0
3489	118.712	0	0
3488	118.775	0	0
3487	118.839	0	0
3486	118.902	0	0
3485	118.966	0	0
3484	119.029	0	0
3483	119.093	0	0
3482	118.5	0	0
3481	120.401	0	0
3480	120.466	0	0
3479	120.532	0	0
3478	120.598	0	0
3477	120.663	0	0
3476	120.729	0	0
3475	120.795	0	0
3474	120.178	0	0
3473	120.244	0	0
3472	120.31	0	0
3471	120.375	0	0
3470	120.441	0	0
3469	120.507	0	0
3468	120.573	0	0
3467	120.638	0	0
3466	120.025	0	0
3465	120.091	0	0
3464	120.157	0	0
3463	120.222	0	0
3462	120.288	0	0
3461	120.354	0	0
3460	120.42	0	0
3459	120.486	0	0
3458	119.876	0	0
3457	119.942	0	0
3456	120.008	0	0
3455	120.073	0	0
3454	120.139	0	0
3453	120.205	0	0
3452	120.271	0	0
3451	120.337	0	0
3450	119.731	0	0
3449	119.797	0	0
3448	119.863	0	0
3447	119.929	0	0
3446	119.995	0	0
3445	120.06	0	0
3444	120.126	0	0
3443	120.193	0	0
3442	119.59	0	0
3441	119.656	0	0
3440	119.722	0	0
3439	119.788	0	0
3438	119.854	0	0
3437	119.92	0	0
3436	119.986	0	0
3435	120.052	0	0
3434	119.453	0	0
3433	119.519	0	0
3432	119.585	0	0
3431	119.651	0	0
3430	119.717	0	0
3429	119.783	0	0
3428	119.849	0	0
3427	119.915	0	0
3426	119.32	0	0
3425	119.386	0	0
3424	119.452	0	0
3423	119.518	0	0
3422	119.584	0	0
3421	119.65	0	0
3420	119.716	0	0
3419	119.126	0	0
3418	119.192	0	0
3417	119.258	0	0
3416	119.324	0	0
3415	119.389	0	0
3414	119.455	0	0
3413	119.521	0	0
3412	119.588	0	0
3411	119.003	0	0
3410	119.069	0	0
3409	119.135	0	0
3408	119.2	0	0
3407	119.266	0	0
3406	119.332	0	0
3405	119.398	0	0
3404	119.464	0	0
3403	118.886	0	0
3402	118.951	0	0
3401	119.017	0	0
3400	119.082	0	0
3399	119.148	0	0
3398	119.214	0	0
3397	119.28	0	0
3396	118.708	0	0
3395	118.773	0	0
3394	118.839	0	0
3393	118.904	0	0
3392	118.97	0	0
3391	119.035	0	0
3390	119.101	0	0
3389	119.166	0	0
3388	118.601	0	0
3387	118.666	0	0
3386	118.731	0	0
3385	118.797	0	0
3384	118.862	0	0
3383	118.927	0	0
3382	118.993	0	0
3381	119.058	0	0
3380	118.499	0	0
3379	118.564	0	0
3378	118.629	0	0
3377	118.694	0	0
3376	118.759	0	0
3375	118.825	0	0
3374	118.89	0	0
3373	118.335	0	0
3372	118.4	0	0
3371	118.465	0	0
3370	118.531	0	0
3369	118.596	0	0
3368	118.661	0	0
3367	118.727	0	0
3366	118.792	0	0
3365	118.239	0	0
3364	118.305	0	0
3363	118.37	0	0
3362	118.435	0	0
3361	118.501	0	0
3360	118.566	0	0
3359	118.632	0	0
3358	118.08	0	0
3357	118.146	0	0
3356	118.211	0	0
3355	118.277	0	0
3354	118.343	0	0
3353	118.409	0	0
3352	118.474	0	0
3351	118.54	0	0
3350	117.989	0	0
3349	118.055	0	0
3348	118.121	0	0
3347	118.187	0	0
3346	118.253	0	0
3345	118.319	0	0
3344	118.385	0	0
3343	117.837	0	0
3342	117.903	0	0
3341	117.969	0	0
3340	118.034	0	0
3339	118.1	0	0
3338	118.166	0	0
3337	118.232	0	0
3336	117.69	0	0
3335	117.756	0	0
3334	117.821	0	0
3333	117.887	0	0
3332	117.953	0	0
3331	118.018	0	0
3330	118.084	0	0
3329	118.15	0	0
3328	117.615	0	0
3327	117.68	0	0
3326	117.745	0	0
3325	117.811	0	0
3324	117.876	0	0
3323	117.942	0	0
3322	118.007	0	0
3321	117.479	0	0
3320	117.544	0	0
3319	117.609	0	0
3318	117.674	0	0
3317	117.739	0	0
3316	117.805	0	0
3315	117.87	0	0
3314	117.349	0	0
3313	117.414	0	0
3312	117.479	0	0
3311	117.544	0	0
3310	117.609	0	0
3309	117.674	0	0
3308	117.739	0	0
3307	117.804	0	0
3306	117.29	0	0
3305	117.355	0	0
3304	117.419	0	0
3303	117.484	0	0
3302	117.548	0	0
3301	117.613	0	0
3300	117.678	0	0
3299	117.171	0	0
3298	117.236	0	0
3297	117.3	0	0
3296	117.364	0	0
3295	117.429	0	0
3294	117.493	0	0
3293	117.558	0	0
3292	117.057	0	0
3291	118.442	0	0
3290	118.509	0	0
3289	118.576	0	0
3288	118.643	0	0
3287	118.71	0	0
3286	118.777	0	0
3285	118.25	0	0
3284	118.316	0	0
3283	118.383	0	0
3282	118.45	0	0
3281	118.517	0	0
3280	118.584	0	0
3279	118.651	0	0
3278	118.13	0	0
3277	118.196	0	0
3276	118.263	0	0
3275	118.329	0	0
3274	118.396	0	0
3273	118.463	0	0
3272	118.53	0	0
3271	118.597	0	0
3270	118.081	0	0
3269	118.148	0	0
3268	118.214	0	0
3267	118.281	0	0
3266	118.347	0	0
3265	118.414	0	0
3264	118.48	0	0
3263	117.969	0	0
3262	118.036	0	0
3261	118.102	0	0
3260	118.169	0	0
3259	118.236	0	0
3258	118.302	0	0
3257	118.369	0	0
3256	117.859	0	0
3255	117.926	0	0
3254	117.993	0	0
3253	118.06	0	0
3252	118.127	0	0
3251	118.194	0	0
3250	118.261	0	0
3249	117.75	0	0
3248	117.817	0	0
3247	117.884	0	0
3246	117.952	0	0
3245	118.019	0	0
3244	118.086	0	0
3243	118.154	0	0
3242	117.641	0	0
3241	117.709	0	0
3240	117.776	0	0
3239	117.844	0	0
3238	117.912	0	0
3237	117.98	0	0
3236	118.048	0	0
3235	117.534	0	0
3234	117.602	0	0
3233	117.67	0	0
3232	117.738	0	0
3231	117.806	0	0
3230	117.874	0	0
3229	117.361	0	0
3228	117.429	0	0
3227	117.497	0	0
3226	117.565	0	0
3225	117.634	0	0
3224	117.702	0	0
3223	117.771	0	0
3222	117.257	0	0
3221	117.325	0	0
3220	117.394	0	0
3219	117.462	0	0
3218	117.531	0	0
3217	117.599	0	0
3216	117.668	0	0
3215	117.155	0	0
3214	117.224	0	0
3213	117.293	0	0
3212	117.361	0	0
3211	117.43	0	0
3210	117.499	0	0
3209	117.568	0	0
3208	117.059	0	0
3207	117.127	0	0
3206	117.196	0	0
3205	117.264	0	0
3204	117.333	0	0
3203	117.402	0	0
3202	117.47	0	0
3201	116.968	0	0
3200	117.036	0	0
3199	117.104	0	0
3198	117.173	0	0
3197	117.241	0	0
3196	117.309	0	0
3195	117.378	0	0
3194	116.881	0	0
3193	116.949	0	0
3192	117.017	0	0
3191	117.086	0	0
3190	117.154	0	0
3189	117.222	0	0
3188	116.731	0	0
3187	116.799	0	0
3186	116.867	0	0
3185	116.935	0	0
3184	117.003	0	0
3183	117.071	0	0
3182	117.139	0	0
3181	116.652	0	0
3180	116.72	0	0
3179	116.788	0	0
3178	116.856	0	0
3177	116.924	0	0
3176	116.992	0	0
3175	117.06	0	0
3174	116.577	0	0
3173	116.645	0	0
3172	116.713	0	0
3171	116.781	0	0
3170	116.849	0	0
3169	116.916	0	0
3168	116.439	0	0
3167	116.507	0	0
3166	116.574	0	0
3165	116.642	0	0
3164	116.71	0	0
3163	116.778	0	0
3162	116.845	0	0
3161	116.372	0	0
3160	116.44	0	0
3159	116.507	0	0
3158	116.575	0	0
3157	116.643	0	0
3156	116.71	0	0
3155	116.778	0	0
3154	116.308	0	0
3153	116.376	0	0
3152	116.443	0	0
3151	116.511	0	0
3150	116.579	0	0
3149	116.647	0	0
3148	116.179	0	0
3147	116.246	0	0
3146	116.314	0	0
3145	116.382	0	0
3144	116.45	0	0
3143	116.518	0	0
3142	116.586	0	0
3141	116.12	0	0
3140	116.188	0	0
3139	116.256	0	0
3138	116.324	0	0
3137	116.392	0	0
3136	116.46	0	0
3135	115.997	0	0
3134	116.064	0	0
3133	116.132	0	0
3132	116.2	0	0
3131	116.268	0	0
3130	116.336	0	0
3129	116.404	0	0
3128	115.945	0	0
3127	116.013	0	0
3126	116.08	0	0
3125	116.148	0	0
3124	116.216	0	0
3123	116.284	0	0
3122	115.829	0	0
3121	115.897	0	0
3120	115.965	0	0
3119	116.032	0	0
3118	116.1	0	0
3117	116.168	0	0
3116	116.236	0	0
3115	115.785	0	0
3114	115.853	0	0
3113	115.92	0	0
3112	115.988	0	0
3111	116.056	0	0
3110	116.123	0	0
3109	115.677	0	0
3108	115.745	0	0
3107	115.812	0	0
3106	115.88	0	0
3105	115.947	0	0
3104	116.015	0	0
3103	116.083	0	0
3102	115.641	0	0
3101	116.486	0	0
3100	116.557	0	0
3099	116.628	0	0
3098	116.699	0	0
3097	116.77	0	0
3096	116.295	0	0
3095	116.365	0	0
3094	116.436	0	0
3093	116.507	0	0
3092	116.578	0	0
3091	116.649	0	0
3090	116.178	0	0
3089	116.249	0	0
3088	116.319	0	0
3087	116.39	0	0
3086	116.461	0	0
3085	116.531	0	0
3084	116.602	0	0
3083	116.136	0	0
3082	116.207	0	0
3081	116.277	0	0
3080	116.348	0	0
3079	116.418	0	0
3078	116.489	0	0
3077	116.027	0	0
3076	116.097	0	0
3075	116.168	0	0
3074	116.239	0	0
3073	116.309	0	0
3072	116.38	0	0
3071	115.92	0	0
3070	115.991	0	0
3069	116.061	0	0
3068	116.132	0	0
3067	116.203	0	0
3066	116.273	0	0
3065	115.815	0	0
3064	115.885	0	0
3063	115.956	0	0
3062	116.027	0	0
3061	116.098	0	0
3060	116.169	0	0
3059	116.24	0	0
3058	115.781	0	0
3057	115.853	0	0
3056	115.924	0	0
3055	115.995	0	0
3054	116.066	0	0
3053	116.138	0	0
3052	115.68	0	0
3051	115.751	0	0
3050	115.822	0	0
3049	115.893	0	0
3048	115.965	0	0
3047	116.036	0	0
3046	115.58	0	0
3045	115.652	0	0
3044	115.723	0	0
3043	115.794	0	0
3042	115.866	0	0
3041	115.937	0	0
3040	115.485	0	0
3039	115.556	0	0
3038	115.627	0	0
3037	115.698	0	0
3036	115.77	0	0
3035	115.841	0	0
3034	115.393	0	0
3033	115.464	0	0
3032	115.535	0	0
3031	115.606	0	0
3030	115.677	0	0
3029	115.749	0	0
3028	115.306	0	0
3027	115.377	0	0
3026	115.448	0	0
3025	115.519	0	0
3024	115.59	0	0
3023	115.661	0	0
3022	115.223	0	0
3021	115.294	0	0
3020	115.364	0	0
3019	115.435	0	0
3018	115.506	0	0
3017	115.577	0	0
3016	115.144	0	0
3015	115.214	0	0
3014	115.285	0	0
3013	115.356	0	0
3012	115.426	0	0
3011	115.497	0	0
3010	115.069	0	0
3009	115.139	0	0
3008	115.209	0	0
3007	115.28	0	0
3006	115.35	0	0
3005	115.421	0	0
3004	114.997	0	0
3003	115.067	0	0
3002	115.137	0	0
3001	115.208	0	0
3000	115.278	0	0
2999	115.348	0	0
2998	114.929	0	0
2997	114.999	0	0
2996	115.069	0	0
2995	115.139	0	0
2994	115.209	0	0
2993	115.28	0	0
2992	114.863	0	0
2991	114.933	0	0
2990	115.004	0	0
2989	115.074	0	0
2988	115.144	0	0
2987	115.214	0	0
2986	114.801	0	0
2985	114.871	0	0
2984	114.941	0	0
2983	115.011	0	0
2982	115.082	0	0
2981	115.152	0	0
2980	114.742	0	0
2979	114.812	0	0
2978	114.882	0	0
2977	114.952	0	0
2976	115.022	0	0
2975	115.093	0	0
2974	114.686	0	0
2973	114.756	0	0
2972	114.826	0	0
2971	114.896	0	0
2970	114.966	0	0
2969	115.037	0	0
2968	114.633	0	0
2967	114.703	0	0
2966	114.773	0	0
2965	114.843	0	0
2964	114.913	0	0
2963	114.984	0	0
2962	114.583	0	0
2961	114.653	0	0
2960	114.723	0	0
2959	114.793	0	0
2958	114.863	0	0
2957	114.466	0	0
2956	114.536	0	0
2955	114.606	0	0
2954	114.676	0	0
2953	114.746	0	0
2952	114.816	0	0
2951	114.423	0	0
2950	114.493	0	0
2949	114.562	0	0
2948	114.632	0	0
2947	114.702	0	0
2946	114.772	0	0
2945	114.384	0	0
2944	114.453	0	0
2943	114.523	0	0
2942	114.592	0	0
2941	114.662	0	0
2940	114.731	0	0
2939	114.348	0	0
2938	114.418	0	0
2937	114.487	0	0
2936	114.556	0	0
2935	114.626	0	0
2934	114.248	0	0
2933	114.317	0	0
2932	114.386	0	0
2931	114.455	0	0
2930	114.524	0	0
2929	114.593	0	0
2928	114.219	0	0
2927	114.288	0	0
2926	114.357	0	0
2925	114.426	0	0
2924	114.495	0	0
2923	114.564	0	0
2922	114.195	0	0
2921	114.263	0	0
2920	114.332	0	0
2919	114.401	0	0
2918	114.47	0	0
2917	114.103	0	0
2916	114.172	0	0
2915	114.241	0	0
2914	114.31	0	0
2913	114.379	0	0
2912	114.448	0	0
2911	114.24	0	0
2910	114.313	0	0
2909	114.387	0	0
2908	114.461	0	0
2907	114.535	0	0
2906	114.609	0	0
2905	114.194	0	0
2904	114.269	0	0
2903	114.343	0	0
2902	114.418	0	0
2901	114.492	0	0
2900	114.075	0	0
2899	114.15	0	0
2898	114.224	0	0
2897	114.299	0	0
2896	114.374	0	0
2895	114.449	0	0
2894	114.033	0	0
2893	114.107	0	0
2892	114.182	0	0
2891	114.257	0	0
2890	114.332	0	0
2889	113.919	0	0
2888	113.994	0	0
2887	114.068	0	0
2886	114.143	0	0
2885	114.218	0	0
2884	114.293	0	0
2883	113.886	0	0
2882	113.96	0	0
2881	114.034	0	0
2880	114.108	0	0
2879	114.183	0	0
2878	113.783	0	0
2877	113.857	0	0
2876	113.931	0	0
2875	114.005	0	0
2874	114.079	0	0
2873	114.153	0	0
2872	113.757	0	0
2871	113.831	0	0
2870	113.905	0	0
2869	113.978	0	0
2868	114.052	0	0
2867	113.659	0	0
2866	113.733	0	0
2865	113.807	0	0
2864	113.881	0	0
2863	113.955	0	0
2862	114.029	0	0
2861	113.638	0	0
2860	113.712	0	0
2859	113.786	0	0
2858	113.86	0	0
2857	113.933	0	0
2856	113.547	0	0
2855	113.621	0	0
2854	113.694	0	0
2853	113.768	0	0
2852	113.842	0	0
2851	113.459	0	0
2850	113.533	0	0
2849	113.606	0	0
2848	113.68	0	0
2847	113.753	0	0
2846	113.827	0	0
2845	113.447	0	0
2844	113.52	0	0
2843	113.594	0	0
2842	113.668	0	0
2841	113.741	0	0
2840	113.362	0	0
2839	113.436	0	0
2838	113.51	0	0
2837	113.584	0	0
2836	113.658	0	0
2835	113.279	0	0
2834	113.353	0	0
2833	113.427	0	0
2832	113.501	0	0
2831	113.575	0	0
2830	113.649	0	0
2829	113.271	0	0
2828	113.345	0	0
2827	113.42	0	0
2826	113.494	0	0
2825	113.568	0	0
2824	113.193	0	0
2823	113.267	0	0
2822	113.341	0	0
2821	113.415	0	0
2820	113.489	0	0
2819	113.118	0	0
2818	113.192	0	0
2817	113.266	0	0
2816	113.34	0	0
2815	113.414	0	0
2814	113.488	0	0
2813	113.12	0	0
2812	113.194	0	0
2811	113.268	0	0
2810	113.341	0	0
2809	113.415	0	0
2808	113.051	0	0
2807	113.125	0	0
2806	113.199	0	0
2805	113.272	0	0
2804	113.346	0	0
2803	112.985	0	0
2802	113.059	0	0
2801	113.132	0	0
2800	113.206	0	0
2799	113.28	0	0
2798	112.921	0	0
2797	112.994	0	0
2796	113.068	0	0
2795	113.142	0	0
2794	113.216	0	0
2793	112.859	0	0
2792	112.933	0	0
2791	113.007	0	0
2790	113.08	0	0
2789	113.154	0	0
2788	113.228	0	0
2787	112.874	0	0
2786	112.948	0	0
2785	113.021	0	0
2784	113.095	0	0
2783	113.169	0	0
2782	112.819	0	0
2781	112.892	0	0
2780	112.966	0	0
2779	113.039	0	0
2778	113.113	0	0
2777	112.766	0	0
2776	112.84	0	0
2775	112.913	0	0
2774	112.986	0	0
2773	113.06	0	0
2772	112.717	0	0
2771	112.79	0	0
2770	112.863	0	0
2769	112.936	0	0
2768	113.01	0	0
2767	112.668	0	0
2766	112.741	0	0
2765	112.815	0	0
2764	112.888	0	0
2763	112.962	0	0
2762	112.619	0	0
2761	112.693	0	0
2760	112.767	0	0
2759	112.841	0	0
2758	112.915	0	0
2757	112.573	0	0
2756	112.647	0	0
2755	112.721	0	0
2754	112.795	0	0
2753	112.869	0	0
2752	112.529	0	0
2751	112.602	0	0
2750	112.676	0	0
2749	112.751	0	0
2748	112.825	0	0
2747	112.487	0	0
2746	112.561	0	0
2745	112.635	0	0
2744	112.709	0	0
2743	112.783	0	0
2742	112.449	0	0
2741	112.523	0	0
2740	112.596	0	0
2739	112.67	0	0
2738	112.744	0	0
2737	112.412	0	0
2736	112.486	0	0
2735	112.56	0	0
2734	112.634	0	0
2733	112.708	0	0
2732	112.378	0	0
2731	112.451	0	0
2730	112.525	0	0
2729	112.599	0	0
2728	112.673	0	0
2727	112.345	0	0
2726	112.419	0	0
2725	112.493	0	0
2724	112.567	0	0
2723	112.641	0	0
2722	112.314	0	0
2721	111.941	0	0
2720	112.018	0	0
2719	112.095	0	0
2718	112.172	0	0
2717	111.818	0	0
2716	111.895	0	0
2715	111.972	0	0
2714	112.05	0	0
2713	112.127	0	0
2712	111.774	0	0
2711	111.852	0	0
2710	111.929	0	0
2709	112.006	0	0
2708	112.084	0	0
2707	111.733	0	0
2706	111.81	0	0
2705	111.888	0	0
2704	111.965	0	0
2703	111.615	0	0
2702	111.693	0	0
2701	111.77	0	0
2700	111.848	0	0
2699	111.926	0	0
2698	111.576	0	0
2697	111.654	0	0
2696	111.732	0	0
2695	111.81	0	0
2694	111.887	0	0
2693	111.54	0	0
2692	111.617	0	0
2691	111.695	0	0
2690	111.773	0	0
2689	111.851	0	0
2688	111.504	0	0
2687	111.582	0	0
2686	111.66	0	0
2685	111.738	0	0
2684	111.817	0	0
2683	111.47	0	0
2682	111.548	0	0
2681	111.626	0	0
2680	111.705	0	0
2679	111.36	0	0
2678	111.438	0	0
2677	111.517	0	0
2676	111.595	0	0
2675	111.673	0	0
2674	111.331	0	0
2673	111.409	0	0
2672	111.487	0	0
2671	111.565	0	0
2670	111.644	0	0
2669	111.303	0	0
2668	111.381	0	0
2667	111.459	0	0
2666	111.538	0	0
2665	111.616	0	0
2664	111.276	0	0
2663	111.355	0	0
2662	111.433	0	0
2661	111.512	0	0
2660	111.173	0	0
2659	111.252	0	0
2658	111.33	0	0
2657	111.409	0	0
2656	111.488	0	0
2655	111.15	0	0
2654	111.229	0	0
2653	111.308	0	0
2652	111.386	0	0
2651	111.465	0	0
2650	111.128	0	0
2649	111.207	0	0
2648	111.286	0	0
2647	111.365	0	0
2646	111.028	0	0
2645	111.107	0	0
2644	111.186	0	0
2643	111.265	0	0
2642	111.345	0	0
2641	111.008	0	0
2640	111.087	0	0
2639	111.167	0	0
2638	111.246	0	0
2637	110.91	0	0
2636	110.99	0	0
2635	111.069	0	0
2634	111.149	0	0
2633	111.229	0	0
2632	110.893	0	0
2631	110.973	0	0
2630	111.053	0	0
2629	111.132	0	0
2628	111.212	0	0
2627	110.877	0	0
2626	110.957	0	0
2625	111.037	0	0
2624	111.117	0	0
2623	110.782	0	0
2622	110.862	0	0
2621	110.943	0	0
2620	111.023	0	0
2619	111.103	0	0
2618	110.768	0	0
2617	110.849	0	0
2616	110.93	0	0
2615	111.01	0	0
2614	110.675	0	0
2613	110.756	0	0
2612	110.837	0	0
2611	110.918	0	0
2610	110.999	0	0
2609	110.663	0	0
2608	110.744	0	0
2607	110.825	0	0
2606	110.907	0	0
2605	110.571	0	0
2604	110.652	0	0
2603	110.734	0	0
2602	110.815	0	0
2601	110.897	0	0
2600	110.56	0	0
2599	110.642	0	0
2598	110.724	0	0
2597	110.806	0	0
2596	110.469	0	0
2595	110.551	0	0
2594	110.633	0	0
2593	110.715	0	0
2592	110.798	0	0
2591	110.46	0	0
2590	110.542	0	0
2589	110.625	0	0
2588	110.707	0	0
2587	110.369	0	0
2586	110.452	0	0
2585	110.535	0	0
2584	110.618	0	0
2583	110.701	0	0
2582	110.362	0	0
2581	110.445	0	0
2580	110.528	0	0
2579	110.611	0	0
2578	110.272	0	0
2577	110.355	0	0
2576	110.439	0	0
2575	110.522	0	0
2574	110.181	0	0
2573	110.265	0	0
2572	110.349	0	0
2571	110.433	0	0
2570	110.518	0	0
2569	110.176	0	0
2568	110.26	0	0
2567	110.344	0	0
2566	110.429	0	0
2565	110.086	0	0
2564	110.171	0	0
2563	110.256	0	0
2562	110.34	0	0
2561	109.997	0	0
2560	110.082	0	0
2559	110.167	0	0
2558	110.252	0	0
2557	110.338	0	0
2556	109.992	0	0
2555	110.078	0	0
2554	110.164	0	0
2553	110.249	0	0
2552	109.902	0	0
2551	109.988	0	0
2550	110.074	0	0
2549	110.161	0	0
2548	109.811	0	0
2547	109.898	0	0
2546	109.984	0	0
2545	110.071	0	0
2544	110.158	0	0
2543	109.806	0	0
2542	109.894	0	0
2541	109.981	0	0
2540	110.069	0	0
2539	109.715	0	0
2538	109.803	0	0
2537	109.89	0	0
2536	109.979	0	0
2535	109.622	0	0
2534	109.711	0	0
2533	109.799	0	0
2532	109.888	0	0
2531	109.29	0	0
2530	108.944	0	0
2529	109.031	0	0
2528	109.118	0	0
2527	109.205	0	0
2526	108.858	0	0
2525	108.946	0	0
2524	109.033	0	0
2523	109.121	0	0
2522	108.773	0	0
2521	108.861	0	0
2520	108.948	0	0
2519	109.036	0	0
2518	108.687	0	0
2517	108.775	0	0
2516	108.864	0	0
2515	108.952	0	0
2514	108.601	0	0
2513	108.69	0	0
2512	108.779	0	0
2511	108.868	0	0
2510	108.957	0	0
2509	108.604	0	0
2508	108.694	0	0
2507	108.783	0	0
2506	108.872	0	0
2505	108.519	0	0
2504	108.608	0	0
2503	108.698	0	0
2502	108.788	0	0
2501	108.432	0	0
2500	108.523	0	0
2499	108.613	0	0
2498	108.703	0	0
2497	108.345	0	0
2496	108.436	0	0
2495	108.527	0	0
2494	108.618	0	0
2493	108.257	0	0
2492	108.348	0	0
2491	108.44	0	0
2490	108.532	0	0
2489	108.169	0	0
2488	108.261	0	0
2487	108.353	0	0
2486	108.445	0	0
2485	108.081	0	0
2484	108.173	0	0
2483	108.266	0	0
2482	108.359	0	0
2481	107.992	0	0
2480	108.085	0	0
2479	108.179	0	0
2478	108.272	0	0
2477	108.365	0	0
2476	107.998	0	0
2475	108.091	0	0
2474	108.185	0	0
2473	108.279	0	0
2472	107.91	0	0
2471	108.004	0	0
2470	108.098	0	0
2469	108.192	0	0
2468	107.821	0	0
2467	107.916	0	0
2466	108.01	0	0
2465	108.105	0	0
2464	107.732	0	0
2463	107.827	0	0
2462	107.923	0	0
2461	108.018	0	0
2460	107.642	0	0
2459	107.738	0	0
2458	107.834	0	0
2457	107.93	0	0
2456	107.553	0	0
2455	107.649	0	0
2454	107.746	0	0
2453	107.842	0	0
2452	107.464	0	0
2451	107.561	0	0
2450	107.658	0	0
2449	107.755	0	0
2448	107.376	0	0
2447	107.473	0	0
2446	107.57	0	0
2445	107.668	0	0
2444	107.287	0	0
2443	107.384	0	0
2442	107.483	0	0
2441	107.581	0	0
2440	107.196	0	0
2439	107.294	0	0
2438	107.393	0	0
2437	107.005	0	0
2436	107.104	0	0
2435	107.204	0	0
2434	107.303	0	0
2433	106.913	0	0
2432	107.013	0	0
2431	107.113	0	0
2430	107.213	0	0
2429	106.821	0	0
2428	106.921	0	0
2427	107.022	0	0
2426	107.122	0	0
2425	106.728	0	0
2424	106.829	0	0
2423	106.93	0	0
2422	107.032	0	0
2421	106.636	0	0
2420	106.738	0	0
2419	106.839	0	0
2418	106.941	0	0
2417	106.544	0	0
2416	106.646	0	0
2415	106.748	0	0
2414	106.851	0	0
2413	106.451	0	0
2412	106.554	0	0
2411	106.657	0	0
2410	106.76	0	0
2409	106.357	0	0
2408	106.461	0	0
2407	106.565	0	0
2406	106.669	0	0
2405	106.263	0	0
2404	106.367	0	0
2403	106.472	0	0
2402	106.064	0	0
2401	106.168	0	0
2400	106.273	0	0
2399	106.378	0	0
2398	105.969	0	0
2397	106.075	0	0
2396	106.18	0	0
2395	106.285	0	0
2394	105.875	0	0
2393	105.981	0	0
2392	106.087	0	0
2391	106.193	0	0
2390	105.781	0	0
2389	105.887	0	0
2388	105.994	0	0
2387	106.101	0	0
2386	105.686	0	0
2385	105.793	0	0
2384	105.901	0	0
2383	105.484	0	0
2382	105.592	0	0
2381	105.699	0	0
2380	105.807	0	0
2379	105.389	0	0
2378	105.497	0	0
2377	105.605	0	0
2376	105.714	0	0
2375	105.294	0	0
2374	105.402	0	0
2373	105.511	0	0
2372	105.621	0	0
2371	105.198	0	0
2370	105.308	0	0
2369	105.417	0	0
2368	104.992	0	0
2367	105.102	0	0
2366	105.213	0	0
2365	105.323	0	0
2364	104.897	0	0
2363	105.007	0	0
2362	105.118	0	0
2361	105.229	0	0
2360	104.802	0	0
2359	104.913	0	0
2358	105.024	0	0
2357	104.596	0	0
2356	104.707	0	0
2355	104.819	0	0
2354	104.93	0	0
2353	104.501	0	0
2352	104.613	0	0
2351	104.725	0	0
2350	104.837	0	0
2349	104.407	0	0
2348	104.52	0	0
2347	104.632	0	0
2346	104.201	0	0
2345	104.314	0	0
2344	104.427	0	0
2343	104.54	0	0
2342	104.107	0	0
2341	103.899	0	0
2340	104.01	0	0
2339	104.122	0	0
2338	103.701	0	0
2337	103.813	0	0
2336	103.925	0	0
2335	103.502	0	0
2334	103.614	0	0
2333	103.727	0	0
2332	103.84	0	0
2331	103.414	0	0
2330	103.528	0	0
2329	103.641	0	0
2328	103.214	0	0
2327	103.328	0	0
2326	103.441	0	0
2325	103.555	0	0
2324	103.126	0	0
2323	103.241	0	0
2322	103.355	0	0
2321	103.47	0	0
2320	103.038	0	0
2319	103.153	0	0
2318	103.269	0	0
2317	102.833	0	0
2316	102.949	0	0
2315	103.066	0	0
2314	103.182	0	0
2313	102.744	0	0
2312	102.861	0	0
2311	102.978	0	0
2310	102.54	0	0
2309	102.657	0	0
2308	102.774	0	0
2307	102.891	0	0
2306	102.454	0	0
2305	102.571	0	0
2304	102.688	0	0
2303	102.252	0	0
2302	102.369	0	0
2301	102.486	0	0
2300	102.603	0	0
2299	102.168	0	0
2298	102.286	0	0
2297	102.403	0	0
2296	101.969	0	0
2295	102.086	0	0
2294	102.204	0	0
2293	102.321	0	0
2292	101.886	0	0
2291	102.004	0	0
2290	102.122	0	0
2289	101.686	0	0
2288	101.805	0	0
2287	101.923	0	0
2286	102.042	0	0
2285	101.606	0	0
2284	101.724	0	0
2283	101.843	0	0
2282	101.408	0	0
2281	101.527	0	0
2280	101.646	0	0
2279	101.765	0	0
2278	101.331	0	0
2277	101.45	0	0
2276	101.569	0	0
2275	101.137	0	0
2274	101.256	0	0
2273	101.375	0	0
2272	100.943	0	0
2271	101.062	0	0
2270	101.181	0	0
2269	101.301	0	0
2268	100.871	0	0
2267	100.99	0	0
2266	101.109	0	0
2265	100.681	0	0
2264	100.8	0	0
2263	100.919	0	0
2262	101.038	0	0
2261	100.611	0	0
2260	100.73	0	0
2259	100.85	0	0
2258	100.425	0	0
2257	100.544	0	0
2256	100.663	0	0
2255	100.241	0	0
2254	100.36	0	0
2253	100.479	0	0
2252	100.598	0	0
2251	100.179	0	0
2250	100.297	0	0
2249	100.416	0	0
2248	100	0	0
2247	100.118	0	0
2246	100.237	0	0
2245	99.8237	0	0
2244	99.9417	0	0
2243	100.06	0	0
2242	100.178	0	0
2241	99.7676	0	0
2240	99.8856	0	0
2239	100.004	0	0
2238	99.5961	0	0
2237	99.7138	0	0
2236	99.8316	0	0
2235	99.4267	0	0
2234	99.5443	0	0
2233	99.662	0	0
2232	99.7798	0	0
2231	99.3766	0	0
2230	99.4943	0	0
2229	99.6121	0	0
2228	99.2104	0	0
2227	99.3281	0	0
2226	99.446	0	0
2225	99.046	0	0
2224	99.1636	0	0
2223	99.2813	0	0
2222	99.3992	0	0
2221	99.0013	0	0
2220	99.1188	0	0
2219	99.2365	0	0
2218	98.8414	0	0
2217	98.9587	0	0
2216	99.0761	0	0
2215	98.684	0	0
2214	98.801	0	0
2213	98.9182	0	0
2212	98.5298	0	0
2211	98.6463	0	0
2210	98.763	0	0
2209	98.8798	0	0
2208	98.495	0	0
2207	98.6111	0	0
2206	98.7274	0	0
2205	98.3461	0	0
2204	98.4621	0	0
2203	98.5782	0	0
2202	98.1987	0	0
2201	98.3147	0	0
2200	98.4308	0	0
2199	98.0527	0	0
2198	98.1687	0	0
2197	98.2849	0	0
2196	97.9086	0	0
2195	98.0245	0	0
2194	98.1405	0	0
2193	98.2567	0	0
2192	97.8824	0	0
2191	97.9982	0	0
2190	98.1142	0	0
2189	97.7436	0	0
2188	97.8588	0	0
2187	97.9742	0	0
2186	97.6088	0	0
2185	97.7232	0	0
2184	97.8378	0	0
2183	97.4778	0	0
2182	97.5915	0	0
2181	97.7054	0	0
2180	97.3516	0	0
2179	97.4643	0	0
2178	97.5772	0	0
2177	97.23	0	0
2176	97.3418	0	0
2175	97.4537	0	0
2174	97.5659	0	0
2173	97.2229	0	0
2172	97.3343	0	0
2171	97.446	0	0
2170	97.1067	0	0
2169	97.2178	0	0
2168	97.3291	0	0
2167	96.9928	0	0
2166	97.1037	0	0
2165	97.2147	0	0
2164	96.8815	0	0
2163	96.992	0	0
2162	97.1026	0	0
2161	96.7732	0	0
2160	96.8831	0	0
2159	96.9933	0	0
2158	96.6682	0	0
2157	96.7775	0	0
2156	96.8871	0	0
2155	96.5657	0	0
2154	96.6748	0	0
2153	96.784	0	0
2152	96.4657	0	0
2151	95.4239	0	0
2150	95.5439	0	0
2149	95.1704	0	0
2148	95.2895	0	0
2147	95.4089	0	0
2146	95.04	0	0
2145	95.1586	0	0
2144	95.2773	0	0
2143	94.9124	0	0
2142	95.0306	0	0
2141	95.1489	0	0
2140	94.7868	0	0
2139	94.9048	0	0
2138	95.0229	0	0
2137	94.6627	0	0
2136	94.7807	0	0
2135	94.8988	0	0
2134	94.5403	0	0
2133	94.6582	0	0
2132	94.7762	0	0
2131	94.8945	0	0
2130	94.5378	0	0
2129	94.6556	0	0
2128	94.7735	0	0
2127	94.4202	0	0
2126	94.5374	0	0
2125	94.6548	0	0
2124	94.3061	0	0
2123	94.4225	0	0
2122	94.0798	0	0
2121	94.1954	0	0
2120	94.3112	0	0
2119	93.9731	0	0
2118	94.0881	0	0
2117	94.2033	0	0
2116	93.8686	0	0
2115	93.9833	0	0
2114	94.0982	0	0
2113	93.7668	0	0
2112	93.881	0	0
2111	93.9955	0	0
2110	93.6676	0	0
2109	93.7814	0	0
2108	93.8954	0	0
2107	93.571	0	0
2106	93.6844	0	0
2105	93.798	0	0
2104	93.4775	0	0
2103	93.5903	0	0
2102	93.7033	0	0
2101	93.3867	0	0
2100	93.499	0	0
2099	93.6115	0	0
2098	93.2974	0	0
2097	93.4097	0	0
2096	93.5222	0	0
2095	93.2093	0	0
2094	93.3217	0	0
2093	93.4343	0	0
2092	93.1227	0	0
2091	93.235	0	0
2090	93.3475	0	0
2089	93.0379	0	0
2088	93.15	0	0
2087	93.2623	0	0
2086	92.9539	0	0
2085	93.0663	0	0
2084	93.1789	0	0
2083	92.8691	0	0
2082	92.9826	0	0
2081	92.6679	0	0
2080	92.7824	0	0
2079	92.8972	0	0
2078	92.5784	0	0
2077	92.6941	0	0
2076	92.81	0	0
2075	92.4878	0	0
2074	92.6045	0	0
2073	92.7214	0	0
2072	92.3955	0	0
2071	92.5134	0	0
2070	92.6315	0	0
2069	92.3015	0	0
2068	92.4206	0	0
2067	92.54	0	0
2066	92.2058	0	0
2065	92.3261	0	0
2064	91.9873	0	0
2063	92.1086	0	0
2062	92.2301	0	0
2061	91.8875	0	0
2060	92.01	0	0
2059	92.1327	0	0
2058	91.7875	0	0
2057	91.9107	0	0
2056	92.0341	0	0
2055	91.6881	0	0
2054	91.8116	0	0
2053	91.9353	0	0
2052	91.5884	0	0
2051	91.7127	0	0
2050	91.364	0	0
2049	91.4887	0	0
2048	91.6135	0	0
2047	91.2636	0	0
2046	91.3889	0	0
2045	91.5145	0	0
2044	91.163	0	0
2043	91.289	0	0
2042	91.4153	0	0
2041	91.0619	0	0
2040	91.1888	0	0
2039	91.3159	0	0
2038	90.9605	0	0
2037	91.0882	0	0
2036	90.7303	0	0
2035	90.8587	0	0
2034	90.9872	0	0
2033	90.6263	0	0
2032	90.7559	0	0
2031	90.8856	0	0
2030	90.5212	0	0
2029	90.6519	0	0
2028	90.7829	0	0
2027	90.4144	0	0
2026	90.5466	0	0
2025	90.1723	0	0
2024	90.3059	0	0
2023	90.4396	0	0
2022	90.0598	0	0
2021	90.1952	0	0
2020	90.3308	0	0
2019	89.9449	0	0
2018	90.0821	0	0
2017	89.6884	0	0
2016	89.8274	0	0
2015	89.9667	0	0
2014	89.5659	0	0
2013	89.7071	0	0
2012	89.8485	0	0
2011	89.4402	0	0
2010	89.5837	0	0
2009	89.1657	0	0
2008	89.3113	0	0
2007	89.4572	0	0
2006	89.0313	0	0
2005	89.1793	0	0
2004	89.3275	0	0
2003	88.8938	0	0
2002	89.0442	0	0
2001	88.6008	0	0
2000	88.7533	0	0
1999	88.906	0	0
1998	88.4552	0	0
1997	88.61	0	0
1996	88.7649	0	0
1995	88.3072	0	0
1994	88.4641	0	0
1993	87.9985	0	0
1992	88.1571	0	0
1991	88.3159	0	0
1990	87.8449	0	0
1989	88.0052	0	0
1988	88.1658	0	0
1987	87.6899	0	0
1986	87.8518	0	0
1985	87.3704	0	0
1984	87.5337	0	0
1983	87.6972	0	0
1982	87.2118	0	0
1981	87.3765	0	0
1980	86.8866	0	0
1979	87.0524	0	0
1978	87.2184	0	0
1977	86.7259	0	0
1976	86.8927	0	0
1975	87.0598	0	0
1974	86.5672	0	0
1973	86.7338	0	0
1972	86.2456	0	0
1971	86.4112	0	0
1970	86.5771	0	0
1969	86.0909	0	0
1968	86.2571	0	0
1967	85.7696	0	0
1966	85.9365	0	0
1965	86.1036	0	0
1964	85.6155	0	0
1963	85.7827	0	0
1962	85.1383	0	0
1961	85.292	0	0
1960	85.4459	0	0
1959	85.0114	0	0
1958	85.167	0	0
1957	84.7254	0	0
1956	84.8828	0	0
1955	85.0405	0	0
1954	84.5932	0	0
1953	84.7526	0	0
1952	84.9123	0	0
1951	84.4593	0	0
1950	84.6208	0	0
1949	84.1604	0	0
1948	84.3238	0	0
1947	84.4874	0	0
1946	84.0213	0	0
1945	84.1867	0	0
1944	83.714	0	0
1943	83.881	0	0
1942	84.0483	0	0
1941	83.5708	0	0
1940	83.7396	0	0
1939	83.2569	0	0
1938	83.4269	0	0
1937	83.5973	0	0
1936	83.1112	0	0
1935	83.2826	0	0
1934	82.793	0	0
1933	82.9654	0	0
1932	83.1381	0	0
1931	82.6456	0	0
1930	82.8195	0	0
1929	82.3245	0	0
1928	82.4987	0	0
1927	82.0032	0	0
1926	82.1778	0	0
1925	82.3526	0	0
1924	81.8565	0	0
1923	82.0318	0	0
1922	81.5352	0	0
1921	81.7108	0	0
1920	81.8866	0	0
1919	81.3929	0	0
1918	81.5672	0	0
1917	81.0827	0	0
1916	81.2548	0	0
1915	81.4272	0	0
1914	80.9484	0	0
1913	81.1201	0	0
1912	80.6436	0	0
1911	80.8154	0	0
1910	80.3403	0	0
1909	80.5119	0	0
1908	80.6838	0	0
1907	80.2102	0	0
1906	80.3818	0	0
1905	79.9101	0	0
1904	80.0816	0	0
1903	80.2534	0	0
1902	79.7827	0	0
1901	79.9544	0	0
1900	79.484	0	0
1899	79.6561	0	0
1898	79.1852	0	0
1897	79.3577	0	0
1896	79.5305	0	0
1895	79.059	0	0
1894	79.2322	0	0
1893	78.7609	0	0
1892	78.9342	0	0
1891	79.1077	0	0
1890	78.6371	0	0
1889	78.8106	0	0
1888	78.3411	0	0
1887	78.5147	0	0
1886	78.0461	0	0
1885	78.2196	0	0
1884	78.3935	0	0
1883	77.9255	0	0
1882	78.0995	0	0
1881	77.6324	0	0
1880	77.8063	0	0
1879	77.3409	0	0
1878	77.5146	0	0
1877	77.6886	0	0
1876	77.2248	0	0
1875	77.3984	0	0
1874	76.9375	0	0
1873	77.1106	0	0
1872	76.6534	0	0
1871	76.8257	0	0
1870	76.9982	0	0
1869	76.5447	0	0
1868	76.7161	0	0
1867	76.2676	0	0
1866	76.4381	0	0
1865	75.9945	0	0
1864	76.164	0	0
1863	76.3338	0	0
1862	75.8937	0	0
1861	76.0626	0	0
1860	75.6268	0	0
1859	75.7949	0	0
1858	75.3632	0	0
1857	75.5305	0	0
1856	75.1027	0	0
1855	75.2693	0	0
1854	75.4362	0	0
1853	75.0108	0	0
1852	75.1772	0	0
1851	74.7545	0	0
1850	74.9205	0	0
1849	74.4993	0	0
1848	74.6654	0	0
1847	74.8318	0	0
1846	74.4108	0	0
1845	74.5775	0	0
1844	74.1599	0	0
1843	74.3246	0	0
1842	73.9216	0	0
1841	74.081	0	0
1840	73.6943	0	0
1839	73.8506	0	0
1838	74.0071	0	0
1837	73.6254	0	0
1836	73.7821	0	0
1835	73.4009	0	0
1834	73.5576	0	0
1833	73.1789	0	0
1832	73.3348	0	0
1831	72.9599	0	0
1830	73.115	0	0
1829	72.7429	0	0
1828	72.8977	0	0
1827	73.0528	0	0
1826	72.682	0	0
1825	72.8368	0	0
1824	72.4675	0	0
1823	72.6223	0	0
1822	72.2537	0	0
1821	72.4087	0	0
1820	72.0401	0	0
1819	72.1954	0	0
1818	71.8263	0	0
1817	71.982	0	0
1816	72.1381	0	0
1815	71.7683	0	0
1814	71.9249	0	0
1813	71.5544	0	0
1812	71.7114	0	0
1811	71.3408	0	0
1810	71.498	0	0
1809	71.127	0	0
1808	71.2848	0	0
1807	70.9125	0	0
1806	71.071	0	0
1805	71.2297	0	0
1804	70.8565	0	0
1803	71.0159	0	0
1802	70.6416	0	0
1801	70.8014	0	0
1800	70.4265	0	0
1799	70.5868	0	0
1798	70.2108	0	0
1797	70.3719	0	0
1796	69.9944	0	0
1795	70.1562	0	0
1794	69.7774	0	0
1793	69.9398	0	0
1792	69.5596	0	0
1791	69.7227	0	0
1790	69.3409	0	0
1789	69.5048	0	0
1788	69.6691	0	0
1787	69.286	0	0
1786	69.451	0	0
1785	69.0661	0	0
1784	69.2321	0	0
1783	68.8441	0	0
1782	69.0117	0	0
1781	68.6194	0	0
1780	68.7886	0	0
1779	68.3916	0	0
1778	68.5626	0	0
1777	68.1584	0	0
1776	68.3326	0	0
1775	67.9216	0	0
1774	68.0975	0	0
1773	67.6945	0	0
1772	67.334	0	0
1771	66.9756	0	0
1770	67.1347	0	0
1769	66.7756	0	0
1768	66.9352	0	0
1767	67.0951	0	0
1766	66.7353	0	0
1765	66.8959	0	0
1764	66.5344	0	0
1763	66.6961	0	0
1762	66.3318	0	0
1761	66.4948	0	0
1760	66.1273	0	0
1759	66.2917	0	0
1758	65.9212	0	0
1757	66.0866	0	0
1756	65.7142	0	0
1755	65.8804	0	0
1754	65.5064	0	0
1753	65.6735	0	0
1752	65.2975	0	0
1751	65.4656	0	0
1750	65.0875	0	0
1749	65.2566	0	0
1748	64.8764	0	0
1747	65.0465	0	0
1746	64.6645	0	0
1745	64.8354	0	0
1744	64.4517	0	0
1743	64.6236	0	0
1742	64.2374	0	0
1741	64.4107	0	0
1740	64.0211	0	0
1739	64.1959	0	0
1738	63.8026	0	0
1737	63.979	0	0
1736	63.5819	0	0
1735	63.76	0	0
1734	63.359	0	0
1733	63.5386	0	0
1732	63.1344	0	0
1731	63.3154	0	0
1730	62.9065	0	0
1729	63.09	0	0
1728	62.6741	0	0
1727	62.8606	0	0
1726	62.4419	0	0
1725	62.6279	0	0
1724	62.2167	0	0
1723	62.3986	0	0
1722	61.9985	0	0
1721	62.1777	0	0
1720	61.7836	0	0
1719	61.9623	0	0
1718	61.5688	0	0
1717	61.7484	0	0
1716	61.3527	0	0
1715	61.5337	0	0
1714	61.1357	0	0
1713	61.3177	0	0
1712	60.918	0	0
1711	61.1009	0	0
1710	60.7001	0	0
1709	60.8836	0	0
1708	60.4817	0	0
1707	60.0783	0	0
1706	60.263	0	0
1705	59.8582	0	0
1704	60.0439	0	0
1703	59.6376	0	0
1702	59.8242	0	0
1701	59.4163	0	0
1700	59.6039	0	0
1699	59.1945	0	0
1698	59.383	0	0
1697	58.9722	0	0
1696	59.1616	0	0
1695	58.7493	0	0
1694	58.9397	0	0
1693	58.5258	0	0
1692	58.7171	0	0
1691	58.302	0	0
1690	58.4942	0	0
1689	58.0778	0	0
1688	58.2708	0	0
1687	57.8535	0	0
1686	57.4358	0	0
1685	57.6294	0	0
1684	57.2116	0	0
1683	57.4057	0	0
1682	56.9877	0	0
1681	57.1823	0	0
1680	56.764	0	0
1679	56.9592	0	0
1678	56.5406	0	0
1677	56.7363	0	0
1676	56.3175	0	0
1675	56.5137	0	0
1674	56.0948	0	0
1673	55.6761	0	0
1672	55.8726	0	0
1671	55.4541	0	0
1670	55.6509	0	0
1669	55.2331	0	0
1668	55.43	0	0
1667	55.0124	0	0
1666	55.2099	0	0
1665	54.7909	0	0
1664	54.9898	0	0
1663	54.5698	0	0
1662	54.7687	0	0
1661	54.3525	0	0
1660	53.9509	0	0
1659	54.1419	0	0
1658	53.749	0	0
1657	53.9376	0	0
1656	53.5498	0	0
1655	53.7374	0	0
1654	53.3526	0	0
1653	53.5396	0	0
1652	53.1569	0	0
1651	52.777	0	0
1650	52.9629	0	0
1649	52.585	0	0
1648	52.7705	0	0
1647	52.3946	0	0
1646	52.5797	0	0
1645	52.2059	0	0
1644	52.3905	0	0
1643	52.0189	0	0
1642	51.6506	0	0
1641	51.8337	0	0
1640	51.4679	0	0
1639	51.6503	0	0
1638	51.287	0	0
1637	51.4688	0	0
1636	51.1078	0	0
1635	51.289	0	0
1634	50.9304	0	0
1633	50.5756	0	0
1632	50.755	0	0
1631	50.4027	0	0
1630	50.5815	0	0
1629	50.2316	0	0
1628	50.4098	0	0
1627	50.0623	0	0
1626	49.7184	0	0
1625	49.8948	0	0
1624	49.5536	0	0
1623	49.7292	0	0
1622	49.3904	0	0
1621	49.5655	0	0
1620	49.229	0	0
1619	48.8961	0	0
1618	49.0693	0	0
1617	48.7394	0	0
1616	48.9117	0	0
1615	48.5846	0	0
1614	48.2613	0	0
1613	48.4317	0	0
1612	48.1109	0	0
1611	48.2805	0	0
1610	47.9625	0	0
1609	48.1312	0	0
1608	47.8157	0	0
1607	47.5027	0	0
1606	47.6703	0	0
1605	47.359	0	0
1604	47.526	0	0
1603	47.2185	0	0
1602	46.9214	0	0
1601	47.0823	0	0
1600	46.7923	0	0
1599	46.9504	0	0
1598	46.6656	0	0
1597	46.8223	0	0
1596	46.5411	0	0
1595	46.2641	0	0
1594	46.4184	0	0
1593	46.1439	0	0
1592	46.2975	0	0
1591	46.0255	0	0
1590	45.757	0	0
1589	45.9087	0	0
1588	45.6426	0	0
1587	45.7935	0	0
1586	45.5296	0	0
1585	45.2688	0	0
1584	45.4181	0	0
1583	45.1594	0	0
1582	44.7942	0	0
1581	44.5054	0	0
1580	44.2201	0	0
1579	44.3804	0	0
1578	44.0979	0	0
1577	44.2571	0	0
1576	43.9774	0	0
1575	43.7017	0	0
1574	43.8587	0	0
1573	43.5853	0	0
1572	43.3153	0	0
1571	43.4704	0	0
1570	43.2027	0	0
1569	43.357	0	0
1568	43.0916	0	0
1567	42.8295	0	0
1566	42.982	0	0
1565	42.7216	0	0
1564	42.8737	0	0
1563	42.6145	0	0
1562	42.3573	0	0
1561	42.5085	0	0
1560	42.2542	0	0
1559	42.0077	0	0
1558	42.154	0	0
1557	41.9126	0	0
1556	42.0567	0	0
1555	41.8189	0	0
1554	41.5834	0	0
1553	41.7263	0	0
1552	41.4922	0	0
1551	41.2615	0	0
1550	41.4024	0	0
1549	41.1743	0	0
1548	41.3142	0	0
1547	41.0883	0	0
1546	40.8647	0	0
1545	41.0034	0	0
1544	40.781	0	0
1543	40.5603	0	0
1542	40.6982	0	0
1541	40.4786	0	0
1540	40.6162	0	0
1539	40.3977	0	0
1538	40.1811	0	0
1537	40.3178	0	0
1536	40.1027	0	0
1535	39.8904	0	0
1534	40.0255	0	0
1533	39.8147	0	0
1532	39.6061	0	0
1531	39.74	0	0
1530	39.5326	0	0
1529	39.3268	0	0
1528	39.46	0	0
1527	39.2552	0	0
1526	39.3881	0	0
1525	39.1844	0	0
1524	38.9824	0	0
1523	39.1145	0	0
1522	38.9137	0	0
1521	38.7147	0	0
1520	38.8457	0	0
1519	38.6478	0	0
1518	38.4512	0	0
1517	38.5817	0	0
1516	38.3856	0	0
1515	38.1903	0	0
1514	38.3207	0	0
1513	38.1257	0	0
1512	37.9311	0	0
1511	38.0617	0	0
1510	37.8673	0	0
1509	37.6733	0	0
1508	37.804	0	0
1507	37.6109	0	0
1506	37.4202	0	0
1505	37.5494	0	0
1504	37.3602	0	0
1503	37.1718	0	0
1502	37.3008	0	0
1501	37.1124	0	0
1500	36.9239	0	0
1499	37.0533	0	0
1498	36.8652	0	0
1497	36.6778	0	0
1496	36.8071	0	0
1495	36.6201	0	0
1494	36.433	0	0
1493	36.5628	0	0
1492	36.3756	0	0
1491	36.188	0	0
1490	36.3185	0	0
1489	36.1309	0	0
1488	35.943	0	0
1487	36.0742	0	0
1486	35.8861	0	0
1485	35.6977	0	0
1484	35.8298	0	0
1483	35.6411	0	0
1482	35.452	0	0
1481	35.2623	0	0
1480	35.3956	0	0
1479	35.2054	0	0
1478	35.0141	0	0
1477	35.1488	0	0
1476	34.957	0	0
1475	34.7642	0	0
1474	34.9003	0	0
1473	34.7069	0	0
1472	34.5126	0	0
1471	34.6501	0	0
1470	34.4552	0	0
1469	34.2592	0	0
1468	34.062	0	0
1467	34.2017	0	0
1466	34.0039	0	0
1465	33.8048	0	0
1464	33.9461	0	0
1463	33.7464	0	0
1462	33.5454	0	0
1461	33.3429	0	0
1460	33.4866	0	0
1459	33.2834	0	0
1458	33.0787	0	0
1457	33.2243	0	0
1456	33.0193	0	0
1455	32.8136	0	0
1454	32.9603	0	0
1453	32.7543	0	0
1452	32.5468	0	0
1451	32.3376	0	0
1450	32.4871	0	0
1449	32.2771	0	0
1448	32.0657	0	0
1447	31.8526	0	0
1446	32.0049	0	0
1445	31.7911	0	0
1444	31.5757	0	0
1443	31.7301	0	0
1442	31.5139	0	0
1441	31.296	0	0
1440	31.0765	0	0
1439	31.234	0	0
1438	31.0136	0	0
1437	30.7914	0	0
1436	30.5673	0	0
1435	30.7282	0	0
1434	30.5034	0	0
1433	30.2772	0	0
1432	30.4401	0	0
1431	30.2133	0	0
1430	29.9852	0	0
1429	29.7561	0	0
1428	29.9215	0	0
1427	29.6918	0	0
1426	29.4609	0	0
1425	29.2289	0	0
1424	29.3968	0	0
1423	29.1643	0	0
1422	28.9304	0	0
1421	28.6953	0	0
1420	28.8659	0	0
1419	28.6303	0	0
1418	28.3932	0	0
1417	28.1547	0	0
1416	28.3283	0	0
1415	28.0893	0	0
1414	27.849	0	0
1413	27.6077	0	0
1412	27.7839	0	0
1411	27.5423	0	0
1410	27.3001	0	0
1409	27.0572	0	0
1408	27.2353	0	0
1407	26.9922	0	0
1406	26.7487	0	0
1405	26.504	0	0
1404	26.6845	0	0
1403	26.4393	0	0
1402	26.1941	0	0
1401	25.9481	0	0
1400	25.7014	0	0
1399	25.8839	0	0
1398	25.6371	0	0
1397	25.39	0	0
1396	25.1429	0	0
1395	25.3267	0	0
1394	25.0796	0	0
1393	24.8323	0	0
1392	24.138	0	0
1391	23.9067	0	0
1390	24.0811	0	0
1389	23.8499	0	0
1388	23.6185	0	0
1387	23.387	0	0
1386	23.5626	0	0
1385	23.3312	0	0
1384	23.0995	0	0
1383	22.8676	0	0
1382	22.6354	0	0
1381	22.8126	0	0
1380	22.5805	0	0
1379	22.3487	0	0
1378	22.1171	0	0
1377	21.8858	0	0
1376	22.0636	0	0
1375	21.8327	0	0
1374	21.6026	0	0
1373	21.3729	0	0
1372	21.1435	0	0
1371	21.3213	0	0
1370	21.0921	0	0
1369	20.8632	0	0
1368	20.6347	0	0
1367	20.4072	0	0
1366	20.5849	0	0
1365	20.3579	0	0
1364	20.1318	0	0
1363	19.9067	0	0
1362	19.6824	0	0
1361	19.8591	0	0
1360	19.6353	0	0
1359	19.4122	0	0
1358	19.1899	0	0
1357	18.9684	0	0
1356	18.7476	0	0
1355	18.9234	0	0
1354	18.7031	0	0
1353	18.4837	0	0
1352	18.2653	0	0
1351	18.0482	0	0
1350	17.8326	0	0
1349	18.0062	0	0
1348	17.7913	0	0
1347	17.5777	0	0
1346	17.3656	0	0
1345	17.1548	0	0
1344	17.3262	0	0
1343	17.116	0	0
1342	16.9069	0	0
1341	16.699	0	0
1340	16.4928	0	0
1339	16.2883	0	0
1338	16.0857	0	0
1337	16.2529	0	0
1336	16.0509	0	0
1335	15.8504	0	0
1334	15.6513	0	0
1333	15.454	0	0
1332	15.2584	0	0
1331	15.4218	0	0
1330	15.227	0	0
1329	15.0337	0	0
1328	14.8419	0	0
1327	14.6519	0	0
1326	14.4637	0	0
1325	14.2772	0	0
1324	14.4355	0	0
1323	14.2498	0	0
1322	14.0657	0	0
1321	13.8834	0	0
1320	13.7027	0	0
1319	13.5239	0	0
1318	13.3469	0	0
1317	13.1718	0	0
1316	13.3233	0	0
1315	13.1489	0	0
1314	12.9763	0	0
1313	12.8055	0	0
1312	12.6365	0	0
1311	12.4692	0	0
1310	12.3038	0	0
1309	12.1403	0	0
1308	12.2846	0	0
1307	12.1218	0	0
1306	11.9608	0	0
1305	11.8017	0	0
1304	11.6445	0	0
1303	11.4891	0	0
1302	11.3354	0	0
1301	11.1834	0	0
1300	11.033	0	0
1299	11.1689	0	0
1298	11.019	0	0
1297	10.8708	0	0
1296	10.7242	0	0
1295	10.5795	0	0
1294	10.4367	0	0
1293	10.296	0	0
1292	2380.87	0	0
1291	-nan	0	0
1290	-nan	0	0
1289	-nan	0	0
1288	-nan	0	0
1287	-nan	0	0
1286	-1.75736e+06	0	0
1285	-1.73808e+06	0	0
1284	-1.71876e+06	0	0
1283	-1.6994e+06	0	0
1282	-1.68e+06	0	0
1281	-1.66055e+06	0	0
1280	-1.64107e+06	0	0
1279	-1.62154e+06	0	0
1278	-1.60197e+06	0	0
1277	-1.58236e+06	0	0
1276	-1.5627e+06	0	0
1275	-1.543e+06	0	0
1274	-1.52326e+06	0	0
1273	-1.50348e+06	0	0
1272	-1.48366e+06	0	0
1271	-1.46379e+06	0	0
1270	-1.44388e+06	0	0
1269	-1.42393e+06	0	0
1268	-1.40393e+06	0	0
1267	-1.38389e+06	0	0
1266	-1.36381e+06	0	0
1265	-1.34368e+06	0	0
1264	-1.32351e+06	0	0
1263	-1.3033e+06	0	0
1262	-1.28304e+06	0	0
1261	-1.26274e+06	0	0
1260	-1.24239e+06	0	0
1259	-1.222e+06	0	0
1258	-1.20157e+06	0	0
1257	-1.18109e+06	0	0
1256	-1.16057e+06	0	0
1255	-1.14e+06	0	0
1254	-1.11939e+06	0	0
1253	-1.09873e+06	0	0
1252	-1.07803e+06	0	0
1251	-1.05729e+06	0	0
1250	-1.03649e+06	0	0
1249	-1.01566e+06	0	0
1248	-994777	0	0
1247	-973850	0	0
1246	-952877	0	0
1245	-931858	0	0
1244	-910794	0	0
1243	-889684	0	0
1242	-868528	0	0
1241	-847326	0	0
1240	-826078	0	0
1239	-804783	0	0
1238	-783442	0	0
1237	-762055	0	0
1236	-740620	0	0
1235	-719139	0	0
1234	-697611	0	0
1233	-676036	0	0
1232	-654414	0	0
1231	-632744	0	0
1230	-611027	0	0
1229	-589263	0	0
1228	-567451	0	0
1227	-545591	0	0
1226	-523683	0	0
1225	-501727	0	0
1224	-479723	0	0
1223	-457671	0	0
1222	-435571	0	0
1221	-413422	0	0
1220	-391224	0	0
1219	-368978	0	0
1218	-346683	0	0
1217	-324339	0	0
1216	-301945	0	0
1215	-279503	0	0
1214	-257011	0	0
1213	-234469	0	0
1212	-211878	0	0
1211	-189238	0	0
1210	-166547	0	0
1209	-143806	0	0
1208	-121016	0	0
1207	-98174.7	0	0
1206	-75283.3	0	0
1205	-52341.4	0	0
1204	-29348.8	0	0
1203	-6305.45	0	0
1202	-4.47113e+06	0	0
1201	-4.45241e+06	0	0
1200	-4.43364e+06	0	0
1199	-4.41483e+06	0	0
1198	-4.39598e+06	0	0
1197	-4.37708e+06	0	0
1196	-4.35814e+06	0	0
1195	-4.33915e+06	0	0
1194	-4.32012e+06	0	0
1193	-4.30104e+06	0	0
1192	-4.28192e+06	0	0
1191	-4.26276e+06	0	0
1190	-4.24355e+06	0	0
1189	-4.22429e+06	0	0
1188	-4.20499e+06	0	0
1187	-4.18565e+06	0	0
1186	-4.16626e+06	0	0
1185	-4.14682e+06	0	0
1184	-4.12734e+06	0	0
1183	-4.10781e+06	0	0
1182	-4.08823e+06	0	0
1181	-4.06861e+06	0	0
1180	-4.04895e+06	0	0
