6379	-5279.02	0	0
6378	-2606.9	0	0
6377	-1731.06	0	0
6376	-1297.11	0	0
6375	-1038.2	0	0
6374	-866.228	0	0
6373	-743.682	0	0
6372	-651.911	0	0
6371	-580.596	0	0
6370	-523.568	0	0
6369	-476.912	0	0
6368	-438.025	0	0
6367	-405.107	0	0
6366	-376.876	0	0
6365	-352.393	0	0
6364	-330.954	0	0
6363	-312.021	0	0
6362	-295.177	0	0
6361	-280.091	0	0
6360	-266.5	0	0
6359	-254.191	0	0
6358	-242.99	0	0
6357	-232.751	0	0
6356	-223.356	0	0
6355	-214.704	0	0
6354	-206.708	0	0
6353	-199.297	0	0
6352	-192.407	0	0
6351	-185.986	0	0
6350	-179.987	0	0
6349	-174.369	0	0
6348	-169.096	0	0
6347	-164.138	0	0
6346	-159.467	0	0
6345	-155.058	0	0
6344	-150.89	0	0
6343	-146.943	0	0
6342	-143.201	0	0
6341	-139.646	0	0
6340	-136.267	0	0
6339	-133.049	0	0
6338	-129.981	0	0
6337	-127.054	0	0
6336	-124.256	0	0
6335	-121.581	0	0
6334	-119.02	0	0
6333	-116.566	0	0
6332	-114.212	0	0
6331	-111.952	0	0
6330	-109.78	0	0
6329	-107.692	0	0
6328	-105.683	0	0
6327	-103.748	0	0
6326	-101.883	0	0
6325	-100.085	0	0
6324	-98.3492	0	0
6323	-96.6733	0	0
6322	-95.0539	0	0
6321	-93.4882	0	0
6320	-91.9737	0	0
6319	-90.5077	0	0
6318	-89.088	0	0
6317	-87.7124	0	0
6316	-86.3789	0	0
6315	-85.0855	0	0
6314	-83.8305	0	0
6313	-82.6121	0	0
6312	-81.4288	0	0
6311	-80.279	0	0
6310	-79.1614	0	0
6309	-78.0746	0	0
6308	-77.0173	0	0
6307	-75.9884	0	0
6306	-74.9867	0	0
6305	-74.0111	0	0
6304	-73.0606	0	0
6303	-72.1343	0	0
6302	-71.2312	0	0
6301	-70.3505	0	0
6300	-69.4913	0	0
6299	-68.6529	0	0
6298	-67.8345	0	0
6297	-67.0354	0	0
6296	-66.2549	0	0
6295	-65.4924	0	0
6294	-64.7472	0	0
6293	-64.0188	0	0
6292	-63.3066	0	0
6291	-62.6101	0	0
6290	-61.9287	0	0
6289	-61.262	0	0
6288	-60.6095	0	0
6287	-59.9707	0	0
6286	-59.3453	0	0
6285	-58.7327	0	0
6284	-58.1326	0	0
6283	-57.5447	0	0
6282	-56.9684	0	0
6281	-56.4036	0	0
6280	-55.8499	0	0
6279	-55.3069	0	0
6278	-54.7744	0	0
6277	-54.2519	0	0
6276	-53.7393	0	0
6275	-53.2363	0	0
6274	-52.7426	0	0
6273	-52.258	0	0
6272	-51.7821	0	0
6271	-51.3148	0	0
6270	-50.8558	0	0
6269	-50.405	0	0
6268	-49.962	0	0
6267	-49.5267	0	0
6266	-49.099	0	0
6265	-48.6785	0	0
6264	-48.2651	0	0
6263	-47.8587	0	0
6262	-47.459	0	0
6261	-47.0659	0	0
6260	-46.6793	0	0
6259	-46.2989	0	0
6258	-45.9247	0	0
6257	-45.5564	0	0
6256	-45.1939	0	0
6255	-44.8372	0	0
6254	-44.486	0	0
6253	-44.1403	0	0
6252	-43.7999	0	0
6251	-43.4646	0	0
6250	-43.1344	0	0
6249	-42.8092	0	0
6248	-42.4888	0	0
6247	-42.1732	0	0
6246	-41.8622	0	0
6245	-41.5557	0	0
6244	-41.2537	0	0
6243	-40.956	0	0
6242	-40.6625	0	0
6241	-40.3732	0	0
6240	-40.088	0	0
6239	-39.8068	0	0
6238	-39.5294	0	0
6237	-39.2559	0	0
6236	-38.9861	0	0
6235	-38.72	0	0
6234	-38.4574	0	0
6233	-38.1984	0	0
6232	-37.9429	0	0
6231	-37.6907	0	0
6230	-37.4418	0	0
6229	-37.1962	0	0
6228	-36.9538	0	0
6227	-36.7145	0	0
6226	-36.4783	0	0
6225	-36.245	0	0
6224	-36.0148	0	0
6223	-35.7874	0	0
6222	-35.5628	0	0
6221	-35.3411	0	0
6220	-35.1221	0	0
6219	-34.9057	0	0
6218	-34.692	0	0
6217	-34.4809	0	0
6216	-34.2724	0	0
6215	-34.0663	0	0
6214	-33.8627	0	0
6213	-33.6615	0	0
6212	-33.4627	0	0
6211	-33.2662	0	0
6210	-33.0719	0	0
6209	-32.88	0	0
6208	-32.6902	0	0
6207	-32.5026	0	0
6206	-32.3172	0	0
6205	-32.1338	0	0
6204	-31.9525	0	0
6203	-31.7732	0	0
6202	-31.5959	0	0
6201	-31.4206	0	0
6200	-31.2472	0	0
6199	-31.0758	0	0
6198	-30.9061	0	0
6197	-30.7383	0	0
6196	-30.5724	0	0
6195	-30.4082	0	0
6194	-30.2457	0	0
6193	-30.085	0	0
6192	-29.926	0	0
6191	-29.7686	0	0
6190	-29.6129	0	0
6189	-29.4588	0	0
6188	-29.3063	0	0
6187	-29.1553	0	0
6186	-29.006	0	0
6185	-28.8581	0	0
6184	-28.7117	0	0
6183	-28.5668	0	0
6182	-28.4234	0	0
6181	-28.2814	0	0
6180	-28.1408	0	0
6179	-28.0015	0	0
6178	-27.8637	0	0
6177	-27.7272	0	0
6176	-27.5921	0	0
6175	-27.4582	0	0
6174	-27.3257	0	0
6173	-27.1944	0	0
6172	-27.0644	0	0
6171	-26.9356	0	0
6170	-26.808	0	0
6169	-26.6816	0	0
6168	-26.5565	0	0
6167	-26.4325	0	0
6166	-26.3096	0	0
6165	-26.1879	0	0
6164	-26.0673	0	0
6163	-25.9478	0	0
6162	-25.8294	0	0
6161	-25.7121	0	0
6160	-25.5959	0	0
6159	-25.4807	0	0
6158	-25.3665	0	0
6157	-25.2534	0	0
6156	-25.1412	0	0
6155	-25.0301	0	0
6154	-24.9199	0	0
6153	-24.8107	0	0
6152	-24.7025	0	0
6151	-24.5952	0	0
6150	-24.4888	0	0
6149	-24.3834	0	0
6148	-24.2789	0	0
6147	-24.1752	0	0
6146	-24.0725	0	0
6145	-23.9706	0	0
6144	-23.8696	0	0
6143	-23.7694	0	0
6142	-23.6701	0	0
6141	-23.5716	0	0
6140	-23.474	0	0
6139	-23.3771	0	0
6138	-23.281	0	0
6137	-23.1858	0	0
6136	-23.0913	0	0
6135	-22.9976	0	0
6134	-22.9046	0	0
6133	-22.8124	0	0
6132	-22.721	0	0
6131	-22.6303	0	0
6130	-22.5403	0	0
6129	-22.451	0	0
6128	-22.3625	0	0
6127	-22.2746	0	0
6126	-22.1874	0	0
6125	-22.101	0	0
6124	-22.0152	0	0
6123	-21.93	0	0
6122	-21.8456	0	0
6121	-21.7617	0	0
6120	-21.6786	0	0
6119	-21.596	0	0
6118	-21.5141	0	0
6117	-21.4329	0	0
6116	-21.3522	0	0
6115	-21.2722	0	0
6114	-21.1927	0	0
6113	-21.1139	0	0
6112	-21.0357	0	0
6111	-20.958	0	0
6110	-20.8809	0	0
6109	-20.8044	0	0
6108	-20.7284	0	0
6107	-20.6531	0	0
6106	-20.5782	0	0
6105	-20.5039	0	0
6104	-20.4302	0	0
6103	-20.357	0	0
6102	-20.2843	0	0
6101	-20.2121	0	0
6100	-20.1405	0	0
6099	-20.0694	0	0
6098	-19.9987	0	0
6097	-19.9286	0	0
6096	-19.859	0	0
6095	-19.7899	0	0
6094	-19.7213	0	0
6093	-19.6531	0	0
6092	-19.5854	0	0
6091	-19.5182	0	0
6090	-19.4515	0	0
6089	-19.3852	0	0
6088	-19.3194	0	0
6087	-19.254	0	0
6086	-19.1891	0	0
6085	-19.1246	0	0
6084	-19.0606	0	0
6083	-18.997	0	0
6082	-18.9338	0	0
6081	-18.8711	0	0
6080	-18.8087	0	0
6079	-18.7468	0	0
6078	-18.6853	0	0
6077	-18.6243	0	0
6076	-18.5636	0	0
6075	-18.5033	0	0
6074	-18.4435	0	0
6073	-18.384	0	0
6072	-18.3249	0	0
6071	-18.2662	0	0
6070	-18.2079	0	0
6069	-18.1499	0	0
6068	-18.0924	0	0
6067	-18.0352	0	0
6066	-17.9783	0	0
6065	-17.9219	0	0
6064	-17.8658	0	0
6063	-17.81	0	0
6062	-17.7547	0	0
6061	-17.6996	0	0
6060	-17.6449	0	0
6059	-17.5906	0	0
6058	-17.5366	0	0
6057	-17.483	0	0
6056	-17.4296	0	0
6055	-17.3766	0	0
6054	-17.324	0	0
6053	-17.2716	0	0
6052	-17.2196	0	0
6051	-17.1679	0	0
6050	-17.1166	0	0
6049	-17.0655	0	0
6048	-17.0148	0	0
6047	-16.9643	0	0
6046	-16.9142	0	0
6045	-16.8644	0	0
6044	-16.8148	0	0
6043	-16.7656	0	0
6042	-16.7167	0	0
6041	-16.668	0	0
6040	-16.6197	0	0
6039	-16.5716	0	0
6038	-16.5238	0	0
6037	-16.4763	0	0
6036	-16.4291	0	0
6035	-16.3822	0	0
6034	-16.3355	0	0
6033	-16.2891	0	0
6032	-16.243	0	0
6031	-16.1972	0	0
6030	-16.1516	0	0
6029	-16.1063	0	0
6028	-16.0612	0	0
6027	-16.0164	0	0
6026	-15.9719	0	0
6025	-15.9276	0	0
6024	-15.8836	0	0
6023	-15.8398	0	0
6022	-15.7963	0	0
6021	-15.753	0	0
6020	-15.71	0	0
6019	-15.6672	0	0
6018	-15.6246	0	0
6017	-15.5823	0	0
6016	-15.5402	0	0
6015	-15.4984	0	0
6014	-15.4567	0	0
6013	-15.4154	0	0
6012	-15.3742	0	0
6011	-15.3333	0	0
6010	-15.2926	0	0
6009	-15.2521	0	0
6008	-15.2119	0	0
6007	-15.1718	0	0
6006	-15.132	0	0
6005	-15.0924	0	0
6004	-15.053	0	0
6003	-15.0139	0	0
6002	-14.9749	0	0
6001	-14.9361	0	0
6000	-14.8976	0	0
5999	-14.8593	0	0
5998	-14.8211	0	0
5997	-14.7832	0	0
5996	-14.7455	0	0
5995	-14.708	0	0
5994	-14.6706	0	0
5993	-14.6335	0	0
5992	-14.5966	0	0
5991	-14.5598	0	0
5990	-14.5233	0	0
5989	-14.4869	0	0
5988	-14.4508	0	0
5987	-14.4148	0	0
5986	-14.379	0	0
5985	-14.3434	0	0
5984	-14.3079	0	0
5983	-14.2727	0	0
5982	-14.2376	0	0
5981	-14.2028	0	0
5980	-14.1681	0	0
5979	-14.1335	0	0
5978	-14.0992	0	0
5977	-14.065	0	0
5976	-14.031	0	0
5975	-13.9972	0	0
5974	-13.9635	0	0
5973	-13.93	0	0
5972	-13.8967	0	0
5971	-13.8635	0	0
5970	-13.8306	0	0
5969	-13.7977	0	0
5968	-13.7651	0	0
5967	-13.7326	0	0
5966	-13.7002	0	0
5965	-13.668	0	0
5964	-13.636	0	0
5963	-13.6042	0	0
5962	-13.5724	0	0
5961	-13.5409	0	0
5960	-13.5095	0	0
5959	-13.4782	0	0
5958	-13.4472	0	0
5957	-13.4162	0	0
5956	-13.3854	0	0
5955	-13.3548	0	0
5954	-13.3243	0	0
5953	-13.2939	0	0
5952	-13.2637	0	0
5951	-13.2336	0	0
5950	-13.2037	0	0
5949	-13.174	0	0
5948	-13.1443	0	0
5947	-13.1148	0	0
5946	-13.0855	0	0
5945	-13.0562	0	0
5944	-13.0272	0	0
5943	-12.9982	0	0
5942	-12.9694	0	0
5941	-12.9407	0	0
5940	-12.9122	0	0
5939	-12.8838	0	0
5938	-12.8555	0	0
5937	-12.8274	0	0
5936	-12.7994	0	0
5935	-12.7715	0	0
5934	-12.7437	0	0
5933	-12.7161	0	0
5932	-12.6886	0	0
5931	-12.6612	0	0
5930	-12.634	0	0
5929	-12.6069	0	0
5928	-12.5799	0	0
5927	-12.553	0	0
5926	-12.5262	0	0
5925	-12.4996	0	0
5924	-12.4731	0	0
5923	-12.4467	0	0
5922	-12.4204	0	0
5921	-12.3942	0	0
5920	-12.3682	0	0
5919	-12.3423	0	0
5918	-12.3165	0	0
5917	-12.2908	0	0
5916	-12.2652	0	0
5915	-12.2397	0	0
5914	-12.2144	0	0
5913	-12.1891	0	0
5912	-12.164	0	0
5911	-12.1389	0	0
5910	-12.114	0	0
5909	-12.0892	0	0
5908	-12.0645	0	0
5907	-12.0399	0	0
5906	-12.0155	0	0
5905	-11.9911	0	0
5904	-11.9668	0	0
5903	-11.9426	0	0
5902	-11.9186	0	0
5901	-11.8946	0	0
5900	-11.8708	0	0
5899	-11.847	0	0
5898	-11.8234	0	0
5897	-11.7998	0	0
5896	-11.7764	0	0
5895	-11.753	0	0
5894	-11.7298	0	0
5893	-11.7066	0	0
5892	-11.6835	0	0
5891	-11.6606	0	0
5890	-11.6377	0	0
5889	-11.615	0	0
5888	-11.5923	0	0
5887	-11.5697	0	0
5886	-11.5472	0	0
5885	-11.5248	0	0
5884	-11.5025	0	0
5883	-11.4803	0	0
5882	-11.4582	0	0
5881	-11.4362	0	0
5880	-11.4143	0	0
5879	-11.3925	0	0
5878	-11.3707	0	0
5877	-11.349	0	0
5876	-11.3275	0	0
5875	-11.306	0	0
5874	-11.2846	0	0
5873	-11.2633	0	0
5872	-11.2421	0	0
5871	-11.2209	0	0
5870	-11.1999	0	0
5869	-11.1789	0	0
5868	-11.1581	0	0
5867	-11.1373	0	0
5866	-11.1165	0	0
5865	-11.0959	0	0
5864	-11.0754	0	0
5863	-11.0549	0	0
5862	-11.0345	0	0
5861	-11.0142	0	0
5860	-10.994	0	0
5859	-10.9739	0	0
5858	-10.9538	0	0
5857	-10.9338	0	0
5856	-10.9139	0	0
5855	-10.8941	0	0
5854	-10.8744	0	0
5853	-10.8547	0	0
5852	-10.8351	0	0
5851	-10.8156	0	0
5850	-10.7961	0	0
5849	-10.7768	0	0
5848	-10.7575	0	0
5847	-10.7383	0	0
5846	-10.7191	0	0
5845	-10.7001	0	0
5844	-10.6811	0	0
5843	-10.6622	0	0
5842	-10.6433	0	0
5841	-10.6246	0	0
5840	-10.6059	0	0
5839	-10.5872	0	0
5838	-10.5687	0	0
5837	-10.5502	0	0
5836	-10.5318	0	0
5835	-10.5134	0	0
5834	-10.4951	0	0
5833	-10.4769	0	0
5832	-10.4588	0	0
5831	-10.4407	0	0
5830	-10.4227	0	0
5829	-10.4048	0	0
5828	-10.3869	0	0
5827	-10.3691	0	0
5826	-10.3514	0	0
5825	-10.3337	0	0
5824	-10.3161	0	0
5823	-10.2986	0	0
5822	-10.2811	0	0
5821	-10.2637	0	0
5820	-10.2464	0	0
5819	-10.2291	0	0
5818	-10.2119	0	0
5817	-10.1947	0	0
5816	-10.1776	0	0
5815	-10.1606	0	0
5814	-10.1436	0	0
5813	-10.1267	0	0
5812	-10.1099	0	0
5811	-10.0931	0	0
5810	-10.0764	0	0
5809	-10.0597	0	0
5808	-10.0432	0	0
5807	-10.0266	0	0
5806	-10.0101	0	0
5805	-9.99372	0	0
5804	-9.97736	0	0
5803	-9.96106	0	0
5802	-9.94482	0	0
5801	-9.92864	0	0
5800	-9.91252	0	0
5799	-9.89645	0	0
5798	-9.88044	0	0
5797	-9.86448	0	0
5796	-9.84859	0	0
5795	-9.83275	0	0
5794	-9.81696	0	0
5793	-9.80124	0	0
5792	-9.78556	0	0
5791	-9.76994	0	0
5790	-9.75438	0	0
5789	-9.73887	0	0
5788	-9.72342	0	0
5787	-9.70802	0	0
5786	-9.69267	0	0
5785	-9.67738	0	0
5784	-9.66214	0	0
5783	-9.64696	0	0
5782	-9.63182	0	0
5781	-9.61674	0	0
5780	-9.60171	0	0
5779	-9.58673	0	0
5778	-9.57181	0	0
5777	-9.55693	0	0
5776	-9.54211	0	0
5775	-9.52734	0	0
5774	-9.51262	0	0
5773	-9.49795	0	0
5772	-9.48332	0	0
5771	-9.46875	0	0
5770	-9.45423	0	0
5769	-9.43976	0	0
5768	-9.42534	0	0
5767	-9.41096	0	0
5766	-9.39663	0	0
5765	-9.38236	0	0
5764	-9.36813	0	0
5763	-9.35395	0	0
5762	-9.33981	0	0
5761	-9.32573	0	0
5760	-9.31169	0	0
5759	-9.29769	0	0
5758	-9.28375	0	0
5757	-9.26985	0	0
5756	-9.25599	0	0
5755	-9.24219	0	0
5754	-9.22843	0	0
5753	-9.21471	0	0
5752	-9.20104	0	0
5751	-9.18741	0	0
5750	-9.17383	0	0
5749	-9.1603	0	0
5748	-9.14681	0	0
5747	-9.13336	0	0
5746	-9.11996	0	0
5745	-9.1066	0	0
5744	-9.09328	0	0
5743	-9.08001	0	0
5742	-9.06678	0	0
5741	-9.0536	0	0
5740	-9.04045	0	0
5739	-9.02735	0	0
5738	-9.01429	0	0
5737	-9.00128	0	0
5736	-8.9883	0	0
5735	-8.97537	0	0
5734	-8.96248	0	0
5733	-8.94963	0	0
5732	-8.93682	0	0
5731	-8.92406	0	0
5730	-8.91133	0	0
5729	-8.89865	0	0
5728	-8.886	0	0
5727	-8.87339	0	0
5726	-8.86083	0	0
5725	-8.8483	0	0
5724	-8.83582	0	0
5723	-8.82337	0	0
5722	-8.81097	0	0
5721	-8.7986	0	0
5720	-8.78627	0	0
5719	-8.77398	0	0
5718	-8.76173	0	0
5717	-8.74952	0	0
5716	-8.73734	0	0
5715	-8.7252	0	0
5714	-8.71311	0	0
5713	-8.70104	0	0
5712	-8.68902	0	0
5711	-8.67703	0	0
5710	-8.66508	0	0
5709	-8.65317	0	0
5708	-8.6413	0	0
5707	-8.62946	0	0
5706	-8.61766	0	0
5705	-8.60589	0	0
5704	-8.59416	0	0
5703	-8.58247	0	0
5702	-8.57081	0	0
5701	-8.55919	0	0
5700	-8.5476	0	0
5699	-8.53605	0	0
5698	-8.52453	0	0
5697	-8.51305	0	0
5696	-8.5016	0	0
5695	-8.49019	0	0
5694	-8.47882	0	0
5693	-8.46747	0	0
5692	-8.45616	0	0
5691	-8.44489	0	0
5690	-8.43365	0	0
5689	-8.42244	0	0
5688	-8.41127	0	0
5687	-8.40013	0	0
5686	-8.38903	0	0
5685	-8.37795	0	0
5684	-8.36691	0	0
5683	-8.35591	0	0
5682	-8.34493	0	0
5681	-8.33399	0	0
5680	-8.32308	0	0
5679	-8.3122	0	0
5678	-8.30136	0	0
5677	-8.29055	0	0
5676	-8.27977	0	0
5675	-8.26902	0	0
5674	-8.2583	0	0
5673	-8.24761	0	0
5672	-8.23696	0	0
5671	-8.22634	0	0
5670	-8.21574	0	0
5669	-8.20518	0	0
5668	-8.19465	0	0
5667	-8.18415	0	0
5666	-8.17368	0	0
5665	-8.16324	0	0
5664	-8.15284	0	0
5663	-8.14246	0	0
5662	-8.13211	0	0
5661	-8.12179	0	0
5660	-8.1115	0	0
5659	-8.10124	0	0
5658	-8.091	0	0
5657	-8.0808	0	0
5656	-8.07063	0	0
5655	-8.06048	0	0
5654	-8.05037	0	0
5653	-8.04029	0	0
5652	-8.03023	0	0
5651	-8.0202	0	0
5650	-8.0102	0	0
5649	-8.00023	0	0
5648	-7.99029	0	0
5647	-7.98038	0	0
5646	-7.97049	0	0
5645	-7.96064	0	0
5644	-7.95081	0	0
5643	-7.941	0	0
5642	-7.93123	0	0
5641	-7.92148	0	0
5640	-7.91176	0	0
5639	-7.90207	0	0
5638	-7.89241	0	0
5637	-7.88277	0	0
5636	-7.87316	0	0
5635	-7.86357	0	0
5634	-7.85401	0	0
5633	-7.84448	0	0
5632	-7.83498	0	0
5631	-7.8255	0	0
5630	-7.81605	0	0
5629	-7.80662	0	0
5628	-7.79722	0	0
5627	-7.78785	0	0
5626	-7.7785	0	0
5625	-7.76917	0	0
5624	-7.75988	0	0
5623	-7.75061	0	0
5622	-7.74136	0	0
5621	-7.73214	0	0
5620	-7.72294	0	0
5619	-7.71377	0	0
5618	-7.70463	0	0
5617	-7.6955	0	0
5616	-7.68641	0	0
5615	-7.67734	0	0
5614	-7.66829	0	0
5613	-7.65927	0	0
5612	-7.65027	0	0
5611	-7.64129	0	0
5610	-7.63234	0	0
5609	-7.62342	0	0
5608	-7.61452	0	0
5607	-7.60564	0	0
5606	-7.59679	0	0
5605	-7.58795	0	0
5604	-7.57915	0	0
5603	-7.57036	0	0
5602	-7.5616	0	0
5601	-7.55287	0	0
5600	-7.54415	0	0
5599	-7.53546	0	0
5598	-7.5268	0	0
5597	-7.51815	0	0
5596	-7.50953	0	0
5595	-7.50093	0	0
5594	-7.49236	0	0
5593	-7.4838	0	0
5592	-7.47527	0	0
5591	-7.46676	0	0
5590	-7.45828	0	0
5589	-7.44981	0	0
5588	-7.44137	0	0
5587	-7.43295	0	0
5586	-7.42455	0	0
5585	-7.41618	0	0
5584	-7.40782	0	0
5583	-7.39949	0	0
5582	-7.39118	0	0
5581	-7.38289	0	0
5580	-7.37462	0	0
5579	-7.36637	0	0
5578	-7.35815	0	0
5577	-7.34994	0	0
5576	-7.34176	0	0
5575	-7.3336	0	0
5574	-7.32546	0	0
5573	-7.31734	0	0
5572	-7.30924	0	0
5571	-7.30116	0	0
5570	-7.2931	0	0
5569	-7.28506	0	0
5568	-7.27705	0	0
5567	-7.26905	0	0
5566	-7.26107	0	0
5565	-7.25312	0	0
5564	-7.24518	0	0
5563	-7.23727	0	0
5562	-7.22937	0	0
5561	-7.2215	0	0
5560	-7.21364	0	0
5559	-7.2058	0	0
5558	-7.19799	0	0
5557	-7.19019	0	0
5556	-7.18241	0	0
5555	-7.17465	0	0
5554	-7.16692	0	0
5553	-7.1592	0	0
5552	-7.1515	0	0
5551	-7.14382	0	0
5550	-7.13616	0	0
5549	-7.12851	0	0
5548	-7.12089	0	0
5547	-7.11328	0	0
5546	-7.1057	0	0
5545	-7.09813	0	0
5544	-7.09058	0	0
5543	-7.08305	0	0
5542	-7.07554	0	0
5541	-7.06805	0	0
5540	-7.06058	0	0
5539	-7.05312	0	0
5538	-7.04568	0	0
5537	-7.03826	0	0
5536	-7.03086	0	0
5535	-7.02348	0	0
5534	-7.01611	0	0
5533	-7.00877	0	0
5532	-7.00144	0	0
5531	-6.99412	0	0
5530	-6.98683	0	0
5529	-6.97955	0	0
5528	-6.9723	0	0
5527	-6.96506	0	0
5526	-6.95783	0	0
5525	-6.95063	0	0
5524	-6.94344	0	0
5523	-6.93627	0	0
5522	-6.92911	0	0
5521	-6.92197	0	0
5520	-6.91485	0	0
5519	-6.90775	0	0
5518	-6.90067	0	0
5517	-6.8936	0	0
5516	-6.88654	0	0
5515	-6.87951	0	0
5514	-6.87249	0	0
5513	-6.86549	0	0
5512	-6.8585	0	0
5511	-6.85153	0	0
5510	-6.84458	0	0
5509	-6.83765	0	0
5508	-6.83073	0	0
5507	-6.82382	0	0
5506	-6.81694	0	0
5505	-6.81007	0	0
5504	-6.80321	0	0
5503	-6.79637	0	0
5502	-6.78955	0	0
5501	-6.78274	0	0
5500	-6.77595	0	0
5499	-6.76918	0	0
5498	-6.76242	0	0
5497	-6.75568	0	0
5496	-6.74895	0	0
5495	-6.74224	0	0
5494	-6.73554	0	0
5493	-6.72886	0	0
5492	-6.72219	0	0
5491	-6.71554	0	0
5490	-6.70891	0	0
5489	-6.70229	0	0
5488	-6.69569	0	0
5487	-6.6891	0	0
5486	-6.68252	0	0
5485	-6.67596	0	0
5484	-6.66942	0	0
5483	-6.66289	0	0
5482	-6.65638	0	0
5481	-6.64988	0	0
5480	-6.6434	0	0
5479	-6.63693	0	0
5478	-6.63047	0	0
5477	-6.62403	0	0
5476	-6.61761	0	0
5475	-6.6112	0	0
5474	-6.6048	0	0
5473	-6.59842	0	0
5472	-6.59205	0	0
5471	-6.5857	0	0
5470	-6.57936	0	0
5469	-6.57303	0	0
5468	-6.56672	0	0
5467	-6.56043	0	0
5466	-6.55415	0	0
5465	-6.54788	0	0
5464	-6.54162	0	0
5463	-6.53538	0	0
5462	-6.52916	0	0
5461	-6.52295	0	0
5460	-6.51675	0	0
5459	-6.51056	0	0
5458	-6.50439	0	0
5457	-6.49824	0	0
5456	-6.49209	0	0
5455	-6.48596	0	0
5454	-6.47985	0	0
5453	-6.47374	0	0
5452	-6.46765	0	0
5451	-6.46158	0	0
5450	-6.45551	0	0
5449	-6.44947	0	0
5448	-6.44343	0	0
5447	-6.43741	0	0
5446	-6.4314	0	0
5445	-6.4254	0	0
5444	-6.41942	0	0
5443	-6.41345	0	0
5442	-6.40749	0	0
5441	-6.40154	0	0
5440	-6.39561	0	0
5439	-6.38969	0	0
5438	-6.38379	0	0
5437	-6.3779	0	0
5436	-6.37202	0	0
5435	-6.36615	0	0
5434	-6.36029	0	0
5433	-6.35445	0	0
5432	-6.34862	0	0
5431	-6.3428	0	0
5430	-6.337	0	0
5429	-6.33121	0	0
5428	-6.32543	0	0
5427	-6.31966	0	0
5426	-6.3139	0	0
5425	-6.30816	0	0
5424	-6.30243	0	0
5423	-6.29671	0	0
5422	-6.29101	0	0
5421	-6.28531	0	0
5420	-6.27963	0	0
5419	-6.27396	0	0
5418	-6.2683	0	0
5417	-6.26265	0	0
5416	-6.25702	0	0
5415	-6.2514	0	0
5414	-6.24579	0	0
5413	-6.24019	0	0
5412	-6.2346	0	0
5411	-6.22903	0	0
5410	-6.22346	0	0
5409	-6.21791	0	0
5408	-6.21237	0	0
5407	-6.20684	0	0
5406	-6.20132	0	0
5405	-6.19582	0	0
5404	-6.19032	0	0
5403	-6.18484	0	0
5402	-6.17937	0	0
5401	-6.17391	0	0
5400	-6.16846	0	0
5399	-6.16302	0	0
5398	-6.1576	0	0
5397	-6.15218	0	0
5396	-6.14678	0	0
5395	-6.14138	0	0
5394	-6.136	0	0
5393	-6.13063	0	0
5392	-6.12527	0	0
5391	-6.11992	0	0
5390	-6.11459	0	0
5389	-6.10926	0	0
5388	-6.10394	0	0
5387	-6.09864	0	0
5386	-6.09334	0	0
5385	-6.08806	0	0
5384	-6.08279	0	0
5383	-6.07752	0	0
5382	-6.07227	0	0
5381	-6.06703	0	0
5380	-6.0618	0	0
5379	-6.05658	0	0
5378	-6.05137	0	0
5377	-6.04617	0	0
5376	-6.04099	0	0
5375	-6.03581	0	0
5374	-6.03064	0	0
5373	-6.02548	0	0
5372	-6.02034	0	0
5371	-6.0152	0	0
5370	-6.01007	0	0
5369	-6.00496	0	0
5368	-5.99985	0	0
5367	-5.99476	0	0
5366	-5.98967	0	0
5365	-5.9846	0	0
5364	-5.97953	0	0
5363	-5.97448	0	0
5362	-5.96943	0	0
5361	-5.9644	0	0
5360	-5.95937	0	0
5359	-5.95435	0	0
5358	-5.94935	0	0
5357	-5.94435	0	0
5356	-5.93937	0	0
5355	-5.93439	0	0
5354	-5.92943	0	0
5353	-5.92447	0	0
5352	-5.91952	0	0
5351	-5.91459	0	0
5350	-5.90966	0	0
5349	-5.90474	0	0
5348	-5.89983	0	0
5347	-5.89493	0	0
5346	-5.89004	0	0
5345	-5.88516	0	0
5344	-5.88029	0	0
5343	-5.87543	0	0
5342	-5.87058	0	0
5341	-5.86574	0	0
5340	-5.86091	0	0
5339	-5.85608	0	0
5338	-5.85127	0	0
5337	-5.84646	0	0
5336	-5.84167	0	0
5335	-5.83688	0	0
5334	-5.8321	0	0
5333	-5.82733	0	0
5332	-5.82258	0	0
5331	-5.81783	0	0
5330	-5.81308	0	0
5329	-5.80835	0	0
5328	-5.80363	0	0
5327	-5.79892	0	0
5326	-5.79421	0	0
5325	-5.78951	0	0
5324	-5.78483	0	0
5323	-5.78015	0	0
5322	-5.77548	0	0
5321	-5.77082	0	0
5320	-5.76617	0	0
5319	-5.76152	0	0
5318	-5.75689	0	0
5317	-5.75226	0	0
5316	-5.74765	0	0
5315	-5.74304	0	0
5314	-5.73844	0	0
5313	-5.73385	0	0
5312	-5.72926	0	0
5311	-5.72469	0	0
5310	-5.72012	0	0
5309	-5.71557	0	0
5308	-5.71102	0	0
5307	-5.70648	0	0
5306	-5.70195	0	0
5305	-5.69742	0	0
5304	-5.69291	0	0
5303	-5.6884	0	0
5302	-5.6839	0	0
5301	-5.67941	0	0
5300	-5.67493	0	0
5299	-5.67046	0	0
5298	-5.66599	0	0
5297	-5.66154	0	0
5296	-5.65709	0	0
5295	-5.65265	0	0
5294	-5.64821	0	0
5293	-5.64379	0	0
5292	-5.63937	0	0
5291	-5.63496	0	0
5290	-5.63056	0	0
5289	-5.62617	0	0
5288	-5.62179	0	0
5287	-5.61741	0	0
5286	-5.61304	0	0
5285	-5.60868	0	0
5284	-5.60433	0	0
5283	-5.59998	0	0
5282	-5.59564	0	0
5281	-5.59131	0	0
5280	-5.58699	0	0
5279	-5.58268	0	0
5278	-5.57837	0	0
5277	-5.57407	0	0
5276	-5.56978	0	0
5275	-5.5655	0	0
5274	-5.56123	0	0
5273	-5.55696	0	0
5272	-5.5527	0	0
5271	-5.54845	0	0
5270	-5.5442	0	0
5269	-5.53996	0	0
5268	-5.53573	0	0
5267	-5.53151	0	0
5266	-5.52729	0	0
5265	-5.52309	0	0
5264	-5.51889	0	0
5263	-5.51469	0	0
5262	-5.51051	0	0
5261	-5.50633	0	0
5260	-5.50216	0	0
5259	-5.498	0	0
5258	-5.49384	0	0
5257	-5.48969	0	0
5256	-5.48555	0	0
5255	-5.48142	0	0
5254	-5.47729	0	0
5253	-5.47317	0	0
5252	-5.46906	0	0
5251	-5.46495	0	0
5250	-5.46085	0	0
5249	-5.45676	0	0
5248	-5.45268	0	0
5247	-5.4486	0	0
5246	-5.44453	0	0
5245	-5.44047	0	0
5244	-5.43641	0	0
5243	-5.43236	0	0
5242	-5.42832	0	0
5241	-5.42428	0	0
5240	-5.42025	0	0
5239	-5.41623	0	0
5238	-5.41222	0	0
5237	-5.40821	0	0
5236	-5.40421	0	0
5235	-5.40022	0	0
5234	-5.39623	0	0
5233	-5.39225	0	0
5232	-5.38827	0	0
5231	-5.38431	0	0
5230	-5.38035	0	0
5229	-5.37639	0	0
5228	-5.37245	0	0
5227	-5.36851	0	0
5226	-5.36457	0	0
5225	-5.36065	0	0
5224	-5.35673	0	0
5223	-5.35281	0	0
5222	-5.34891	0	0
5221	-5.345	0	0
5220	-5.34111	0	0
5219	-5.33722	0	0
5218	-5.33334	0	0
5217	-5.32947	0	0
5216	-5.3256	0	0
5215	-5.32174	0	0
5214	-5.31788	0	0
5213	-5.31403	0	0
5212	-5.31019	0	0
5211	-5.30636	0	0
5210	-5.30253	0	0
5209	-5.2987	0	0
5208	-5.29489	0	0
5207	-5.29107	0	0
5206	-5.28727	0	0
5205	-5.28347	0	0
5204	-5.27968	0	0
5203	-5.27589	0	0
5202	-5.27211	0	0
5201	-5.26834	0	0
5200	-5.26457	0	0
5199	-5.26081	0	0
5198	-5.25706	0	0
5197	-5.25331	0	0
5196	-5.24957	0	0
5195	-5.24583	0	0
5194	-5.2421	0	0
5193	-5.23838	0	0
5192	-5.23466	0	0
5191	-5.23094	0	0
5190	-5.22724	0	0
5189	-5.22354	0	0
5188	-5.21984	0	0
5187	-5.21615	0	0
5186	-5.21247	0	0
5185	-5.2088	0	0
5184	-5.20512	0	0
5183	-5.20146	0	0
5182	-5.1978	0	0
5181	-5.19415	0	0
5180	-5.1905	0	0
5179	-5.18686	0	0
5178	-5.18322	0	0
5177	-5.17959	0	0
5176	-5.17597	0	0
5175	-5.17235	0	0
5174	-5.16874	0	0
5173	-5.16513	0	0
5172	-5.16153	0	0
5171	-5.15793	0	0
5170	-5.15434	0	0
5169	-5.15076	0	0
5168	-5.14718	0	0
5167	-5.14361	0	0
5166	-5.14004	0	0
5165	-5.13648	0	0
5164	-5.13292	0	0
5163	-5.12937	0	0
5162	-5.12583	0	0
5161	-5.12229	0	0
5160	-5.11876	0	0
5159	-5.11523	0	0
5158	-5.1117	0	0
5157	-5.10819	0	0
5156	-5.10467	0	0
5155	-5.10117	0	0
5154	-5.09767	0	0
5153	-5.09417	0	0
5152	-5.09068	0	0
5151	-5.0872	0	0
5150	-5.08372	0	0
5149	-5.08024	0	0
5148	-5.07677	0	0
5147	-5.07331	0	0
5146	-5.06985	0	0
5145	-5.0664	0	0
5144	-5.06295	0	0
5143	-5.05951	0	0
5142	-5.05607	0	0
5141	-5.05264	0	0
5140	-5.04921	0	0
5139	-5.04579	0	0
5138	-5.04238	0	0
5137	-5.03896	0	0
5136	-5.03556	0	0
5135	-5.03216	0	0
5134	-5.02876	0	0
5133	-5.02537	0	0
5132	-5.02199	0	0
5131	-5.01861	0	0
5130	-5.01523	0	0
5129	-5.01186	0	0
5128	-5.0085	0	0
5127	-5.00514	0	0
5126	-5.00178	0	0
5125	-4.99843	0	0
5124	-4.99509	0	0
5123	-4.99175	0	0
5122	-4.98841	0	0
5121	-4.98508	0	0
5120	-4.98176	0	0
5119	-4.97844	0	0
5118	-4.97512	0	0
5117	-4.97181	0	0
5116	-4.9685	0	0
5115	-4.9652	0	0
5114	-4.96191	0	0
5113	-4.95862	0	0
5112	-4.95533	0	0
5111	-4.95205	0	0
5110	-4.94877	0	0
5109	-4.9455	0	0
5108	-4.94224	0	0
5107	-4.93897	0	0
5106	-4.93572	0	0
5105	-4.93246	0	0
5104	-4.92922	0	0
5103	-4.92597	0	0
5102	-4.92273	0	0
5101	-4.9195	0	0
5100	-4.91627	0	0
5099	-4.91305	0	0
5098	-4.90983	0	0
5097	-4.90661	0	0
5096	-4.9034	0	0
5095	-4.9002	0	0
5094	-4.897	0	0
5093	-4.8938	0	0
5092	-4.89061	0	0
5091	-4.88742	0	0
5090	-4.88424	0	0
5089	-4.88106	0	0
5088	-4.87789	0	0
5087	-4.87472	0	0
5086	-4.87155	0	0
5085	-4.86839	0	0
5084	-4.86524	0	0
5083	-4.86209	0	0
5082	-4.85894	0	0
5081	-4.8558	0	0
5080	-4.85266	0	0
5079	-4.84953	0	0
5078	-4.8464	0	0
5077	-4.84327	0	0
5076	-4.84015	0	0
5075	-4.83704	0	0
5074	-4.83393	0	0
5073	-4.83082	0	0
5072	-4.82772	0	0
5071	-4.82462	0	0
5070	-4.82152	0	0
5069	-4.81843	0	0
5068	-4.81535	0	0
5067	-4.81227	0	0
5066	-4.80919	0	0
5065	-4.80612	0	0
5064	-4.80305	0	0
5063	-4.79999	0	0
5062	-4.79693	0	0
5061	-4.79387	0	0
5060	-4.79082	0	0
5059	-4.78777	0	0
5058	-4.78473	0	0
5057	-4.78169	0	0
5056	-4.77866	0	0
5055	-4.77563	0	0
5054	-4.7726	0	0
5053	-4.76958	0	0
5052	-4.76656	0	0
5051	-4.76355	0	0
5050	-4.76054	0	0
5049	-4.75753	0	0
5048	-4.75453	0	0
5047	-4.75153	0	0
5046	-4.74854	0	0
5045	-4.74555	0	0
5044	-4.74256	0	0
5043	-4.73958	0	0
5042	-4.7366	0	0
5041	-4.73363	0	0
5040	-4.73066	0	0
5039	-4.7277	0	0
5038	-4.72473	0	0
5037	-4.72178	0	0
5036	-4.71882	0	0
5035	-4.71587	0	0
5034	-4.71293	0	0
5033	-4.70999	0	0
5032	-4.70705	0	0
5031	-4.70412	0	0
5030	-4.70119	0	0
5029	-4.69826	0	0
5028	-4.69534	0	0
5027	-4.69242	0	0
5026	-4.6895	0	0
5025	-4.68659	0	0
5024	-4.68369	0	0
5023	-4.68078	0	0
5022	-4.67789	0	0
5021	-4.67499	0	0
5020	-4.6721	0	0
5019	-4.66921	0	0
5018	-4.66633	0	0
5017	-4.66345	0	0
5016	-4.66057	0	0
5015	-4.6577	0	0
5014	-4.65483	0	0
5013	-4.65196	0	0
5012	-4.6491	0	0
5011	-4.64624	0	0
5010	-4.64339	0	0
5009	-4.64054	0	0
5008	-4.63769	0	0
5007	-4.63485	0	0
5006	-4.63201	0	0
5005	-4.62917	0	0
5004	-4.62634	0	0
5003	-4.62351	0	0
5002	-4.62069	0	0
5001	-4.61787	0	0
5000	-4.61505	0	0
4999	-4.61223	0	0
4998	-4.60942	0	0
4997	-4.60662	0	0
4996	-4.60381	0	0
4995	-4.60101	0	0
4994	-4.59822	0	0
4993	-4.59542	0	0
4992	-4.59263	0	0
4991	-4.58985	0	0
4990	-4.58707	0	0
4989	-4.58429	0	0
4988	-4.58151	0	0
4987	-4.57874	0	0
4986	-4.57597	0	0
4985	-4.57321	0	0
4984	-4.57045	0	0
4983	-4.56769	0	0
4982	-4.56493	0	0
4981	-4.56218	0	0
4980	-4.55944	0	0
4979	-4.55669	0	0
4978	-4.55395	0	0
4977	-4.55121	0	0
4976	-4.54848	0	0
4975	-4.54575	0	0
4974	-4.54302	0	0
4973	-4.5403	0	0
4972	-4.53758	0	0
4971	-4.53486	0	0
4970	-4.53214	0	0
4969	-4.52943	0	0
4968	-4.52673	0	0
4967	-4.52402	0	0
4966	-4.52132	0	0
4965	-4.51862	0	0
4964	-4.51593	0	0
4963	-4.51324	0	0
4962	-4.51055	0	0
4961	-4.50787	0	0
4960	-4.50519	0	0
4959	-4.50251	0	0
4958	-4.49983	0	0
4957	-4.49716	0	0
4956	-4.49449	0	0
4955	-4.49183	0	0
4954	-4.48917	0	0
4953	-4.48651	0	0
4952	-4.48385	0	0
4951	-4.4812	0	0
4950	-4.47855	0	0
4949	-4.47591	0	0
4948	-4.47326	0	0
4947	-4.47062	0	0
4946	-4.46799	0	0
4945	-4.46535	0	0
4944	-4.46272	0	0
4943	-4.4601	0	0
4942	-4.45747	0	0
4941	-4.45485	0	0
4940	-4.45223	0	0
4939	-4.44962	0	0
4938	-4.44701	0	0
4937	-4.4444	0	0
4936	-4.44179	0	0
4935	-4.43919	0	0
4934	-4.43659	0	0
4933	-4.43399	0	0
4932	-4.4314	0	0
4931	-4.42881	0	0
4930	-4.42622	0	0
4929	-4.42364	0	0
4928	-4.42106	0	0
4927	-4.41848	0	0
4926	-4.4159	0	0
4925	-4.41333	0	0
4924	-4.41076	0	0
4923	-4.40819	0	0
4922	-4.40563	0	0
4921	-4.40307	0	0
4920	-4.40051	0	0
4919	-4.39796	0	0
4918	-4.3954	0	0
4917	-4.39285	0	0
4916	-4.39031	0	0
4915	-4.38777	0	0
4914	-4.38523	0	0
4913	-4.38269	0	0
4912	-4.38015	0	0
4911	-4.37762	0	0
4910	-4.37509	0	0
4909	-4.37257	0	0
4908	-4.37004	0	0
4907	-4.36752	0	0
4906	-4.365	0	0
4905	-4.36249	0	0
4904	-4.35998	0	0
4903	-4.35747	0	0
4902	-4.35496	0	0
4901	-4.35246	0	0
4900	-4.34996	0	0
4899	-4.34746	0	0
4898	-4.34496	0	0
4897	-4.34247	0	0
4896	-4.33998	0	0
4895	-4.3375	0	0
4894	-4.33501	0	0
4893	-4.33253	0	0
4892	-4.33005	0	0
4891	-4.32758	0	0
4890	-4.3251	0	0
4889	-4.32263	0	0
4888	-4.32016	0	0
4887	-4.3177	0	0
4886	-4.31524	0	0
4885	-4.31278	0	0
4884	-4.31032	0	0
4883	-4.30786	0	0
4882	-4.30541	0	0
4881	-4.30296	0	0
4880	-4.30052	0	0
4879	-4.29807	0	0
4878	-4.29563	0	0
4877	-4.29319	0	0
4876	-4.29076	0	0
4875	-4.28832	0	0
4874	-4.28589	0	0
4873	-4.28346	0	0
4872	-4.28104	0	0
4871	-4.27862	0	0
4870	-4.27619	0	0
4869	-4.27378	0	0
4868	-4.27136	0	0
4867	-4.26895	0	0
4866	-4.26654	0	0
4865	-4.26413	0	0
4864	-4.26173	0	0
4863	-4.25932	0	0
4862	-4.25692	0	0
4861	-4.25453	0	0
4860	-4.25213	0	0
4859	-4.24974	0	0
4858	-4.24735	0	0
4857	-4.24496	0	0
4856	-4.24258	0	0
4855	-4.24019	0	0
4854	-4.23781	0	0
4853	-4.23543	0	0
4852	-4.23306	0	0
4851	-4.23069	0	0
4850	-4.22832	0	0
4849	-4.22595	0	0
4848	-4.22358	0	0
4847	-4.22122	0	0
4846	-4.21886	0	0
4845	-4.2165	0	0
4844	-4.21415	0	0
4843	-4.21179	0	0
4842	-4.20944	0	0
4841	-4.20709	0	0
4840	-4.20475	0	0
4839	-4.2024	0	0
4838	-4.20006	0	0
4837	-4.19772	0	0
4836	-4.19539	0	0
4835	-4.19305	0	0
4834	-4.19072	0	0
4833	-4.18839	0	0
4832	-4.18606	0	0
4831	-4.18374	0	0
4830	-4.18142	0	0
4829	-4.1791	0	0
4828	-4.17678	0	0
4827	-4.17446	0	0
4826	-4.17215	0	0
4825	-4.16984	0	0
4824	-4.16753	0	0
4823	-4.16522	0	0
4822	-4.16292	0	0
4821	-4.16062	0	0
4820	-4.15832	0	0
4819	-4.15602	0	0
4818	-4.15373	0	0
4817	-4.15143	0	0
4816	-4.14914	0	0
4815	-4.14685	0	0
4814	-4.14457	0	0
4813	-4.14228	0	0
4812	-4.14	0	0
4811	-4.13772	0	0
4810	-4.13545	0	0
4809	-4.13317	0	0
4808	-4.1309	0	0
4807	-4.12863	0	0
4806	-4.12636	0	0
4805	-4.12409	0	0
4804	-4.12183	0	0
4803	-4.11957	0	0
4802	-4.11731	0	0
4801	-4.11505	0	0
4800	-4.1128	0	0
4799	-4.11054	0	0
4798	-4.10829	0	0
4797	-4.10604	0	0
4796	-4.1038	0	0
4795	-4.10155	0	0
4794	-4.09931	0	0
4793	-4.09707	0	0
4792	-4.09483	0	0
4791	-4.09259	0	0
4790	-4.09036	0	0
4789	-4.08813	0	0
4788	-4.0859	0	0
4787	-4.08367	0	0
4786	-4.08144	0	0
4785	-4.07922	0	0
4784	-4.077	0	0
4783	-4.07478	0	0
4782	-4.07256	0	0
4781	-4.07035	0	0
4780	-4.06813	0	0
4779	-4.06592	0	0
4778	-4.06371	0	0
4777	-4.0615	0	0
4776	-4.0593	0	0
4775	-4.0571	0	0
4774	-4.0549	0	0
4773	-4.0527	0	0
4772	-4.0505	0	0
4771	-4.0483	0	0
4770	-4.04611	0	0
4769	-4.04392	0	0
4768	-4.04173	0	0
4767	-4.03954	0	0
4766	-4.03736	0	0
4765	-4.03517	0	0
4764	-4.03299	0	0
4763	-4.03081	0	0
4762	-4.02864	0	0
4761	-4.02646	0	0
4760	-4.02429	0	0
4759	-4.02212	0	0
4758	-4.01995	0	0
4757	-4.01778	0	0
4756	-4.01561	0	0
4755	-4.01345	0	0
4754	-4.01129	0	0
4753	-4.00913	0	0
4752	-4.00697	0	0
4751	-4.00481	0	0
4750	-4.00266	0	0
4749	-4.00051	0	0
4748	-3.99836	0	0
4747	-3.99621	0	0
4746	-3.99406	0	0
4745	-3.99192	0	0
4744	-3.98977	0	0
4743	-3.98763	0	0
4742	-3.98549	0	0
4741	-3.98336	0	0
4740	-3.98122	0	0
4739	-3.97909	0	0
4738	-3.97695	0	0
4737	-3.97482	0	0
4736	-3.9727	0	0
4735	-3.97057	0	0
4734	-3.96845	0	0
4733	-3.96632	0	0
4732	-3.9642	0	0
4731	-3.96208	0	0
4730	-3.95997	0	0
4729	-3.95785	0	0
4728	-3.95574	0	0
4727	-3.95362	0	0
4726	-3.95151	0	0
4725	-3.94941	0	0
4724	-3.9473	0	0
4723	-3.94519	0	0
4722	-3.94309	0	0
4721	-3.94099	0	0
4720	-3.93889	0	0
4719	-3.93679	0	0
4718	-3.9347	0	0
4717	-3.9326	0	0
4716	-3.93051	0	0
4715	-3.92842	0	0
4714	-3.92633	0	0
4713	-3.92424	0	0
4712	-3.92216	0	0
4711	-3.92007	0	0
4710	-3.91799	0	0
4709	-3.91591	0	0
4708	-3.91383	0	0
4707	-3.91175	0	0
4706	-3.90968	0	0
4705	-3.9076	0	0
4704	-3.90553	0	0
4703	-3.90346	0	0
4702	-3.90139	0	0
4701	-3.89932	0	0
4700	-3.89726	0	0
4699	-3.8952	0	0
4698	-3.89313	0	0
4697	-3.89107	0	0
4696	-3.88901	0	0
4695	-3.88696	0	0
4694	-3.8849	0	0
4693	-3.88285	0	0
4692	-3.8808	0	0
4691	-3.87874	0	0
4690	-3.8767	0	0
4689	-3.87465	0	0
4688	-3.8726	0	0
4687	-3.87056	0	0
4686	-3.86852	0	0
4685	-3.86647	0	0
4684	-3.86444	0	0
4683	-3.8624	0	0
4682	-3.86036	0	0
4681	-3.85833	0	0
4680	-3.85629	0	0
4679	-3.85426	0	0
4678	-3.85223	0	0
4677	-3.8502	0	0
4676	-3.84818	0	0
4675	-3.84615	0	0
4674	-3.84413	0	0
4673	-3.84211	0	0
4672	-3.84009	0	0
4671	-3.83807	0	0
4670	-3.83605	0	0
4669	-3.83403	0	0
4668	-3.83202	0	0
4667	-3.83001	0	0
4666	-3.82799	0	0
4665	-3.82598	0	0
4664	-3.82398	0	0
4663	-3.82197	0	0
4662	-3.81996	0	0
4661	-3.81796	0	0
4660	-3.81596	0	0
4659	-3.81396	0	0
4658	-3.81196	0	0
4657	-3.80996	0	0
4656	-3.80796	0	0
4655	-3.80597	0	0
4654	-3.80397	0	0
4653	-3.80198	0	0
4652	-3.79999	0	0
4651	-3.798	0	0
4650	-3.79602	0	0
4649	-3.79403	0	0
4648	-3.79204	0	0
4647	-3.79006	0	0
4646	-3.78808	0	0
4645	-3.7861	0	0
4644	-3.78412	0	0
4643	-3.78214	0	0
4642	-3.78017	0	0
4641	-3.77819	0	0
4640	-3.77622	0	0
4639	-3.77425	0	0
4638	-3.77228	0	0
4637	-3.77031	0	0
4636	-3.76834	0	0
4635	-3.76637	0	0
4634	-3.76441	0	0
4633	-3.76245	0	0
4632	-3.76048	0	0
4631	-3.75852	0	0
4630	-3.75656	0	0
4629	-3.75461	0	0
4628	-3.75265	0	0
4627	-3.75069	0	0
4626	-3.74874	0	0
4625	-3.74679	0	0
4624	-3.74484	0	0
4623	-3.74289	0	0
4622	-3.74094	0	0
4621	-3.73899	0	0
4620	-3.73705	0	0
4619	-3.7351	0	0
4618	-3.73316	0	0
4617	-3.73122	0	0
4616	-3.72928	0	0
4615	-3.72734	0	0
4614	-3.7254	0	0
4613	-3.72346	0	0
4612	-3.72153	0	0
4611	-3.7196	0	0
4610	-3.71766	0	0
4609	-3.71573	0	0
4608	-3.7138	0	0
4607	-3.71187	0	0
4606	-3.70995	0	0
4605	-3.70802	0	0
4604	-3.7061	0	0
4603	-3.70417	0	0
4602	-3.70225	0	0
4601	-3.70033	0	0
4600	-3.69841	0	0
4599	-3.69649	0	0
4598	-3.69457	0	0
4597	-3.69266	0	0
4596	-3.69074	0	0
4595	-3.68883	0	0
4594	-3.68692	0	0
4593	-3.68501	0	0
4592	-3.6831	0	0
4591	-3.68119	0	0
4590	-3.67928	0	0
4589	-3.67738	0	0
4588	-3.67547	0	0
4587	-3.67357	0	0
4586	-3.67167	0	0
4585	-3.66977	0	0
4584	-3.66787	0	0
4583	-3.66597	0	0
4582	-3.66407	0	0
4581	-3.66217	0	0
4580	-3.66028	0	0
4579	-3.65839	0	0
4578	-3.65649	0	0
4577	-3.6546	0	0
4576	-3.65271	0	0
4575	-3.65082	0	0
4574	-3.64894	0	0
4573	-3.64705	0	0
4572	-3.64516	0	0
4571	-3.64328	0	0
4570	-3.6414	0	0
4569	-3.63951	0	0
4568	-3.63763	0	0
4567	-3.63575	0	0
4566	-3.63388	0	0
4565	-3.632	0	0
4564	-3.63012	0	0
4563	-3.62825	0	0
4562	-3.62637	0	0
4561	-3.6245	0	0
4560	-3.62263	0	0
4559	-3.62076	0	0
4558	-3.61889	0	0
4557	-3.61702	0	0
4556	-3.61515	0	0
4555	-3.61329	0	0
4554	-3.61142	0	0
4553	-3.60956	0	0
4552	-3.6077	0	0
4551	-3.60584	0	0
4550	-3.60398	0	0
4549	-3.60212	0	0
4548	-3.60026	0	0
4547	-3.5984	0	0
4546	-3.59655	0	0
4545	-3.59469	0	0
4544	-3.59284	0	0
4543	-3.59098	0	0
4542	-3.58913	0	0
4541	-3.58728	0	0
4540	-3.58543	0	0
4539	-3.58358	0	0
4538	-3.58174	0	0
4537	-3.57989	0	0
4536	-3.57804	0	0
4535	-3.5762	0	0
4534	-3.57436	0	0
4533	-3.57251	0	0
4532	-3.57067	0	0
4531	-3.56883	0	0
4530	-3.56699	0	0
4529	-3.56516	0	0
4528	-3.56332	0	0
4527	-3.56148	0	0
4526	-3.55965	0	0
4525	-3.55781	0	0
4524	-3.55598	0	0
4523	-3.55415	0	0
4522	-3.55232	0	0
4521	-3.55049	0	0
4520	-3.54866	0	0
4519	-3.54683	0	0
4518	-3.545	0	0
4517	-3.54318	0	0
4516	-3.54135	0	0
4515	-3.53953	0	0
4514	-3.53771	0	0
4513	-3.53589	0	0
4512	-3.53406	0	0
4511	-3.53224	0	0
4510	-3.53043	0	0
4509	-3.52861	0	0
4508	-3.52679	0	0
4507	-3.52497	0	0
4506	-3.52316	0	0
4505	-3.52135	0	0
4504	-3.51953	0	0
4503	-3.51772	0	0
4502	-3.51591	0	0
4501	-3.5141	0	0
4500	-3.51229	0	0
4499	-3.51048	0	0
4498	-3.50867	0	0
4497	-3.50687	0	0
4496	-3.50506	0	0
4495	-3.50326	0	0
4494	-3.50145	0	0
4493	-3.49965	0	0
4492	-3.49785	0	0
4491	-3.49605	0	0
4490	-3.49425	0	0
4489	-3.49245	0	0
4488	-3.49065	0	0
4487	-3.48885	0	0
4486	-3.48706	0	0
4485	-3.48526	0	0
4484	-3.48347	0	0
4483	-3.48167	0	0
4482	-3.47988	0	0
4481	-3.47809	0	0
4480	-3.4763	0	0
4479	-3.47451	0	0
4478	-3.47272	0	0
4477	-3.47093	0	0
4476	-3.46914	0	0
4475	-3.46736	0	0
4474	-3.46557	0	0
4473	-3.46379	0	0
4472	-3.462	0	0
4471	-3.46022	0	0
4470	-3.45844	0	0
4469	-3.45666	0	0
4468	-3.45488	0	0
4467	-3.4531	0	0
4466	-3.45132	0	0
4465	-3.44954	0	0
4464	-3.44776	0	0
4463	-3.44599	0	0
4462	-3.44421	0	0
4461	-3.44244	0	0
4460	-3.44066	0	0
4459	-3.43889	0	0
4458	-3.43712	0	0
4457	-3.43535	0	0
4456	-3.43358	0	0
4455	-3.43181	0	0
4454	-3.43004	0	0
4453	-3.42827	0	0
4452	-3.4265	0	0
4451	-3.42474	0	0
4450	-3.42297	0	0
4449	-3.42121	0	0
4448	-3.41944	0	0
4447	-3.41768	0	0
4446	-3.41592	0	0
4445	-3.41416	0	0
4444	-3.4124	0	0
4443	-3.41064	0	0
4442	-3.40888	0	0
4441	-3.40712	0	0
4440	-3.40536	0	0
4439	-3.4036	0	0
4438	-3.40185	0	0
4437	-3.40009	0	0
4436	-3.39834	0	0
4435	-3.39658	0	0
4434	-3.39483	0	0
4433	-3.39308	0	0
4432	-3.39133	0	0
4431	-3.38958	0	0
4430	-3.38783	0	0
4429	-3.38608	0	0
4428	-3.38433	0	0
4427	-3.38258	0	0
4426	-3.38084	0	0
4425	-3.37909	0	0
4424	-3.37734	0	0
4423	-3.3756	0	0
4422	-3.37386	0	0
4421	-3.37211	0	0
4420	-3.37037	0	0
4419	-3.36863	0	0
4418	-3.36689	0	0
4417	-3.36515	0	0
4416	-3.36341	0	0
4415	-3.36167	0	0
4414	-3.35993	0	0
4413	-3.35819	0	0
4412	-3.35646	0	0
4411	-3.35472	0	0
4410	-3.35299	0	0
4409	-3.35125	0	0
4408	-3.34952	0	0
4407	-3.34779	0	0
4406	-3.34605	0	0
4405	-3.34432	0	0
4404	-3.34259	0	0
4403	-3.34086	0	0
4402	-3.33913	0	0
4401	-3.3374	0	0
4400	-3.33567	0	0
4399	-3.33395	0	0
4398	-3.33222	0	0
4397	-3.33049	0	0
4396	-3.32877	0	0
4395	-3.32704	0	0
4394	-3.32532	0	0
4393	-3.32359	0	0
4392	-3.32187	0	0
4391	-3.32015	0	0
4390	-3.31843	0	0
4389	-3.31671	0	0
4388	-3.31499	0	0
4387	-3.31327	0	0
4386	-3.31155	0	0
4385	-3.30983	0	0
4384	-3.30811	0	0
4383	-3.30639	0	0
4382	-3.30468	0	0
4381	-3.30296	0	0
4380	-3.30125	0	0
4379	-3.29953	0	0
4378	-3.29782	0	0
4377	-3.29611	0	0
4376	-3.29439	0	0
4375	-3.29268	0	0
4374	-3.29097	0	0
4373	-3.28926	0	0
4372	-3.28755	0	0
4371	-3.28584	0	0
4370	-3.28413	0	0
4369	-3.28242	0	0
4368	-3.28071	0	0
4367	-3.27901	0	0
4366	-3.2773	0	0
4365	-3.27559	0	0
4364	-3.27389	0	0
4363	-3.27218	0	0
4362	-3.27048	0	0
4361	-3.26878	0	0
4360	-3.26707	0	0
4359	-3.26537	0	0
4358	-3.26367	0	0
4357	-3.26197	0	0
4356	-3.26027	0	0
4355	-3.25857	0	0
4354	-3.25687	0	0
4353	-3.25517	0	0
4352	-3.25347	0	0
4351	-3.25177	0	0
4350	-3.25008	0	0
4349	-3.24838	0	0
4348	-3.24668	0	0
4347	-3.24499	0	0
4346	-3.24329	0	0
4345	-3.2416	0	0
4344	-3.23991	0	0
4343	-3.23821	0	0
4342	-3.23652	0	0
4341	-3.23483	0	0
4340	-3.23314	0	0
4339	-3.23145	0	0
4338	-3.22975	0	0
4337	-3.22806	0	0
4336	-3.22638	0	0
4335	-3.22469	0	0
4334	-3.223	0	0
4333	-3.22131	0	0
4332	-3.21962	0	0
4331	-3.21794	0	0
4330	-3.21625	0	0
4329	-3.21456	0	0
4328	-3.21288	0	0
4327	-3.21119	0	0
4326	-3.20951	0	0
4325	-3.20783	0	0
4324	-3.20614	0	0
4323	-3.20446	0	0
4322	-3.20278	0	0
4321	-3.2011	0	0
4320	-3.19941	0	0
4319	-3.19773	0	0
4318	-3.19605	0	0
4317	-3.19437	0	0
4316	-3.19269	0	0
4315	-3.19102	0	0
4314	-3.18934	0	0
4313	-3.18766	0	0
4312	-3.18598	0	0
4311	-3.18431	0	0
4310	-3.18263	0	0
4309	-3.18095	0	0
4308	-3.17928	0	0
4307	-3.1776	0	0
4306	-3.17593	0	0
4305	-3.17426	0	0
4304	-3.17258	0	0
4303	-3.17091	0	0
4302	-3.16924	0	0
4301	-3.16756	0	0
4300	-3.16589	0	0
4299	-3.16422	0	0
4298	-3.16255	0	0
4297	-3.16088	0	0
4296	-3.15921	0	0
4295	-3.15754	0	0
4294	-3.15587	0	0
4293	-3.1542	0	0
4292	-3.15254	0	0
4291	-3.15087	0	0
4290	-3.1492	0	0
4289	-3.14753	0	0
4288	-3.14587	0	0
4287	-3.1442	0	0
4286	-3.14254	0	0
4285	-3.14087	0	0
4284	-3.13921	0	0
4283	-3.13754	0	0
4282	-3.13588	0	0
4281	-3.13422	0	0
4280	-3.13255	0	0
4279	-3.13089	0	0
4278	-3.12923	0	0
4277	-3.12757	0	0
4276	-3.12591	0	0
4275	-3.12425	0	0
4274	-3.12258	0	0
4273	-3.12092	0	0
4272	-3.11927	0	0
4271	-3.11761	0	0
4270	-3.11595	0	0
4269	-3.11429	0	0
4268	-3.11263	0	0
4267	-3.11097	0	0
4266	-3.10932	0	0
4265	-3.10766	0	0
4264	-3.106	0	0
4263	-3.10435	0	0
4262	-3.10269	0	0
4261	-3.10104	0	0
4260	-3.09938	0	0
4259	-3.09773	0	0
4258	-3.09607	0	0
4257	-3.09442	0	0
4256	-3.09276	0	0
4255	-3.09111	0	0
4254	-3.08946	0	0
4253	-3.08781	0	0
4252	-3.08615	0	0
4251	-3.0845	0	0
4250	-3.08285	0	0
4249	-3.0812	0	0
4248	-3.07955	0	0
4247	-3.0779	0	0
4246	-3.07625	0	0
4245	-3.0746	0	0
4244	-3.07295	0	0
4243	-3.0713	0	0
4242	-3.06965	0	0
4241	-3.06801	0	0
4240	-3.06636	0	0
4239	-3.06471	0	0
4238	-3.06306	0	0
4237	-3.06142	0	0
4236	-3.05977	0	0
4235	-3.05813	0	0
4234	-3.05648	0	0
4233	-3.05483	0	0
4232	-3.05319	0	0
4231	-3.05154	0	0
4230	-3.0499	0	0
4229	-3.04826	0	0
4228	-3.04661	0	0
4227	-3.04497	0	0
4226	-3.04332	0	0
4225	-3.04168	0	0
4224	-3.04004	0	0
4223	-3.0384	0	0
4222	-3.03676	0	0
4221	-3.03511	0	0
4220	-3.03347	0	0
4219	-3.03183	0	0
4218	-3.03019	0	0
4217	-3.02855	0	0
4216	-3.02691	0	0
4215	-3.02527	0	0
4214	-3.02363	0	0
4213	-3.02199	0	0
4212	-3.02035	0	0
4211	-3.01871	0	0
4210	-3.01708	0	0
4209	-3.01544	0	0
4208	-3.0138	0	0
4207	-3.01216	0	0
4206	-3.01052	0	0
4205	-3.00889	0	0
4204	-3.00725	0	0
4203	-3.00561	0	0
4202	-3.00398	0	0
4201	-3.00234	0	0
4200	-3.00071	0	0
4199	-2.99907	0	0
4198	-2.99744	0	0
4197	-2.9958	0	0
4196	-2.99417	0	0
4195	-2.99253	0	0
4194	-2.9909	0	0
4193	-2.98927	0	0
4192	-2.98763	0	0
4191	-2.986	0	0
4190	-2.98437	0	0
4189	-2.98273	0	0
4188	-2.9811	0	0
4187	-2.97947	0	0
4186	-2.97784	0	0
4185	-2.9762	0	0
4184	-2.97457	0	0
4183	-2.97294	0	0
4182	-2.97131	0	0
4181	-2.96968	0	0
4180	-2.96805	0	0
4179	-2.96642	0	0
4178	-2.96479	0	0
4177	-2.96316	0	0
4176	-2.96153	0	0
4175	-2.9599	0	0
4174	-2.95827	0	0
4173	-2.95664	0	0
4172	-2.95501	0	0
4171	-2.95338	0	0
4170	-2.95176	0	0
4169	-2.95013	0	0
4168	-2.9485	0	0
4167	-2.94687	0	0
4166	-2.94524	0	0
4165	-2.94362	0	0
4164	-2.94199	0	0
4163	-2.94036	0	0
4162	-2.93874	0	0
4161	-2.93711	0	0
4160	-2.93548	0	0
4159	-2.93386	0	0
4158	-2.93223	0	0
4157	-2.93061	0	0
4156	-2.92898	0	0
4155	-2.92735	0	0
4154	-2.92573	0	0
4153	-2.9241	0	0
4152	-2.92248	0	0
4151	-2.92086	0	0
4150	-2.91923	0	0
4149	-2.91761	0	0
4148	-2.91598	0	0
4147	-2.91436	0	0
4146	-2.91274	0	0
4145	-2.91111	0	0
4144	-2.90949	0	0
4143	-2.90787	0	0
4142	-2.90624	0	0
4141	-2.90462	0	0
4140	-2.903	0	0
4139	-2.90137	0	0
4138	-2.89975	0	0
4137	-2.89813	0	0
4136	-2.89651	0	0
4135	-2.89489	0	0
4134	-2.89327	0	0
4133	-2.89164	0	0
4132	-2.89002	0	0
4131	-2.8884	0	0
4130	-2.88678	0	0
4129	-2.88516	0	0
4128	-2.88354	0	0
4127	-2.88192	0	0
4126	-2.8803	0	0
4125	-2.87868	0	0
4124	-2.87706	0	0
4123	-2.87544	0	0
4122	-2.87382	0	0
4121	-2.8722	0	0
4120	-2.87058	0	0
4119	-2.86896	0	0
4118	-2.86734	0	0
4117	-2.86572	0	0
4116	-2.8641	0	0
4115	-2.86248	0	0
4114	-2.86086	0	0
4113	-2.85924	0	0
4112	-2.85763	0	0
4111	-2.85601	0	0
4110	-2.85439	0	0
4109	-2.85277	0	0
4108	-2.85115	0	0
4107	-2.84953	0	0
4106	-2.84792	0	0
4105	-2.8463	0	0
4104	-2.84468	0	0
4103	-2.84306	0	0
4102	-2.84145	0	0
4101	-2.83983	0	0
4100	-2.83821	0	0
4099	-2.8366	0	0
4098	-2.83498	0	0
4097	-2.83336	0	0
4096	-2.83174	0	0
4095	-2.83013	0	0
4094	-2.82851	0	0
4093	-2.8269	0	0
4092	-2.82528	0	0
4091	-2.82366	0	0
4090	-2.82205	0	0
4089	-2.82043	0	0
4088	-2.81881	0	0
4087	-2.8172	0	0
4086	-2.81558	0	0
4085	-2.81397	0	0
4084	-2.81235	0	0
4083	-2.81074	0	0
4082	-2.80912	0	0
4081	-2.8075	0	0
4080	-2.80589	0	0
4079	-2.80427	0	0
4078	-2.80266	0	0
4077	-2.80104	0	0
4076	-2.79943	0	0
4075	-2.79781	0	0
4074	-2.7962	0	0
4073	-2.79458	0	0
4072	-2.79297	0	0
4071	-2.79135	0	0
4070	-2.78974	0	0
4069	-2.78812	0	0
4068	-2.78651	0	0
4067	-2.7849	0	0
4066	-2.78328	0	0
4065	-2.78167	0	0
4064	-2.78005	0	0
4063	-2.77844	0	0
4062	-2.77682	0	0
4061	-2.77521	0	0
4060	-2.7736	0	0
4059	-2.77198	0	0
4058	-2.77037	0	0
4057	-2.76875	0	0
4056	-2.76714	0	0
4055	-2.76553	0	0
4054	-2.76391	0	0
4053	-2.7623	0	0
4052	-2.76068	0	0
4051	-2.75907	0	0
4050	-2.75746	0	0
4049	-2.75584	0	0
4048	-2.75423	0	0
4047	-2.75262	0	0
4046	-2.751	0	0
4045	-2.74939	0	0
4044	-2.74777	0	0
4043	-2.74616	0	0
4042	-2.74455	0	0
4041	-2.74293	0	0
4040	-2.74132	0	0
4039	-2.73971	0	0
4038	-2.73809	0	0
4037	-2.73648	0	0
4036	-2.73487	0	0
4035	-2.73325	0	0
4034	-2.73164	0	0
4033	-2.73003	0	0
4032	-2.72841	0	0
4031	-2.7268	0	0
4030	-2.72519	0	0
4029	-2.72357	0	0
4028	-2.72196	0	0
4027	-2.72035	0	0
4026	-2.71873	0	0
4025	-2.71712	0	0
4024	-2.71551	0	0
4023	-2.71389	0	0
4022	-2.71228	0	0
4021	-2.71067	0	0
4020	-2.70905	0	0
4019	-2.70744	0	0
4018	-2.70583	0	0
4017	-2.70421	0	0
4016	-2.7026	0	0
4015	-2.70099	0	0
4014	-2.69937	0	0
4013	-2.69776	0	0
4012	-2.69615	0	0
4011	-2.69453	0	0
4010	-2.69292	0	0
4009	-2.6913	0	0
4008	-2.68969	0	0
4007	-2.68808	0	0
4006	-2.68646	0	0
4005	-2.68485	0	0
4004	-2.68324	0	0
4003	-2.68162	0	0
4002	-2.68001	0	0
4001	-2.6784	0	0
4000	-2.67678	0	0
3999	-2.67517	0	0
3998	-2.67355	0	0
3997	-2.67194	0	0
3996	-2.67033	0	0
3995	-2.66871	0	0
3994	-2.6671	0	0
3993	-2.66548	0	0
3992	-2.66387	0	0
3991	-2.66226	0	0
3990	-2.66064	0	0
3989	-2.65903	0	0
3988	-2.65741	0	0
3987	-2.6558	0	0
3986	-2.65418	0	0
3985	-2.65257	0	0
3984	-2.65096	0	0
3983	-2.64934	0	0
3982	-2.64773	0	0
3981	-2.64611	0	0
3980	-2.6445	0	0
3979	-2.64288	0	0
3978	-2.64127	0	0
3977	-2.63965	0	0
3976	-2.63804	0	0
3975	-2.63642	0	0
3974	-2.63481	0	0
3973	-2.63319	0	0
3972	-2.63158	0	0
3971	-2.62996	0	0
3970	-2.62835	0	0
3969	-2.62673	0	0
3968	-2.62512	0	0
3967	-2.6235	0	0
3966	-2.62188	0	0
3965	-2.62027	0	0
3964	-2.61865	0	0
3963	-2.61704	0	0
3962	-2.61542	0	0
3961	-2.61381	0	0
3960	-2.61219	0	0
3959	-2.61057	0	0
3958	-2.60896	0	0
3957	-2.60734	0	0
3956	-2.60572	0	0
3955	-2.60411	0	0
3954	-2.60249	0	0
3953	-2.60087	0	0
3952	-2.59926	0	0
3951	-2.59764	0	0
3950	-2.59602	0	0
3949	-2.59441	0	0
3948	-2.59279	0	0
3947	-2.59117	0	0
3946	-2.58955	0	0
3945	-2.58794	0	0
3944	-2.58632	0	0
3943	-2.5847	0	0
3942	-2.58308	0	0
3941	-2.58147	0	0
3940	-2.57985	0	0
3939	-2.57823	0	0
3938	-2.57661	0	0
3937	-2.57499	0	0
3936	-2.57337	0	0
3935	-2.57176	0	0
3934	-2.57014	0	0
3933	-2.56852	0	0
3932	-2.5669	0	0
3931	-2.56528	0	0
3930	-2.56366	0	0
3929	-2.56204	0	0
3928	-2.56042	0	0
3927	-2.5588	0	0
3926	-2.55718	0	0
3925	-2.55556	0	0
3924	-2.55394	0	0
3923	-2.55232	0	0
3922	-2.5507	0	0
3921	-2.54908	0	0
3920	-2.54746	0	0
3919	-2.54584	0	0
3918	-2.54422	0	0
3917	-2.5426	0	0
3916	-2.54098	0	0
3915	-2.53936	0	0
3914	-2.53774	0	0
3913	-2.53612	0	0
3912	-2.5345	0	0
3911	-2.53287	0	0
3910	-2.53125	0	0
3909	-2.52963	0	0
3908	-2.52801	0	0
3907	-2.52639	0	0
3906	-2.52476	0	0
3905	-2.52314	0	0
3904	-2.52152	0	0
3903	-2.5199	0	0
3902	-2.51827	0	0
3901	-2.51665	0	0
3900	-2.51503	0	0
3899	-2.5134	0	0
3898	-2.51178	0	0
3897	-2.51016	0	0
3896	-2.50853	0	0
3895	-2.50691	0	0
3894	-2.50528	0	0
3893	-2.50366	0	0
3892	-2.50204	0	0
3891	-2.50041	0	0
3890	-2.49879	0	0
3889	-2.49716	0	0
3888	-2.49554	0	0
3887	-2.49391	0	0
3886	-2.49229	0	0
3885	-2.49066	0	0
3884	-2.48903	0	0
3883	-2.48741	0	0
3882	-2.48578	0	0
3881	-2.48416	0	0
3880	-2.48253	0	0
3879	-2.4809	0	0
3878	-2.47928	0	0
3877	-2.47765	0	0
3876	-2.47602	0	0
3875	-2.4744	0	0
3874	-2.47277	0	0
3873	-2.47114	0	0
3872	-2.46951	0	0
3871	-2.46788	0	0
3870	-2.46626	0	0
3869	-2.46463	0	0
3868	-2.463	0	0
3867	-2.46137	0	0
3866	-2.45974	0	0
3865	-2.45811	0	0
3864	-2.45648	0	0
3863	-2.45485	0	0
3862	-2.45322	0	0
3861	-2.45159	0	0
3860	-2.44996	0	0
3859	-2.44833	0	0
3858	-2.4467	0	0
3857	-2.44507	0	0
3856	-2.44344	0	0
3855	-2.44181	0	0
3854	-2.44018	0	0
3853	-2.43855	0	0
3852	-2.43692	0	0
3851	-2.43529	0	0
3850	-2.43365	0	0
3849	-2.43202	0	0
3848	-2.43039	0	0
3847	-2.42876	0	0
3846	-2.42712	0	0
3845	-2.42549	0	0
3844	-2.42386	0	0
3843	-2.42222	0	0
3842	-2.42059	0	0
3841	-2.41896	0	0
3840	-2.41732	0	0
3839	-2.41569	0	0
3838	-2.41405	0	0
3837	-2.41242	0	0
3836	-2.41078	0	0
3835	-2.40915	0	0
3834	-2.40751	0	0
3833	-2.40588	0	0
3832	-2.40424	0	0
3831	-2.40261	0	0
3830	-2.40097	0	0
3829	-2.39933	0	0
3828	-2.3977	0	0
3827	-2.39606	0	0
3826	-2.39442	0	0
3825	-2.39279	0	0
3824	-2.39115	0	0
3823	-2.38951	0	0
3822	-2.38787	0	0
3821	-2.38623	0	0
3820	-2.3846	0	0
3819	-2.38296	0	0
3818	-2.38132	0	0
3817	-2.37968	0	0
3816	-2.37804	0	0
3815	-2.3764	0	0
3814	-2.37476	0	0
3813	-2.37312	0	0
3812	-2.37148	0	0
3811	-2.36984	0	0
3810	-2.3682	0	0
3809	-2.36656	0	0
3808	-2.36492	0	0
3807	-2.36327	0	0
3806	-2.36163	0	0
3805	-2.35999	0	0
3804	-2.35835	0	0
3803	-2.35671	0	0
3802	-2.35506	0	0
3801	-2.35342	0	0
3800	-2.35178	0	0
3799	-2.35013	0	0
3798	-2.34849	0	0
3797	-2.34685	0	0
3796	-2.3452	0	0
3795	-2.34356	0	0
3794	-2.34191	0	0
3793	-2.34027	0	0
3792	-2.33862	0	0
3791	-2.33698	0	0
3790	-2.33533	0	0
3789	-2.33369	0	0
3788	-2.33204	0	0
3787	-2.33039	0	0
3786	-2.32875	0	0
3785	-2.3271	0	0
3784	-2.32545	0	0
3783	-2.3238	0	0
3782	-2.32216	0	0
3781	-2.32051	0	0
3780	-2.31886	0	0
3779	-2.31721	0	0
3778	-2.31556	0	0
3777	-2.31391	0	0
3776	-2.31227	0	0
3775	-2.31062	0	0
3774	-2.30897	0	0
3773	-2.30732	0	0
3772	-2.30566	0	0
3771	-2.30401	0	0
3770	-2.30236	0	0
3769	-2.30071	0	0
3768	-2.29906	0	0
3767	-2.29741	0	0
3766	-2.29576	0	0
3765	-2.2941	0	0
3764	-2.29245	0	0
3763	-2.2908	0	0
3762	-2.28915	0	0
3761	-2.28749	0	0
3760	-2.28584	0	0
3759	-2.28418	0	0
3758	-2.28253	0	0
3757	-2.28088	0	0
3756	-2.27922	0	0
3755	-2.27757	0	0
3754	-2.27591	0	0
3753	-2.27425	0	0
3752	-2.2726	0	0
3751	-2.27094	0	0
3750	-2.26929	0	0
3749	-2.26763	0	0
3748	-2.26597	0	0
3747	-2.26431	0	0
3746	-2.26266	0	0
3745	-2.261	0	0
3744	-2.25934	0	0
3743	-2.25768	0	0
3742	-2.25602	0	0
3741	-2.25436	0	0
3740	-2.25271	0	0
3739	-2.25105	0	0
3738	-2.24939	0	0
3737	-2.24773	0	0
3736	-2.24606	0	0
3735	-2.2444	0	0
3734	-2.24274	0	0
3733	-2.24108	0	0
3732	-2.23942	0	0
3731	-2.23776	0	0
3730	-2.23609	0	0
3729	-2.23443	0	0
3728	-2.23277	0	0
3727	-2.23111	0	0
3726	-2.22944	0	0
3725	-2.22778	0	0
3724	-2.22611	0	0
3723	-2.22445	0	0
3722	-2.22278	0	0
3721	-2.22112	0	0
3720	-2.21945	0	0
3719	-2.21779	0	0
3718	-2.21612	0	0
3717	-2.21446	0	0
3716	-2.21279	0	0
3715	-2.21112	0	0
3714	-2.20946	0	0
3713	-2.20779	0	0
3712	-2.20612	0	0
3711	-2.20445	0	0
3710	-2.20278	0	0
3709	-2.20111	0	0
3708	-2.19945	0	0
3707	-2.19778	0	0
3706	-2.19611	0	0
3705	-2.19444	0	0
3704	-2.19277	0	0
3703	-2.1911	0	0
3702	-2.18942	0	0
3701	-2.18775	0	0
3700	-2.18608	0	0
3699	-2.18441	0	0
3698	-2.18274	0	0
3697	-2.18106	0	0
3696	-2.17939	0	0
3695	-2.17772	0	0
3694	-2.17604	0	0
3693	-2.17437	0	0
3692	-2.1727	0	0
3691	-2.17102	0	0
3690	-2.16935	0	0
3689	-2.16767	0	0
3688	-2.166	0	0
3687	-2.16432	0	0
3686	-2.16264	0	0
3685	-2.16097	0	0
3684	-2.15929	0	0
3683	-2.15761	0	0
3682	-2.15594	0	0
3681	-2.15426	0	0
3680	-2.15258	0	0
3679	-2.1509	0	0
3678	-2.14922	0	0
3677	-2.14754	0	0
3676	-2.14586	0	0
3675	-2.14418	0	0
3674	-2.1425	0	0
3673	-2.14082	0	0
3672	-2.13914	0	0
3671	-2.13746	0	0
3670	-2.13578	0	0
3669	-2.1341	0	0
3668	-2.13242	0	0
3667	-2.13073	0	0
3666	-2.12905	0	0
3665	-2.12737	0	0
3664	-2.12568	0	0
3663	-2.124	0	0
3662	-2.12232	0	0
3661	-2.12063	0	0
3660	-2.11895	0	0
3659	-2.11726	0	0
3658	-2.11558	0	0
3657	-2.11389	0	0
3656	-2.1122	0	0
3655	-2.11052	0	0
3654	-2.10883	0	0
3653	-2.10714	0	0
3652	-2.10545	0	0
3651	-2.10377	0	0
3650	-2.10208	0	0
3649	-2.10039	0	0
3648	-2.0987	0	0
3647	-2.09701	0	0
3646	-2.09532	0	0
3645	-2.09363	0	0
3644	-2.09194	0	0
3643	-2.09025	0	0
3642	-2.08856	0	0
3641	-2.08687	0	0
3640	-2.08518	0	0
3639	-2.08348	0	0
3638	-2.08179	0	0
3637	-2.0801	0	0
3636	-2.07841	0	0
3635	-2.07671	0	0
3634	-2.07502	0	0
3633	-2.07332	0	0
3632	-2.07163	0	0
3631	-2.06993	0	0
3630	-2.06824	0	0
3629	-2.06654	0	0
3628	-2.06485	0	0
3627	-2.06315	0	0
3626	-2.06145	0	0
3625	-2.05976	0	0
3624	-2.05806	0	0
3623	-2.05636	0	0
3622	-2.05466	0	0
3621	-2.05296	0	0
3620	-2.05127	0	0
3619	-2.04957	0	0
3618	-2.04787	0	0
3617	-2.04617	0	0
3616	-2.04447	0	0
3615	-2.04277	0	0
3614	-2.04106	0	0
3613	-2.03936	0	0
3612	-2.03766	0	0
3611	-2.03596	0	0
3610	-2.03426	0	0
3609	-2.03255	0	0
3608	-2.03085	0	0
3607	-2.02915	0	0
3606	-2.02744	0	0
3605	-2.02574	0	0
3604	-2.02403	0	0
3603	-2.02233	0	0
3602	-2.02062	0	0
3601	-2.01892	0	0
3600	-2.01721	0	0
3599	-2.0155	0	0
3598	-2.0138	0	0
3597	-2.01209	0	0
3596	-2.01038	0	0
3595	-2.00868	0	0
3594	-2.00697	0	0
3593	-2.00526	0	0
3592	-2.00355	0	0
3591	-2.00184	0	0
3590	-2.00013	0	0
3589	-1.99842	0	0
3588	-1.99671	0	0
3587	-1.995	0	0
3586	-1.99329	0	0
3585	-1.99157	0	0
3584	-1.98986	0	0
3583	-1.98815	0	0
3582	-1.98644	0	0
3581	-1.98472	0	0
3580	-1.98301	0	0
3579	-1.9813	0	0
3578	-1.97958	0	0
3577	-1.97787	0	0
3576	-1.97615	0	0
3575	-1.97444	0	0
3574	-1.97272	0	0
3573	-1.97101	0	0
3572	-1.96929	0	0
3571	-1.96757	0	0
3570	-1.96586	0	0
3569	-1.96414	0	0
3568	-1.96242	0	0
3567	-1.9607	0	0
3566	-1.95898	0	0
3565	-1.95726	0	0
3564	-1.95554	0	0
3563	-1.95382	0	0
3562	-1.9521	0	0
3561	-1.95038	0	0
3560	-1.94866	0	0
3559	-1.94694	0	0
3558	-1.94522	0	0
3557	-1.9435	0	0
3556	-1.94177	0	0
3555	-1.94005	0	0
3554	-1.93833	0	0
3553	-1.9366	0	0
3552	-1.93488	0	0
3551	-1.93316	0	0
3550	-1.93143	0	0
3549	-1.92971	0	0
3548	-1.92798	0	0
3547	-1.92625	0	0
3546	-1.92453	0	0
3545	-1.9228	0	0
3544	-1.92107	0	0
3543	-1.91935	0	0
3542	-1.91762	0	0
3541	-1.91589	0	0
3540	-1.91416	0	0
3539	-1.91243	0	0
3538	-1.9107	0	0
3537	-1.90897	0	0
3536	-1.90724	0	0
3535	-1.90551	0	0
3534	-1.90378	0	0
3533	-1.90205	0	0
3532	-1.90032	0	0
3531	-1.89859	0	0
3530	-1.89686	0	0
3529	-1.89512	0	0
3528	-1.89339	0	0
3527	-1.89166	0	0
3526	-1.88992	0	0
3525	-1.88819	0	0
3524	-1.88645	0	0
3523	-1.88472	0	0
3522	-1.88298	0	0
3521	-1.88125	0	0
3520	-1.87951	0	0
3519	-1.87777	0	0
3518	-1.87604	0	0
3517	-1.8743	0	0
3516	-1.87256	0	0
3515	-1.87082	0	0
3514	-1.86909	0	0
3513	-1.86735	0	0
3512	-1.86561	0	0
3511	-1.86387	0	0
3510	-1.86213	0	0
3509	-1.86039	0	0
3508	-1.85865	0	0
3507	-1.8569	0	0
3506	-1.85516	0	0
3505	-1.85342	0	0
3504	-1.85168	0	0
3503	-1.84994	0	0
3502	-1.84819	0	0
3501	-1.84645	0	0
3500	-1.84471	0	0
3499	-1.84296	0	0
3498	-1.84122	0	0
3497	-1.83947	0	0
3496	-1.83773	0	0
3495	-1.83598	0	0
3494	-1.83424	0	0
3493	-1.83249	0	0
3492	-1.83074	0	0
3491	-1.82899	0	0
3490	-1.82725	0	0
3489	-1.8255	0	0
3488	-1.82375	0	0
3487	-1.822	0	0
3486	-1.82025	0	0
3485	-1.8185	0	0
3484	-1.81675	0	0
3483	-1.815	0	0
3482	-1.81325	0	0
3481	-1.8115	0	0
3480	-1.80975	0	0
3479	-1.808	0	0
3478	-1.80625	0	0
3477	-1.80449	0	0
3476	-1.80274	0	0
3475	-1.80099	0	0
3474	-1.79923	0	0
3473	-1.79748	0	0
3472	-1.79572	0	0
3471	-1.79397	0	0
3470	-1.79221	0	0
3469	-1.79046	0	0
3468	-1.7887	0	0
3467	-1.78695	0	0
3466	-1.78519	0	0
3465	-1.78343	0	0
3464	-1.78167	0	0
3463	-1.77992	0	0
3462	-1.77816	0	0
3461	-1.7764	0	0
3460	-1.77464	0	0
3459	-1.77288	0	0
3458	-1.77112	0	0
3457	-1.76936	0	0
3456	-1.7676	0	0
3455	-1.76584	0	0
3454	-1.76408	0	0
3453	-1.76232	0	0
3452	-1.76056	0	0
3451	-1.75879	0	0
3450	-1.75703	0	0
3449	-1.75527	0	0
3448	-1.7535	0	0
3447	-1.75174	0	0
3446	-1.74998	0	0
3445	-1.74821	0	0
3444	-1.74645	0	0
3443	-1.74468	0	0
3442	-1.74291	0	0
3441	-1.74115	0	0
3440	-1.73938	0	0
3439	-1.73761	0	0
3438	-1.73585	0	0
3437	-1.73408	0	0
3436	-1.73231	0	0
3435	-1.73054	0	0
3434	-1.72877	0	0
3433	-1.72701	0	0
3432	-1.72524	0	0
3431	-1.72347	0	0
3430	-1.7217	0	0
3429	-1.71993	0	0
3428	-1.71815	0	0
3427	-1.71638	0	0
3426	-1.71461	0	0
3425	-1.71284	0	0
3424	-1.71107	0	0
3423	-1.70929	0	0
3422	-1.70752	0	0
3421	-1.70575	0	0
3420	-1.70397	0	0
3419	-1.7022	0	0
3418	-1.70042	0	0
3417	-1.69865	0	0
3416	-1.69687	0	0
3415	-1.6951	0	0
3414	-1.69332	0	0
3413	-1.69155	0	0
3412	-1.68977	0	0
3411	-1.68799	0	0
3410	-1.68621	0	0
3409	-1.68444	0	0
3408	-1.68266	0	0
3407	-1.68088	0	0
3406	-1.6791	0	0
3405	-1.67732	0	0
3404	-1.67554	0	0
3403	-1.67376	0	0
3402	-1.67198	0	0
3401	-1.6702	0	0
3400	-1.66842	0	0
3399	-1.66664	0	0
3398	-1.66485	0	0
3397	-1.66307	0	0
3396	-1.66129	0	0
3395	-1.65951	0	0
3394	-1.65772	0	0
3393	-1.65594	0	0
3392	-1.65416	0	0
3391	-1.65237	0	0
3390	-1.65059	0	0
3389	-1.6488	0	0
3388	-1.64702	0	0
3387	-1.64523	0	0
3386	-1.64344	0	0
3385	-1.64166	0	0
3384	-1.63987	0	0
3383	-1.63808	0	0
3382	-1.6363	0	0
3381	-1.63451	0	0
3380	-1.63272	0	0
3379	-1.63093	0	0
3378	-1.62914	0	0
3377	-1.62735	0	0
3376	-1.62556	0	0
3375	-1.62377	0	0
3374	-1.62198	0	0
3373	-1.62019	0	0
3372	-1.6184	0	0
3371	-1.61661	0	0
3370	-1.61482	0	0
3369	-1.61302	0	0
3368	-1.61123	0	0
3367	-1.60944	0	0
3366	-1.60765	0	0
3365	-1.60585	0	0
3364	-1.60406	0	0
3363	-1.60226	0	0
3362	-1.60047	0	0
3361	-1.59868	0	0
3360	-1.59688	0	0
3359	-1.59508	0	0
3358	-1.59329	0	0
3357	-1.59149	0	0
3356	-1.5897	0	0
3355	-1.5879	0	0
3354	-1.5861	0	0
3353	-1.5843	0	0
3352	-1.58251	0	0
3351	-1.58071	0	0
3350	-1.57891	0	0
3349	-1.57711	0	0
3348	-1.57531	0	0
3347	-1.57351	0	0
3346	-1.57171	0	0
3345	-1.56991	0	0
3344	-1.56811	0	0
3343	-1.56631	0	0
3342	-1.56451	0	0
3341	-1.56271	0	0
3340	-1.56091	0	0
3339	-1.5591	0	0
3338	-1.5573	0	0
3337	-1.5555	0	0
3336	-1.5537	0	0
3335	-1.55189	0	0
3334	-1.55009	0	0
3333	-1.54828	0	0
3332	-1.54648	0	0
3331	-1.54467	0	0
3330	-1.54287	0	0
3329	-1.54106	0	0
3328	-1.53926	0	0
3327	-1.53745	0	0
3326	-1.53565	0	0
3325	-1.53384	0	0
3324	-1.53203	0	0
3323	-1.53023	0	0
3322	-1.52842	0	0
3321	-1.52661	0	0
3320	-1.5248	0	0
3319	-1.52299	0	0
3318	-1.52118	0	0
3317	-1.51938	0	0
3316	-1.51757	0	0
3315	-1.51576	0	0
3314	-1.51395	0	0
3313	-1.51214	0	0
3312	-1.51032	0	0
3311	-1.50851	0	0
3310	-1.5067	0	0
3309	-1.50489	0	0
3308	-1.50308	0	0
3307	-1.50127	0	0
3306	-1.49945	0	0
3305	-1.49764	0	0
3304	-1.49583	0	0
3303	-1.49401	0	0
3302	-1.4922	0	0
3301	-1.49039	0	0
3300	-1.48857	0	0
3299	-1.48676	0	0
3298	-1.48494	0	0
3297	-1.48313	0	0
3296	-1.48131	0	0
3295	-1.4795	0	0
3294	-1.47768	0	0
3293	-1.47587	0	0
3292	-1.47405	0	0
3291	-1.47223	0	0
3290	-1.47041	0	0
3289	-1.4686	0	0
3288	-1.46678	0	0
3287	-1.46496	0	0
3286	-1.46314	0	0
3285	-1.46132	0	0
3284	-1.45951	0	0
3283	-1.45769	0	0
3282	-1.45587	0	0
3281	-1.45405	0	0
3280	-1.45223	0	0
3279	-1.45041	0	0
3278	-1.44859	0	0
3277	-1.44677	0	0
3276	-1.44495	0	0
3275	-1.44312	0	0
3274	-1.4413	0	0
3273	-1.43948	0	0
3272	-1.43766	0	0
3271	-1.43584	0	0
3270	-1.43401	0	0
3269	-1.43219	0	0
3268	-1.43037	0	0
3267	-1.42854	0	0
3266	-1.42672	0	0
3265	-1.4249	0	0
3264	-1.42307	0	0
3263	-1.42125	0	0
3262	-1.41942	0	0
3261	-1.4176	0	0
3260	-1.41577	0	0
3259	-1.41395	0	0
3258	-1.41212	0	0
3257	-1.41029	0	0
3256	-1.40847	0	0
3255	-1.40664	0	0
3254	-1.40482	0	0
3253	-1.40299	0	0
3252	-1.40116	0	0
3251	-1.39933	0	0
3250	-1.39751	0	0
3249	-1.39568	0	0
3248	-1.39385	0	0
3247	-1.39202	0	0
3246	-1.39019	0	0
3245	-1.38836	0	0
3244	-1.38653	0	0
3243	-1.3847	0	0
3242	-1.38287	0	0
3241	-1.38104	0	0
3240	-1.37921	0	0
3239	-1.37738	0	0
3238	-1.37555	0	0
3237	-1.37372	0	0
3236	-1.37189	0	0
3235	-1.37006	0	0
3234	-1.36823	0	0
3233	-1.36639	0	0
3232	-1.36456	0	0
3231	-1.36273	0	0
3230	-1.3609	0	0
3229	-1.35906	0	0
3228	-1.35723	0	0
3227	-1.3554	0	0
3226	-1.35356	0	0
3225	-1.35173	0	0
3224	-1.3499	0	0
3223	-1.34806	0	0
3222	-1.34623	0	0
3221	-1.34439	0	0
3220	-1.34256	0	0
3219	-1.34072	0	0
3218	-1.33889	0	0
3217	-1.33705	0	0
3216	-1.33522	0	0
3215	-1.33338	0	0
3214	-1.33155	0	0
3213	-1.32971	0	0
3212	-1.32787	0	0
3211	-1.32604	0	0
3210	-1.3242	0	0
3209	-1.32236	0	0
3208	-1.32053	0	0
3207	-1.31869	0	0
3206	-1.31685	0	0
3205	-1.31501	0	0
3204	-1.31318	0	0
3203	-1.31134	0	0
3202	-1.3095	0	0
3201	-1.30766	0	0
3200	-1.30582	0	0
3199	-1.30398	0	0
3198	-1.30214	0	0
3197	-1.3003	0	0
3196	-1.29846	0	0
3195	-1.29662	0	0
3194	-1.29478	0	0
3193	-1.29294	0	0
3192	-1.2911	0	0
3191	-1.28926	0	0
3190	-1.28742	0	0
3189	-1.28558	0	0
3188	-1.28374	0	0
3187	-1.2819	0	0
3186	-1.28006	0	0
3185	-1.27822	0	0
3184	-1.27638	0	0
3183	-1.27453	0	0
3182	-1.27269	0	0
3181	-1.27085	0	0
3180	-1.26901	0	0
3179	-1.26716	0	0
3178	-1.26532	0	0
3177	-1.26348	0	0
3176	-1.26164	0	0
3175	-1.25979	0	0
3174	-1.25795	0	0
3173	-1.25611	0	0
3172	-1.25426	0	0
3171	-1.25242	0	0
3170	-1.25058	0	0
3169	-1.24873	0	0
3168	-1.24689	0	0
3167	-1.24504	0	0
3166	-1.2432	0	0
3165	-1.24135	0	0
3164	-1.23951	0	0
3163	-1.23766	0	0
3162	-1.23582	0	0
3161	-1.23397	0	0
3160	-1.23213	0	0
3159	-1.23028	0	0
3158	-1.22844	0	0
3157	-1.22659	0	0
3156	-1.22475	0	0
3155	-1.2229	0	0
3154	-1.22105	0	0
3153	-1.21921	0	0
3152	-1.21736	0	0
3151	-1.21551	0	0
3150	-1.21367	0	0
3149	-1.21182	0	0
3148	-1.20997	0	0
3147	-1.20813	0	0
3146	-1.20628	0	0
3145	-1.20443	0	0
3144	-1.20258	0	0
3143	-1.20074	0	0
3142	-1.19889	0	0
3141	-1.19704	0	0
3140	-1.19519	0	0
3139	-1.19334	0	0
3138	-1.1915	0	0
3137	-1.18965	0	0
3136	-1.1878	0	0
3135	-1.18595	0	0
3134	-1.1841	0	0
3133	-1.18225	0	0
3132	-1.18041	0	0
3131	-1.17856	0	0
3130	-1.17671	0	0
3129	-1.17486	0	0
3128	-1.17301	0	0
3127	-1.17116	0	0
3126	-1.16931	0	0
3125	-1.16746	0	0
3124	-1.16561	0	0
3123	-1.16376	0	0
3122	-1.16191	0	0
3121	-1.16006	0	0
3120	-1.15821	0	0
3119	-1.15636	0	0
3118	-1.15451	0	0
3117	-1.15266	0	0
3116	-1.15081	0	0
3115	-1.14896	0	0
3114	-1.14711	0	0
3113	-1.14526	0	0
3112	-1.14341	0	0
3111	-1.14156	0	0
3110	-1.13971	0	0
3109	-1.13786	0	0
3108	-1.13601	0	0
3107	-1.13415	0	0
3106	-1.1323	0	0
3105	-1.13045	0	0
3104	-1.1286	0	0
3103	-1.12675	0	0
3102	-1.1249	0	0
3101	-1.12305	0	0
3100	-1.1212	0	0
3099	-1.11934	0	0
3098	-1.11749	0	0
3097	-1.11564	0	0
3096	-1.11379	0	0
3095	-1.11194	0	0
3094	-1.11008	0	0
3093	-1.10823	0	0
3092	-1.10638	0	0
3091	-1.10453	0	0
3090	-1.10268	0	0
3089	-1.10082	0	0
3088	-1.09897	0	0
3087	-1.09712	0	0
3086	-1.09527	0	0
3085	-1.09341	0	0
3084	-1.09156	0	0
3083	-1.08971	0	0
3082	-1.08786	0	0
3081	-1.086	0	0
3080	-1.08415	0	0
3079	-1.0823	0	0
3078	-1.08045	0	0
3077	-1.07859	0	0
3076	-1.07674	0	0
3075	-1.07489	0	0
3074	-1.07303	0	0
3073	-1.07118	0	0
3072	-1.06933	0	0
3071	-1.06748	0	0
3070	-1.06562	0	0
3069	-1.06377	0	0
3068	-1.06192	0	0
3067	-1.06006	0	0
3066	-1.05821	0	0
3065	-1.05636	0	0
3064	-1.0545	0	0
3063	-1.05265	0	0
3062	-1.0508	0	0
3061	-1.04894	0	0
3060	-1.04709	0	0
3059	-1.04524	0	0
3058	-1.04338	0	0
3057	-1.04153	0	0
3056	-1.03967	0	0
3055	-1.03782	0	0
3054	-1.03597	0	0
3053	-1.03411	0	0
3052	-1.03226	0	0
3051	-1.03041	0	0
3050	-1.02855	0	0
3049	-1.0267	0	0
3048	-1.02485	0	0
3047	-1.02299	0	0
3046	-1.02114	0	0
3045	-1.01928	0	0
3044	-1.01743	0	0
3043	-1.01558	0	0
3042	-1.01372	0	0
3041	-1.01187	0	0
3040	-1.01001	0	0
3039	-1.00816	0	0
3038	-1.00631	0	0
3037	-1.00445	0	0
3036	-1.0026	0	0
3035	-1.00074	0	0
3034	-0.998891	0	0
3033	-0.997037	0	0
3032	-0.995183	0	0
3031	-0.993329	0	0
3030	-0.991475	0	0
3029	-0.989621	0	0
3028	-0.987767	0	0
3027	-0.985913	0	0
3026	-0.984059	0	0
3025	-0.982205	0	0
3024	-0.980351	0	0
3023	-0.978497	0	0
3022	-0.976643	0	0
3021	-0.974789	0	0
3020	-0.972935	0	0
3019	-0.971081	0	0
3018	-0.969227	0	0
3017	-0.967373	0	0
3016	-0.965519	0	0
3015	-0.963665	0	0
3014	-0.961811	0	0
3013	-0.959957	0	0
3012	-0.958103	0	0
3011	-0.956249	0	0
3010	-0.954395	0	0
3009	-0.95254	0	0
3008	-0.950686	0	0
3007	-0.948832	0	0
3006	-0.946978	0	0
3005	-0.945124	0	0
3004	-0.94327	0	0
3003	-0.941416	0	0
3002	-0.939562	0	0
3001	-0.937708	0	0
3000	-0.935854	0	0
2999	-0.934	0	0
2998	-0.932146	0	0
2997	-0.930292	0	0
2996	-0.928438	0	0
2995	-0.926584	0	0
2994	-0.92473	0	0
2993	-0.922876	0	0
2992	-0.921022	0	0
2991	-0.919168	0	0
2990	-0.917314	0	0
2989	-0.91546	0	0
2988	-0.913606	0	0
2987	-0.911752	0	0
2986	-0.909898	0	0
2985	-0.908044	0	0
2984	-0.90619	0	0
2983	-0.904336	0	0
2982	-0.902482	0	0
2981	-0.900628	0	0
2980	-0.898774	0	0
2979	-0.89692	0	0
2978	-0.895067	0	0
2977	-0.893213	0	0
2976	-0.891359	0	0
2975	-0.889505	0	0
2974	-0.887651	0	0
2973	-0.885797	0	0
2972	-0.883943	0	0
2971	-0.882089	0	0
2970	-0.880235	0	0
2969	-0.878381	0	0
2968	-0.876527	0	0
2967	-0.874673	0	0
2966	-0.872819	0	0
2965	-0.870966	0	0
2964	-0.869112	0	0
2963	-0.867258	0	0
2962	-0.865404	0	0
2961	-0.86355	0	0
2960	-0.861696	0	0
2959	-0.859842	0	0
2958	-0.857988	0	0
2957	-0.856134	0	0
2956	-0.85428	0	0
2955	-0.852426	0	0
2954	-0.850572	0	0
2953	-0.848719	0	0
2952	-0.846865	0	0
2951	-0.845011	0	0
2950	-0.843157	0	0
2949	-0.841303	0	0
2948	-0.839449	0	0
2947	-0.837595	0	0
2946	-0.835741	0	0
2945	-0.833887	0	0
2944	-0.832033	0	0
2943	-0.830179	0	0
2942	-0.828325	0	0
2941	-0.826471	0	0
2940	-0.824617	0	0
2939	-0.822763	0	0
2938	-0.820909	0	0
2937	-0.819055	0	0
2936	-0.817201	0	0
2935	-0.815347	0	0
2934	-0.813493	0	0
2933	-0.811638	0	0
2932	-0.809784	0	0
2931	-0.80793	0	0
2930	-0.806076	0	0
2929	-0.804222	0	0
2928	-0.802368	0	0
2927	-0.800513	0	0
2926	-0.798659	0	0
2925	-0.796805	0	0
2924	-0.794951	0	0
2923	-0.793096	0	0
2922	-0.791242	0	0
2921	-0.789388	0	0
2920	-0.787533	0	0
2919	-0.785679	0	0
2918	-0.783824	0	0
2917	-0.78197	0	0
2916	-0.780116	0	0
2915	-0.778261	0	0
2914	-0.776407	0	0
2913	-0.774552	0	0
2912	-0.772697	0	0
2911	-0.770843	0	0
2910	-0.768988	0	0
2909	-0.767133	0	0
2908	-0.765279	0	0
2907	-0.763424	0	0
2906	-0.761569	0	0
2905	-0.759714	0	0
2904	-0.757859	0	0
2903	-0.756004	0	0
2902	-0.754149	0	0
2901	-0.752294	0	0
2900	-0.750439	0	0
2899	-0.748584	0	0
2898	-0.746729	0	0
2897	-0.744874	0	0
2896	-0.743019	0	0
2895	-0.741164	0	0
2894	-0.739308	0	0
2893	-0.737453	0	0
2892	-0.735598	0	0
2891	-0.733742	0	0
2890	-0.731887	0	0
2889	-0.730031	0	0
2888	-0.728175	0	0
2887	-0.72632	0	0
2886	-0.724464	0	0
2885	-0.722608	0	0
2884	-0.720753	0	0
2883	-0.718897	0	0
2882	-0.717041	0	0
2881	-0.715185	0	0
2880	-0.713329	0	0
2879	-0.711473	0	0
2878	-0.709617	0	0
2877	-0.70776	0	0
2876	-0.705904	0	0
2875	-0.704048	0	0
2874	-0.702191	0	0
2873	-0.700335	0	0
2872	-0.698478	0	0
2871	-0.696622	0	0
2870	-0.694765	0	0
2869	-0.692908	0	0
2868	-0.691052	0	0
2867	-0.689195	0	0
2866	-0.687338	0	0
2865	-0.685481	0	0
2864	-0.683624	0	0
2863	-0.681767	0	0
2862	-0.67991	0	0
2861	-0.678053	0	0
2860	-0.676196	0	0
2859	-0.674338	0	0
2858	-0.672481	0	0
2857	-0.670624	0	0
2856	-0.668766	0	0
2855	-0.666908	0	0
2854	-0.665051	0	0
2853	-0.663193	0	0
2852	-0.661335	0	0
2851	-0.659477	0	0
2850	-0.657619	0	0
2849	-0.655761	0	0
2848	-0.653903	0	0
2847	-0.652045	0	0
2846	-0.650187	0	0
2845	-0.648328	0	0
2844	-0.64647	0	0
2843	-0.644612	0	0
2842	-0.642753	0	0
2841	-0.640894	0	0
2840	-0.639036	0	0
2839	-0.637177	0	0
2838	-0.635318	0	0
2837	-0.633459	0	0
2836	-0.6316	0	0
2835	-0.629741	0	0
2834	-0.627882	0	0
2833	-0.626022	0	0
2832	-0.624163	0	0
2831	-0.622304	0	0
2830	-0.620444	0	0
2829	-0.618585	0	0
2828	-0.616725	0	0
2827	-0.614865	0	0
2826	-0.613006	0	0
2825	-0.611146	0	0
2824	-0.609286	0	0
2823	-0.607426	0	0
2822	-0.605566	0	0
2821	-0.603706	0	0
2820	-0.601846	0	0
2819	-0.599985	0	0
2818	-0.598125	0	0
2817	-0.596265	0	0
2816	-0.594404	0	0
2815	-0.592544	0	0
2814	-0.590683	0	0
2813	-0.588823	0	0
2812	-0.586962	0	0
2811	-0.585102	0	0
2810	-0.583241	0	0
2809	-0.58138	0	0
2808	-0.579519	0	0
2807	-0.577659	0	0
2806	-0.575798	0	0
2805	-0.573937	0	0
2804	-0.572076	0	0
2803	-0.570215	0	0
2802	-0.568354	0	0
2801	-0.566493	0	0
2800	-0.564632	0	0
2799	-0.562771	0	0
2798	-0.560909	0	0
2797	-0.559048	0	0
2796	-0.557187	0	0
2795	-0.555326	0	0
2794	-0.553465	0	0
2793	-0.551604	0	0
2792	-0.549742	0	0
2791	-0.547881	0	0
2790	-0.54602	0	0
2789	-0.544159	0	0
2788	-0.542297	0	0
2787	-0.540436	0	0
2786	-0.538575	0	0
2785	-0.536714	0	0
2784	-0.534853	0	0
2783	-0.532992	0	0
2782	-0.53113	0	0
2781	-0.529269	0	0
2780	-0.527408	0	0
2779	-0.525547	0	0
2778	-0.523686	0	0
2777	-0.521825	0	0
2776	-0.519964	0	0
2775	-0.518104	0	0
2774	-0.516243	0	0
2773	-0.514382	0	0
2772	-0.512521	0	0
2771	-0.510661	0	0
2770	-0.5088	0	0
2769	-0.50694	0	0
2768	-0.50508	0	0
2767	-0.503219	0	0
2766	-0.501359	0	0
2765	-0.499499	0	0
2764	-0.497639	0	0
2763	-0.495779	0	0
2762	-0.49392	0	0
2761	-0.49206	0	0
2760	-0.490201	0	0
2759	-0.488341	0	0
2758	-0.486482	0	0
2757	-0.484623	0	0
2756	-0.482764	0	0
2755	-0.480906	0	0
2754	-0.479047	0	0
2753	-0.477189	0	0
2752	-0.475331	0	0
2751	-0.473473	0	0
2750	-0.471615	0	0
2749	-0.469757	0	0
2748	-0.4679	0	0
2747	-0.466043	0	0
2746	-0.464186	0	0
2745	-0.462329	0	0
2744	-0.460472	0	0
2743	-0.458616	0	0
2742	-0.45676	0	0
2741	-0.454904	0	0
2740	-0.453049	0	0
2739	-0.451194	0	0
2738	-0.449339	0	0
2737	-0.447484	0	0
2736	-0.44563	0	0
2735	-0.443776	0	0
2734	-0.441922	0	0
2733	-0.440068	0	0
2732	-0.438215	0	0
2731	-0.436363	0	0
2730	-0.43451	0	0
2729	-0.432658	0	0
2728	-0.430807	0	0
2727	-0.428955	0	0
2726	-0.427104	0	0
2725	-0.425254	0	0
2724	-0.423404	0	0
2723	-0.421554	0	0
2722	-0.419705	0	0
2721	-0.417856	0	0
2720	-0.416008	0	0
2719	-0.41416	0	0
2718	-0.412312	0	0
2717	-0.410465	0	0
2716	-0.408619	0	0
2715	-0.406773	0	0
2714	-0.404927	0	0
2713	-0.403082	0	0
2712	-0.401238	0	0
2711	-0.399394	0	0
2710	-0.397551	0	0
2709	-0.395708	0	0
2708	-0.393866	0	0
2707	-0.392024	0	0
2706	-0.390183	0	0
2705	-0.388342	0	0
2704	-0.386503	0	0
2703	-0.384663	0	0
2702	-0.382825	0	0
2701	-0.380987	0	0
2700	-0.37915	0	0
2699	-0.377313	0	0
2698	-0.375477	0	0
2697	-0.373642	0	0
2696	-0.371808	0	0
2695	-0.369974	0	0
2694	-0.368141	0	0
2693	-0.366309	0	0
2692	-0.364477	0	0
2691	-0.362647	0	0
2690	-0.360817	0	0
2689	-0.358988	0	0
2688	-0.357159	0	0
2687	-0.355332	0	0
2686	-0.353505	0	0
2685	-0.35168	0	0
2684	-0.349855	0	0
2683	-0.348031	0	0
2682	-0.346208	0	0
2681	-0.344386	0	0
2680	-0.342565	0	0
2679	-0.340744	0	0
2678	-0.338925	0	0
2677	-0.337107	0	0
2676	-0.33529	0	0
2675	-0.333473	0	0
2674	-0.331658	0	0
2673	-0.329844	0	0
2672	-0.328031	0	0
2671	-0.326219	0	0
2670	-0.324408	0	0
2669	-0.322598	0	0
2668	-0.32079	0	0
2667	-0.318982	0	0
2666	-0.317176	0	0
2665	-0.31537	0	0
2664	-0.313566	0	0
2663	-0.311764	0	0
2662	-0.309962	0	0
2661	-0.308162	0	0
2660	-0.306363	0	0
2659	-0.304565	0	0
2658	-0.302768	0	0
2657	-0.300973	0	0
2656	-0.29918	0	0
2655	-0.297387	0	0
2654	-0.295596	0	0
2653	-0.293806	0	0
2652	-0.292018	0	0
2651	-0.290231	0	0
2650	-0.288446	0	0
2649	-0.286662	0	0
2648	-0.28488	0	0
2647	-0.283099	0	0
2646	-0.28132	0	0
2645	-0.279542	0	0
2644	-0.277766	0	0
2643	-0.275991	0	0
2642	-0.274218	0	0
2641	-0.272447	0	0
2640	-0.270677	0	0
2639	-0.268909	0	0
2638	-0.267143	0	0
2637	-0.265379	0	0
2636	-0.263617	0	0
2635	-0.261856	0	0
2634	-0.260097	0	0
2633	-0.25834	0	0
2632	-0.256584	0	0
2631	-0.254831	0	0
2630	-0.253079	0	0
2629	-0.25133	0	0
2628	-0.249582	0	0
2627	-0.247836	0	0
2626	-0.246093	0	0
2625	-0.244351	0	0
2624	-0.242611	0	0
2623	-0.240874	0	0
2622	-0.239139	0	0
2621	-0.237405	0	0
2620	-0.235674	0	0
2619	-0.233945	0	0
2618	-0.232218	0	0
2617	-0.230494	0	0
2616	-0.228772	0	0
2615	-0.227052	0	0
2614	-0.225334	0	0
2613	-0.223619	0	0
2612	-0.221906	0	0
2611	-0.220196	0	0
2610	-0.218488	0	0
2609	-0.216783	0	0
2608	-0.21508	0	0
2607	-0.21338	0	0
2606	-0.211682	0	0
2605	-0.209988	0	0
2604	-0.208295	0	0
2603	-0.206606	0	0
2602	-0.204919	0	0
2601	-0.203235	0	0
2600	-0.201554	0	0
2599	-0.199875	0	0
2598	-0.1982	0	0
2597	-0.196527	0	0
2596	-0.194858	0	0
2595	-0.193191	0	0
2594	-0.191528	0	0
2593	-0.189868	0	0
2592	-0.18821	0	0
2591	-0.186556	0	0
2590	-0.184906	0	0
2589	-0.183258	0	0
2588	-0.181614	0	0
2587	-0.179973	0	0
2586	-0.178335	0	0
2585	-0.176701	0	0
2584	-0.175071	0	0
2583	-0.173444	0	0
2582	-0.17182	0	0
2581	-0.170201	0	0
2580	-0.168585	0	0
2579	-0.166972	0	0
2578	-0.165364	0	0
2577	-0.163759	0	0
2576	-0.162158	0	0
2575	-0.160562	0	0
2574	-0.158969	0	0
2573	-0.15738	0	0
2572	-0.155796	0	0
2571	-0.154215	0	0
2570	-0.152639	0	0
2569	-0.151067	0	0
2568	-0.1495	0	0
2567	-0.147937	0	0
2566	-0.146378	0	0
2565	-0.144824	0	0
2564	-0.143275	0	0
2563	-0.14173	0	0
2562	-0.140191	0	0
2561	-0.138656	0	0
2560	-0.137126	0	0
2559	-0.1356	0	0
2558	-0.13408	0	0
2557	-0.132566	0	0
2556	-0.131056	0	0
2555	-0.129551	0	0
2554	-0.128052	0	0
2553	-0.126559	0	0
2552	-0.125071	0	0
2551	-0.123588	0	0
2550	-0.122112	0	0
2549	-0.120641	0	0
2548	-0.119176	0	0
2547	-0.117717	0	0
2546	-0.116264	0	0
2545	-0.114817	0	0
2544	-0.113376	0	0
2543	-0.111942	0	0
2542	-0.110515	0	0
2541	-0.109093	0	0
2540	-0.107679	0	0
2539	-0.106271	0	0
2538	-0.10487	0	0
2537	-0.103477	0	0
2536	-0.10209	0	0
2535	-0.10071	0	0
2534	-0.0993383	0	0
2533	-0.0979736	0	0
2532	-0.0966165	0	0
2531	-0.0952671	0	0
2530	-0.0939256	0	0
2529	-0.092592	0	0
2528	-0.0912665	0	0
2527	-0.0899493	0	0
2526	-0.0886404	0	0
2525	-0.08734	0	0
2524	-0.0860482	0	0
2523	-0.0847653	0	0
2522	-0.0834913	0	0
2521	-0.0822263	0	0
2520	-0.0809706	0	0
2519	-0.0797243	0	0
2518	-0.0784875	0	0
2517	-0.0772605	0	0
2516	-0.0760433	0	0
2515	-0.0748361	0	0
2514	-0.0736392	0	0
2513	-0.0724526	0	0
2512	-0.0712765	0	0
2511	-0.0701112	0	0
2510	-0.0689567	0	0
2509	-0.0678134	0	0
2508	-0.0666812	0	0
2507	-0.0655605	0	0
2506	-0.0644515	0	0
2505	-0.0633542	0	0
2504	-0.0622689	0	0
2503	-0.0611959	0	0
2502	-0.0601352	0	0
2501	-0.0590872	0	0
2500	-0.0580521	0	0
2499	-0.0570298	0	0
2498	-0.0560206	0	0
2497	-0.0550248	0	0
2496	-0.0540425	0	0
2495	-0.0530739	0	0
2494	-0.0521193	0	0
2493	-0.0511788	0	0
2492	-0.0502526	0	0
2491	-0.0493409	0	0
2490	-0.048444	0	0
2489	-0.0475619	0	0
2488	-0.0466947	0	0
2487	-0.0458427	0	0
2486	-0.0450062	0	0
2485	-0.0441852	0	0
2484	-0.0433799	0	0
2483	-0.0425905	0	0
2482	-0.0418171	0	0
2481	-0.0410598	0	0
2480	-0.0403188	0	0
2479	-0.0395942	0	0
2478	-0.038886	0	0
2477	-0.0381944	0	0
2476	-0.0375193	0	0
2475	-0.0368609	0	0
2474	-0.0362192	0	0
2473	-0.0355941	0	0
2472	-0.0349857	0	0
2471	-0.0343939	0	0
2470	-0.0338186	0	0
2469	-0.0332598	0	0
2468	-0.0327173	0	0
2467	-0.0321908	0	0
2466	-0.0316803	0	0
2465	-0.0311855	0	0
2464	-0.030706	0	0
2463	-0.0302416	0	0
2462	-0.0297918	0	0
2461	-0.0293562	0	0
2460	-0.0289344	0	0
2459	-0.0285258	0	0
2458	-0.0281297	0	0
2457	-0.0277455	0	0
2456	-0.0273724	0	0
2455	-0.0270097	0	0
2454	-0.0266563	0	0
2453	-0.0263114	0	0
2452	-0.0259739	0	0
2451	-0.0256426	0	0
2450	-0.0253163	0	0
2449	-0.0249937	0	0
2448	-0.0246733	0	0
2447	-0.0243536	0	0
2446	-0.0240329	0	0
2445	-0.0237096	0	0
2444	-0.0233818	0	0
2443	-0.0230474	0	0
2442	-0.0227046	0	0
2441	-0.022351	0	0
2440	-0.0219844	0	0
2439	-0.0216024	0	0
2438	-0.0212025	0	0
2437	-0.0207821	0	0
2436	-0.0203385	0	0
2435	-0.0198688	0	0
2434	-0.0193703	0	0
2433	-0.0188397	0	0
2432	-0.0182742	0	0
2431	-0.0176706	0	0
2430	-0.0170256	0	0
2429	-0.016336	0	0
2428	-0.0155985	0	0
2427	-0.0148097	0	0
2426	-0.0139664	0	0
2425	-0.0130652	0	0
2424	-0.0121028	0	0
2423	-0.0110758	0	0
2422	-0.00998112	0	0
2421	-0.00881553	0	0
2420	-0.00757598	0	0
2419	-0.0062595	0	0
2418	-0.00486328	0	0
2417	-0.00338463	0	0
2416	-0.00182106	0	0
2415	-0.000170267	0	0
2414	0.00156985	0	0
2413	0.00340115	0	0
2412	0.00532522	0	0
2411	0.00734335	0	0
2410	0.0094565	0	0
2409	0.0116658	0	0
2408	0.0139716	0	0
2407	0.0163739	0	0
2406	0.0188725	0	0
2405	0.0214668	0	0
2404	0.0241559	0	0
2403	0.0269385	0	0
2402	0.0298129	0	0
2401	0.0327773	0	0
2400	0.0358292	0	0
2399	0.0389657	0	0
2398	0.0421839	0	0
2397	0.0454801	0	0
2396	0.0488506	0	0
2395	0.0522912	0	0
2394	0.0557974	0	0
2393	0.0593645	0	0
2392	0.0629873	0	0
2391	0.0666605	0	0
2390	0.0703785	0	0
2389	0.0741355	0	0
2388	0.0779253	0	0
2387	0.0817417	0	0
2386	0.0855783	0	0
2385	0.0894286	0	0
2384	0.0932859	0	0
2383	0.0971436	0	0
2382	0.100995	0	0
2381	0.104833	0	0
2380	0.108651	0	0
2379	0.112444	0	0
2378	0.116203	0	0
2377	0.119923	0	0
2376	0.123598	0	0
2375	0.127221	0	0
2374	0.130788	0	0
2373	0.134292	0	0
2372	0.13773	0	0
2371	0.141095	0	0
2370	0.144385	0	0
2369	0.147595	0	0
2368	0.150722	0	0
2367	0.153762	0	0
2366	0.156714	0	0
2365	0.159575	0	0
2364	0.162344	0	0
2363	0.16502	0	0
2362	0.167601	0	0
2361	0.170089	0	0
2360	0.172483	0	0
2359	0.174783	0	0
2358	0.176991	0	0
2357	0.179108	0	0
2356	0.181136	0	0
2355	0.183077	0	0
2354	0.184933	0	0
2353	0.186706	0	0
2352	0.188399	0	0
2351	0.190016	0	0
2350	0.191558	0	0
2349	0.19303	0	0
2348	0.194433	0	0
2347	0.195772	0	0
2346	0.19705	0	0
2345	0.19827	0	0
2344	0.199435	0	0
2343	0.200548	0	0
2342	0.201613	0	0
2341	0.202631	0	0
2340	0.203608	0	0
2339	0.204544	0	0
2338	0.205444	0	0
2337	0.206309	0	0
2336	0.207142	0	0
2335	0.207945	0	0
2334	0.208721	0	0
2333	0.209471	0	0
2332	0.210199	0	0
2331	0.210905	0	0
2330	0.211591	0	0
2329	0.21226	0	0
2328	0.212912	0	0
2327	0.213548	0	0
2326	0.214172	0	0
2325	0.214782	0	0
2324	0.215381	0	0
2323	0.215969	0	0
2322	0.216548	0	0
2321	0.217118	0	0
2320	0.21768	0	0
2319	0.218235	0	0
2318	0.218783	0	0
2317	0.219325	0	0
2316	0.219861	0	0
2315	0.220392	0	0
2314	0.220917	0	0
2313	0.221439	0	0
2312	0.221956	0	0
2311	0.222468	0	0
2310	0.222977	0	0
2309	0.223483	0	0
2308	0.223984	0	0
2307	0.224482	0	0
2306	0.224977	0	0
2305	0.225468	0	0
2304	0.225956	0	0
2303	0.22644	0	0
2302	0.226921	0	0
2301	0.227399	0	0
2300	0.227873	0	0
2299	0.228344	0	0
2298	0.228811	0	0
2297	0.229274	0	0
2296	0.229734	0	0
2295	0.23019	0	0
2294	0.230642	0	0
2293	0.23109	0	0
2292	0.231534	0	0
2291	0.231973	0	0
2290	0.232408	0	0
2289	0.232838	0	0
2288	0.233264	0	0
2287	0.233685	0	0
2286	0.2341	0	0
2285	0.234511	0	0
2284	0.234916	0	0
2283	0.235316	0	0
2282	0.23571	0	0
2281	0.236098	0	0
2280	0.23648	0	0
2279	0.236856	0	0
2278	0.237226	0	0
2277	0.23759	0	0
2276	0.237946	0	0
2275	0.238296	0	0
2274	0.238639	0	0
2273	0.238975	0	0
2272	0.239303	0	0
2271	0.239624	0	0
2270	0.239937	0	0
2269	0.240243	0	0
2268	0.24054	0	0
2267	0.240829	0	0
2266	0.24111	0	0
2265	0.241382	0	0
2264	0.241646	0	0
2263	0.2419	0	0
2262	0.242146	0	0
2261	0.242382	0	0
2260	0.242609	0	0
2259	0.242827	0	0
2258	0.243035	0	0
2257	0.243232	0	0
2256	0.24342	0	0
2255	0.243597	0	0
2254	0.243764	0	0
2253	0.24392	0	0
2252	0.244065	0	0
2251	0.244199	0	0
2250	0.244321	0	0
2249	0.244432	0	0
2248	0.244532	0	0
2247	0.244619	0	0
2246	0.244694	0	0
2245	0.244757	0	0
2244	0.244807	0	0
2243	0.244845	0	0
2242	0.244869	0	0
2241	0.24488	0	0
2240	0.244877	0	0
2239	0.244861	0	0
2238	0.244831	0	0
2237	0.244787	0	0
2236	0.244728	0	0
2235	0.244655	0	0
2234	0.244567	0	0
2233	0.244464	0	0
2232	0.244345	0	0
2231	0.244211	0	0
2230	0.244061	0	0
2229	0.243895	0	0
2228	0.243712	0	0
2227	0.243512	0	0
2226	0.243296	0	0
2225	0.243062	0	0
2224	0.242811	0	0
2223	0.242542	0	0
2222	0.242255	0	0
2221	0.24195	0	0
2220	0.241626	0	0
2219	0.241283	0	0
2218	0.24092	0	0
2217	0.240539	0	0
2216	0.240137	0	0
2215	0.239716	0	0
2214	0.239274	0	0
2213	0.238812	0	0
2212	0.238329	0	0
2211	0.237825	0	0
2210	0.237299	0	0
2209	0.236752	0	0
2208	0.236184	0	0
2207	0.235593	0	0
2206	0.234979	0	0
2205	0.234344	0	0
2204	0.233685	0	0
2203	0.233004	0	0
2202	0.232299	0	0
2201	0.231572	0	0
2200	0.230821	0	0
2199	0.230047	0	0
2198	0.22925	0	0
2197	0.228429	0	0
2196	0.227586	0	0
2195	0.226719	0	0
2194	0.225828	0	0
2193	0.224915	0	0
2192	0.223979	0	0
2191	0.223021	0	0
2190	0.22204	0	0
2189	0.221038	0	0
2188	0.220014	0	0
2187	0.218969	0	0
2186	0.217904	0	0
2185	0.21682	0	0
2184	0.215718	0	0
2183	0.214597	0	0
2182	0.213461	0	0
2181	0.212308	0	0
2180	0.211142	0	0
2179	0.209962	0	0
2178	0.208771	0	0
2177	0.20757	0	0
2176	0.206362	0	0
2175	0.205147	0	0
2174	0.203928	0	0
2173	0.202708	0	0
2172	0.201488	0	0
2171	0.200271	0	0
2170	0.19906	0	0
2169	0.197858	0	0
2168	0.196666	0	0
2167	0.19549	0	0
2166	0.19433	0	0
2165	0.193193	0	0
2164	0.192079	0	0
2163	0.190994	0	0
2162	0.18994	0	0
2161	0.188921	0	0
2160	0.18794	0	0
2159	0.187003	0	0
2158	0.186111	0	0
2157	0.18527	0	0
2156	0.184482	0	0
2155	0.18375	0	0
2154	0.183079	0	0
2153	0.182472	0	0
2152	0.18193	0	0
2151	0.181458	0	0
2150	0.181058	0	0
2149	0.180732	0	0
2148	0.180481	0	0
2147	0.180308	0	0
2146	0.180214	0	0
2145	0.1802	0	0
2144	0.180266	0	0
2143	0.180412	0	0
2142	0.180638	0	0
2141	0.180943	0	0
2140	0.181327	0	0
2139	0.181788	0	0
2138	0.182324	0	0
2137	0.182934	0	0
2136	0.183614	0	0
2135	0.184364	0	0
2134	0.18518	0	0
2133	0.18606	0	0
2132	0.187002	0	0
2131	0.188005	0	0
2130	0.189071	0	0
2129	0.190204	0	0
2128	0.191422	0	0
2127	0.192786	0	0
2126	0.195148	0	0
2125	0.197584	0	0
2124	0.199566	0	0
2123	0.201094	0	0
2122	0.202636	0	0
2121	0.204188	0	0
2120	0.205748	0	0
2119	0.207311	0	0
2118	0.208875	0	0
2117	0.210436	0	0
2116	0.21199	0	0
2115	0.213537	0	0
2114	0.215072	0	0
2113	0.216593	0	0
2112	0.218099	0	0
2111	0.219587	0	0
2110	0.221055	0	0
2109	0.222502	0	0
2108	0.223927	0	0
2107	0.225327	0	0
2106	0.226702	0	0
2105	0.228052	0	0
2104	0.229375	0	0
2103	0.23067	0	0
2102	0.231937	0	0
2101	0.233176	0	0
2100	0.234387	0	0
2099	0.235568	0	0
2098	0.236721	0	0
2097	0.237845	0	0
2096	0.23894	0	0
2095	0.240007	0	0
2094	0.241046	0	0
2093	0.242056	0	0
2092	0.243039	0	0
2091	0.243995	0	0
2090	0.244923	0	0
2089	0.245826	0	0
2088	0.246703	0	0
2087	0.247555	0	0
2086	0.248382	0	0
2085	0.249185	0	0
2084	0.249964	0	0
2083	0.250721	0	0
2082	0.251456	0	0
2081	0.252169	0	0
2080	0.252862	0	0
2079	0.253534	0	0
2078	0.254187	0	0
2077	0.254821	0	0
2076	0.255437	0	0
2075	0.256036	0	0
2074	0.256617	0	0
2073	0.257182	0	0
2072	0.257732	0	0
2071	0.258267	0	0
2070	0.258787	0	0
2069	0.259294	0	0
2068	0.259788	0	0
2067	0.26027	0	0
2066	0.260739	0	0
2065	0.261198	0	0
2064	0.261645	0	0
2063	0.262083	0	0
2062	0.262511	0	0
2061	0.26293	0	0
2060	0.263341	0	0
2059	0.263727	0	0
2058	0.264103	0	0
2057	0.264473	0	0
2056	0.264836	0	0
2055	0.265194	0	0
2054	0.265546	0	0
2053	0.265893	0	0
2052	0.266237	0	0
2051	0.266576	0	0
2050	0.266912	0	0
2049	0.267244	0	0
2048	0.267575	0	0
2047	0.267903	0	0
2046	0.26823	0	0
2045	0.268556	0	0
2044	0.268881	0	0
2043	0.269206	0	0
2042	0.269531	0	0
2041	0.269856	0	0
2040	0.270183	0	0
2039	0.270511	0	0
2038	0.270841	0	0
2037	0.271173	0	0
2036	0.271508	0	0
2035	0.271846	0	0
2034	0.272187	0	0
2033	0.272533	0	0
2032	0.272882	0	0
2031	0.273236	0	0
2030	0.273595	0	0
2029	0.27396	0	0
2028	0.274331	0	0
2027	0.274707	0	0
2026	0.27509	0	0
2025	0.27548	0	0
2024	0.275878	0	0
2023	0.276283	0	0
2022	0.276696	0	0
2021	0.277118	0	0
2020	0.277549	0	0
2019	0.277988	0	0
2018	0.278438	0	0
2017	0.278897	0	0
2016	0.279367	0	0
2015	0.279847	0	0
2014	0.280338	0	0
2013	0.280841	0	0
2012	0.281356	0	0
2011	0.281883	0	0
2010	0.282422	0	0
2009	0.282975	0	0
2008	0.283541	0	0
2007	0.28412	0	0
2006	0.284714	0	0
2005	0.285322	0	0
2004	0.285945	0	0
2003	0.286583	0	0
2002	0.287237	0	0
2001	0.287907	0	0
2000	0.288594	0	0
1999	0.289297	0	0
1998	0.290017	0	0
1997	0.290756	0	0
1996	0.291512	0	0
1995	0.292286	0	0
1994	0.293079	0	0
1993	0.293892	0	0
1992	0.294724	0	0
1991	0.295576	0	0
1990	0.296449	0	0
1989	0.297343	0	0
1988	0.298257	0	0
1987	0.299194	0	0
1986	0.300153	0	0
1985	0.301134	0	0
1984	0.302139	0	0
1983	0.303167	0	0
1982	0.304219	0	0
1981	0.305295	0	0
1980	0.306396	0	0
1979	0.307523	0	0
1978	0.308675	0	0
1977	0.309854	0	0
1976	0.311059	0	0
1975	0.312292	0	0
1974	0.313552	0	0
1973	0.314841	0	0
1972	0.316158	0	0
1971	0.317505	0	0
1970	0.318881	0	0
1969	0.320288	0	0
1968	0.321726	0	0
1967	0.323195	0	0
1966	0.324696	0	0
1965	0.32623	0	0
1964	0.327797	0	0
1963	0.329397	0	0
1962	0.331032	0	0
1961	0.332702	0	0
1960	0.334407	0	0
1959	0.336149	0	0
1958	0.337927	0	0
1957	0.339743	0	0
1956	0.341597	0	0
1955	0.34349	0	0
1954	0.345423	0	0
1953	0.347396	0	0
1952	0.34941	0	0
1951	0.351465	0	0
1950	0.353564	0	0
1949	0.355705	0	0
1948	0.357891	0	0
1947	0.360121	0	0
1946	0.362397	0	0
1945	0.36472	0	0
1944	0.367091	0	0
1943	0.369509	0	0
1942	0.371977	0	0
1941	0.374496	0	0
1940	0.377065	0	0
1939	0.379686	0	0
1938	0.382361	0	0
1937	0.38509	0	0
1936	0.387874	0	0
1935	0.390714	0	0
1934	0.393612	0	0
1933	0.396568	0	0
1932	0.399584	0	0
1931	0.40266	0	0
1930	0.405799	0	0
1929	0.409001	0	0
1928	0.412267	0	0
1927	0.415599	0	0
1926	0.418998	0	0
1925	0.422466	0	0
1924	0.426004	0	0
1923	0.429612	0	0
1922	0.433294	0	0
1921	0.437049	0	0
1920	0.44088	0	0
1919	0.444788	0	0
1918	0.448775	0	0
1917	0.452842	0	0
1916	0.456991	0	0
1915	0.461224	0	0
1914	0.465541	0	0
1913	0.469945	0	0
1912	0.474438	0	0
1911	0.479021	0	0
1910	0.483696	0	0
1909	0.488465	0	0
1908	0.49333	0	0
1907	0.498292	0	0
1906	0.503353	0	0
1905	0.508515	0	0
1904	0.51378	0	0
1903	0.51915	0	0
1902	0.524626	0	0
1901	0.530211	0	0
1900	0.535907	0	0
1899	0.541714	0	0
1898	0.547636	0	0
1897	0.553673	0	0
1896	0.559828	0	0
1895	0.566102	0	0
1894	0.572498	0	0
1893	0.579015	0	0
1892	0.585657	0	0
1891	0.592425	0	0
1890	0.599319	0	0
1889	0.606342	0	0
1888	0.613494	0	0
1887	0.620777	0	0
1886	0.628191	0	0
1885	0.635738	0	0
1884	0.643417	0	0
1883	0.651229	0	0
1882	0.659174	0	0
1881	0.667252	0	0
1880	0.675463	0	0
1879	0.683806	0	0
1878	0.69228	0	0
1877	0.700884	0	0
1876	0.709615	0	0
1875	0.718473	0	0
1874	0.727453	0	0
1873	0.736554	0	0
1872	0.745771	0	0
1871	0.7551	0	0
1870	0.764537	0	0
1869	0.774076	0	0
1868	0.783712	0	0
1867	0.793436	0	0
1866	0.803243	0	0
1865	0.813122	0	0
1864	0.823066	0	0
1863	0.833064	0	0
1862	0.843105	0	0
1861	0.853177	0	0
1860	0.863267	0	0
1859	0.873361	0	0
1858	0.883443	0	0
1857	0.893498	0	0
1856	0.903508	0	0
1855	0.913454	0	0
1854	0.923318	0	0
1853	0.933077	0	0
1852	0.94271	0	0
1851	0.952194	0	0
1850	0.961505	0	0
1849	0.970618	0	0
1848	0.979506	0	0
1847	0.988143	0	0
1846	0.9965	0	0
1845	1.00455	0	0
1844	1.01226	0	0
1843	1.01961	0	0
1842	1.02656	0	0
1841	1.03308	0	0
1840	1.03915	0	0
1839	1.04473	0	0
1838	1.04979	0	0
1837	1.05432	0	0
1836	1.05827	0	0
1835	1.06162	0	0
1834	1.06435	0	0
1833	1.06643	0	0
1832	1.06785	0	0
1831	1.06858	0	0
1830	1.06861	0	0
1829	1.06792	0	0
1828	1.06651	0	0
1827	1.06435	0	0
1826	1.06145	0	0
1825	1.05781	0	0
1824	1.05341	0	0
1823	1.04828	0	0
1822	1.04241	0	0
1821	1.03581	0	0
1820	1.0285	0	0
1819	1.02049	0	0
1818	1.0118	0	0
1817	1.00245	0	0
1816	0.992467	0	0
1815	0.981873	0	0
1814	0.970699	0	0
1813	0.958974	0	0
1812	0.946731	0	0
1811	0.934002	0	0
1810	0.920823	0	0
1809	0.907227	0	0
1808	0.89325	0	0
1807	0.87893	0	0
1806	0.8643	0	0
1805	0.849399	0	0
1804	0.83426	0	0
1803	0.818919	0	0
1802	0.803409	0	0
1801	0.787764	0	0
1800	0.772016	0	0
1799	0.756196	0	0
1798	0.740332	0	0
1797	0.724453	0	0
1796	0.708586	0	0
1795	0.692754	0	0
1794	0.676983	0	0
1793	0.661293	0	0
1792	0.645705	0	0
1791	0.630237	0	0
1790	0.614907	0	0
1789	0.599731	0	0
1788	0.584721	0	0
1787	0.569893	0	0
1786	0.555255	0	0
1785	0.54082	0	0
1784	0.526595	0	0
1783	0.512588	0	0
1782	0.498806	0	0
1781	0.485254	0	0
1780	0.471937	0	0
1779	0.458859	0	0
1778	0.446021	0	0
1777	0.433427	0	0
1776	0.421078	0	0
1775	0.408973	0	0
1774	0.397114	0	0
1773	0.385499	0	0
1772	0.374128	0	0
1771	0.362998	0	0
1770	0.35211	0	0
1769	0.341459	0	0
1768	0.331043	0	0
1767	0.32086	0	0
1766	0.310907	0	0
1765	0.30118	0	0
1764	0.291676	0	0
1763	0.282391	0	0
1762	0.273322	0	0
1761	0.264464	0	0
1760	0.255815	0	0
1759	0.247369	0	0
1758	0.239124	0	0
1757	0.231074	0	0
1756	0.223216	0	0
1755	0.215547	0	0
1754	0.208061	0	0
1753	0.200755	0	0
1752	0.193625	0	0
1751	0.186668	0	0
1750	0.179879	0	0
1749	0.173254	0	0
1748	0.166791	0	0
1747	0.160484	0	0
1746	0.154331	0	0
1745	0.148329	0	0
1744	0.142473	0	0
1743	0.136761	0	0
1742	0.131189	0	0
1741	0.125754	0	0
1740	0.120453	0	0
1739	0.115283	0	0
1738	0.110242	0	0
1737	0.105326	0	0
1736	0.100532	0	0
1735	0.095859	0	0
1734	0.0913034	0	0
1733	0.0868631	0	0
1732	0.0825358	0	0
1731	0.0783191	0	0
1730	0.074211	0	0
1729	0.0702096	0	0
1728	0.0663127	0	0
1727	0.0625187	0	0
1726	0.0588257	0	0
1725	0.0552321	0	0
1724	0.0517364	0	0
1723	0.0483372	0	0
1722	0.045033	0	0
1721	0.0418227	0	0
1720	0.0387052	0	0
1719	0.0356795	0	0
1718	0.0327446	0	0
1717	0.0298999	0	0
1716	0.0271446	0	0
1715	0.0244784	0	0
1714	0.0219009	0	0
1713	0.019412	0	0
1712	0.0170118	0	0
1711	0.0147005	0	0
1710	0.0124787	0	0
1709	0.0103473	0	0
1708	0.00830739	0	0
1707	0.00636036	0	0
1706	0.00450769	0	0
1705	0.00274978	0	0
1704	0.00107914	0	0
1703	-0.000383076	0	0
1702	0	0	0
1701	0	0	0
1700	0	0	0
1699	0	0	0
1698	0	0	0
1697	0	0	0
1696	0	0	0
1695	0	0	0
1694	0	0	0
1693	0	0	0
1692	0	0	0
1691	0	0	0
1690	0	0	0
1689	0	0	0
1688	0	0	0
1687	0	0	0
1686	0	0	0
1685	0	0	0
1684	0	0	0
1683	0	0	0
1682	0	0	0
1681	0	0	0
1680	0	0	0
1679	0	0	0
1678	0	0	0
1677	0	0	0
1676	0	0	0
1675	0	0	0
1674	0	0	0
1673	0	0	0
1672	0	0	0
1671	0	0	0
1670	0	0	0
1669	0	0	0
1668	0	0	0
1667	0	0	0
1666	0	0	0
1665	0	0	0
1664	0	0	0
1663	0	0	0
1662	0	0	0
1661	0	0	0
1660	0	0	0
1659	0	0	0
1658	0	0	0
1657	0	0	0
1656	0	0	0
1655	0	0	0
1654	0	0	0
1653	0	0	0
1652	0	0	0
1651	0	0	0
1650	0	0	0
1649	0	0	0
1648	0	0	0
1647	0	0	0
1646	0	0	0
1645	0	0	0
1644	0	0	0
1643	0	0	0
1642	0	0	0
1641	0	0	0
1640	0	0	0
1639	0	0	0
1638	0	0	0
1637	0	0	0
1636	0	0	0
1635	0	0	0
1634	0	0	0
1633	0	0	0
1632	0	0	0
1631	0	0	0
1630	0	0	0
1629	0	0	0
1628	0	0	0
1627	0	0	0
1626	0	0	0
1625	0	0	0
1624	0	0	0
1623	0	0	0
1622	0	0	0
1621	0	0	0
1620	0	0	0
1619	0	0	0
1618	0	0	0
1617	0	0	0
1616	0	0	0
1615	0	0	0
1614	0	0	0
1613	0	0	0
1612	0	0	0
1611	0	0	0
1610	0	0	0
1609	0	0	0
1608	0	0	0
1607	0	0	0
1606	0	0	0
1605	0	0	0
1604	0	0	0
1603	0	0	0
1602	0	0	0
1601	0	0	0
1600	0	0	0
1599	0	0	0
1598	0	0	0
1597	0	0	0
1596	0	0	0
1595	0	0	0
1594	0	0	0
