6379	525.354	0	0
6378	521.018	0	0
6377	518.059	0	0
6376	515.696	0	0
6375	513.678	0	0
6374	511.892	0	0
6373	510.275	0	0
6372	508.788	0	0
6371	507.405	0	0
6370	506.108	0	0
6369	504.884	0	0
6368	503.723	0	0
6367	502.617	0	0
6366	501.559	0	0
6365	500.544	0	0
6364	499.568	0	0
6363	498.627	0	0
6362	497.718	0	0
6361	496.839	0	0
6360	495.986	0	0
6359	495.158	0	0
6358	494.354	0	0
6357	493.571	0	0
6356	492.808	0	0
6355	492.064	0	0
6354	491.338	0	0
6353	490.628	0	0
6352	489.934	0	0
6351	489.256	0	0
6350	488.591	0	0
6349	487.939	0	0
6348	487.301	0	0
6347	486.674	0	0
6346	486.06	0	0
6345	485.456	0	0
6344	484.863	0	0
6343	484.279	0	0
6342	483.706	0	0
6341	483.142	0	0
6340	482.587	0	0
6339	482.04	0	0
6338	481.502	0	0
6337	480.972	0	0
6336	480.45	0	0
6335	479.935	0	0
6334	479.427	0	0
6333	478.926	0	0
6332	478.432	0	0
6331	477.944	0	0
6330	477.463	0	0
6329	476.987	0	0
6328	476.518	0	0
6327	476.054	0	0
6326	475.596	0	0
6325	475.144	0	0
6324	474.696	0	0
6323	474.254	0	0
6322	473.817	0	0
6321	473.385	0	0
6320	472.957	0	0
6319	472.534	0	0
6318	472.115	0	0
6317	471.701	0	0
6316	471.291	0	0
6315	470.886	0	0
6314	470.484	0	0
6313	470.086	0	0
6312	469.693	0	0
6311	469.303	0	0
6310	468.916	0	0
6309	468.534	0	0
6308	468.155	0	0
6307	467.779	0	0
6306	467.407	0	0
6305	467.038	0	0
6304	466.673	0	0
6303	466.31	0	0
6302	465.951	0	0
6301	465.595	0	0
6300	465.242	0	0
6299	464.892	0	0
6298	464.544	0	0
6297	464.2	0	0
6296	463.858	0	0
6295	463.519	0	0
6294	463.183	0	0
6293	462.85	0	0
6292	462.519	0	0
6291	462.191	0	0
6290	461.865	0	0
6289	461.541	0	0
6288	461.221	0	0
6287	460.902	0	0
6286	460.586	0	0
6285	460.272	0	0
6284	459.96	0	0
6283	459.651	0	0
6282	459.344	0	0
6281	459.039	0	0
6280	458.736	0	0
6279	458.436	0	0
6278	458.137	0	0
6277	457.84	0	0
6276	457.546	0	0
6275	457.253	0	0
6274	456.963	0	0
6273	456.674	0	0
6272	456.387	0	0
6271	456.102	0	0
6270	455.819	0	0
6269	455.538	0	0
6268	455.259	0	0
6267	454.981	0	0
6266	454.705	0	0
6265	454.431	0	0
6264	454.159	0	0
6263	453.888	0	0
6262	453.619	0	0
6261	453.351	0	0
6260	453.086	0	0
6259	452.821	0	0
6258	452.559	0	0
6257	452.298	0	0
6256	452.038	0	0
6255	451.78	0	0
6254	451.524	0	0
6253	451.269	0	0
6252	451.015	0	0
6251	450.763	0	0
6250	450.512	0	0
6249	450.263	0	0
6248	450.015	0	0
6247	449.769	0	0
6246	449.524	0	0
6245	449.28	0	0
6244	449.038	0	0
6243	448.797	0	0
6242	448.557	0	0
6241	448.319	0	0
6240	448.082	0	0
6239	447.846	0	0
6238	447.611	0	0
6237	447.378	0	0
6236	447.146	0	0
6235	446.915	0	0
6234	446.686	0	0
6233	446.457	0	0
6232	446.23	0	0
6231	446.004	0	0
6230	445.779	0	0
6229	445.555	0	0
6228	445.332	0	0
6227	445.111	0	0
6226	444.891	0	0
6225	444.671	0	0
6224	444.453	0	0
6223	444.236	0	0
6222	444.02	0	0
6221	443.805	0	0
6220	443.591	0	0
6219	443.378	0	0
6218	443.167	0	0
6217	442.956	0	0
6216	442.746	0	0
6215	442.537	0	0
6214	442.33	0	0
6213	442.123	0	0
6212	441.917	0	0
6211	441.712	0	0
6210	441.508	0	0
6209	441.306	0	0
6208	441.104	0	0
6207	440.903	0	0
6206	440.703	0	0
6205	440.503	0	0
6204	440.305	0	0
6203	440.108	0	0
6202	439.912	0	0
6201	439.716	0	0
6200	439.522	0	0
6199	439.328	0	0
6198	439.135	0	0
6197	438.943	0	0
6196	438.752	0	0
6195	438.562	0	0
6194	438.372	0	0
6193	438.184	0	0
6192	437.996	0	0
6191	437.809	0	0
6190	437.623	0	0
6189	437.438	0	0
6188	437.253	0	0
6187	437.07	0	0
6186	436.887	0	0
6185	436.705	0	0
6184	436.523	0	0
6183	436.343	0	0
6182	436.163	0	0
6181	435.984	0	0
6180	435.806	0	0
6179	435.629	0	0
6178	435.452	0	0
6177	435.276	0	0
6176	435.101	0	0
6175	434.926	0	0
6174	434.753	0	0
6173	434.58	0	0
6172	434.407	0	0
6171	434.236	0	0
6170	434.065	0	0
6169	433.895	0	0
6168	433.725	0	0
6167	433.557	0	0
6166	433.389	0	0
6165	433.221	0	0
6164	433.055	0	0
6163	432.889	0	0
6162	432.723	0	0
6161	432.559	0	0
6160	432.395	0	0
6159	432.231	0	0
6158	432.069	0	0
6157	431.906	0	0
6156	431.745	0	0
6155	431.584	0	0
6154	431.424	0	0
6153	431.265	0	0
6152	431.106	0	0
6151	430.948	0	0
6150	430.79	0	0
6149	430.633	0	0
6148	430.477	0	0
6147	430.321	0	0
6146	430.166	0	0
6145	430.011	0	0
6144	429.858	0	0
6143	429.704	0	0
6142	429.551	0	0
6141	429.399	0	0
6140	429.248	0	0
6139	429.097	0	0
6138	428.946	0	0
6137	428.797	0	0
6136	428.647	0	0
6135	428.499	0	0
6134	428.351	0	0
6133	428.203	0	0
6132	428.056	0	0
6131	427.91	0	0
6130	427.764	0	0
6129	427.618	0	0
6128	427.474	0	0
6127	427.329	0	0
6126	427.186	0	0
6125	427.043	0	0
6124	426.9	0	0
6123	426.758	0	0
6122	426.616	0	0
6121	426.475	0	0
6120	426.335	0	0
6119	426.195	0	0
6118	426.055	0	0
6117	425.916	0	0
6116	425.778	0	0
6115	425.64	0	0
6114	425.503	0	0
6113	425.366	0	0
6112	425.229	0	0
6111	425.093	0	0
6110	424.958	0	0
6109	424.823	0	0
6108	424.688	0	0
6107	424.554	0	0
6106	424.421	0	0
6105	424.288	0	0
6104	424.155	0	0
6103	424.023	0	0
6102	423.892	0	0
6101	423.761	0	0
6100	423.63	0	0
6099	423.5	0	0
6098	423.37	0	0
6097	423.241	0	0
6096	423.112	0	0
6095	422.984	0	0
6094	422.856	0	0
6093	422.729	0	0
6092	422.602	0	0
6091	422.475	0	0
6090	422.349	0	0
6089	422.224	0	0
6088	422.099	0	0
6087	421.974	0	0
6086	421.85	0	0
6085	421.726	0	0
6084	421.602	0	0
6083	421.479	0	0
6082	421.357	0	0
6081	421.235	0	0
6080	421.113	0	0
6079	420.992	0	0
6078	420.871	0	0
6077	420.75	0	0
6076	420.63	0	0
6075	420.511	0	0
6074	420.392	0	0
6073	420.273	0	0
6072	420.155	0	0
6071	420.037	0	0
6070	419.919	0	0
6069	419.802	0	0
6068	419.685	0	0
6067	419.569	0	0
6066	419.453	0	0
6065	419.337	0	0
6064	419.222	0	0
6063	419.107	0	0
6062	418.993	0	0
6061	418.879	0	0
6060	418.766	0	0
6059	418.652	0	0
6058	418.54	0	0
6057	418.427	0	0
6056	418.315	0	0
6055	418.203	0	0
6054	418.092	0	0
6053	417.981	0	0
6052	417.871	0	0
6051	417.761	0	0
6050	417.651	0	0
6049	417.541	0	0
6048	417.432	0	0
6047	417.324	0	0
6046	417.215	0	0
6045	417.107	0	0
6044	417	0	0
6043	416.893	0	0
6042	416.786	0	0
6041	416.679	0	0
6040	416.573	0	0
6039	416.467	0	0
6038	416.362	0	0
6037	416.257	0	0
6036	416.152	0	0
6035	416.048	0	0
6034	415.944	0	0
6033	415.84	0	0
6032	415.737	0	0
6031	415.634	0	0
6030	415.531	0	0
6029	415.429	0	0
6028	415.327	0	0
6027	415.225	0	0
6026	415.124	0	0
6025	415.023	0	0
6024	414.922	0	0
6023	414.822	0	0
6022	414.722	0	0
6021	414.622	0	0
6020	414.523	0	0
6019	414.424	0	0
6018	414.325	0	0
6017	414.227	0	0
6016	414.129	0	0
6015	414.031	0	0
6014	413.934	0	0
6013	413.837	0	0
6012	413.74	0	0
6011	413.643	0	0
6010	413.547	0	0
6009	413.451	0	0
6008	413.356	0	0
6007	413.261	0	0
6006	413.166	0	0
6005	413.071	0	0
6004	412.977	0	0
6003	412.883	0	0
6002	412.79	0	0
6001	412.696	0	0
6000	412.603	0	0
5999	412.511	0	0
5998	412.418	0	0
5997	412.326	0	0
5996	412.234	0	0
5995	412.143	0	0
5994	412.051	0	0
5993	411.96	0	0
5992	411.87	0	0
5991	411.779	0	0
5990	411.689	0	0
5989	411.6	0	0
5988	411.51	0	0
5987	411.421	0	0
5986	411.332	0	0
5985	411.244	0	0
5984	411.155	0	0
5983	411.067	0	0
5982	410.979	0	0
5981	410.892	0	0
5980	410.805	0	0
5979	410.718	0	0
5978	410.631	0	0
5977	410.545	0	0
5976	410.459	0	0
5975	410.373	0	0
5974	410.288	0	0
5973	410.202	0	0
5972	410.117	0	0
5971	410.033	0	0
5970	409.948	0	0
5969	409.864	0	0
5968	409.78	0	0
5967	409.697	0	0
5966	409.613	0	0
5965	409.53	0	0
5964	409.447	0	0
5963	409.365	0	0
5962	409.283	0	0
5961	409.201	0	0
5960	409.119	0	0
5959	409.037	0	0
5958	408.956	0	0
5957	408.875	0	0
5956	408.795	0	0
5955	408.714	0	0
5954	408.634	0	0
5953	408.554	0	0
5952	408.474	0	0
5951	408.395	0	0
5950	408.316	0	0
5949	408.237	0	0
5948	408.158	0	0
5947	408.08	0	0
5946	408.002	0	0
5945	407.924	0	0
5944	407.846	0	0
5943	407.769	0	0
5942	407.692	0	0
5941	407.615	0	0
5940	407.538	0	0
5939	407.462	0	0
5938	407.385	0	0
5937	407.309	0	0
5936	407.234	0	0
5935	407.158	0	0
5934	407.083	0	0
5933	407.008	0	0
5932	406.933	0	0
5931	406.859	0	0
5930	406.785	0	0
5929	406.711	0	0
5928	406.637	0	0
5927	406.563	0	0
5926	406.49	0	0
5925	406.417	0	0
5924	406.344	0	0
5923	406.271	0	0
5922	406.199	0	0
5921	406.127	0	0
5920	406.055	0	0
5919	405.983	0	0
5918	405.912	0	0
5917	405.841	0	0
5916	405.77	0	0
5915	405.699	0	0
5914	405.628	0	0
5913	405.558	0	0
5912	405.488	0	0
5911	405.418	0	0
5910	405.348	0	0
5909	405.279	0	0
5908	405.21	0	0
5907	405.141	0	0
5906	405.072	0	0
5905	405.004	0	0
5904	404.935	0	0
5903	404.867	0	0
5902	404.799	0	0
5901	404.732	0	0
5900	404.664	0	0
5899	404.597	0	0
5898	404.53	0	0
5897	404.463	0	0
5896	404.397	0	0
5895	404.33	0	0
5894	404.264	0	0
5893	404.198	0	0
5892	404.132	0	0
5891	404.067	0	0
5890	404.001	0	0
5889	403.936	0	0
5888	403.871	0	0
5887	403.807	0	0
5886	403.742	0	0
5885	403.678	0	0
5884	403.614	0	0
5883	403.55	0	0
5882	403.486	0	0
5881	403.423	0	0
5880	403.36	0	0
5879	403.297	0	0
5878	403.234	0	0
5877	403.171	0	0
5876	403.109	0	0
5875	403.047	0	0
5874	402.985	0	0
5873	402.923	0	0
5872	402.861	0	0
5871	402.8	0	0
5870	402.738	0	0
5869	402.677	0	0
5868	402.617	0	0
5867	402.556	0	0
5866	402.496	0	0
5865	402.435	0	0
5864	402.375	0	0
5863	402.315	0	0
5862	402.256	0	0
5861	402.196	0	0
5860	402.137	0	0
5859	402.078	0	0
5858	402.019	0	0
5857	401.96	0	0
5856	401.902	0	0
5855	401.843	0	0
5854	401.785	0	0
5853	401.727	0	0
5852	401.67	0	0
5851	401.612	0	0
5850	401.555	0	0
5849	401.498	0	0
5848	401.441	0	0
5847	401.384	0	0
5846	401.327	0	0
5845	401.271	0	0
5844	401.214	0	0
5843	401.158	0	0
5842	401.102	0	0
5841	401.047	0	0
5840	400.991	0	0
5839	400.936	0	0
5838	400.881	0	0
5837	400.826	0	0
5836	400.771	0	0
5835	400.716	0	0
5834	400.662	0	0
5833	400.608	0	0
5832	400.554	0	0
5831	400.5	0	0
5830	400.446	0	0
5829	400.392	0	0
5828	400.339	0	0
5827	400.286	0	0
5826	400.233	0	0
5825	400.18	0	0
5824	400.127	0	0
5823	400.075	0	0
5822	400.023	0	0
5821	399.97	0	0
5820	399.918	0	0
5819	399.867	0	0
5818	399.815	0	0
5817	399.764	0	0
5816	399.712	0	0
5815	399.661	0	0
5814	399.61	0	0
5813	399.56	0	0
5812	399.509	0	0
5811	399.459	0	0
5810	399.408	0	0
5809	399.358	0	0
5808	399.308	0	0
5807	399.259	0	0
5806	399.209	0	0
5805	399.16	0	0
5804	399.11	0	0
5803	399.061	0	0
5802	399.012	0	0
5801	398.964	0	0
5800	398.915	0	0
5799	398.867	0	0
5798	398.818	0	0
5797	398.77	0	0
5796	398.722	0	0
5795	398.675	0	0
5794	398.627	0	0
5793	398.579	0	0
5792	398.532	0	0
5791	398.485	0	0
5790	398.438	0	0
5789	398.391	0	0
5788	398.345	0	0
5787	398.298	0	0
5786	398.252	0	0
5785	398.206	0	0
5784	398.16	0	0
5783	398.114	0	0
5782	398.068	0	0
5781	398.023	0	0
5780	397.977	0	0
5779	397.932	0	0
5778	397.887	0	0
5777	397.842	0	0
5776	397.797	0	0
5775	397.753	0	0
5774	397.708	0	0
5773	397.664	0	0
5772	397.62	0	0
5771	397.576	0	0
5770	397.532	0	0
5769	397.488	0	0
5768	397.445	0	0
5767	397.402	0	0
5766	397.358	0	0
5765	397.315	0	0
5764	397.272	0	0
5763	397.23	0	0
5762	397.187	0	0
5761	397.145	0	0
5760	397.102	0	0
5759	397.06	0	0
5758	397.018	0	0
5757	396.976	0	0
5756	396.935	0	0
5755	396.893	0	0
5754	396.852	0	0
5753	396.81	0	0
5752	396.769	0	0
5751	396.728	0	0
5750	396.687	0	0
5749	396.647	0	0
5748	396.606	0	0
5747	396.566	0	0
5746	396.526	0	0
5745	396.485	0	0
5744	396.445	0	0
5743	396.406	0	0
5742	396.366	0	0
5741	396.326	0	0
5740	396.287	0	0
5739	396.248	0	0
5738	396.209	0	0
5737	396.17	0	0
5736	396.131	0	0
5735	396.092	0	0
5734	396.054	0	0
5733	396.015	0	0
5732	395.977	0	0
5731	395.939	0	0
5730	395.901	0	0
5729	395.863	0	0
5728	395.826	0	0
5727	395.788	0	0
5726	395.751	0	0
5725	395.713	0	0
5724	395.676	0	0
5723	395.639	0	0
5722	395.602	0	0
5721	395.566	0	0
5720	395.529	0	0
5719	395.493	0	0
5718	395.456	0	0
5717	395.42	0	0
5716	395.384	0	0
5715	395.348	0	0
5714	395.312	0	0
5713	395.277	0	0
5712	395.241	0	0
5711	395.206	0	0
5710	395.171	0	0
5709	395.136	0	0
5708	395.101	0	0
5707	395.066	0	0
5706	395.031	0	0
5705	394.997	0	0
5704	394.962	0	0
5703	394.928	0	0
5702	394.894	0	0
5701	394.86	0	0
5700	394.826	0	0
5699	394.792	0	0
5698	394.758	0	0
5697	394.725	0	0
5696	394.691	0	0
5695	394.658	0	0
5694	394.625	0	0
5693	394.592	0	0
5692	394.559	0	0
5691	394.526	0	0
5690	394.494	0	0
5689	394.461	0	0
5688	394.429	0	0
5687	394.397	0	0
5686	394.365	0	0
5685	394.333	0	0
5684	394.301	0	0
5683	394.269	0	0
5682	394.238	0	0
5681	394.206	0	0
5680	394.175	0	0
5679	394.144	0	0
5678	394.112	0	0
5677	394.081	0	0
5676	394.051	0	0
5675	394.02	0	0
5674	393.989	0	0
5673	393.959	0	0
5672	393.929	0	0
5671	393.898	0	0
5670	393.868	0	0
5669	393.838	0	0
5668	393.808	0	0
5667	393.779	0	0
5666	393.749	0	0
5665	393.72	0	0
5664	393.69	0	0
5663	393.661	0	0
5662	393.632	0	0
5661	393.603	0	0
5660	393.574	0	0
5659	393.545	0	0
5658	393.517	0	0
5657	393.488	0	0
5656	393.46	0	0
5655	393.432	0	0
5654	393.403	0	0
5653	393.375	0	0
5652	393.347	0	0
5651	393.32	0	0
5650	393.292	0	0
5649	393.264	0	0
5648	393.237	0	0
5647	393.21	0	0
5646	393.183	0	0
5645	393.155	0	0
5644	393.128	0	0
5643	393.102	0	0
5642	393.075	0	0
5641	393.048	0	0
5640	393.022	0	0
5639	392.995	0	0
5638	392.969	0	0
5637	392.943	0	0
5636	392.917	0	0
5635	392.891	0	0
5634	392.865	0	0
5633	392.84	0	0
5632	392.814	0	0
5631	392.789	0	0
5630	392.763	0	0
5629	392.738	0	0
5628	392.713	0	0
5627	392.688	0	0
5626	392.663	0	0
5625	392.638	0	0
5624	392.614	0	0
5623	392.589	0	0
5622	392.565	0	0
5621	392.54	0	0
5620	392.516	0	0
5619	392.492	0	0
5618	392.468	0	0
5617	392.444	0	0
5616	392.42	0	0
5615	392.397	0	0
5614	392.373	0	0
5613	392.35	0	0
5612	392.326	0	0
5611	392.303	0	0
5610	392.28	0	0
5609	392.257	0	0
5608	392.234	0	0
5607	392.211	0	0
5606	392.189	0	0
5605	392.166	0	0
5604	392.144	0	0
5603	392.121	0	0
5602	392.099	0	0
5601	392.077	0	0
5600	392.055	0	0
5599	392.033	0	0
5598	392.011	0	0
5597	391.99	0	0
5596	391.968	0	0
5595	391.947	0	0
5594	391.925	0	0
5593	391.904	0	0
5592	391.883	0	0
5591	391.862	0	0
5590	391.841	0	0
5589	391.82	0	0
5588	391.799	0	0
5587	391.779	0	0
5586	391.758	0	0
5585	391.738	0	0
5584	391.718	0	0
5583	391.697	0	0
5582	391.677	0	0
5581	391.657	0	0
5580	391.637	0	0
5579	391.618	0	0
5578	391.598	0	0
5577	391.578	0	0
5576	391.559	0	0
5575	391.54	0	0
5574	391.52	0	0
5573	391.501	0	0
5572	391.482	0	0
5571	391.463	0	0
5570	391.444	0	0
5569	391.426	0	0
5568	391.407	0	0
5567	391.388	0	0
5566	391.37	0	0
5565	391.352	0	0
5564	391.333	0	0
5563	391.315	0	0
5562	391.297	0	0
5561	391.279	0	0
5560	391.262	0	0
5559	391.244	0	0
5558	391.226	0	0
5557	391.209	0	0
5556	391.191	0	0
5555	391.174	0	0
5554	391.157	0	0
5553	391.14	0	0
5552	391.123	0	0
5551	391.106	0	0
5550	391.089	0	0
5549	391.072	0	0
5548	391.055	0	0
5547	391.039	0	0
5546	391.023	0	0
5545	391.006	0	0
5544	390.99	0	0
5543	390.974	0	0
5542	390.958	0	0
5541	390.942	0	0
5540	390.926	0	0
5539	390.91	0	0
5538	390.895	0	0
5537	390.879	0	0
5536	390.864	0	0
5535	390.848	0	0
5534	390.833	0	0
5533	390.818	0	0
5532	390.803	0	0
5531	390.788	0	0
5530	390.773	0	0
5529	390.758	0	0
5528	390.744	0	0
5527	390.729	0	0
5526	390.715	0	0
5525	390.7	0	0
5524	390.686	0	0
5523	390.672	0	0
5522	390.658	0	0
5521	390.644	0	0
5520	390.63	0	0
5519	390.616	0	0
5518	390.602	0	0
5517	390.588	0	0
5516	390.575	0	0
5515	390.562	0	0
5514	390.548	0	0
5513	390.535	0	0
5512	390.522	0	0
5511	390.509	0	0
5510	390.496	0	0
5509	390.483	0	0
5508	390.47	0	0
5507	390.457	0	0
5506	390.445	0	0
5505	390.432	0	0
5504	390.42	0	0
5503	390.408	0	0
5502	390.395	0	0
5501	390.383	0	0
5500	390.371	0	0
5499	390.359	0	0
5498	390.347	0	0
5497	390.336	0	0
5496	390.324	0	0
5495	390.312	0	0
5494	390.301	0	0
5493	390.289	0	0
5492	390.278	0	0
5491	390.267	0	0
5490	390.256	0	0
5489	390.245	0	0
5488	390.234	0	0
5487	390.223	0	0
5486	390.212	0	0
5485	390.201	0	0
5484	390.191	0	0
5483	390.18	0	0
5482	390.17	0	0
5481	390.16	0	0
5480	390.149	0	0
5479	390.139	0	0
5478	390.129	0	0
5477	390.119	0	0
5476	390.109	0	0
5475	390.1	0	0
5474	390.09	0	0
5473	390.08	0	0
5472	390.071	0	0
5471	390.061	0	0
5470	390.052	0	0
5469	390.043	0	0
5468	390.034	0	0
5467	390.024	0	0
5466	390.015	0	0
5465	390.007	0	0
5464	389.998	0	0
5463	389.989	0	0
5462	389.98	0	0
5461	389.972	0	0
5460	389.963	0	0
5459	389.955	0	0
5458	389.947	0	0
5457	389.938	0	0
5456	389.93	0	0
5455	389.922	0	0
5454	389.914	0	0
5453	389.907	0	0
5452	389.899	0	0
5451	389.891	0	0
5450	389.883	0	0
5449	389.876	0	0
5448	389.868	0	0
5447	389.861	0	0
5446	389.854	0	0
5445	389.847	0	0
5444	389.84	0	0
5443	389.833	0	0
5442	389.826	0	0
5441	389.819	0	0
5440	389.812	0	0
5439	389.805	0	0
5438	389.799	0	0
5437	389.792	0	0
5436	389.786	0	0
5435	389.78	0	0
5434	389.773	0	0
5433	389.767	0	0
5432	389.761	0	0
5431	389.755	0	0
5430	389.749	0	0
5429	389.743	0	0
5428	389.737	0	0
5427	389.732	0	0
5426	389.726	0	0
5425	389.721	0	0
5424	389.715	0	0
5423	389.71	0	0
5422	389.705	0	0
5421	389.7	0	0
5420	389.694	0	0
5419	389.689	0	0
5418	389.685	0	0
5417	389.68	0	0
5416	389.675	0	0
5415	389.67	0	0
5414	389.666	0	0
5413	389.661	0	0
5412	389.657	0	0
5411	389.652	0	0
5410	389.648	0	0
5409	389.644	0	0
5408	389.64	0	0
5407	389.636	0	0
5406	389.632	0	0
5405	389.628	0	0
5404	389.624	0	0
5403	389.62	0	0
5402	389.617	0	0
5401	389.613	0	0
5400	389.61	0	0
5399	389.606	0	0
5398	389.603	0	0
5397	389.6	0	0
5396	389.597	0	0
5395	389.594	0	0
5394	389.591	0	0
5393	389.588	0	0
5392	389.585	0	0
5391	389.582	0	0
5390	389.579	0	0
5389	389.577	0	0
5388	389.574	0	0
5387	389.572	0	0
5386	389.57	0	0
5385	389.567	0	0
5384	389.565	0	0
5383	389.563	0	0
5382	389.561	0	0
5381	389.559	0	0
5380	389.557	0	0
5379	389.555	0	0
5378	389.554	0	0
5377	389.552	0	0
5376	389.55	0	0
5375	389.549	0	0
5374	389.547	0	0
5373	389.546	0	0
5372	389.545	0	0
5371	389.544	0	0
5370	389.542	0	0
5369	389.541	0	0
5368	389.541	0	0
5367	389.54	0	0
5366	389.539	0	0
5365	389.538	0	0
5364	389.537	0	0
5363	389.537	0	0
5362	389.536	0	0
5361	389.536	0	0
5360	389.536	0	0
5359	389.535	0	0
5358	389.535	0	0
5357	389.535	0	0
5356	389.535	0	0
5355	389.535	0	0
5354	389.535	0	0
5353	389.535	0	0
5352	389.536	0	0
5351	389.536	0	0
5350	389.536	0	0
5349	389.537	0	0
5348	389.537	0	0
5347	389.538	0	0
5346	389.539	0	0
5345	389.54	0	0
5344	389.54	0	0
5343	389.541	0	0
5342	389.542	0	0
5341	389.544	0	0
5340	389.545	0	0
5339	389.546	0	0
5338	389.547	0	0
5337	389.549	0	0
5336	389.55	0	0
5335	389.552	0	0
5334	389.553	0	0
5333	389.555	0	0
5332	389.557	0	0
5331	389.559	0	0
5330	389.56	0	0
5329	389.562	0	0
5328	389.565	0	0
5327	389.567	0	0
5326	389.569	0	0
5325	389.571	0	0
5324	389.573	0	0
5323	389.576	0	0
5322	389.578	0	0
5321	389.581	0	0
5320	389.584	0	0
5319	389.586	0	0
5318	389.589	0	0
5317	389.592	0	0
5316	389.595	0	0
5315	389.598	0	0
5314	389.601	0	0
5313	389.604	0	0
5312	389.607	0	0
5311	389.611	0	0
5310	389.614	0	0
5309	389.617	0	0
5308	389.621	0	0
5307	389.625	0	0
5306	389.628	0	0
5305	389.632	0	0
5304	389.636	0	0
5303	389.64	0	0
5302	389.644	0	0
5301	389.648	0	0
5300	389.652	0	0
5299	389.656	0	0
5298	389.66	0	0
5297	389.664	0	0
5296	389.669	0	0
5295	389.673	0	0
5294	389.678	0	0
5293	389.682	0	0
5292	389.687	0	0
5291	389.692	0	0
5290	389.696	0	0
5289	389.701	0	0
5288	389.706	0	0
5287	389.711	0	0
5286	389.716	0	0
5285	389.721	0	0
5284	389.727	0	0
5283	389.732	0	0
5282	389.737	0	0
5281	389.743	0	0
5280	389.748	0	0
5279	389.754	0	0
5278	389.759	0	0
5277	389.765	0	0
5276	389.771	0	0
5275	389.777	0	0
5274	389.783	0	0
5273	389.789	0	0
5272	389.795	0	0
5271	389.801	0	0
5270	389.807	0	0
5269	389.813	0	0
5268	389.82	0	0
5267	389.826	0	0
5266	389.832	0	0
5265	389.839	0	0
5264	389.846	0	0
5263	389.852	0	0
5262	389.859	0	0
5261	389.866	0	0
5260	389.873	0	0
5259	389.88	0	0
5258	389.887	0	0
5257	389.894	0	0
5256	389.901	0	0
5255	389.908	0	0
5254	389.915	0	0
5253	389.923	0	0
5252	389.93	0	0
5251	389.938	0	0
5250	389.945	0	0
5249	389.953	0	0
5248	389.961	0	0
5247	389.968	0	0
5246	389.976	0	0
5245	389.984	0	0
5244	389.992	0	0
5243	390	0	0
5242	390.008	0	0
5241	390.016	0	0
5240	390.025	0	0
5239	390.033	0	0
5238	390.041	0	0
5237	390.05	0	0
5236	390.058	0	0
5235	390.067	0	0
5234	390.075	0	0
5233	390.084	0	0
5232	390.093	0	0
5231	390.102	0	0
5230	390.111	0	0
5229	390.12	0	0
5228	390.129	0	0
5227	390.138	0	0
5226	390.147	0	0
5225	390.156	0	0
5224	390.165	0	0
5223	390.175	0	0
5222	390.184	0	0
5221	390.194	0	0
5220	390.203	0	0
5219	390.213	0	0
5218	390.223	0	0
5217	390.232	0	0
5216	390.242	0	0
5215	390.252	0	0
5214	390.262	0	0
5213	390.272	0	0
5212	390.282	0	0
5211	390.292	0	0
5210	390.302	0	0
5209	390.313	0	0
5208	390.323	0	0
5207	390.334	0	0
5206	390.344	0	0
5205	390.355	0	0
5204	390.365	0	0
5203	390.376	0	0
5202	390.387	0	0
5201	390.397	0	0
5200	390.408	0	0
5199	390.419	0	0
5198	390.43	0	0
5197	390.441	0	0
5196	390.452	0	0
5195	390.464	0	0
5194	390.475	0	0
5193	390.486	0	0
5192	390.498	0	0
5191	390.509	0	0
5190	390.521	0	0
5189	390.532	0	0
5188	390.544	0	0
5187	390.555	0	0
5186	390.567	0	0
5185	390.579	0	0
5184	390.591	0	0
5183	390.603	0	0
5182	390.615	0	0
5181	390.627	0	0
5180	390.639	0	0
5179	390.651	0	0
5178	390.664	0	0
5177	390.676	0	0
5176	390.688	0	0
5175	390.701	0	0
5174	390.713	0	0
5173	390.726	0	0
5172	390.739	0	0
5171	390.751	0	0
5170	390.764	0	0
5169	390.777	0	0
5168	390.79	0	0
5167	390.803	0	0
5166	390.816	0	0
5165	390.829	0	0
5164	390.842	0	0
5163	390.855	0	0
5162	390.869	0	0
5161	390.882	0	0
5160	390.895	0	0
5159	390.909	0	0
5158	390.922	0	0
5157	390.936	0	0
5156	390.95	0	0
5155	390.963	0	0
5154	390.977	0	0
5153	390.991	0	0
5152	391.005	0	0
5151	391.019	0	0
5150	391.033	0	0
5149	391.047	0	0
5148	391.061	0	0
5147	391.076	0	0
5146	391.09	0	0
5145	391.104	0	0
5144	391.119	0	0
5143	391.133	0	0
5142	391.148	0	0
5141	391.162	0	0
5140	391.177	0	0
5139	391.191	0	0
5138	391.206	0	0
5137	391.221	0	0
5136	391.236	0	0
5135	391.251	0	0
5134	391.266	0	0
5133	391.281	0	0
5132	391.296	0	0
5131	391.311	0	0
5130	391.327	0	0
5129	391.342	0	0
5128	391.357	0	0
5127	391.373	0	0
5126	391.388	0	0
5125	391.404	0	0
5124	391.42	0	0
5123	391.435	0	0
5122	391.451	0	0
5121	391.467	0	0
5120	391.483	0	0
5119	391.499	0	0
5118	391.515	0	0
5117	391.531	0	0
5116	391.547	0	0
5115	391.563	0	0
5114	391.579	0	0
5113	391.595	0	0
5112	391.612	0	0
5111	391.628	0	0
5110	391.645	0	0
5109	391.661	0	0
5108	391.678	0	0
5107	391.694	0	0
5106	391.711	0	0
5105	391.728	0	0
5104	391.745	0	0
5103	391.762	0	0
5102	391.779	0	0
5101	391.796	0	0
5100	391.813	0	0
5099	391.83	0	0
5098	391.847	0	0
5097	391.864	0	0
5096	391.882	0	0
5095	391.899	0	0
5094	391.916	0	0
5093	391.934	0	0
5092	391.951	0	0
5091	391.969	0	0
5090	391.987	0	0
5089	392.004	0	0
5088	392.022	0	0
5087	392.04	0	0
5086	392.058	0	0
5085	392.076	0	0
5084	392.094	0	0
5083	392.112	0	0
5082	392.13	0	0
5081	392.148	0	0
5080	392.167	0	0
5079	392.185	0	0
5078	392.203	0	0
5077	392.222	0	0
5076	392.24	0	0
5075	392.259	0	0
5074	392.277	0	0
5073	392.296	0	0
5072	392.315	0	0
5071	392.334	0	0
5070	392.352	0	0
5069	392.371	0	0
5068	392.39	0	0
5067	392.409	0	0
5066	392.428	0	0
5065	392.448	0	0
5064	392.467	0	0
5063	392.486	0	0
5062	392.505	0	0
5061	392.525	0	0
5060	392.544	0	0
5059	392.564	0	0
5058	392.583	0	0
5057	392.603	0	0
5056	392.622	0	0
5055	392.642	0	0
5054	392.662	0	0
5053	392.682	0	0
5052	392.701	0	0
5051	392.721	0	0
5050	392.741	0	0
5049	392.761	0	0
5048	392.782	0	0
5047	392.802	0	0
5046	392.822	0	0
5045	392.842	0	0
5044	392.863	0	0
5043	392.883	0	0
5042	392.903	0	0
5041	392.924	0	0
5040	392.945	0	0
5039	392.965	0	0
5038	392.986	0	0
5037	393.007	0	0
5036	393.027	0	0
5035	393.048	0	0
5034	393.069	0	0
5033	393.09	0	0
5032	393.111	0	0
5031	393.132	0	0
5030	393.153	0	0
5029	393.175	0	0
5028	393.196	0	0
5027	393.217	0	0
5026	393.239	0	0
5025	393.26	0	0
5024	393.281	0	0
5023	393.303	0	0
5022	393.325	0	0
5021	393.346	0	0
5020	393.368	0	0
5019	393.39	0	0
5018	393.412	0	0
5017	393.433	0	0
5016	393.455	0	0
5015	393.477	0	0
5014	393.499	0	0
5013	393.521	0	0
5012	393.544	0	0
5011	393.566	0	0
5010	393.588	0	0
5009	393.61	0	0
5008	393.633	0	0
5007	393.655	0	0
5006	393.678	0	0
5005	393.7	0	0
5004	393.723	0	0
5003	393.746	0	0
5002	393.768	0	0
5001	393.791	0	0
5000	393.814	0	0
4999	393.837	0	0
4998	393.86	0	0
4997	393.883	0	0
4996	393.906	0	0
4995	393.929	0	0
4994	393.952	0	0
4993	393.975	0	0
4992	393.998	0	0
4991	394.022	0	0
4990	394.045	0	0
4989	394.069	0	0
4988	394.092	0	0
4987	394.116	0	0
4986	394.139	0	0
4985	394.163	0	0
4984	394.187	0	0
4983	394.21	0	0
4982	394.234	0	0
4981	394.258	0	0
4980	394.282	0	0
4979	394.306	0	0
4978	394.33	0	0
4977	394.354	0	0
4976	394.378	0	0
4975	394.403	0	0
4974	394.427	0	0
4973	394.451	0	0
4972	394.475	0	0
4971	394.5	0	0
4970	394.524	0	0
4969	394.549	0	0
4968	394.574	0	0
4967	394.598	0	0
4966	394.623	0	0
4965	394.648	0	0
4964	394.672	0	0
4963	394.697	0	0
4962	394.722	0	0
4961	394.747	0	0
4960	394.772	0	0
4959	394.797	0	0
4958	394.822	0	0
4957	394.848	0	0
4956	394.873	0	0
4955	394.898	0	0
4954	394.923	0	0
4953	394.949	0	0
4952	394.974	0	0
4951	395	0	0
4950	395.025	0	0
4949	395.051	0	0
4948	395.077	0	0
4947	395.102	0	0
4946	395.128	0	0
4945	395.154	0	0
4944	395.18	0	0
4943	395.206	0	0
4942	395.232	0	0
4941	395.258	0	0
4940	395.284	0	0
4939	395.31	0	0
4938	395.336	0	0
4937	395.363	0	0
4936	395.389	0	0
4935	395.415	0	0
4934	395.442	0	0
4933	395.468	0	0
4932	395.495	0	0
4931	395.521	0	0
4930	395.548	0	0
4929	395.575	0	0
4928	395.602	0	0
4927	395.628	0	0
4926	395.655	0	0
4925	395.682	0	0
4924	395.709	0	0
4923	395.736	0	0
4922	395.763	0	0
4921	395.79	0	0
4920	395.817	0	0
4919	395.845	0	0
4918	395.872	0	0
4917	395.899	0	0
4916	395.927	0	0
4915	395.954	0	0
4914	395.982	0	0
4913	396.009	0	0
4912	396.037	0	0
4911	396.064	0	0
4910	396.092	0	0
4909	396.12	0	0
4908	396.148	0	0
4907	396.176	0	0
4906	396.203	0	0
4905	396.231	0	0
4904	396.259	0	0
4903	396.288	0	0
4902	396.316	0	0
4901	396.344	0	0
4900	396.372	0	0
4899	396.4	0	0
4898	396.429	0	0
4897	396.457	0	0
4896	396.486	0	0
4895	396.514	0	0
4894	396.543	0	0
4893	396.571	0	0
4892	396.6	0	0
4891	396.629	0	0
4890	396.657	0	0
4889	396.686	0	0
4888	396.715	0	0
4887	396.744	0	0
4886	396.773	0	0
4885	396.802	0	0
4884	396.831	0	0
4883	396.86	0	0
4882	396.889	0	0
4881	396.918	0	0
4880	396.948	0	0
4879	396.977	0	0
4878	397.006	0	0
4877	397.036	0	0
4876	397.065	0	0
4875	397.095	0	0
4874	397.125	0	0
4873	397.154	0	0
4872	397.184	0	0
4871	397.214	0	0
4870	397.243	0	0
4869	397.273	0	0
4868	397.303	0	0
4867	397.333	0	0
4866	397.363	0	0
4865	397.393	0	0
4864	397.423	0	0
4863	397.453	0	0
4862	397.484	0	0
4861	397.514	0	0
4860	397.544	0	0
4859	397.575	0	0
4858	397.605	0	0
4857	397.636	0	0
4856	397.666	0	0
4855	397.697	0	0
4854	397.727	0	0
4853	397.758	0	0
4852	397.789	0	0
4851	397.819	0	0
4850	397.85	0	0
4849	397.881	0	0
4848	397.912	0	0
4847	397.943	0	0
4846	397.974	0	0
4845	398.005	0	0
4844	398.036	0	0
4843	398.067	0	0
4842	398.099	0	0
4841	398.13	0	0
4840	398.161	0	0
4839	398.193	0	0
4838	398.224	0	0
4837	398.256	0	0
4836	398.287	0	0
4835	398.319	0	0
4834	398.35	0	0
4833	398.382	0	0
4832	398.414	0	0
4831	398.446	0	0
4830	398.478	0	0
4829	398.509	0	0
4828	398.541	0	0
4827	398.573	0	0
4826	398.606	0	0
4825	398.638	0	0
4824	398.67	0	0
4823	398.702	0	0
4822	398.734	0	0
4821	398.767	0	0
4820	398.799	0	0
4819	398.831	0	0
4818	398.864	0	0
4817	398.896	0	0
4816	398.929	0	0
4815	398.961	0	0
4814	398.994	0	0
4813	399.027	0	0
4812	399.06	0	0
4811	399.092	0	0
4810	399.125	0	0
4809	399.158	0	0
4808	399.191	0	0
4807	399.224	0	0
4806	399.257	0	0
4805	399.29	0	0
4804	399.324	0	0
4803	399.357	0	0
4802	399.39	0	0
4801	399.423	0	0
4800	399.457	0	0
4799	399.49	0	0
4798	399.524	0	0
4797	399.557	0	0
4796	399.591	0	0
4795	399.624	0	0
4794	399.658	0	0
4793	399.692	0	0
4792	399.725	0	0
4791	399.759	0	0
4790	399.793	0	0
4789	399.827	0	0
4788	399.861	0	0
4787	399.895	0	0
4786	399.929	0	0
4785	399.963	0	0
4784	399.997	0	0
4783	400.032	0	0
4782	400.066	0	0
4781	400.1	0	0
4780	400.135	0	0
4779	400.169	0	0
4778	400.203	0	0
4777	400.238	0	0
4776	400.273	0	0
4775	400.307	0	0
4774	400.342	0	0
4773	400.377	0	0
4772	400.411	0	0
4771	400.446	0	0
4770	400.481	0	0
4769	400.516	0	0
4768	400.551	0	0
4767	400.586	0	0
4766	400.621	0	0
4765	400.656	0	0
4764	400.691	0	0
4763	400.726	0	0
4762	400.762	0	0
4761	400.797	0	0
4760	400.832	0	0
4759	400.868	0	0
4758	400.903	0	0
4757	400.939	0	0
4756	400.974	0	0
4755	401.01	0	0
4754	401.046	0	0
4753	401.081	0	0
4752	401.117	0	0
4751	401.153	0	0
4750	401.189	0	0
4749	401.225	0	0
4748	401.26	0	0
4747	401.296	0	0
4746	401.333	0	0
4745	401.369	0	0
4744	401.405	0	0
4743	401.441	0	0
4742	401.477	0	0
4741	401.514	0	0
4740	401.55	0	0
4739	401.586	0	0
4738	401.623	0	0
4737	401.659	0	0
4736	401.696	0	0
4735	401.732	0	0
4734	401.769	0	0
4733	401.806	0	0
4732	401.842	0	0
4731	401.879	0	0
4730	401.916	0	0
4729	401.953	0	0
4728	401.99	0	0
4727	402.027	0	0
4726	402.064	0	0
4725	402.101	0	0
4724	402.138	0	0
4723	402.175	0	0
4722	402.212	0	0
4721	402.25	0	0
4720	402.287	0	0
4719	402.324	0	0
4718	402.362	0	0
4717	402.399	0	0
4716	402.437	0	0
4715	402.474	0	0
4714	402.512	0	0
4713	402.55	0	0
4712	402.587	0	0
4711	402.625	0	0
4710	402.663	0	0
4709	402.701	0	0
4708	402.739	0	0
4707	402.777	0	0
4706	402.815	0	0
4705	402.853	0	0
4704	402.891	0	0
4703	402.929	0	0
4702	402.967	0	0
4701	403.005	0	0
4700	403.044	0	0
4699	403.082	0	0
4698	403.12	0	0
4697	403.159	0	0
4696	403.197	0	0
4695	403.236	0	0
4694	403.274	0	0
4693	403.313	0	0
4692	403.352	0	0
4691	403.39	0	0
4690	403.429	0	0
4689	403.468	0	0
4688	403.507	0	0
4687	403.546	0	0
4686	403.585	0	0
4685	403.624	0	0
4684	403.663	0	0
4683	403.702	0	0
4682	403.741	0	0
4681	403.78	0	0
4680	403.82	0	0
4679	403.859	0	0
4678	403.898	0	0
4677	403.938	0	0
4676	403.977	0	0
4675	404.017	0	0
4674	404.056	0	0
4673	404.096	0	0
4672	404.135	0	0
4671	404.175	0	0
4670	404.215	0	0
4669	404.254	0	0
4668	404.294	0	0
4667	404.334	0	0
4666	404.374	0	0
4665	404.414	0	0
4664	404.454	0	0
4663	404.494	0	0
4662	404.534	0	0
4661	404.574	0	0
4660	404.615	0	0
4659	404.655	0	0
4658	404.695	0	0
4657	404.736	0	0
4656	404.776	0	0
4655	404.816	0	0
4654	404.857	0	0
4653	404.897	0	0
4652	404.938	0	0
4651	404.979	0	0
4650	405.019	0	0
4649	405.06	0	0
4648	405.101	0	0
4647	405.142	0	0
4646	405.183	0	0
4645	405.224	0	0
4644	405.265	0	0
4643	405.306	0	0
4642	405.347	0	0
4641	405.388	0	0
4640	405.429	0	0
4639	405.47	0	0
4638	405.511	0	0
4637	405.553	0	0
4636	405.594	0	0
4635	405.635	0	0
4634	405.677	0	0
4633	405.718	0	0
4632	405.76	0	0
4631	405.801	0	0
4630	405.843	0	0
4629	405.885	0	0
4628	405.926	0	0
4627	405.968	0	0
4626	406.01	0	0
4625	406.052	0	0
4624	406.094	0	0
4623	406.136	0	0
4622	406.178	0	0
4621	406.22	0	0
4620	406.262	0	0
4619	406.304	0	0
4618	406.346	0	0
4617	406.389	0	0
4616	406.431	0	0
4615	406.473	0	0
4614	406.516	0	0
4613	406.558	0	0
4612	406.601	0	0
4611	406.643	0	0
4610	406.686	0	0
4609	406.728	0	0
4608	406.771	0	0
4607	406.814	0	0
4606	406.856	0	0
4605	406.899	0	0
4604	406.942	0	0
4603	406.985	0	0
4602	407.028	0	0
4601	407.071	0	0
4600	407.114	0	0
4599	407.157	0	0
4598	407.2	0	0
4597	407.243	0	0
4596	407.287	0	0
4595	407.33	0	0
4594	407.373	0	0
4593	407.417	0	0
4592	407.46	0	0
4591	407.504	0	0
4590	407.547	0	0
4589	407.591	0	0
4588	407.634	0	0
4587	407.678	0	0
4586	407.722	0	0
4585	407.765	0	0
4584	407.809	0	0
4583	407.853	0	0
4582	407.897	0	0
4581	407.941	0	0
4580	407.985	0	0
4579	408.029	0	0
4578	408.073	0	0
4577	408.117	0	0
4576	408.161	0	0
4575	408.205	0	0
4574	408.25	0	0
4573	408.294	0	0
4572	408.338	0	0
4571	408.383	0	0
4570	408.427	0	0
4569	408.472	0	0
4568	408.516	0	0
4567	408.561	0	0
4566	408.605	0	0
4565	408.65	0	0
4564	408.695	0	0
4563	408.74	0	0
4562	408.784	0	0
4561	408.829	0	0
4560	408.874	0	0
4559	408.919	0	0
4558	408.964	0	0
4557	409.009	0	0
4556	409.054	0	0
4555	409.099	0	0
4554	409.145	0	0
4553	409.19	0	0
4552	409.235	0	0
4551	409.28	0	0
4550	409.326	0	0
4549	409.371	0	0
4548	409.417	0	0
4547	409.462	0	0
4546	409.508	0	0
4545	409.553	0	0
4544	409.599	0	0
4543	409.645	0	0
4542	409.69	0	0
4541	409.736	0	0
4540	409.782	0	0
4539	409.828	0	0
4538	409.874	0	0
4537	409.92	0	0
4536	409.966	0	0
4535	410.012	0	0
4534	410.058	0	0
4533	410.104	0	0
4532	410.15	0	0
4531	410.197	0	0
4530	410.243	0	0
4529	410.289	0	0
4528	410.336	0	0
4527	410.382	0	0
4526	410.429	0	0
4525	410.475	0	0
4524	410.522	0	0
4523	410.568	0	0
4522	410.615	0	0
4521	410.662	0	0
4520	410.708	0	0
4519	410.755	0	0
4518	410.802	0	0
4517	410.849	0	0
4516	410.896	0	0
4515	410.943	0	0
4514	410.99	0	0
4513	411.037	0	0
4512	411.084	0	0
4511	411.131	0	0
4510	411.179	0	0
4509	411.226	0	0
4508	411.273	0	0
4507	411.32	0	0
4506	411.368	0	0
4505	411.415	0	0
4504	411.463	0	0
4503	411.51	0	0
4502	411.558	0	0
4501	411.606	0	0
4500	411.653	0	0
4499	411.701	0	0
4498	411.749	0	0
4497	411.796	0	0
4496	411.844	0	0
4495	411.892	0	0
4494	411.94	0	0
4493	411.988	0	0
4492	412.036	0	0
4491	412.084	0	0
4490	412.132	0	0
4489	412.181	0	0
4488	412.229	0	0
4487	412.277	0	0
4486	412.325	0	0
4485	412.374	0	0
4484	412.422	0	0
4483	412.471	0	0
4482	412.519	0	0
4481	412.568	0	0
4480	412.616	0	0
4479	412.665	0	0
4478	412.714	0	0
4477	412.762	0	0
4476	412.811	0	0
4475	412.86	0	0
4474	412.909	0	0
4473	412.958	0	0
4472	413.007	0	0
4471	413.056	0	0
4470	413.105	0	0
4469	413.154	0	0
4468	413.203	0	0
4467	413.252	0	0
4466	413.301	0	0
4465	413.35	0	0
4464	413.4	0	0
4463	413.449	0	0
4462	413.499	0	0
4461	413.548	0	0
4460	413.597	0	0
4459	413.647	0	0
4458	413.697	0	0
4457	413.746	0	0
4456	413.796	0	0
4455	413.846	0	0
4454	413.895	0	0
4453	413.945	0	0
4452	413.995	0	0
4451	414.045	0	0
4450	414.095	0	0
4449	414.145	0	0
4448	414.195	0	0
4447	414.245	0	0
4446	414.295	0	0
4445	414.345	0	0
4444	414.395	0	0
4443	414.446	0	0
4442	414.496	0	0
4441	414.546	0	0
4440	414.597	0	0
4439	414.647	0	0
4438	414.698	0	0
4437	414.748	0	0
4436	414.799	0	0
4435	414.849	0	0
4434	414.9	0	0
4433	414.951	0	0
4432	415.002	0	0
4431	415.052	0	0
4430	415.103	0	0
4429	415.154	0	0
4428	415.205	0	0
4427	415.256	0	0
4426	415.307	0	0
4425	415.358	0	0
4424	415.409	0	0
4423	415.46	0	0
4422	415.512	0	0
4421	415.563	0	0
4420	415.614	0	0
4419	415.666	0	0
4418	415.717	0	0
4417	415.768	0	0
4416	415.82	0	0
4415	415.871	0	0
4414	415.923	0	0
4413	415.975	0	0
4412	416.026	0	0
4411	416.078	0	0
4410	416.13	0	0
4409	416.181	0	0
4408	416.233	0	0
4407	416.285	0	0
4406	416.337	0	0
4405	416.389	0	0
4404	416.441	0	0
4403	416.493	0	0
4402	416.545	0	0
4401	416.597	0	0
4400	416.65	0	0
4399	416.702	0	0
4398	416.754	0	0
4397	416.806	0	0
4396	416.859	0	0
4395	416.911	0	0
4394	416.964	0	0
4393	417.016	0	0
4392	417.069	0	0
4391	417.121	0	0
4390	417.174	0	0
4389	417.227	0	0
4388	417.279	0	0
4387	417.332	0	0
4386	417.385	0	0
4385	417.438	0	0
4384	417.491	0	0
4383	417.544	0	0
4382	417.597	0	0
4381	417.65	0	0
4380	417.703	0	0
4379	417.756	0	0
4378	417.809	0	0
4377	417.862	0	0
4376	417.916	0	0
4375	417.969	0	0
4374	418.022	0	0
4373	418.076	0	0
4372	418.129	0	0
4371	418.183	0	0
4370	418.236	0	0
4369	418.29	0	0
4368	418.343	0	0
4367	418.397	0	0
4366	418.451	0	0
4365	418.505	0	0
4364	418.558	0	0
4363	418.612	0	0
4362	418.666	0	0
4361	418.72	0	0
4360	418.774	0	0
4359	418.828	0	0
4358	418.882	0	0
4357	418.936	0	0
4356	418.99	0	0
4355	419.045	0	0
4354	419.099	0	0
4353	419.153	0	0
4352	419.208	0	0
4351	419.262	0	0
4350	419.316	0	0
4349	419.371	0	0
4348	419.425	0	0
4347	419.48	0	0
4346	419.534	0	0
4345	419.589	0	0
4344	419.644	0	0
4343	419.699	0	0
4342	419.753	0	0
4341	419.808	0	0
4340	419.863	0	0
4339	419.918	0	0
4338	419.973	0	0
4337	420.028	0	0
4336	420.083	0	0
4335	420.138	0	0
4334	420.193	0	0
4333	420.248	0	0
4332	420.304	0	0
4331	420.359	0	0
4330	420.414	0	0
4329	420.47	0	0
4328	420.525	0	0
4327	420.58	0	0
4326	420.636	0	0
4325	420.691	0	0
4324	420.747	0	0
4323	420.803	0	0
4322	420.858	0	0
4321	420.914	0	0
4320	420.97	0	0
4319	421.026	0	0
4318	421.081	0	0
4317	421.137	0	0
4316	421.193	0	0
4315	421.249	0	0
4314	421.305	0	0
4313	421.361	0	0
4312	421.417	0	0
4311	421.474	0	0
4310	421.53	0	0
4309	421.586	0	0
4308	421.642	0	0
4307	421.699	0	0
4306	421.755	0	0
4305	421.811	0	0
4304	421.868	0	0
4303	421.924	0	0
4302	421.981	0	0
4301	422.038	0	0
4300	422.094	0	0
4299	422.151	0	0
4298	422.208	0	0
4297	422.264	0	0
4296	422.321	0	0
4295	422.378	0	0
4294	422.435	0	0
4293	422.492	0	0
4292	422.549	0	0
4291	422.606	0	0
4290	422.663	0	0
4289	422.72	0	0
4288	422.777	0	0
4287	422.834	0	0
4286	422.892	0	0
4285	422.949	0	0
4284	423.006	0	0
4283	423.064	0	0
4282	423.121	0	0
4281	423.179	0	0
4280	423.236	0	0
4279	423.294	0	0
4278	423.351	0	0
4277	423.409	0	0
4276	423.467	0	0
4275	423.524	0	0
4274	423.582	0	0
4273	423.64	0	0
4272	423.698	0	0
4271	423.756	0	0
4270	423.814	0	0
4269	423.872	0	0
4268	423.93	0	0
4267	423.988	0	0
4266	424.046	0	0
4265	424.104	0	0
4264	424.163	0	0
4263	424.221	0	0
4262	424.279	0	0
4261	424.337	0	0
4260	424.396	0	0
4259	424.454	0	0
4258	424.513	0	0
4257	424.571	0	0
4256	424.63	0	0
4255	424.688	0	0
4254	424.747	0	0
4253	424.806	0	0
4252	424.865	0	0
4251	424.923	0	0
4250	424.982	0	0
4249	425.041	0	0
4248	425.1	0	0
4247	425.159	0	0
4246	425.218	0	0
4245	425.277	0	0
4244	425.336	0	0
4243	425.395	0	0
4242	425.455	0	0
4241	425.514	0	0
4240	425.573	0	0
4239	425.632	0	0
4238	425.692	0	0
4237	425.751	0	0
4236	425.811	0	0
4235	425.87	0	0
4234	425.93	0	0
4233	425.989	0	0
4232	426.049	0	0
4231	426.108	0	0
4230	426.168	0	0
4229	426.228	0	0
4228	426.288	0	0
4227	426.348	0	0
4226	426.407	0	0
4225	426.467	0	0
4224	426.527	0	0
4223	426.587	0	0
4222	426.647	0	0
4221	426.708	0	0
4220	426.768	0	0
4219	426.828	0	0
4218	426.888	0	0
4217	426.948	0	0
4216	427.009	0	0
4215	427.069	0	0
4214	427.13	0	0
4213	427.19	0	0
4212	427.25	0	0
4211	427.311	0	0
4210	427.372	0	0
4209	427.432	0	0
4208	427.493	0	0
4207	427.554	0	0
4206	427.614	0	0
4205	427.675	0	0
4204	427.736	0	0
4203	427.797	0	0
4202	427.858	0	0
4201	427.919	0	0
4200	427.98	0	0
4199	428.041	0	0
4198	428.102	0	0
4197	428.163	0	0
4196	428.224	0	0
4195	428.286	0	0
4194	428.347	0	0
4193	428.408	0	0
4192	428.47	0	0
4191	428.531	0	0
4190	428.592	0	0
4189	428.654	0	0
4188	428.716	0	0
4187	428.777	0	0
4186	428.839	0	0
4185	428.9	0	0
4184	428.962	0	0
4183	429.024	0	0
4182	429.086	0	0
4181	429.148	0	0
4180	429.209	0	0
4179	429.271	0	0
4178	429.333	0	0
4177	429.395	0	0
4176	429.457	0	0
4175	429.52	0	0
4174	429.582	0	0
4173	429.644	0	0
4172	429.706	0	0
4171	429.768	0	0
4170	429.831	0	0
4169	429.893	0	0
4168	429.956	0	0
4167	430.018	0	0
4166	430.081	0	0
4165	430.143	0	0
4164	430.206	0	0
4163	430.268	0	0
4162	430.331	0	0
4161	430.394	0	0
4160	430.456	0	0
4159	430.519	0	0
4158	430.582	0	0
4157	430.645	0	0
4156	430.708	0	0
4155	430.771	0	0
4154	430.834	0	0
4153	430.897	0	0
4152	430.96	0	0
4151	431.023	0	0
4150	431.086	0	0
4149	431.15	0	0
4148	431.213	0	0
4147	431.276	0	0
4146	431.34	0	0
4145	431.403	0	0
4144	431.467	0	0
4143	431.53	0	0
4142	431.594	0	0
4141	431.657	0	0
4140	431.721	0	0
4139	431.784	0	0
4138	431.848	0	0
4137	431.912	0	0
4136	431.976	0	0
4135	432.04	0	0
4134	432.103	0	0
4133	432.167	0	0
4132	432.231	0	0
4131	432.295	0	0
4130	432.359	0	0
4129	432.424	0	0
4128	432.488	0	0
4127	432.552	0	0
4126	432.616	0	0
4125	432.68	0	0
4124	432.745	0	0
4123	432.809	0	0
4122	432.873	0	0
4121	432.938	0	0
4120	433.002	0	0
4119	433.067	0	0
4118	433.132	0	0
4117	433.196	0	0
4116	433.261	0	0
4115	433.326	0	0
4114	433.39	0	0
4113	433.455	0	0
4112	433.52	0	0
4111	433.585	0	0
4110	433.65	0	0
4109	433.715	0	0
4108	433.78	0	0
4107	433.845	0	0
4106	433.91	0	0
4105	433.975	0	0
4104	434.04	0	0
4103	434.105	0	0
4102	434.171	0	0
4101	434.236	0	0
4100	434.301	0	0
4099	434.367	0	0
4098	434.432	0	0
4097	434.498	0	0
4096	434.563	0	0
4095	434.629	0	0
4094	434.694	0	0
4093	434.76	0	0
4092	434.826	0	0
4091	434.891	0	0
4090	434.957	0	0
4089	435.023	0	0
4088	435.089	0	0
4087	435.155	0	0
4086	435.221	0	0
4085	435.287	0	0
4084	435.353	0	0
4083	435.419	0	0
4082	435.485	0	0
4081	435.551	0	0
4080	435.617	0	0
4079	435.684	0	0
4078	435.75	0	0
4077	435.816	0	0
4076	435.883	0	0
4075	435.949	0	0
4074	436.016	0	0
4073	436.082	0	0
4072	436.149	0	0
4071	436.215	0	0
4070	436.282	0	0
4069	436.349	0	0
4068	436.415	0	0
4067	436.482	0	0
4066	436.549	0	0
4065	436.616	0	0
4064	436.683	0	0
4063	436.75	0	0
4062	436.817	0	0
4061	436.884	0	0
4060	436.951	0	0
4059	437.018	0	0
4058	437.085	0	0
4057	437.152	0	0
4056	437.22	0	0
4055	437.287	0	0
4054	437.354	0	0
4053	437.422	0	0
4052	437.489	0	0
4051	437.557	0	0
4050	437.624	0	0
4049	437.692	0	0
4048	437.759	0	0
4047	437.827	0	0
4046	437.895	0	0
4045	437.962	0	0
4044	438.03	0	0
4043	438.098	0	0
4042	438.166	0	0
4041	438.234	0	0
4040	438.302	0	0
4039	438.369	0	0
4038	438.438	0	0
4037	438.506	0	0
4036	438.574	0	0
4035	438.642	0	0
4034	438.71	0	0
4033	438.778	0	0
4032	438.847	0	0
4031	438.915	0	0
4030	438.983	0	0
4029	439.052	0	0
4028	439.12	0	0
4027	439.189	0	0
4026	439.257	0	0
4025	439.326	0	0
4024	439.394	0	0
4023	439.463	0	0
4022	439.532	0	0
4021	439.6	0	0
4020	439.669	0	0
4019	439.738	0	0
4018	439.807	0	0
4017	439.876	0	0
4016	439.945	0	0
4015	440.014	0	0
4014	440.083	0	0
4013	440.152	0	0
4012	440.221	0	0
4011	440.29	0	0
4010	440.36	0	0
4009	440.429	0	0
4008	440.498	0	0
4007	440.568	0	0
4006	440.637	0	0
4005	440.706	0	0
4004	440.776	0	0
4003	440.845	0	0
4002	440.915	0	0
4001	440.985	0	0
4000	441.054	0	0
3999	441.124	0	0
3998	441.194	0	0
3997	441.263	0	0
3996	441.333	0	0
3995	441.403	0	0
3994	441.473	0	0
3993	441.543	0	0
3992	441.613	0	0
3991	441.683	0	0
3990	441.753	0	0
3989	441.823	0	0
3988	441.893	0	0
3987	441.964	0	0
3986	442.034	0	0
3985	442.104	0	0
3984	442.175	0	0
3983	442.245	0	0
3982	442.315	0	0
3981	442.386	0	0
3980	442.456	0	0
3979	442.527	0	0
3978	442.597	0	0
3977	442.668	0	0
3976	442.739	0	0
3975	442.809	0	0
3974	442.88	0	0
3973	442.951	0	0
3972	443.022	0	0
3971	443.093	0	0
3970	443.164	0	0
3969	443.235	0	0
3968	443.306	0	0
3967	443.377	0	0
3966	443.448	0	0
3965	443.519	0	0
3964	443.59	0	0
3963	443.661	0	0
3962	443.733	0	0
3961	443.804	0	0
3960	443.875	0	0
3959	443.947	0	0
3958	444.018	0	0
3957	444.09	0	0
3956	444.161	0	0
3955	444.233	0	0
3954	444.305	0	0
3953	444.376	0	0
3952	444.448	0	0
3951	444.52	0	0
3950	444.591	0	0
3949	444.663	0	0
3948	444.735	0	0
3947	444.807	0	0
3946	444.879	0	0
3945	444.951	0	0
3944	445.023	0	0
3943	445.095	0	0
3942	445.167	0	0
3941	445.24	0	0
3940	445.312	0	0
3939	445.384	0	0
3938	445.456	0	0
3937	445.529	0	0
3936	445.601	0	0
3935	445.673	0	0
3934	445.746	0	0
3933	445.818	0	0
3932	445.891	0	0
3931	445.964	0	0
3930	446.036	0	0
3929	446.109	0	0
3928	446.182	0	0
3927	446.254	0	0
3926	446.327	0	0
3925	446.4	0	0
3924	446.473	0	0
3923	446.546	0	0
3922	446.619	0	0
3921	446.692	0	0
3920	446.765	0	0
3919	446.838	0	0
3918	446.911	0	0
3917	446.985	0	0
3916	447.058	0	0
3915	447.131	0	0
3914	447.204	0	0
3913	447.278	0	0
3912	447.351	0	0
3911	447.425	0	0
3910	447.498	0	0
3909	447.572	0	0
3908	447.645	0	0
3907	447.719	0	0
3906	447.793	0	0
3905	447.866	0	0
3904	447.94	0	0
3903	448.014	0	0
3902	448.088	0	0
3901	448.162	0	0
3900	448.235	0	0
3899	448.309	0	0
3898	448.383	0	0
3897	448.457	0	0
3896	448.532	0	0
3895	448.606	0	0
3894	448.68	0	0
3893	448.754	0	0
3892	448.828	0	0
3891	448.903	0	0
3890	448.977	0	0
3889	449.051	0	0
3888	449.126	0	0
3887	449.2	0	0
3886	449.275	0	0
3885	449.349	0	0
3884	449.424	0	0
3883	449.499	0	0
3882	449.573	0	0
3881	449.648	0	0
3880	449.723	0	0
3879	449.798	0	0
3878	449.873	0	0
3877	449.947	0	0
3876	450.022	0	0
3875	450.097	0	0
3874	450.172	0	0
3873	450.247	0	0
3872	450.323	0	0
3871	450.398	0	0
3870	450.473	0	0
3869	450.548	0	0
3868	450.623	0	0
3867	450.699	0	0
3866	450.774	0	0
3865	450.85	0	0
3864	450.925	0	0
3863	451.001	0	0
3862	451.076	0	0
3861	451.152	0	0
3860	451.227	0	0
3859	451.303	0	0
3858	451.379	0	0
3857	451.454	0	0
3856	451.53	0	0
3855	451.606	0	0
3854	451.682	0	0
3853	451.758	0	0
3852	451.834	0	0
3851	451.91	0	0
3850	451.986	0	0
3849	452.062	0	0
3848	452.138	0	0
3847	452.214	0	0
3846	452.291	0	0
3845	452.367	0	0
3844	452.443	0	0
3843	452.519	0	0
3842	452.596	0	0
3841	452.672	0	0
3840	452.749	0	0
3839	452.825	0	0
3838	452.902	0	0
3837	452.978	0	0
3836	453.055	0	0
3835	453.132	0	0
3834	453.209	0	0
3833	453.285	0	0
3832	453.362	0	0
3831	453.439	0	0
3830	453.516	0	0
3829	453.593	0	0
3828	453.67	0	0
3827	453.747	0	0
3826	453.824	0	0
3825	453.901	0	0
3824	453.978	0	0
3823	454.055	0	0
3822	454.133	0	0
3821	454.21	0	0
3820	454.287	0	0
3819	454.365	0	0
3818	454.442	0	0
3817	454.519	0	0
3816	454.597	0	0
3815	454.675	0	0
3814	454.752	0	0
3813	454.83	0	0
3812	454.907	0	0
3811	454.985	0	0
3810	455.063	0	0
3809	455.141	0	0
3808	455.218	0	0
3807	455.296	0	0
3806	455.374	0	0
3805	455.452	0	0
3804	455.53	0	0
3803	455.608	0	0
3802	455.686	0	0
3801	455.765	0	0
3800	455.843	0	0
3799	455.921	0	0
3798	455.999	0	0
3797	456.077	0	0
3796	456.156	0	0
3795	456.234	0	0
3794	456.313	0	0
3793	456.391	0	0
3792	456.47	0	0
3791	456.548	0	0
3790	456.627	0	0
3789	456.705	0	0
3788	456.784	0	0
3787	456.863	0	0
3786	456.942	0	0
3785	457.02	0	0
3784	457.099	0	0
3783	457.178	0	0
3782	457.257	0	0
3781	457.336	0	0
3780	457.415	0	0
3779	457.494	0	0
3778	457.573	0	0
3777	457.652	0	0
3776	457.732	0	0
3775	457.811	0	0
3774	457.89	0	0
3773	457.969	0	0
3772	458.049	0	0
3771	458.128	0	0
3770	458.208	0	0
3769	458.287	0	0
3768	458.367	0	0
3767	458.446	0	0
3766	458.526	0	0
3765	458.606	0	0
3764	458.685	0	0
3763	458.765	0	0
3762	458.845	0	0
3761	458.925	0	0
3760	459.005	0	0
3759	459.084	0	0
3758	459.164	0	0
3757	459.244	0	0
3756	459.324	0	0
3755	459.405	0	0
3754	459.485	0	0
3753	459.565	0	0
3752	459.645	0	0
3751	459.725	0	0
3750	459.806	0	0
3749	459.886	0	0
3748	459.966	0	0
3747	460.047	0	0
3746	460.127	0	0
3745	460.208	0	0
3744	460.288	0	0
3743	460.369	0	0
3742	460.45	0	0
3741	460.53	0	0
3740	460.611	0	0
3739	460.692	0	0
3738	460.773	0	0
3737	460.853	0	0
3736	460.934	0	0
3735	461.015	0	0
3734	461.096	0	0
3733	461.177	0	0
3732	461.258	0	0
3731	461.339	0	0
3730	461.421	0	0
3729	461.502	0	0
3728	461.583	0	0
3727	461.664	0	0
3726	461.746	0	0
3725	461.827	0	0
3724	461.908	0	0
3723	461.99	0	0
3722	462.071	0	0
3721	462.153	0	0
3720	462.234	0	0
3719	462.316	0	0
3718	462.398	0	0
3717	462.479	0	0
3716	462.561	0	0
3715	462.643	0	0
3714	462.725	0	0
3713	462.807	0	0
3712	462.888	0	0
3711	462.97	0	0
3710	463.052	0	0
3709	463.134	0	0
3708	463.216	0	0
3707	463.299	0	0
3706	463.381	0	0
3705	463.463	0	0
3704	463.545	0	0
3703	463.628	0	0
3702	463.71	0	0
3701	463.792	0	0
3700	463.875	0	0
3699	463.957	0	0
3698	464.04	0	0
3697	464.122	0	0
3696	464.205	0	0
3695	464.287	0	0
3694	464.37	0	0
3693	464.453	0	0
3692	464.536	0	0
3691	464.618	0	0
3690	464.701	0	0
3689	464.784	0	0
3688	464.867	0	0
3687	464.95	0	0
3686	465.033	0	0
3685	465.116	0	0
3684	465.199	0	0
3683	465.282	0	0
3682	465.365	0	0
3681	465.449	0	0
3680	465.532	0	0
3679	465.615	0	0
3678	465.699	0	0
3677	465.782	0	0
3676	465.866	0	0
3675	465.949	0	0
3674	466.033	0	0
3673	466.116	0	0
3672	466.2	0	0
3671	466.283	0	0
3670	466.367	0	0
3669	466.451	0	0
3668	466.535	0	0
3667	466.618	0	0
3666	466.702	0	0
3665	466.786	0	0
3664	466.87	0	0
3663	466.954	0	0
3662	467.038	0	0
3661	467.122	0	0
3660	467.206	0	0
3659	467.29	0	0
3658	467.375	0	0
3657	467.459	0	0
3656	467.543	0	0
3655	467.628	0	0
3654	467.712	0	0
3653	467.796	0	0
3652	467.881	0	0
3651	467.965	0	0
3650	468.05	0	0
3649	468.134	0	0
3648	468.219	0	0
3647	468.304	0	0
3646	468.388	0	0
3645	468.473	0	0
3644	468.558	0	0
3643	468.643	0	0
3642	468.728	0	0
3641	468.813	0	0
3640	468.898	0	0
3639	468.983	0	0
3638	469.068	0	0
3637	469.153	0	0
3636	469.238	0	0
3635	469.323	0	0
3634	469.408	0	0
3633	469.494	0	0
3632	469.579	0	0
3631	469.664	0	0
3630	469.75	0	0
3629	469.835	0	0
3628	469.921	0	0
3627	470.006	0	0
3626	470.092	0	0
3625	470.177	0	0
3624	470.263	0	0
3623	470.349	0	0
3622	470.434	0	0
3621	470.52	0	0
3620	470.606	0	0
3619	470.692	0	0
3618	470.778	0	0
3617	470.864	0	0
3616	470.95	0	0
3615	471.036	0	0
3614	471.122	0	0
3613	471.208	0	0
3612	471.294	0	0
3611	471.38	0	0
3610	471.467	0	0
3609	471.553	0	0
3608	471.639	0	0
3607	471.726	0	0
3606	471.812	0	0
3605	471.898	0	0
3604	471.985	0	0
3603	472.071	0	0
3602	472.158	0	0
3601	472.245	0	0
3600	472.331	0	0
3599	472.418	0	0
3598	472.505	0	0
3597	472.592	0	0
3596	472.678	0	0
3595	472.765	0	0
3594	472.852	0	0
3593	472.939	0	0
3592	473.026	0	0
3591	473.113	0	0
3590	473.2	0	0
3589	473.288	0	0
3588	473.375	0	0
3587	473.462	0	0
3586	473.549	0	0
3585	473.637	0	0
3584	473.724	0	0
3583	473.811	0	0
3582	473.899	0	0
3581	473.986	0	0
3580	474.074	0	0
3579	474.161	0	0
3578	474.249	0	0
3577	474.337	0	0
3576	474.424	0	0
3575	474.512	0	0
3574	474.6	0	0
3573	474.688	0	0
3572	474.775	0	0
3571	474.863	0	0
3570	474.951	0	0
3569	475.039	0	0
3568	475.127	0	0
3567	475.215	0	0
3566	475.304	0	0
3565	475.392	0	0
3564	475.48	0	0
3563	475.568	0	0
3562	475.657	0	0
3561	475.745	0	0
3560	475.833	0	0
3559	475.922	0	0
3558	476.01	0	0
3557	476.099	0	0
3556	476.187	0	0
3555	476.276	0	0
3554	476.364	0	0
3553	476.453	0	0
3552	476.542	0	0
3551	476.631	0	0
3550	476.719	0	0
3549	476.808	0	0
3548	476.897	0	0
3547	476.986	0	0
3546	477.075	0	0
3545	477.164	0	0
3544	477.253	0	0
3543	477.342	0	0
3542	477.431	0	0
3541	477.521	0	0
3540	477.61	0	0
3539	477.699	0	0
3538	477.788	0	0
3537	477.878	0	0
3536	477.967	0	0
3535	478.057	0	0
3534	478.146	0	0
3533	478.236	0	0
3532	478.325	0	0
3531	478.415	0	0
3530	478.505	0	0
3529	478.594	0	0
3528	478.684	0	0
3527	478.774	0	0
3526	478.864	0	0
3525	478.954	0	0
3524	479.043	0	0
3523	479.133	0	0
3522	479.223	0	0
3521	479.313	0	0
3520	479.404	0	0
3519	479.494	0	0
3518	479.584	0	0
3517	479.674	0	0
3516	479.764	0	0
3515	479.855	0	0
3514	479.945	0	0
3513	480.035	0	0
3512	480.126	0	0
3511	480.216	0	0
3510	480.307	0	0
3509	480.397	0	0
3508	480.488	0	0
3507	480.579	0	0
3506	480.669	0	0
3505	480.76	0	0
3504	480.851	0	0
3503	480.942	0	0
3502	481.033	0	0
3501	481.124	0	0
3500	481.215	0	0
3499	481.306	0	0
3498	481.397	0	0
3497	481.488	0	0
3496	481.579	0	0
3495	481.67	0	0
3494	481.761	0	0
3493	481.852	0	0
3492	481.944	0	0
3491	482.035	0	0
3490	482.126	0	0
3489	482.218	0	0
3488	482.309	0	0
3487	482.401	0	0
3486	482.492	0	0
3485	482.584	0	0
3484	482.676	0	0
3483	482.767	0	0
3482	482.859	0	0
3481	482.951	0	0
3480	483.043	0	0
3479	483.135	0	0
3478	483.226	0	0
3477	483.318	0	0
3476	483.41	0	0
3475	483.502	0	0
3474	483.594	0	0
3473	483.687	0	0
3472	483.779	0	0
3471	483.871	0	0
3470	483.963	0	0
3469	484.056	0	0
3468	484.148	0	0
3467	484.24	0	0
3466	484.333	0	0
3465	484.425	0	0
3464	484.518	0	0
3463	484.61	0	0
3462	484.703	0	0
3461	484.795	0	0
3460	484.888	0	0
3459	484.981	0	0
3458	485.074	0	0
3457	485.166	0	0
3456	485.259	0	0
3455	485.352	0	0
3454	485.445	0	0
3453	485.538	0	0
3452	485.631	0	0
3451	485.724	0	0
3450	485.817	0	0
3449	485.911	0	0
3448	486.004	0	0
3447	486.097	0	0
3446	486.19	0	0
3445	486.284	0	0
3444	486.377	0	0
3443	486.47	0	0
3442	486.564	0	0
3441	486.657	0	0
3440	486.751	0	0
3439	486.845	0	0
3438	486.938	0	0
3437	487.032	0	0
3436	487.126	0	0
3435	487.219	0	0
3434	487.313	0	0
3433	487.407	0	0
3432	487.501	0	0
3431	487.595	0	0
3430	487.689	0	0
3429	487.783	0	0
3428	487.877	0	0
3427	487.971	0	0
3426	488.065	0	0
3425	488.159	0	0
3424	488.254	0	0
3423	488.348	0	0
3422	488.442	0	0
3421	488.537	0	0
3420	488.631	0	0
3419	488.726	0	0
3418	488.82	0	0
3417	488.915	0	0
3416	489.009	0	0
3415	489.104	0	0
3414	489.199	0	0
3413	489.293	0	0
3412	489.388	0	0
3411	489.483	0	0
3410	489.578	0	0
3409	489.673	0	0
3408	489.768	0	0
3407	489.863	0	0
3406	489.958	0	0
3405	490.053	0	0
3404	490.148	0	0
3403	490.243	0	0
3402	490.338	0	0
3401	490.434	0	0
3400	490.529	0	0
3399	490.624	0	0
3398	490.72	0	0
3397	490.815	0	0
3396	490.911	0	0
3395	491.006	0	0
3394	491.102	0	0
3393	491.197	0	0
3392	491.293	0	0
3391	491.389	0	0
3390	491.484	0	0
3389	491.58	0	0
3388	491.676	0	0
3387	491.772	0	0
3386	491.868	0	0
3385	491.964	0	0
3384	492.06	0	0
3383	492.156	0	0
3382	492.252	0	0
3381	492.348	0	0
3380	492.444	0	0
3379	492.541	0	0
3378	492.637	0	0
3377	492.733	0	0
3376	492.83	0	0
3375	492.926	0	0
3374	493.022	0	0
3373	493.119	0	0
3372	493.215	0	0
3371	493.312	0	0
3370	493.409	0	0
3369	493.505	0	0
3368	493.602	0	0
3367	493.699	0	0
3366	493.796	0	0
3365	493.893	0	0
3364	493.989	0	0
3363	494.086	0	0
3362	494.183	0	0
3361	494.28	0	0
3360	494.377	0	0
3359	494.475	0	0
3358	494.572	0	0
3357	494.669	0	0
3356	494.766	0	0
3355	494.864	0	0
3354	494.961	0	0
3353	495.058	0	0
3352	495.156	0	0
3351	495.253	0	0
3350	495.351	0	0
3349	495.448	0	0
3348	495.546	0	0
3347	495.644	0	0
3346	495.741	0	0
3345	495.839	0	0
3344	495.937	0	0
3343	496.035	0	0
3342	496.132	0	0
3341	496.23	0	0
3340	496.328	0	0
3339	496.426	0	0
3338	496.524	0	0
3337	496.623	0	0
3336	496.721	0	0
3335	496.819	0	0
3334	496.917	0	0
3333	497.015	0	0
3332	497.114	0	0
3331	497.212	0	0
3330	497.311	0	0
3329	497.409	0	0
3328	497.508	0	0
3327	497.606	0	0
3326	497.705	0	0
3325	497.803	0	0
3324	497.902	0	0
3323	498.001	0	0
3322	498.1	0	0
3321	498.198	0	0
3320	498.297	0	0
3319	498.396	0	0
3318	498.495	0	0
3317	498.594	0	0
3316	498.693	0	0
3315	498.792	0	0
3314	498.892	0	0
3313	498.991	0	0
3312	499.09	0	0
3311	499.189	0	0
3310	499.289	0	0
3309	499.388	0	0
3308	499.487	0	0
3307	499.587	0	0
3306	499.686	0	0
3305	499.786	0	0
3304	499.885	0	0
3303	499.985	0	0
3302	500.085	0	0
3301	500.185	0	0
3300	500.284	0	0
3299	500.384	0	0
3298	500.484	0	0
3297	500.584	0	0
3296	500.684	0	0
3295	500.784	0	0
3294	500.884	0	0
3293	500.984	0	0
3292	501.084	0	0
3291	501.184	0	0
3290	501.285	0	0
3289	501.385	0	0
3288	501.485	0	0
3287	501.586	0	0
3286	501.686	0	0
3285	501.787	0	0
3284	501.887	0	0
3283	501.988	0	0
3282	502.088	0	0
3281	502.189	0	0
3280	502.29	0	0
3279	502.39	0	0
3278	502.491	0	0
3277	502.592	0	0
3276	502.693	0	0
3275	502.794	0	0
3274	502.895	0	0
3273	502.996	0	0
3272	503.097	0	0
3271	503.198	0	0
3270	503.299	0	0
3269	503.401	0	0
3268	503.502	0	0
3267	503.603	0	0
3266	503.704	0	0
3265	503.806	0	0
3264	503.907	0	0
3263	504.009	0	0
3262	504.11	0	0
3261	504.212	0	0
3260	504.314	0	0
3259	504.415	0	0
3258	504.517	0	0
3257	504.619	0	0
3256	504.721	0	0
3255	504.822	0	0
3254	504.924	0	0
3253	505.026	0	0
3252	505.128	0	0
3251	505.23	0	0
3250	505.332	0	0
3249	505.435	0	0
3248	505.537	0	0
3247	505.639	0	0
3246	505.741	0	0
3245	505.844	0	0
3244	505.946	0	0
3243	506.049	0	0
3242	506.151	0	0
3241	506.254	0	0
3240	506.356	0	0
3239	506.459	0	0
3238	506.561	0	0
3237	506.664	0	0
3236	506.767	0	0
3235	506.87	0	0
3234	506.973	0	0
3233	507.075	0	0
3232	507.178	0	0
3231	507.281	0	0
3230	507.384	0	0
3229	507.488	0	0
3228	507.591	0	0
3227	507.694	0	0
3226	507.797	0	0
3225	507.9	0	0
3224	508.004	0	0
3223	508.107	0	0
3222	508.211	0	0
3221	508.314	0	0
3220	508.418	0	0
3219	508.521	0	0
3218	508.625	0	0
3217	508.728	0	0
3216	508.832	0	0
3215	508.936	0	0
3214	509.04	0	0
3213	509.144	0	0
3212	509.248	0	0
3211	509.351	0	0
3210	509.455	0	0
3209	509.56	0	0
3208	509.664	0	0
3207	509.768	0	0
3206	509.872	0	0
3205	509.976	0	0
3204	510.081	0	0
3203	510.185	0	0
3202	510.289	0	0
3201	510.394	0	0
3200	510.498	0	0
3199	510.603	0	0
3198	510.707	0	0
3197	510.812	0	0
3196	510.917	0	0
3195	511.021	0	0
3194	511.126	0	0
3193	511.231	0	0
3192	511.336	0	0
3191	511.441	0	0
3190	511.546	0	0
3189	511.651	0	0
3188	511.756	0	0
3187	511.861	0	0
3186	511.966	0	0
3185	512.071	0	0
3184	512.177	0	0
3183	512.282	0	0
3182	512.387	0	0
3181	512.493	0	0
3180	512.598	0	0
3179	512.704	0	0
3178	512.809	0	0
3177	512.915	0	0
3176	513.021	0	0
3175	513.126	0	0
3174	513.232	0	0
3173	513.338	0	0
3172	513.444	0	0
3171	513.55	0	0
3170	513.656	0	0
3169	513.762	0	0
3168	513.868	0	0
3167	513.974	0	0
3166	514.08	0	0
3165	514.186	0	0
3164	514.293	0	0
3163	514.399	0	0
3162	514.505	0	0
3161	514.612	0	0
3160	514.718	0	0
3159	514.825	0	0
3158	514.931	0	0
3157	515.038	0	0
3156	515.145	0	0
3155	515.251	0	0
3154	515.358	0	0
3153	515.465	0	0
3152	515.572	0	0
3151	515.679	0	0
3150	515.786	0	0
3149	515.893	0	0
3148	516	0	0
3147	516.107	0	0
3146	516.214	0	0
3145	516.321	0	0
3144	516.429	0	0
3143	516.536	0	0
3142	516.643	0	0
3141	516.751	0	0
3140	516.858	0	0
3139	516.966	0	0
3138	517.074	0	0
3137	517.181	0	0
3136	517.289	0	0
3135	517.397	0	0
3134	517.504	0	0
3133	517.612	0	0
3132	517.72	0	0
3131	517.828	0	0
3130	517.936	0	0
3129	518.044	0	0
3128	518.152	0	0
3127	518.26	0	0
3126	518.369	0	0
3125	518.477	0	0
3124	518.585	0	0
3123	518.694	0	0
3122	518.802	0	0
3121	518.911	0	0
3120	519.019	0	0
3119	519.128	0	0
3118	519.236	0	0
3117	519.345	0	0
3116	519.454	0	0
3115	519.562	0	0
3114	519.671	0	0
3113	519.78	0	0
3112	519.889	0	0
3111	519.998	0	0
3110	520.107	0	0
3109	520.216	0	0
3108	520.325	0	0
3107	520.435	0	0
3106	520.544	0	0
3105	520.653	0	0
3104	520.763	0	0
3103	520.872	0	0
3102	520.982	0	0
3101	521.091	0	0
3100	521.201	0	0
3099	521.31	0	0
3098	521.42	0	0
3097	521.53	0	0
3096	521.64	0	0
3095	521.749	0	0
3094	521.859	0	0
3093	521.969	0	0
3092	522.079	0	0
3091	522.189	0	0
3090	522.299	0	0
3089	522.41	0	0
3088	522.52	0	0
3087	522.63	0	0
3086	522.741	0	0
3085	522.851	0	0
3084	522.961	0	0
3083	523.072	0	0
3082	523.182	0	0
3081	523.293	0	0
3080	523.404	0	0
3079	523.514	0	0
3078	523.625	0	0
3077	523.736	0	0
3076	523.847	0	0
3075	523.958	0	0
3074	524.069	0	0
3073	524.18	0	0
3072	524.291	0	0
3071	524.402	0	0
3070	524.513	0	0
3069	524.625	0	0
3068	524.736	0	0
3067	524.847	0	0
3066	524.959	0	0
3065	525.07	0	0
3064	525.182	0	0
3063	525.294	0	0
3062	525.405	0	0
3061	525.517	0	0
3060	525.629	0	0
3059	525.741	0	0
3058	525.852	0	0
3057	525.964	0	0
3056	526.076	0	0
3055	526.188	0	0
3054	526.301	0	0
3053	526.413	0	0
3052	526.525	0	0
3051	526.637	0	0
3050	526.75	0	0
3049	526.862	0	0
3048	526.974	0	0
3047	527.087	0	0
3046	527.2	0	0
3045	527.312	0	0
3044	527.425	0	0
3043	527.538	0	0
3042	527.65	0	0
3041	527.763	0	0
3040	527.876	0	0
3039	527.989	0	0
3038	528.102	0	0
3037	528.215	0	0
3036	528.329	0	0
3035	528.442	0	0
3034	528.555	0	0
3033	528.668	0	0
3032	528.782	0	0
3031	528.895	0	0
3030	529.009	0	0
3029	529.122	0	0
3028	529.236	0	0
3027	529.35	0	0
3026	529.463	0	0
3025	529.577	0	0
3024	529.691	0	0
3023	529.805	0	0
3022	529.919	0	0
3021	530.033	0	0
3020	530.147	0	0
3019	530.261	0	0
3018	530.375	0	0
3017	530.49	0	0
3016	530.604	0	0
3015	530.718	0	0
3014	530.833	0	0
3013	530.947	0	0
3012	531.062	0	0
3011	531.176	0	0
3010	531.291	0	0
3009	531.406	0	0
3008	531.521	0	0
3007	531.636	0	0
3006	531.751	0	0
3005	531.866	0	0
3004	531.981	0	0
3003	532.096	0	0
3002	532.211	0	0
3001	532.326	0	0
3000	532.441	0	0
2999	532.557	0	0
2998	532.672	0	0
2997	532.788	0	0
2996	532.903	0	0
2995	533.019	0	0
2994	533.135	0	0
2993	533.25	0	0
2992	533.366	0	0
2991	533.482	0	0
2990	533.598	0	0
2989	533.714	0	0
2988	533.83	0	0
2987	533.946	0	0
2986	534.062	0	0
2985	534.178	0	0
2984	534.295	0	0
2983	534.411	0	0
2982	534.527	0	0
2981	534.644	0	0
2980	534.761	0	0
2979	534.877	0	0
2978	534.994	0	0
2977	535.111	0	0
2976	535.227	0	0
2975	535.344	0	0
2974	535.461	0	0
2973	535.578	0	0
2972	535.695	0	0
2971	535.812	0	0
2970	535.93	0	0
2969	536.047	0	0
2968	536.164	0	0
2967	536.281	0	0
2966	536.399	0	0
2965	536.516	0	0
2964	536.634	0	0
2963	536.752	0	0
2962	536.869	0	0
2961	536.987	0	0
2960	537.105	0	0
2959	537.223	0	0
2958	537.341	0	0
2957	537.459	0	0
2956	537.577	0	0
2955	537.695	0	0
2954	537.813	0	0
2953	537.932	0	0
2952	538.05	0	0
2951	538.168	0	0
2950	538.287	0	0
2949	538.406	0	0
2948	538.524	0	0
2947	538.643	0	0
2946	538.762	0	0
2945	538.88	0	0
2944	538.999	0	0
2943	539.118	0	0
2942	539.237	0	0
2941	539.357	0	0
2940	539.476	0	0
2939	539.595	0	0
2938	539.714	0	0
2937	539.834	0	0
2936	539.953	0	0
2935	540.073	0	0
2934	540.192	0	0
2933	540.312	0	0
2932	540.432	0	0
2931	540.551	0	0
2930	540.671	0	0
2929	540.791	0	0
2928	540.911	0	0
2927	541.031	0	0
2926	541.151	0	0
2925	541.272	0	0
2924	541.392	0	0
2923	541.512	0	0
2922	541.633	0	0
2921	541.753	0	0
2920	541.874	0	0
2919	541.994	0	0
2918	542.115	0	0
2917	542.236	0	0
2916	542.357	0	0
2915	542.478	0	0
2914	542.599	0	0
2913	542.72	0	0
2912	542.841	0	0
2911	542.962	0	0
2910	543.083	0	0
2909	543.205	0	0
2908	543.326	0	0
2907	543.447	0	0
2906	543.569	0	0
2905	543.691	0	0
2904	543.812	0	0
2903	543.934	0	0
2902	544.056	0	0
2901	544.178	0	0
2900	544.3	0	0
2899	544.422	0	0
2898	544.544	0	0
2897	544.666	0	0
2896	544.789	0	0
2895	544.911	0	0
2894	545.033	0	0
2893	545.156	0	0
2892	545.279	0	0
2891	545.401	0	0
2890	545.524	0	0
2889	545.647	0	0
2888	545.77	0	0
2887	545.893	0	0
2886	546.016	0	0
2885	546.139	0	0
2884	546.262	0	0
2883	546.385	0	0
2882	546.509	0	0
2881	546.632	0	0
2880	546.756	0	0
2879	546.879	0	0
2878	547.003	0	0
2877	547.126	0	0
2876	547.25	0	0
2875	547.374	0	0
2874	547.498	0	0
2873	547.622	0	0
2872	547.746	0	0
2871	547.87	0	0
2870	547.995	0	0
2869	548.119	0	0
2868	548.244	0	0
2867	548.368	0	0
2866	548.493	0	0
2865	548.617	0	0
2864	548.742	0	0
2863	548.867	0	0
2862	548.992	0	0
2861	549.117	0	0
2860	549.242	0	0
2859	549.367	0	0
2858	549.492	0	0
2857	549.617	0	0
2856	549.743	0	0
2855	549.868	0	0
2854	549.994	0	0
2853	550.119	0	0
2852	550.245	0	0
2851	550.371	0	0
2850	550.497	0	0
2849	550.623	0	0
2848	550.749	0	0
2847	550.875	0	0
2846	551.001	0	0
2845	551.127	0	0
2844	551.254	0	0
2843	551.38	0	0
2842	551.507	0	0
2841	551.633	0	0
2840	551.76	0	0
2839	551.887	0	0
2838	552.014	0	0
2837	552.141	0	0
2836	552.268	0	0
2835	552.395	0	0
2834	552.522	0	0
2833	552.649	0	0
2832	552.777	0	0
2831	552.904	0	0
2830	553.032	0	0
2829	553.159	0	0
2828	553.287	0	0
2827	553.415	0	0
2826	553.543	0	0
2825	553.671	0	0
2824	553.799	0	0
2823	553.927	0	0
2822	554.055	0	0
2821	554.183	0	0
2820	554.312	0	0
2819	554.44	0	0
2818	554.569	0	0
2817	554.697	0	0
2816	554.826	0	0
2815	554.955	0	0
2814	555.084	0	0
2813	555.213	0	0
2812	555.342	0	0
2811	555.471	0	0
2810	555.6	0	0
2809	555.73	0	0
2808	555.859	0	0
2807	555.989	0	0
2806	556.118	0	0
2805	556.248	0	0
2804	556.378	0	0
2803	556.508	0	0
2802	556.638	0	0
2801	556.768	0	0
2800	556.898	0	0
2799	557.028	0	0
2798	557.159	0	0
2797	557.289	0	0
2796	557.42	0	0
2795	557.55	0	0
2794	557.681	0	0
2793	557.812	0	0
2792	557.943	0	0
2791	558.074	0	0
2790	558.205	0	0
2789	558.336	0	0
2788	558.467	0	0
2787	558.599	0	0
2786	558.73	0	0
2785	558.862	0	0
2784	558.994	0	0
2783	559.125	0	0
2782	559.257	0	0
2781	559.389	0	0
2780	559.521	0	0
2779	559.653	0	0
2778	559.786	0	0
2777	559.918	0	0
2776	560.05	0	0
2775	560.183	0	0
2774	560.315	0	0
2773	560.448	0	0
2772	560.581	0	0
2771	560.714	0	0
2770	560.847	0	0
2769	560.98	0	0
2768	561.113	0	0
2767	561.246	0	0
2766	561.38	0	0
2765	561.513	0	0
2764	561.647	0	0
2763	561.781	0	0
2762	561.914	0	0
2761	562.048	0	0
2760	562.182	0	0
2759	562.317	0	0
2758	562.451	0	0
2757	562.585	0	0
2756	562.719	0	0
2755	562.854	0	0
2754	562.989	0	0
2753	563.123	0	0
2752	563.258	0	0
2751	563.393	0	0
2750	563.528	0	0
2749	563.663	0	0
2748	563.798	0	0
2747	563.934	0	0
2746	564.069	0	0
2745	564.205	0	0
2744	564.34	0	0
2743	564.476	0	0
2742	564.612	0	0
2741	564.748	0	0
2740	564.884	0	0
2739	565.02	0	0
2738	565.156	0	0
2737	565.293	0	0
2736	565.429	0	0
2735	565.566	0	0
2734	565.702	0	0
2733	565.839	0	0
2732	565.976	0	0
2731	566.113	0	0
2730	566.25	0	0
2729	566.387	0	0
2728	566.525	0	0
2727	566.662	0	0
2726	566.8	0	0
2725	566.937	0	0
2724	567.075	0	0
2723	567.213	0	0
2722	567.351	0	0
2721	567.489	0	0
2720	567.627	0	0
2719	567.766	0	0
2718	567.904	0	0
2717	568.042	0	0
2716	568.181	0	0
2715	568.32	0	0
2714	568.459	0	0
2713	568.598	0	0
2712	568.737	0	0
2711	568.876	0	0
2710	569.015	0	0
2709	569.155	0	0
2708	569.294	0	0
2707	569.434	0	0
2706	569.574	0	0
2705	569.714	0	0
2704	569.854	0	0
2703	569.994	0	0
2702	570.134	0	0
2701	570.274	0	0
2700	570.415	0	0
2699	570.555	0	0
2698	570.696	0	0
2697	570.837	0	0
2696	570.978	0	0
2695	571.119	0	0
2694	571.26	0	0
2693	571.401	0	0
2692	571.543	0	0
2691	571.684	0	0
2690	571.826	0	0
2689	571.967	0	0
2688	572.109	0	0
2687	572.251	0	0
2686	572.393	0	0
2685	572.536	0	0
2684	572.678	0	0
2683	572.82	0	0
2682	572.963	0	0
2681	573.106	0	0
2680	573.249	0	0
2679	573.391	0	0
2678	573.535	0	0
2677	573.678	0	0
2676	573.821	0	0
2675	573.964	0	0
2674	574.108	0	0
2673	574.252	0	0
2672	574.395	0	0
2671	574.539	0	0
2670	574.683	0	0
2669	574.828	0	0
2668	574.972	0	0
2667	575.116	0	0
2666	575.261	0	0
2665	575.406	0	0
2664	575.55	0	0
2663	575.695	0	0
2662	575.84	0	0
2661	575.986	0	0
2660	576.131	0	0
2659	576.276	0	0
2658	576.422	0	0
2657	576.567	0	0
2656	576.713	0	0
2655	576.859	0	0
2654	577.005	0	0
2653	577.151	0	0
2652	577.298	0	0
2651	577.444	0	0
2650	577.591	0	0
2649	577.738	0	0
2648	577.884	0	0
2647	578.031	0	0
2646	578.178	0	0
2645	578.326	0	0
2644	578.473	0	0
2643	578.621	0	0
2642	578.768	0	0
2641	578.916	0	0
2640	579.064	0	0
2639	579.212	0	0
2638	579.36	0	0
2637	579.508	0	0
2636	579.657	0	0
2635	579.805	0	0
2634	579.954	0	0
2633	580.103	0	0
2632	580.252	0	0
2631	580.401	0	0
2630	580.55	0	0
2629	580.7	0	0
2628	580.849	0	0
2627	580.999	0	0
2626	581.148	0	0
2625	581.298	0	0
2624	581.448	0	0
2623	581.599	0	0
2622	581.749	0	0
2621	581.899	0	0
2620	582.05	0	0
2619	582.201	0	0
2618	582.352	0	0
2617	582.503	0	0
2616	582.654	0	0
2615	582.805	0	0
2614	582.957	0	0
2613	583.108	0	0
2612	583.26	0	0
2611	583.412	0	0
2610	583.564	0	0
2609	583.716	0	0
2608	583.868	0	0
2607	584.021	0	0
2606	584.173	0	0
2605	584.326	0	0
2604	584.479	0	0
2603	584.632	0	0
2602	584.785	0	0
2601	584.938	0	0
2600	585.092	0	0
2599	585.245	0	0
2598	585.399	0	0
2597	585.553	0	0
2596	585.707	0	0
2595	585.861	0	0
2594	586.015	0	0
2593	586.17	0	0
2592	586.324	0	0
2591	586.479	0	0
2590	586.634	0	0
2589	586.789	0	0
2588	586.944	0	0
2587	587.1	0	0
2586	587.255	0	0
2585	587.411	0	0
2584	587.567	0	0
2583	587.723	0	0
2582	587.879	0	0
2581	588.035	0	0
2580	588.191	0	0
2579	588.348	0	0
2578	588.505	0	0
2577	588.661	0	0
2576	588.818	0	0
2575	588.976	0	0
2574	589.133	0	0
2573	589.29	0	0
2572	589.448	0	0
2571	589.606	0	0
2570	589.764	0	0
2569	589.922	0	0
2568	590.08	0	0
2567	590.238	0	0
2566	590.397	0	0
2565	590.555	0	0
2564	590.714	0	0
2563	590.873	0	0
2562	591.032	0	0
2561	591.192	0	0
2560	591.351	0	0
2559	591.511	0	0
2558	591.67	0	0
2557	591.83	0	0
2556	591.99	0	0
2555	592.151	0	0
2554	592.311	0	0
2553	592.472	0	0
2552	592.632	0	0
2551	592.793	0	0
2550	592.954	0	0
2549	593.115	0	0
2548	593.277	0	0
2547	593.438	0	0
2546	593.6	0	0
2545	593.762	0	0
2544	593.924	0	0
2543	594.086	0	0
2542	594.248	0	0
2541	594.411	0	0
2540	594.573	0	0
2539	594.736	0	0
2538	594.899	0	0
2537	595.062	0	0
2536	595.225	0	0
2535	595.389	0	0
2534	595.552	0	0
2533	595.716	0	0
2532	595.88	0	0
2531	596.044	0	0
2530	596.208	0	0
2529	596.373	0	0
2528	596.537	0	0
2527	596.702	0	0
2526	596.867	0	0
2525	597.032	0	0
2524	597.197	0	0
2523	597.363	0	0
2522	597.528	0	0
2521	597.694	0	0
2520	597.86	0	0
2519	598.026	0	0
2518	598.192	0	0
2517	598.359	0	0
2516	598.525	0	0
2515	598.692	0	0
2514	598.859	0	0
2513	599.026	0	0
2512	599.193	0	0
2511	599.361	0	0
2510	599.528	0	0
2509	599.696	0	0
2508	599.864	0	0
2507	600.032	0	0
2506	600.2	0	0
2505	600.368	0	0
2504	600.537	0	0
2503	600.706	0	0
2502	600.875	0	0
2501	601.044	0	0
2500	601.213	0	0
2499	601.382	0	0
2498	601.552	0	0
2497	601.722	0	0
2496	601.892	0	0
2495	602.062	0	0
2494	602.232	0	0
2493	602.403	0	0
2492	602.573	0	0
2491	602.744	0	0
2490	602.915	0	0
2489	603.086	0	0
2488	603.257	0	0
2487	603.429	0	0
2486	603.601	0	0
2485	603.772	0	0
2484	603.944	0	0
2483	604.117	0	0
2482	604.289	0	0
2481	604.461	0	0
2480	604.634	0	0
2479	604.807	0	0
2478	604.98	0	0
2477	605.153	0	0
2476	605.326	0	0
2475	605.5	0	0
2474	605.674	0	0
2473	605.848	0	0
2472	606.022	0	0
2471	606.196	0	0
2470	606.37	0	0
2469	606.545	0	0
2468	606.72	0	0
2467	606.895	0	0
2466	607.07	0	0
2465	607.245	0	0
2464	607.421	0	0
2463	607.596	0	0
2462	607.772	0	0
2461	607.948	0	0
2460	608.124	0	0
2459	608.3	0	0
2458	608.477	0	0
2457	608.654	0	0
2456	608.83	0	0
2455	609.007	0	0
2454	609.185	0	0
2453	609.362	0	0
2452	609.54	0	0
2451	609.717	0	0
2450	609.895	0	0
2449	610.073	0	0
2448	610.252	0	0
2447	610.43	0	0
2446	610.609	0	0
2445	610.787	0	0
2444	610.966	0	0
2443	611.145	0	0
2442	611.325	0	0
2441	611.504	0	0
2440	611.684	0	0
2439	611.864	0	0
2438	612.044	0	0
2437	612.224	0	0
2436	612.404	0	0
2435	612.585	0	0
2434	612.765	0	0
2433	612.946	0	0
2432	613.127	0	0
2431	613.309	0	0
2430	613.49	0	0
2429	613.671	0	0
2428	613.853	0	0
2427	614.035	0	0
2426	614.217	0	0
2425	614.399	0	0
2424	614.582	0	0
2423	614.765	0	0
2422	614.947	0	0
2421	615.13	0	0
2420	615.313	0	0
2419	615.497	0	0
2418	615.68	0	0
2417	615.864	0	0
2416	616.048	0	0
2415	616.232	0	0
2414	616.416	0	0
2413	616.6	0	0
2412	616.785	0	0
2411	616.969	0	0
2410	617.154	0	0
2409	617.339	0	0
2408	617.524	0	0
2407	617.71	0	0
2406	617.895	0	0
2405	618.081	0	0
2404	618.267	0	0
2403	618.453	0	0
2402	618.639	0	0
2401	618.825	0	0
2400	619.012	0	0
2399	619.199	0	0
2398	619.385	0	0
2397	619.572	0	0
2396	619.76	0	0
2395	619.947	0	0
2394	620.135	0	0
2393	620.322	0	0
2392	620.51	0	0
2391	620.698	0	0
2390	620.886	0	0
2389	621.075	0	0
2388	621.263	0	0
2387	621.452	0	0
2386	621.641	0	0
2385	621.83	0	0
2384	622.019	0	0
2383	622.208	0	0
2382	622.398	0	0
2381	622.588	0	0
2380	622.777	0	0
2379	622.967	0	0
2378	623.158	0	0
2377	623.348	0	0
2376	623.538	0	0
2375	623.729	0	0
2374	623.92	0	0
2373	624.111	0	0
2372	624.302	0	0
2371	624.493	0	0
2370	624.685	0	0
2369	624.876	0	0
2368	625.068	0	0
2367	625.26	0	0
2366	625.452	0	0
2365	625.644	0	0
2364	625.836	0	0
2363	626.029	0	0
2362	626.222	0	0
2361	626.414	0	0
2360	626.607	0	0
2359	626.8	0	0
2358	626.994	0	0
2357	627.187	0	0
2356	627.381	0	0
2355	627.574	0	0
2354	627.768	0	0
2353	627.962	0	0
2352	628.156	0	0
2351	628.351	0	0
2350	628.545	0	0
2349	628.74	0	0
2348	628.934	0	0
2347	629.129	0	0
2346	629.324	0	0
2345	629.519	0	0
2344	629.715	0	0
2343	629.91	0	0
2342	630.106	0	0
2341	630.301	0	0
2340	630.497	0	0
2339	630.693	0	0
2338	630.889	0	0
2337	631.085	0	0
2336	631.282	0	0
2335	631.478	0	0
2334	631.675	0	0
2333	631.871	0	0
2332	632.068	0	0
2331	632.265	0	0
2330	632.462	0	0
2329	632.66	0	0
2328	632.857	0	0
2327	633.055	0	0
2326	633.252	0	0
2325	633.45	0	0
2324	633.648	0	0
2323	633.846	0	0
2322	634.044	0	0
2321	634.242	0	0
2320	634.44	0	0
2319	634.639	0	0
2318	634.837	0	0
2317	635.036	0	0
2316	635.235	0	0
2315	635.434	0	0
2314	635.632	0	0
2313	635.832	0	0
2312	636.031	0	0
2311	636.23	0	0
2310	636.429	0	0
2309	636.629	0	0
2308	636.828	0	0
2307	637.028	0	0
2306	637.228	0	0
2305	637.428	0	0
2304	637.628	0	0
2303	637.828	0	0
2302	638.028	0	0
2301	638.228	0	0
2300	638.429	0	0
2299	638.629	0	0
2298	638.829	0	0
2297	639.03	0	0
2296	639.231	0	0
2295	639.431	0	0
2294	639.632	0	0
2293	639.833	0	0
2292	640.034	0	0
2291	640.235	0	0
2290	640.436	0	0
2289	640.637	0	0
2288	640.838	0	0
2287	641.04	0	0
2286	641.241	0	0
2285	641.442	0	0
2284	641.644	0	0
2283	641.845	0	0
2282	642.047	0	0
2281	642.249	0	0
2280	642.45	0	0
2279	642.652	0	0
2278	642.854	0	0
2277	643.056	0	0
2276	643.257	0	0
2275	643.459	0	0
2274	643.661	0	0
2273	643.863	0	0
2272	644.065	0	0
2271	644.267	0	0
2270	644.469	0	0
2269	644.671	0	0
2268	644.873	0	0
2267	645.076	0	0
2266	645.278	0	0
2265	645.48	0	0
2264	645.682	0	0
2263	645.884	0	0
2262	646.086	0	0
2261	646.288	0	0
2260	646.491	0	0
2259	646.693	0	0
2258	646.895	0	0
2257	647.097	0	0
2256	647.299	0	0
2255	647.501	0	0
2254	647.704	0	0
2253	647.906	0	0
2252	648.108	0	0
2251	648.31	0	0
2250	648.512	0	0
2249	648.714	0	0
2248	648.916	0	0
2247	649.118	0	0
2246	649.32	0	0
2245	649.521	0	0
2244	649.723	0	0
2243	649.925	0	0
2242	650.127	0	0
2241	650.328	0	0
2240	650.53	0	0
2239	650.731	0	0
2238	650.933	0	0
2237	651.134	0	0
2236	651.335	0	0
2235	651.537	0	0
2234	651.738	0	0
2233	651.939	0	0
2232	652.14	0	0
2231	652.34	0	0
2230	652.541	0	0
2229	652.742	0	0
2228	652.942	0	0
2227	653.143	0	0
2226	653.343	0	0
2225	653.543	0	0
2224	653.743	0	0
2223	653.943	0	0
2222	654.143	0	0
2221	654.343	0	0
2220	654.542	0	0
2219	654.742	0	0
2218	654.941	0	0
2217	655.14	0	0
2216	655.339	0	0
2215	655.537	0	0
2214	655.736	0	0
2213	655.934	0	0
2212	656.132	0	0
2211	656.33	0	0
2210	656.528	0	0
2209	656.726	0	0
2208	656.923	0	0
2207	657.121	0	0
2206	657.318	0	0
2205	657.514	0	0
2204	657.711	0	0
2203	657.907	0	0
2202	658.103	0	0
2201	658.299	0	0
2200	658.495	0	0
2199	658.69	0	0
2198	658.885	0	0
2197	659.08	0	0
2196	659.275	0	0
2195	659.469	0	0
2194	659.663	0	0
2193	659.857	0	0
2192	660.05	0	0
2191	660.243	0	0
2190	660.436	0	0
2189	660.628	0	0
2188	660.821	0	0
2187	661.013	0	0
2186	661.204	0	0
2185	661.395	0	0
2184	661.586	0	0
2183	661.777	0	0
2182	661.967	0	0
2181	662.156	0	0
2180	662.346	0	0
2179	662.535	0	0
2178	662.723	0	0
2177	662.912	0	0
2176	663.099	0	0
2175	663.287	0	0
2174	663.474	0	0
2173	663.66	0	0
2172	663.847	0	0
2171	664.032	0	0
2170	664.217	0	0
2169	664.402	0	0
2168	664.587	0	0
2167	664.77	0	0
2166	664.954	0	0
2165	665.137	0	0
2164	665.319	0	0
2163	665.501	0	0
2162	665.682	0	0
2161	665.863	0	0
2160	666.043	0	0
2159	666.223	0	0
2158	666.402	0	0
2157	666.581	0	0
2156	666.759	0	0
2155	666.937	0	0
2154	667.114	0	0
2153	667.29	0	0
2152	667.466	0	0
2151	667.641	0	0
2150	667.816	0	0
2149	667.99	0	0
2148	668.163	0	0
2147	668.335	0	0
2146	668.507	0	0
2145	668.679	0	0
2144	668.849	0	0
2143	669.019	0	0
2142	669.189	0	0
2141	669.357	0	0
2140	669.525	0	0
2139	669.692	0	0
2138	669.859	0	0
2137	670.024	0	0
2136	670.189	0	0
2135	670.354	0	0
2134	670.517	0	0
2133	670.68	0	0
2132	670.841	0	0
2131	671.002	0	0
2130	671.163	0	0
2129	671.322	0	0
2128	671.481	0	0
2127	671.639	0	0
2126	671.795	0	0
2125	671.952	0	0
2124	672.107	0	0
2123	672.261	0	0
2122	672.414	0	0
2121	672.567	0	0
2120	672.719	0	0
2119	672.869	0	0
2118	673.019	0	0
2117	673.168	0	0
2116	673.316	0	0
2115	673.463	0	0
2114	673.609	0	0
2113	673.754	0	0
2112	673.898	0	0
2111	674.041	0	0
2110	674.183	0	0
2109	674.324	0	0
2108	674.464	0	0
2107	674.603	0	0
2106	674.741	0	0
2105	674.877	0	0
2104	675.013	0	0
2103	675.148	0	0
2102	675.281	0	0
2101	675.414	0	0
2100	675.545	0	0
2099	675.675	0	0
2098	675.804	0	0
2097	675.932	0	0
2096	676.059	0	0
2095	676.185	0	0
2094	676.31	0	0
2093	676.433	0	0
2092	676.555	0	0
2091	676.676	0	0
2090	676.796	0	0
2089	676.914	0	0
2088	677.032	0	0
2087	677.148	0	0
2086	677.263	0	0
2085	677.376	0	0
2084	677.489	0	0
2083	677.6	0	0
2082	677.709	0	0
2081	677.818	0	0
2080	677.925	0	0
2079	678.031	0	0
2078	678.136	0	0
2077	678.239	0	0
2076	678.341	0	0
2075	678.442	0	0
2074	678.541	0	0
2073	678.639	0	0
2072	678.736	0	0
2071	678.831	0	0
2070	678.925	0	0
2069	679.017	0	0
2068	679.109	0	0
2067	679.198	0	0
2066	679.287	0	0
2065	679.374	0	0
2064	679.459	0	0
2063	679.543	0	0
2062	679.626	0	0
2061	679.707	0	0
2060	679.787	0	0
2059	679.866	0	0
2058	679.943	0	0
2057	680.018	0	0
2056	680.092	0	0
2055	680.165	0	0
2054	680.236	0	0
2053	680.306	0	0
2052	680.374	0	0
2051	680.441	0	0
2050	680.506	0	0
2049	680.57	0	0
2048	680.633	0	0
2047	680.694	0	0
2046	680.753	0	0
2045	680.811	0	0
2044	680.867	0	0
2043	680.922	0	0
2042	680.976	0	0
2041	681.028	0	0
2040	681.078	0	0
2039	681.127	0	0
2038	681.174	0	0
2037	681.22	0	0
2036	681.265	0	0
2035	681.308	0	0
2034	681.349	0	0
2033	681.389	0	0
2032	681.428	0	0
2031	681.464	0	0
2030	681.5	0	0
2029	681.534	0	0
2028	681.566	0	0
2027	681.597	0	0
2026	681.627	0	0
2025	681.655	0	0
2024	681.681	0	0
2023	681.706	0	0
2022	681.729	0	0
2021	681.751	0	0
2020	681.772	0	0
2019	681.791	0	0
2018	681.809	0	0
2017	681.825	0	0
2016	681.839	0	0
2015	681.853	0	0
2014	681.864	0	0
2013	681.875	0	0
2012	681.883	0	0
2011	681.891	0	0
2010	681.897	0	0
2009	681.901	0	0
2008	681.905	0	0
2007	681.906	0	0
2006	681.907	0	0
2005	681.905	0	0
2004	681.903	0	0
2003	681.899	0	0
2002	681.894	0	0
2001	681.887	0	0
2000	681.879	0	0
1999	681.87	0	0
1998	681.859	0	0
1997	681.847	0	0
1996	681.834	0	0
1995	681.819	0	0
1994	681.803	0	0
1993	681.786	0	0
1992	681.767	0	0
1991	681.747	0	0
1990	681.726	0	0
1989	681.704	0	0
1988	681.68	0	0
1987	681.655	0	0
1986	681.629	0	0
1985	681.602	0	0
1984	681.573	0	0
1983	681.544	0	0
1982	681.513	0	0
1981	681.481	0	0
1980	681.447	0	0
1979	681.413	0	0
1978	681.378	0	0
1977	681.341	0	0
1976	681.303	0	0
1975	681.265	0	0
1974	681.225	0	0
1973	681.184	0	0
1972	681.142	0	0
1971	681.099	0	0
1970	681.055	0	0
1969	681.01	0	0
1968	680.964	0	0
1967	680.917	0	0
1966	680.869	0	0
1965	680.82	0	0
1964	680.77	0	0
1963	680.72	0	0
1962	680.668	0	0
1961	680.616	0	0
1960	680.562	0	0
1959	680.508	0	0
1958	680.453	0	0
1957	680.397	0	0
1956	680.341	0	0
1955	680.283	0	0
1954	680.225	0	0
1953	680.166	0	0
1952	680.107	0	0
1951	680.046	0	0
1950	679.985	0	0
1949	679.924	0	0
1948	679.861	0	0
1947	679.798	0	0
1946	679.735	0	0
1945	679.671	0	0
1944	679.606	0	0
1943	679.541	0	0
1942	679.475	0	0
1941	679.409	0	0
1940	679.342	0	0
1939	679.275	0	0
1938	679.207	0	0
1937	679.139	0	0
1936	679.07	0	0
1935	679.001	0	0
1934	678.932	0	0
1933	678.862	0	0
1932	678.793	0	0
1931	678.722	0	0
1930	678.652	0	0
1929	678.581	0	0
1928	678.51	0	0
1927	678.439	0	0
1926	678.367	0	0
1925	678.296	0	0
1924	678.224	0	0
1923	678.152	0	0
1922	678.08	0	0
1921	678.008	0	0
1920	677.936	0	0
1919	677.864	0	0
1918	677.792	0	0
1917	677.72	0	0
1916	677.647	0	0
1915	677.576	0	0
1914	677.504	0	0
1913	677.432	0	0
1912	677.36	0	0
1911	677.289	0	0
1910	677.218	0	0
1909	677.147	0	0
1908	677.076	0	0
1907	677.006	0	0
1906	676.936	0	0
1905	676.866	0	0
1904	676.796	0	0
1903	676.727	0	0
1902	676.659	0	0
1901	676.591	0	0
1900	676.523	0	0
1899	676.456	0	0
1898	676.389	0	0
1897	676.323	0	0
1896	676.258	0	0
1895	676.193	0	0
1894	676.129	0	0
1893	676.066	0	0
1892	676.003	0	0
1891	675.941	0	0
1890	675.88	0	0
1889	675.82	0	0
1888	675.761	0	0
1887	675.702	0	0
1886	675.644	0	0
1885	675.588	0	0
1884	675.532	0	0
1883	675.478	0	0
1882	675.424	0	0
1881	675.372	0	0
1880	675.32	0	0
1879	675.27	0	0
1878	675.222	0	0
1877	675.174	0	0
1876	675.128	0	0
1875	675.083	0	0
1874	675.039	0	0
1873	674.997	0	0
1872	674.956	0	0
1871	674.917	0	0
1870	674.879	0	0
1869	674.843	0	0
1868	674.809	0	0
1867	674.776	0	0
1866	674.745	0	0
1865	674.716	0	0
1864	674.688	0	0
1863	674.663	0	0
1862	674.639	0	0
1861	674.617	0	0
1860	674.598	0	0
1859	674.58	0	0
1858	674.564	0	0
1857	674.551	0	0
1856	674.54	0	0
1855	674.531	0	0
1854	674.524	0	0
1853	674.52	0	0
1852	674.518	0	0
1851	674.519	0	0
1850	674.522	0	0
1849	674.527	0	0
1848	674.536	0	0
1847	674.547	0	0
1846	674.561	0	0
1845	674.578	0	0
1844	674.597	0	0
1843	674.62	0	0
1842	674.646	0	0
1841	674.675	0	0
1840	674.706	0	0
1839	674.742	0	0
1838	674.78	0	0
1837	674.822	0	0
1836	674.867	0	0
1835	674.916	0	0
1834	674.969	0	0
1833	675.025	0	0
1832	675.085	0	0
1831	675.149	0	0
1830	675.216	0	0
1829	675.288	0	0
1828	675.364	0	0
1827	675.444	0	0
1826	675.528	0	0
1825	675.617	0	0
1824	675.71	0	0
1823	675.807	0	0
1822	675.91	0	0
1821	676.016	0	0
1820	676.128	0	0
1819	676.245	0	0
1818	676.367	0	0
1817	676.493	0	0
1816	676.625	0	0
1815	676.763	0	0
1814	676.906	0	0
1813	677.054	0	0
1812	677.208	0	0
1811	677.368	0	0
1810	677.534	0	0
1809	677.706	0	0
1808	677.883	0	0
1807	678.068	0	0
1806	678.258	0	0
1805	678.455	0	0
1804	678.659	0	0
1803	678.869	0	0
1802	679.087	0	0
1801	679.311	0	0
1800	679.543	0	0
1799	679.782	0	0
1798	680.029	0	0
1797	680.283	0	0
1796	680.544	0	0
1795	680.814	0	0
1794	681.092	0	0
1793	681.378	0	0
1792	681.673	0	0
1791	681.976	0	0
1790	682.288	0	0
1789	682.608	0	0
1788	682.938	0	0
1787	683.277	0	0
1786	683.625	0	0
1785	683.983	0	0
1784	684.351	0	0
1783	684.729	0	0
1782	685.117	0	0
1781	685.515	0	0
1780	685.924	0	0
1779	686.343	0	0
1778	686.773	0	0
1777	687.215	0	0
1776	687.667	0	0
1775	688.131	0	0
1774	688.607	0	0
1773	689.095	0	0
1772	689.595	0	0
1771	690.107	0	0
1770	690.632	0	0
1769	691.169	0	0
1768	691.72	0	0
1767	692.284	0	0
1766	692.861	0	0
1765	693.451	0	0
1764	694.056	0	0
1763	694.674	0	0
1762	695.307	0	0
1761	695.954	0	0
1760	696.616	0	0
1759	697.293	0	0
1758	697.985	0	0
1757	698.692	0	0
1756	699.415	0	0
1755	700.154	0	0
1754	700.908	0	0
1753	701.679	0	0
1752	702.466	0	0
1751	703.27	0	0
1750	704.09	0	0
1749	704.928	0	0
1748	705.782	0	0
1747	706.654	0	0
1746	707.543	0	0
1745	708.449	0	0
1744	709.374	0	0
1743	710.316	0	0
1742	711.276	0	0
1741	712.255	0	0
1740	713.251	0	0
1739	714.266	0	0
1738	715.299	0	0
1737	716.351	0	0
1736	717.421	0	0
1735	718.509	0	0
1734	719.616	0	0
1733	720.742	0	0
1732	721.885	0	0
1731	723.047	0	0
1730	724.228	0	0
1729	725.426	0	0
1728	726.643	0	0
1727	727.877	0	0
1726	729.129	0	0
1725	730.399	0	0
1724	731.685	0	0
1723	732.989	0	0
1722	734.308	0	0
1721	735.645	0	0
1720	736.997	0	0
1719	738.364	0	0
1718	739.746	0	0
1717	741.143	0	0
1716	742.553	0	0
1715	743.976	0	0
1714	745.413	0	0
1713	746.861	0	0
1712	748.32	0	0
1711	749.79	0	0
1710	751.269	0	0
1709	752.758	0	0
1708	754.254	0	0
1707	755.757	0	0
1706	757.266	0	0
1705	758.78	0	0
1704	760.299	0	0
1703	761.82	0	0
1702	763.343	0	0
1701	764.867	0	0
1700	766.39	0	0
1699	767.911	0	0
1698	769.43	0	0
1697	770.944	0	0
1696	772.453	0	0
1695	773.955	0	0
1694	775.45	0	0
1693	776.935	0	0
1692	778.409	0	0
1691	779.871	0	0
1690	781.32	0	0
1689	782.755	0	0
1688	784.174	0	0
1687	785.575	0	0
1686	786.959	0	0
1685	788.322	0	0
1684	789.666	0	0
1683	790.987	0	0
1682	792.285	0	0
1681	793.559	0	0
1680	794.808	0	0
1679	796.031	0	0
1678	797.226	0	0
1677	798.394	0	0
1676	799.532	0	0
1675	800.641	0	0
1674	801.719	0	0
1673	802.765	0	0
1672	803.78	0	0
1671	804.762	0	0
1670	805.71	0	0
1669	806.624	0	0
1668	807.504	0	0
1667	808.348	0	0
1666	809.156	0	0
1665	809.928	0	0
1664	810.664	0	0
1663	811.361	0	0
1662	812.021	0	0
1661	812.642	0	0
1660	813.224	0	0
1659	813.766	0	0
1658	814.268	0	0
1657	814.728	0	0
1656	815.147	0	0
1655	815.523	0	0
1654	815.856	0	0
1653	816.144	0	0
1652	816.387	0	0
1651	816.584	0	0
1650	816.733	0	0
1649	816.835	0	0
1648	816.887	0	0
1647	816.888	0	0
1646	816.838	0	0
1645	816.734	0	0
1644	816.576	0	0
1643	816.363	0	0
1642	816.093	0	0
1641	815.765	0	0
1640	815.378	0	0
1639	814.931	0	0
1638	814.422	0	0
1637	813.85	0	0
1636	813.215	0	0
1635	812.515	0	0
1634	811.749	0	0
1633	810.918	0	0
1632	810.02	0	0
1631	809.055	0	0
1630	808.023	0	0
1629	806.923	0	0
1628	805.756	0	0
1627	804.523	0	0
1626	803.222	0	0
1625	801.856	0	0
1624	800.424	0	0
1623	798.929	0	0
1622	797.37	0	0
1621	795.751	0	0
1620	794.071	0	0
1619	792.333	0	0
1618	790.539	0	0
1617	788.692	0	0
1616	786.792	0	0
1615	784.843	0	0
1614	782.846	0	0
1613	780.806	0	0
1612	778.723	0	0
1611	776.602	0	0
1610	774.445	0	0
1609	772.254	0	0
1608	770.033	0	0
1607	767.784	0	0
1606	765.51	0	0
1605	763.215	0	0
1604	760.901	0	0
1603	758.571	0	0
1602	756.228	0	0
1601	753.874	0	0
1600	751.513	0	0
1599	749.146	0	0
1598	746.776	0	0
1597	744.406	0	0
1596	742.038	0	0
1595	739.673	0	0
1594	737.315	0	0
1593	734.966	0	0
1592	732.626	0	0
1591	730.299	0	0
1590	727.985	0	0
1589	725.686	0	0
1588	723.404	0	0
1587	721.14	0	0
1586	718.895	0	0
1585	716.671	0	0
1584	714.468	0	0
1583	712.288	0	0
1582	710.131	0	0
1581	707.999	0	0
1580	705.892	0	0
1579	703.81	0	0
1578	701.755	0	0
1577	699.726	0	0
1576	697.724	0	0
1575	695.751	0	0
1574	693.804	0	0
1573	691.887	0	0
1572	689.997	0	0
1571	688.136	0	0
1570	686.303	0	0
1569	684.499	0	0
1568	682.724	0	0
1567	680.978	0	0
1566	679.26	0	0
1565	677.571	0	0
1564	675.91	0	0
1563	674.278	0	0
1562	672.674	0	0
1561	671.098	0	0
1560	669.55	0	0
1559	668.03	0	0
1558	666.537	0	0
1557	665.072	0	0
1556	663.633	0	0
1555	662.222	0	0
1554	660.837	0	0
1553	659.478	0	0
1552	658.145	0	0
1551	656.838	0	0
1550	655.557	0	0
1549	654.301	0	0
1548	653.07	0	0
1547	651.863	0	0
1546	650.681	0	0
1545	649.523	0	0
1544	648.39	0	0
1543	647.279	0	0
1542	646.192	0	0
1541	645.128	0	0
1540	644.088	0	0
1539	643.069	0	0
1538	642.073	0	0
1537	641.1	0	0
1536	640.148	0	0
1535	639.218	0	0
1534	638.309	0	0
1533	637.421	0	0
1532	636.555	0	0
1531	635.709	0	0
1530	634.885	0	0
1529	634.08	0	0
1528	633.296	0	0
1527	632.532	0	0
1526	631.788	0	0
1525	631.064	0	0
1524	630.359	0	0
1523	629.674	0	0
1522	629.009	0	0
1521	628.362	0	0
1520	627.735	0	0
1519	627.127	0	0
1518	626.538	0	0
1517	625.968	0	0
1516	625.416	0	0
1515	624.884	0	0
1514	624.37	0	0
1513	623.874	0	0
1512	623.397	0	0
1511	622.939	0	0
1510	622.499	0	0
1509	622.077	0	0
1508	621.674	0	0
1507	621.29	0	0
1506	620.923	0	0
1505	620.576	0	0
1504	620.246	0	0
1503	619.936	0	0
1502	619.643	0	0
1501	619.37	0	0
1500	619.115	0	0
1499	618.878	0	0
1498	618.661	0	0
1497	618.462	0	0
1496	618.282	0	0
1495	618.122	0	0
1494	617.98	0	0
1493	617.858	0	0
1492	617.755	0	0
1491	617.672	0	0
1490	617.608	0	0
1489	617.564	0	0
1488	617.54	0	0
1487	617.537	0	0
1486	617.553	0	0
1485	617.591	0	0
1484	617.649	0	0
1483	617.728	0	0
1482	617.828	0	0
1481	617.95	0	0
1480	618.093	0	0
1479	618.258	0	0
1478	618.445	0	0
1477	618.655	0	0
1476	618.888	0	0
1475	619.144	0	0
1474	619.423	0	0
1473	619.725	0	0
1472	620.052	0	0
1471	620.403	0	0
1470	620.779	0	0
1469	621.18	0	0
1468	621.606	0	0
1467	622.058	0	0
1466	622.536	0	0
1465	623.041	0	0
1464	623.572	0	0
1463	624.132	0	0
1462	624.719	0	0
1461	625.334	0	0
1460	625.978	0	0
1459	626.652	0	0
1458	627.355	0	0
1457	628.089	0	0
1456	628.853	0	0
1455	629.648	0	0
1454	630.476	0	0
1453	631.335	0	0
1452	632.228	0	0
1451	633.154	0	0
1450	634.113	0	0
1449	635.108	0	0
1448	636.137	0	0
1447	637.202	0	0
1446	638.304	0	0
1445	639.442	0	0
1444	640.618	0	0
1443	641.832	0	0
1442	643.084	0	0
1441	644.376	0	0
1440	645.708	0	0
1439	647.08	0	0
1438	648.494	0	0
1437	649.949	0	0
1436	651.446	0	0
1435	652.986	0	0
1434	654.57	0	0
1433	656.198	0	0
1432	657.87	0	0
1431	659.588	0	0
1430	661.351	0	0
1429	663.16	0	0
1428	665.016	0	0
1427	666.919	0	0
1426	668.87	0	0
1425	670.868	0	0
1424	672.915	0	0
1423	675.01	0	0
1422	677.153	0	0
1421	679.345	0	0
1420	681.587	0	0
1419	683.877	0	0
1418	686.216	0	0
1417	688.604	0	0
1416	691.041	0	0
1415	693.526	0	0
1414	696.059	0	0
1413	698.639	0	0
1412	701.266	0	0
1411	703.94	0	0
1410	706.658	0	0
1409	709.421	0	0
1408	712.227	0	0
1407	715.074	0	0
1406	717.962	0	0
1405	720.888	0	0
1404	723.851	0	0
1403	726.848	0	0
1402	729.877	0	0
1401	732.936	0	0
1400	736.022	0	0
1399	739.132	0	0
1398	742.262	0	0
1397	745.41	0	0
1396	748.571	0	0
1395	751.742	0	0
1394	754.917	0	0
1393	758.093	0	0
1392	761.265	0	0
1391	764.428	0	0
1390	767.575	0	0
1389	770.702	0	0
1388	773.802	0	0
1387	776.87	0	0
1386	779.897	0	0
1385	782.879	0	0
1384	785.807	0	0
1383	788.675	0	0
1382	791.475	0	0
1381	794.2	0	0
1380	796.841	0	0
1379	799.39	0	0
1378	801.841	0	0
1377	804.183	0	0
1376	806.411	0	0
1375	808.514	0	0
1374	810.485	0	0
1373	812.317	0	0
1372	814.001	0	0
1371	815.529	0	0
1370	816.894	0	0
1369	818.089	0	0
1368	819.106	0	0
1367	819.94	0	0
1366	820.583	0	0
1365	821.03	0	0
1364	821.276	0	0
1363	821.315	0	0
1362	821.143	0	0
1361	820.756	0	0
1360	820.151	0	0
1359	819.324	0	0
1358	818.274	0	0
1357	816.999	0	0
1356	815.496	0	0
1355	813.766	0	0
1354	811.807	0	0
1353	809.619	0	0
1352	807.203	0	0
1351	804.557	0	0
1350	801.683	0	0
1349	798.579	0	0
1348	795.243	0	0
1347	791.675	0	0
1346	787.868	0	0
1345	783.816	0	0
1344	779.505	0	0
1343	774.913	0	0
1342	769.999	0	0
1341	764.678	0	0
1340	758.638	0	0
1339	752.39	0	0
1338	743.669	0	0
1337	739.936	0	0
1336	736.112	0	0
1335	732.204	0	0
1334	728.221	0	0
1333	724.17	0	0
1332	720.06	0	0
1331	715.897	0	0
1330	711.689	0	0
1329	707.443	0	0
1328	703.167	0	0
1327	698.866	0	0
1326	694.547	0	0
1325	690.217	0	0
1324	685.88	0	0
1323	681.543	0	0
1322	677.21	0	0
1321	672.888	0	0
1320	668.579	0	0
1319	664.289	0	0
1318	660.021	0	0
1317	655.78	0	0
1316	651.569	0	0
1315	647.39	0	0
1314	643.248	0	0
1313	639.145	0	0
1312	635.083	0	0
1311	631.064	0	0
1310	627.091	0	0
1309	623.165	0	0
1308	619.288	0	0
1307	615.461	0	0
1306	611.686	0	0
1305	607.964	0	0
1304	604.295	0	0
1303	600.68	0	0
1302	597.121	0	0
1301	593.617	0	0
1300	590.168	0	0
1299	586.776	0	0
1298	583.44	0	0
1297	580.16	0	0
1296	576.936	0	0
1295	573.768	0	0
1294	570.656	0	0
1293	567.6	0	0
1292	564.599	0	0
1291	561.653	0	0
1290	558.761	0	0
1289	555.923	0	0
1288	553.139	0	0
1287	550.407	0	0
1286	547.728	0	0
1285	545.1	0	0
1284	542.523	0	0
1283	539.997	0	0
1282	537.52	0	0
1281	535.092	0	0
1280	532.712	0	0
1279	530.379	0	0
1278	528.093	0	0
1277	525.853	0	0
1276	523.659	0	0
1275	521.508	0	0
1274	519.401	0	0
1273	517.337	0	0
1272	515.315	0	0
1271	513.335	0	0
1270	511.395	0	0
1269	509.494	0	0
1268	507.633	0	0
1267	505.811	0	0
1266	504.025	0	0
1265	502.277	0	0
1264	500.565	0	0
1263	498.888	0	0
1262	497.247	0	0
1261	495.639	0	0
1260	494.065	0	0
1259	492.523	0	0
1258	491.014	0	0
1257	489.536	0	0
1256	488.088	0	0
1255	486.672	0	0
1254	485.284	0	0
1253	483.926	0	0
1252	482.596	0	0
1251	481.294	0	0
1250	480.019	0	0
1249	478.771	0	0
1248	477.549	0	0
1247	476.352	0	0
1246	475.181	0	0
1245	474.035	0	0
1244	472.912	0	0
1243	471.813	0	0
1242	470.737	0	0
1241	469.684	0	0
1240	468.654	0	0
1239	467.644	0	0
1238	466.657	0	0
1237	465.69	0	0
1236	464.744	0	0
1235	463.818	0	0
1234	462.911	0	0
1233	462.024	0	0
1232	461.156	0	0
1231	460.306	0	0
1230	459.475	0	0
1229	458.661	0	0
1228	457.865	0	0
1227	457.086	0	0
1226	456.324	0	0
1225	455.579	0	0
1224	454.85	0	0
1223	454.137	0	0
1222	453.439	0	0
1221	452.757	0	0
1220	452.09	0	0
1219	451.438	0	0
1218	450.8	0	0
1217	450.177	0	0
1216	449.568	0	0
1215	448.972	0	0
1214	448.391	0	0
1213	447.822	0	0
1212	447.267	0	0
1211	446.725	0	0
1210	446.196	0	0
1209	445.679	0	0
1208	445.175	0	0
1207	444.683	0	0
1206	444.203	0	0
1205	443.735	0	0
1204	443.278	0	0
1203	442.834	0	0
1202	442.4	0	0
1201	441.978	0	0
1200	441.567	0	0
1199	441.167	0	0
1198	440.778	0	0
1197	440.4	0	0
1196	440.033	0	0
1195	439.676	0	0
1194	439.329	0	0
1193	438.993	0	0
1192	438.667	0	0
1191	438.352	0	0
1190	438.047	0	0
1189	437.751	0	0
1188	437.466	0	0
1187	437.191	0	0
1186	436.926	0	0
1185	436.671	0	0
1184	436.425	0	0
1183	436.19	0	0
1182	435.964	0	0
1181	435.748	0	0
1180	435.542	0	0
1179	435.346	0	0
1178	435.159	0	0
1177	434.982	0	0
1176	434.815	0	0
1175	434.658	0	0
1174	434.511	0	0
1173	434.374	0	0
1172	434.247	0	0
1171	434.129	0	0
1170	434.022	0	0
1169	433.925	0	0
1168	433.838	0	0
1167	433.761	0	0
1166	433.695	0	0
1165	433.639	0	0
1164	433.593	0	0
1163	433.558	0	0
1162	433.534	0	0
1161	433.521	0	0
1160	433.519	0	0
1159	433.528	0	0
1158	433.548	0	0
1157	433.579	0	0
1156	433.622	0	0
1155	433.676	0	0
1154	433.743	0	0
1153	433.821	0	0
1152	433.912	0	0
1151	434.014	0	0
1150	434.13	0	0
1149	434.258	0	0
1148	434.399	0	0
1147	434.554	0	0
1146	434.721	0	0
1145	434.903	0	0
1144	435.098	0	0
1143	435.307	0	0
1142	435.531	0	0
1141	435.77	0	0
1140	436.023	0	0
1139	436.291	0	0
1138	436.575	0	0
1137	436.875	0	0
1136	437.191	0	0
1135	437.523	0	0
1134	437.872	0	0
1133	438.238	0	0
1132	438.621	0	0
1131	439.022	0	0
1130	439.441	0	0
1129	439.879	0	0
1128	440.335	0	0
1127	440.811	0	0
1126	441.306	0	0
1125	441.821	0	0
1124	442.357	0	0
1123	442.913	0	0
1122	443.491	0	0
1121	444.09	0	0
1120	444.711	0	0
1119	445.355	0	0
1118	446.023	0	0
1117	446.713	0	0
1116	447.428	0	0
1115	448.167	0	0
1114	448.931	0	0
1113	449.721	0	0
1112	450.537	0	0
1111	451.38	0	0
1110	452.249	0	0
1109	453.147	0	0
1108	454.073	0	0
1107	455.027	0	0
1106	456.011	0	0
1105	457.025	0	0
1104	458.07	0	0
1103	459.146	0	0
1102	460.254	0	0
1101	461.395	0	0
1100	462.569	0	0
1099	463.776	0	0
1098	465.018	0	0
1097	466.295	0	0
1096	467.609	0	0
1095	468.958	0	0
1094	470.345	0	0
1093	471.77	0	0
1092	473.234	0	0
1091	474.737	0	0
1090	476.28	0	0
1089	477.864	0	0
1088	479.49	0	0
1087	481.158	0	0
1086	482.869	0	0
1085	484.624	0	0
1084	486.424	0	0
1083	488.269	0	0
1082	490.16	0	0
1081	492.099	0	0
1080	494.085	0	0
1079	496.119	0	0
1078	498.203	0	0
1077	500.337	0	0
1076	502.522	0	0
1075	504.758	0	0
1074	507.047	0	0
1073	509.389	0	0
1072	511.784	0	0
1071	514.234	0	0
1070	516.739	0	0
1069	519.301	0	0
1068	521.918	0	0
1067	524.593	0	0
1066	527.326	0	0
1065	530.118	0	0
1064	532.968	0	0
1063	535.878	0	0
1062	538.848	0	0
1061	541.879	0	0
1060	544.97	0	0
1059	548.123	0	0
1058	551.338	0	0
1057	554.614	0	0
1056	557.953	0	0
1055	561.353	0	0
1054	564.816	0	0
1053	568.341	0	0
1052	571.929	0	0
1051	575.578	0	0
1050	579.288	0	0
1049	583.06	0	0
1048	586.893	0	0
1047	590.786	0	0
1046	594.738	0	0
1045	598.748	0	0
1044	602.815	0	0
1043	606.939	0	0
1042	611.117	0	0
1041	615.349	0	0
1040	619.632	0	0
1039	623.964	0	0
1038	628.344	0	0
1037	632.769	0	0
1036	637.236	0	0
1035	641.743	0	0
1034	646.286	0	0
1033	650.863	0	0
1032	655.469	0	0
1031	660.101	0	0
1030	664.755	0	0
1029	669.425	0	0
1028	674.108	0	0
1027	678.799	0	0
1026	683.491	0	0
1025	688.179	0	0
1024	692.858	0	0
1023	697.519	0	0
1022	702.158	0	0
1021	706.766	0	0
1020	711.336	0	0
1019	715.86	0	0
1018	720.331	0	0
1017	724.738	0	0
1016	729.075	0	0
1015	733.33	0	0
1014	737.495	0	0
1013	741.56	0	0
1012	745.515	0	0
1011	749.349	0	0
1010	753.051	0	0
1009	756.612	0	0
1008	760.019	0	0
1007	763.261	0	0
1006	766.328	0	0
1005	769.208	0	0
1004	771.889	0	0
1003	774.36	0	0
1002	776.61	0	0
1001	778.629	0	0
1000	780.403	0	0
999	781.925	0	0
998	783.181	0	0
997	784.164	0	0
996	784.863	0	0
995	785.269	0	0
994	785.374	0	0
993	785.169	0	0
992	784.648	0	0
991	783.804	0	0
990	782.631	0	0
989	781.124	0	0
988	779.28	0	0
987	777.095	0	0
986	774.566	0	0
985	771.694	0	0
984	768.476	0	0
983	764.915	0	0
982	761.011	0	0
981	756.768	0	0
980	752.19	0	0
979	747.282	0	0
978	742.051	0	0
977	736.504	0	0
976	730.649	0	0
975	724.494	0	0
974	718.051	0	0
973	711.329	0	0
972	704.34	0	0
971	697.095	0	0
970	689.608	0	0
969	681.891	0	0
968	673.958	0	0
967	665.822	0	0
966	657.498	0	0
965	648.999	0	0
964	640.341	0	0
963	631.537	0	0
962	622.602	0	0
961	613.55	0	0
960	604.396	0	0
959	595.153	0	0
958	585.835	0	0
957	576.456	0	0
956	567.028	0	0
955	557.565	0	0
954	548.078	0	0
953	538.58	0	0
952	529.081	0	0
951	519.593	0	0
950	510.125	0	0
949	500.689	0	0
948	491.292	0	0
947	481.944	0	0
946	472.652	0	0
945	463.425	0	0
944	454.269	0	0
943	445.192	0	0
942	436.199	0	0
941	427.295	0	0
940	418.486	0	0
939	409.777	0	0
938	401.171	0	0
937	392.672	0	0
936	384.284	0	0
935	376.009	0	0
934	367.85	0	0
933	359.809	0	0
932	351.889	0	0
931	344.089	0	0
930	336.412	0	0
929	328.858	0	0
928	321.428	0	0
927	314.122	0	0
926	306.941	0	0
925	299.884	0	0
924	292.952	0	0
923	286.143	0	0
922	279.457	0	0
921	272.893	0	0
920	266.45	0	0
919	260.128	0	0
918	253.924	0	0
917	247.839	0	0
916	241.869	0	0
915	236.015	0	0
914	230.275	0	0
913	224.646	0	0
912	219.127	0	0
911	213.717	0	0
910	208.414	0	0
909	203.216	0	0
908	198.122	0	0
907	193.129	0	0
906	188.235	0	0
905	183.44	0	0
904	178.741	0	0
903	174.136	0	0
902	169.624	0	0
901	165.203	0	0
900	160.87	0	0
899	156.624	0	0
898	152.464	0	0
897	148.388	0	0
896	144.393	0	0
895	140.478	0	0
894	136.642	0	0
893	132.882	0	0
892	129.198	0	0
891	125.587	0	0
890	122.048	0	0
889	118.579	0	0
888	115.178	0	0
887	111.845	0	0
886	108.578	0	0
885	105.375	0	0
884	102.234	0	0
883	99.1553	0	0
882	96.1362	0	0
881	93.1757	0	0
880	90.2725	0	0
879	87.4253	0	0
878	84.6328	0	0
877	81.8936	0	0
876	79.2067	0	0
875	76.5708	0	0
874	73.9846	0	0
873	71.4471	0	0
872	68.9571	0	0
871	66.5134	0	0
870	64.115	0	0
869	61.7607	0	0
868	59.4496	0	0
867	57.1805	0	0
866	54.9523	0	0
865	52.7642	0	0
864	50.6149	0	0
863	48.5036	0	0
862	46.4291	0	0
861	44.3904	0	0
860	42.3866	0	0
859	40.4165	0	0
858	38.4791	0	0
857	36.5732	0	0
856	34.6978	0	0
855	32.8516	0	0
854	31.0334	0	0
853	29.2417	0	0
852	27.4752	0	0
851	25.732	0	0
850	24.0104	0	0
849	22.308	0	0
848	20.6222	0	0
847	18.9498	0	0
846	17.2864	0	0
845	15.6263	0	0
844	13.9616	0	0
843	12.2801	0	0
842	10.5622	0	0
841	8.77168	0	0
840	6.82579	0	0
839	4.39558	0	0
838	1.65174	0	0
837	0	0	0
836	0	0	0
835	0	0	0
834	0	0	0
833	0	0	0
832	0	0	0
831	0	0	0
830	0	0	0
829	0	0	0
828	0	0	0
827	0	0	0
826	0	0	0
825	0	0	0
824	0	0	0
823	0	0	0
822	0	0	0
821	0	0	0
820	0	0	0
819	0	0	0
818	0	0	0
817	0	0	0
816	0	0	0
815	0	0	0
814	0	0	0
813	0	0	0
812	0	0	0
811	0	0	0
810	0	0	0
809	0	0	0
808	0	0	0
807	0	0	0
806	0	0	0
805	0	0	0
804	0	0	0
803	0	0	0
802	0	0	0
801	0	0	0
800	0	0	0
799	0	0	0
798	0	0	0
797	0	0	0
796	0	0	0
795	0	0	0
794	0	0	0
793	0	0	0
792	0	0	0
791	0	0	0
790	0	0	0
789	0	0	0
788	0	0	0
787	0	0	0
786	0	0	0
785	0	0	0
784	0	0	0
783	0	0	0
782	0	0	0
781	0	0	0
780	0	0	0
779	0	0	0
778	0	0	0
777	0	0	0
776	0	0	0
775	0	0	0
774	0	0	0
773	0	0	0
772	0	0	0
771	0	0	0
770	0	0	0
769	0	0	0
768	0	0	0
767	0	0	0
766	0	0	0
765	0	0	0
764	0	0	0
763	0	0	0
762	0	0	0
761	0	0	0
760	0	0	0
759	0	0	0
758	0	0	0
757	0	0	0
756	0	0	0
755	0	0	0
754	0	0	0
753	0	0	0
752	0	0	0
751	0	0	0
750	0	0	0
749	0	0	0
748	0	0	0
747	0	0	0
746	0	0	0
745	0	0	0
744	0	0	0
743	0	0	0
742	0	0	0
741	0	0	0
740	0	0	0
739	0	0	0
738	0	0	0
737	0	0	0
736	0	0	0
735	0	0	0
734	0	0	0
733	0	0	0
732	0	0	0
731	0	0	0
730	0	0	0
729	0	0	0
728	0	0	0
727	0	0	0
726	0	0	0
725	0	0	0
724	0	0	0
723	0	0	0
722	0	0	0
721	0	0	0
720	0	0	0
719	0	0	0
718	0	0	0
717	0	0	0
716	0	0	0
715	0	0	0
714	0	0	0
713	0	0	0
712	0	0	0
711	0	0	0
710	0	0	0
709	0	0	0
