6379	194.757	0	0
6378	192.486	0	0
6377	190.823	0	0
6376	189.449	0	0
6375	188.254	0	0
6374	187.185	0	0
6373	186.209	0	0
6372	185.307	0	0
6371	184.465	0	0
6370	183.674	0	0
6369	182.925	0	0
6368	182.213	0	0
6367	181.534	0	0
6366	180.883	0	0
6365	180.257	0	0
6364	179.654	0	0
6363	179.071	0	0
6362	178.508	0	0
6361	177.961	0	0
6360	177.43	0	0
6359	176.914	0	0
6358	176.412	0	0
6357	175.922	0	0
6356	175.443	0	0
6355	174.976	0	0
6354	174.519	0	0
6353	174.071	0	0
6352	173.633	0	0
6351	173.203	0	0
6350	172.781	0	0
6349	172.368	0	0
6348	171.961	0	0
6347	171.562	0	0
6346	171.169	0	0
6345	170.783	0	0
6344	170.402	0	0
6343	170.028	0	0
6342	169.659	0	0
6341	169.296	0	0
6340	168.938	0	0
6339	168.584	0	0
6338	168.236	0	0
6337	167.892	0	0
6336	167.553	0	0
6335	167.218	0	0
6334	166.887	0	0
6333	166.56	0	0
6332	166.237	0	0
6331	165.918	0	0
6330	165.602	0	0
6329	165.29	0	0
6328	164.982	0	0
6327	164.676	0	0
6326	164.374	0	0
6325	164.076	0	0
6324	163.78	0	0
6323	163.487	0	0
6322	163.197	0	0
6321	162.91	0	0
6320	162.626	0	0
6319	162.345	0	0
6318	162.066	0	0
6317	161.79	0	0
6316	161.516	0	0
6315	161.245	0	0
6314	160.976	0	0
6313	160.709	0	0
6312	160.445	0	0
6311	160.183	0	0
6310	159.923	0	0
6309	159.666	0	0
6308	159.41	0	0
6307	159.157	0	0
6306	158.905	0	0
6305	158.656	0	0
6304	158.408	0	0
6303	158.163	0	0
6302	157.919	0	0
6301	157.677	0	0
6300	157.437	0	0
6299	157.199	0	0
6298	156.963	0	0
6297	156.728	0	0
6296	156.495	0	0
6295	156.263	0	0
6294	156.034	0	0
6293	155.806	0	0
6292	155.579	0	0
6291	155.354	0	0
6290	155.13	0	0
6289	154.908	0	0
6288	154.688	0	0
6287	154.469	0	0
6286	154.251	0	0
6285	154.035	0	0
6284	153.82	0	0
6283	153.607	0	0
6282	153.395	0	0
6281	153.184	0	0
6280	152.974	0	0
6279	152.766	0	0
6278	152.559	0	0
6277	152.354	0	0
6276	152.149	0	0
6275	151.946	0	0
6274	151.744	0	0
6273	151.543	0	0
6272	151.344	0	0
6271	151.145	0	0
6270	150.948	0	0
6269	150.752	0	0
6268	150.557	0	0
6267	150.363	0	0
6266	150.17	0	0
6265	149.979	0	0
6264	149.788	0	0
6263	149.598	0	0
6262	149.41	0	0
6261	149.222	0	0
6260	149.036	0	0
6259	148.85	0	0
6258	148.665	0	0
6257	148.482	0	0
6256	148.299	0	0
6255	148.118	0	0
6254	147.937	0	0
6253	147.757	0	0
6252	147.578	0	0
6251	147.4	0	0
6250	147.223	0	0
6249	147.047	0	0
6248	146.872	0	0
6247	146.698	0	0
6246	146.524	0	0
6245	146.351	0	0
6244	146.18	0	0
6243	146.009	0	0
6242	145.839	0	0
6241	145.669	0	0
6240	145.501	0	0
6239	145.333	0	0
6238	145.166	0	0
6237	145	0	0
6236	144.835	0	0
6235	144.67	0	0
6234	144.507	0	0
6233	144.344	0	0
6232	144.182	0	0
6231	144.02	0	0
6230	143.859	0	0
6229	143.699	0	0
6228	143.54	0	0
6227	143.382	0	0
6226	143.224	0	0
6225	143.067	0	0
6224	142.91	0	0
6223	142.754	0	0
6222	142.599	0	0
6221	142.445	0	0
6220	142.291	0	0
6219	142.138	0	0
6218	141.986	0	0
6217	141.834	0	0
6216	141.683	0	0
6215	141.533	0	0
6214	141.383	0	0
6213	141.234	0	0
6212	141.085	0	0
6211	140.938	0	0
6210	140.79	0	0
6209	140.644	0	0
6208	140.498	0	0
6207	140.352	0	0
6206	140.208	0	0
6205	140.063	0	0
6204	139.92	0	0
6203	139.777	0	0
6202	139.634	0	0
6201	139.492	0	0
6200	139.351	0	0
6199	139.21	0	0
6198	139.07	0	0
6197	138.931	0	0
6196	138.791	0	0
6195	138.653	0	0
6194	138.515	0	0
6193	138.378	0	0
6192	138.241	0	0
6191	138.104	0	0
6190	137.969	0	0
6189	137.833	0	0
6188	137.699	0	0
6187	137.564	0	0
6186	137.431	0	0
6185	137.297	0	0
6184	137.165	0	0
6183	137.032	0	0
6182	136.901	0	0
6181	136.769	0	0
6180	136.639	0	0
6179	136.509	0	0
6178	136.379	0	0
6177	136.25	0	0
6176	136.121	0	0
6175	135.992	0	0
6174	135.865	0	0
6173	135.737	0	0
6172	135.61	0	0
6171	135.484	0	0
6170	135.358	0	0
6169	135.232	0	0
6168	135.107	0	0
6167	134.983	0	0
6166	134.859	0	0
6165	134.735	0	0
6164	134.611	0	0
6163	134.489	0	0
6162	134.366	0	0
6161	134.244	0	0
6160	134.123	0	0
6159	134.002	0	0
6158	133.881	0	0
6157	133.761	0	0
6156	133.641	0	0
6155	133.521	0	0
6154	133.402	0	0
6153	133.284	0	0
6152	133.165	0	0
6151	133.048	0	0
6150	132.93	0	0
6149	132.813	0	0
6148	132.697	0	0
6147	132.58	0	0
6146	132.465	0	0
6145	132.349	0	0
6144	132.234	0	0
6143	132.119	0	0
6142	132.005	0	0
6141	131.891	0	0
6140	131.778	0	0
6139	131.665	0	0
6138	131.552	0	0
6137	131.439	0	0
6136	131.327	0	0
6135	131.216	0	0
6134	131.104	0	0
6133	130.994	0	0
6132	130.883	0	0
6131	130.773	0	0
6130	130.663	0	0
6129	130.553	0	0
6128	130.444	0	0
6127	130.335	0	0
6126	130.227	0	0
6125	130.119	0	0
6124	130.011	0	0
6123	129.904	0	0
6122	129.797	0	0
6121	129.69	0	0
6120	129.584	0	0
6119	129.477	0	0
6118	129.372	0	0
6117	129.266	0	0
6116	129.161	0	0
6115	129.057	0	0
6114	128.952	0	0
6113	128.848	0	0
6112	128.744	0	0
6111	128.641	0	0
6110	128.538	0	0
6109	128.435	0	0
6108	128.332	0	0
6107	128.23	0	0
6106	128.128	0	0
6105	128.027	0	0
6104	127.926	0	0
6103	127.825	0	0
6102	127.724	0	0
6101	127.624	0	0
6100	127.524	0	0
6099	127.424	0	0
6098	127.324	0	0
6097	127.225	0	0
6096	127.126	0	0
6095	127.028	0	0
6094	126.93	0	0
6093	126.832	0	0
6092	126.734	0	0
6091	126.636	0	0
6090	126.539	0	0
6089	126.443	0	0
6088	126.346	0	0
6087	126.25	0	0
6086	126.154	0	0
6085	126.058	0	0
6084	125.963	0	0
6083	125.867	0	0
6082	125.773	0	0
6081	125.678	0	0
6080	125.584	0	0
6079	125.49	0	0
6078	125.396	0	0
6077	125.302	0	0
6076	125.209	0	0
6075	125.116	0	0
6074	125.023	0	0
6073	124.931	0	0
6072	124.839	0	0
6071	124.747	0	0
6070	124.655	0	0
6069	124.564	0	0
6068	124.472	0	0
6067	124.382	0	0
6066	124.291	0	0
6065	124.2	0	0
6064	124.11	0	0
6063	124.02	0	0
6062	123.931	0	0
6061	123.841	0	0
6060	123.752	0	0
6059	123.663	0	0
6058	123.575	0	0
6057	123.486	0	0
6056	123.398	0	0
6055	123.31	0	0
6054	123.222	0	0
6053	123.135	0	0
6052	123.048	0	0
6051	122.961	0	0
6050	122.874	0	0
6049	122.787	0	0
6048	122.701	0	0
6047	122.615	0	0
6046	122.529	0	0
6045	122.444	0	0
6044	122.358	0	0
6043	122.273	0	0
6042	122.188	0	0
6041	122.103	0	0
6040	122.019	0	0
6039	121.935	0	0
6038	121.851	0	0
6037	121.767	0	0
6036	121.683	0	0
6035	121.6	0	0
6034	121.517	0	0
6033	121.434	0	0
6032	121.351	0	0
6031	121.269	0	0
6030	121.187	0	0
6029	121.104	0	0
6028	121.023	0	0
6027	120.941	0	0
6026	120.86	0	0
6025	120.778	0	0
6024	120.697	0	0
6023	120.617	0	0
6022	120.536	0	0
6021	120.456	0	0
6020	120.375	0	0
6019	120.295	0	0
6018	120.216	0	0
6017	120.136	0	0
6016	120.057	0	0
6015	119.978	0	0
6014	119.899	0	0
6013	119.82	0	0
6012	119.741	0	0
6011	119.663	0	0
6010	119.585	0	0
6009	119.507	0	0
6008	119.429	0	0
6007	119.352	0	0
6006	119.274	0	0
6005	119.197	0	0
6004	119.12	0	0
6003	119.043	0	0
6002	118.967	0	0
6001	118.89	0	0
6000	118.814	0	0
5999	118.738	0	0
5998	118.662	0	0
5997	118.586	0	0
5996	118.511	0	0
5995	118.436	0	0
5994	118.36	0	0
5993	118.286	0	0
5992	118.211	0	0
5991	118.136	0	0
5990	118.062	0	0
5989	117.988	0	0
5988	117.914	0	0
5987	117.84	0	0
5986	117.766	0	0
5985	117.693	0	0
5984	117.619	0	0
5983	117.546	0	0
5982	117.473	0	0
5981	117.4	0	0
5980	117.328	0	0
5979	117.255	0	0
5978	117.183	0	0
5977	117.111	0	0
5976	117.039	0	0
5975	116.967	0	0
5974	116.896	0	0
5973	116.824	0	0
5972	116.753	0	0
5971	116.682	0	0
5970	116.611	0	0
5969	116.54	0	0
5968	116.47	0	0
5967	116.399	0	0
5966	116.329	0	0
5965	116.259	0	0
5964	116.189	0	0
5963	116.119	0	0
5962	116.05	0	0
5961	115.98	0	0
5960	115.911	0	0
5959	115.842	0	0
5958	115.773	0	0
5957	115.704	0	0
5956	115.636	0	0
5955	115.567	0	0
5954	115.499	0	0
5953	115.431	0	0
5952	115.363	0	0
5951	115.295	0	0
5950	115.227	0	0
5949	115.16	0	0
5948	115.093	0	0
5947	115.025	0	0
5946	114.958	0	0
5945	114.891	0	0
5944	114.825	0	0
5943	114.758	0	0
5942	114.692	0	0
5941	114.625	0	0
5940	114.559	0	0
5939	114.493	0	0
5938	114.427	0	0
5937	114.361	0	0
5936	114.296	0	0
5935	114.231	0	0
5934	114.165	0	0
5933	114.1	0	0
5932	114.035	0	0
5931	113.97	0	0
5930	113.906	0	0
5929	113.841	0	0
5928	113.777	0	0
5927	113.712	0	0
5926	113.648	0	0
5925	113.584	0	0
5924	113.521	0	0
5923	113.457	0	0
5922	113.393	0	0
5921	113.33	0	0
5920	113.267	0	0
5919	113.203	0	0
5918	113.14	0	0
5917	113.078	0	0
5916	113.015	0	0
5915	112.952	0	0
5914	112.89	0	0
5913	112.828	0	0
5912	112.765	0	0
5911	112.703	0	0
5910	112.641	0	0
5909	112.58	0	0
5908	112.518	0	0
5907	112.457	0	0
5906	112.395	0	0
5905	112.334	0	0
5904	112.273	0	0
5903	112.212	0	0
5902	112.151	0	0
5901	112.09	0	0
5900	112.03	0	0
5899	111.969	0	0
5898	111.909	0	0
5897	111.849	0	0
5896	111.789	0	0
5895	111.729	0	0
5894	111.669	0	0
5893	111.609	0	0
5892	111.55	0	0
5891	111.49	0	0
5890	111.431	0	0
5889	111.372	0	0
5888	111.313	0	0
5887	111.254	0	0
5886	111.195	0	0
5885	111.136	0	0
5884	111.078	0	0
5883	111.019	0	0
5882	110.961	0	0
5881	110.903	0	0
5880	110.845	0	0
5879	110.787	0	0
5878	110.729	0	0
5877	110.671	0	0
5876	110.614	0	0
5875	110.556	0	0
5874	110.499	0	0
5873	110.442	0	0
5872	110.385	0	0
5871	110.328	0	0
5870	110.271	0	0
5869	110.214	0	0
5868	110.157	0	0
5867	110.101	0	0
5866	110.044	0	0
5865	109.988	0	0
5864	109.932	0	0
5863	109.876	0	0
5862	109.82	0	0
5861	109.764	0	0
5860	109.708	0	0
5859	109.653	0	0
5858	109.597	0	0
5857	109.542	0	0
5856	109.487	0	0
5855	109.432	0	0
5854	109.376	0	0
5853	109.322	0	0
5852	109.267	0	0
5851	109.212	0	0
5850	109.157	0	0
5849	109.103	0	0
5848	109.049	0	0
5847	108.994	0	0
5846	108.94	0	0
5845	108.886	0	0
5844	108.832	0	0
5843	108.778	0	0
5842	108.725	0	0
5841	108.671	0	0
5840	108.617	0	0
5839	108.564	0	0
5838	108.511	0	0
5837	108.458	0	0
5836	108.404	0	0
5835	108.352	0	0
5834	108.299	0	0
5833	108.246	0	0
5832	108.193	0	0
5831	108.141	0	0
5830	108.088	0	0
5829	108.036	0	0
5828	107.984	0	0
5827	107.931	0	0
5826	107.879	0	0
5825	107.827	0	0
5824	107.776	0	0
5823	107.724	0	0
5822	107.672	0	0
5821	107.621	0	0
5820	107.569	0	0
5819	107.518	0	0
5818	107.467	0	0
5817	107.416	0	0
5816	107.364	0	0
5815	107.314	0	0
5814	107.263	0	0
5813	107.212	0	0
5812	107.161	0	0
5811	107.111	0	0
5810	107.06	0	0
5809	107.01	0	0
5808	106.96	0	0
5807	106.91	0	0
5806	106.859	0	0
5805	106.81	0	0
5804	106.76	0	0
5803	106.71	0	0
5802	106.66	0	0
5801	106.611	0	0
5800	106.561	0	0
5799	106.512	0	0
5798	106.462	0	0
5797	106.413	0	0
5796	106.364	0	0
5795	106.315	0	0
5794	106.266	0	0
5793	106.217	0	0
5792	106.169	0	0
5791	106.12	0	0
5790	106.071	0	0
5789	106.023	0	0
5788	105.975	0	0
5787	105.926	0	0
5786	105.878	0	0
5785	105.83	0	0
5784	105.782	0	0
5783	105.734	0	0
5782	105.686	0	0
5781	105.639	0	0
5780	105.591	0	0
5779	105.543	0	0
5778	105.496	0	0
5777	105.448	0	0
5776	105.401	0	0
5775	105.354	0	0
5774	105.307	0	0
5773	105.26	0	0
5772	105.213	0	0
5771	105.166	0	0
5770	105.119	0	0
5769	105.073	0	0
5768	105.026	0	0
5767	104.979	0	0
5766	104.933	0	0
5765	104.887	0	0
5764	104.84	0	0
5763	104.794	0	0
5762	104.748	0	0
5761	104.702	0	0
5760	104.656	0	0
5759	104.61	0	0
5758	104.565	0	0
5757	104.519	0	0
5756	104.474	0	0
5755	104.428	0	0
5754	104.383	0	0
5753	104.337	0	0
5752	104.292	0	0
5751	104.247	0	0
5750	104.202	0	0
5749	104.157	0	0
5748	104.112	0	0
5747	104.067	0	0
5746	104.022	0	0
5745	103.978	0	0
5744	103.933	0	0
5743	103.889	0	0
5742	103.844	0	0
5741	103.8	0	0
5740	103.756	0	0
5739	103.711	0	0
5738	103.667	0	0
5737	103.623	0	0
5736	103.579	0	0
5735	103.535	0	0
5734	103.492	0	0
5733	103.448	0	0
5732	103.404	0	0
5731	103.361	0	0
5730	103.317	0	0
5729	103.274	0	0
5728	103.23	0	0
5727	103.187	0	0
5726	103.144	0	0
5725	103.101	0	0
5724	103.058	0	0
5723	103.015	0	0
5722	102.972	0	0
5721	102.929	0	0
5720	102.887	0	0
5719	102.844	0	0
5718	102.801	0	0
5717	102.759	0	0
5716	102.717	0	0
5715	102.674	0	0
5714	102.632	0	0
5713	102.59	0	0
5712	102.548	0	0
5711	102.506	0	0
5710	102.464	0	0
5709	102.422	0	0
5708	102.38	0	0
5707	102.338	0	0
5706	102.297	0	0
5705	102.255	0	0
5704	102.213	0	0
5703	102.172	0	0
5702	102.131	0	0
5701	102.089	0	0
5700	102.048	0	0
5699	102.007	0	0
5698	101.966	0	0
5697	101.925	0	0
5696	101.884	0	0
5695	101.843	0	0
5694	101.802	0	0
5693	101.761	0	0
5692	101.721	0	0
5691	101.68	0	0
5690	101.64	0	0
5689	101.599	0	0
5688	101.559	0	0
5687	101.518	0	0
5686	101.478	0	0
5685	101.438	0	0
5684	101.398	0	0
5683	101.358	0	0
5682	101.318	0	0
5681	101.278	0	0
5680	101.238	0	0
5679	101.198	0	0
5678	101.159	0	0
5677	101.119	0	0
5676	101.079	0	0
5675	101.04	0	0
5674	101.001	0	0
5673	100.961	0	0
5672	100.922	0	0
5671	100.883	0	0
5670	100.843	0	0
5669	100.804	0	0
5668	100.765	0	0
5667	100.726	0	0
5666	100.687	0	0
5665	100.649	0	0
5664	100.61	0	0
5663	100.571	0	0
5662	100.533	0	0
5661	100.494	0	0
5660	100.455	0	0
5659	100.417	0	0
5658	100.379	0	0
5657	100.34	0	0
5656	100.302	0	0
5655	100.264	0	0
5654	100.226	0	0
5653	100.188	0	0
5652	100.15	0	0
5651	100.112	0	0
5650	100.074	0	0
5649	100.036	0	0
5648	99.9984	0	0
5647	99.9607	0	0
5646	99.9231	0	0
5645	99.8856	0	0
5644	99.8481	0	0
5643	99.8106	0	0
5642	99.7733	0	0
5641	99.736	0	0
5640	99.6987	0	0
5639	99.6616	0	0
5638	99.6244	0	0
5637	99.5874	0	0
5636	99.5504	0	0
5635	99.5135	0	0
5634	99.4766	0	0
5633	99.4398	0	0
5632	99.403	0	0
5631	99.3663	0	0
5630	99.3297	0	0
5629	99.2931	0	0
5628	99.2566	0	0
5627	99.2202	0	0
5626	99.1838	0	0
5625	99.1474	0	0
5624	99.1112	0	0
5623	99.075	0	0
5622	99.0388	0	0
5621	99.0027	0	0
5620	98.9667	0	0
5619	98.9307	0	0
5618	98.8948	0	0
5617	98.8589	0	0
5616	98.8231	0	0
5615	98.7874	0	0
5614	98.7517	0	0
5613	98.7161	0	0
5612	98.6805	0	0
5611	98.645	0	0
5610	98.6095	0	0
5609	98.5741	0	0
5608	98.5388	0	0
5607	98.5035	0	0
5606	98.4683	0	0
5605	98.4331	0	0
5604	98.398	0	0
5603	98.3629	0	0
5602	98.3279	0	0
5601	98.293	0	0
5600	98.2581	0	0
5599	98.2233	0	0
5598	98.1885	0	0
5597	98.1538	0	0
5596	98.1191	0	0
5595	98.0845	0	0
5594	98.05	0	0
5593	98.0155	0	0
5592	97.981	0	0
5591	97.9466	0	0
5590	97.9123	0	0
5589	97.878	0	0
5588	97.8438	0	0
5587	97.8096	0	0
5586	97.7755	0	0
5585	97.7414	0	0
5584	97.7074	0	0
5583	97.6735	0	0
5582	97.6396	0	0
5581	97.6057	0	0
5580	97.5719	0	0
5579	97.5382	0	0
5578	97.5045	0	0
5577	97.4709	0	0
5576	97.4373	0	0
5575	97.4038	0	0
5574	97.3703	0	0
5573	97.3369	0	0
5572	97.3035	0	0
5571	97.2702	0	0
5570	97.2369	0	0
5569	97.2037	0	0
5568	97.1706	0	0
5567	97.1375	0	0
5566	97.1044	0	0
5565	97.0714	0	0
5564	97.0384	0	0
5563	97.0055	0	0
5562	96.9727	0	0
5561	96.9399	0	0
5560	96.9072	0	0
5559	96.8745	0	0
5558	96.8418	0	0
5557	96.8092	0	0
5556	96.7767	0	0
5555	96.7442	0	0
5554	96.7117	0	0
5553	96.6793	0	0
5552	96.647	0	0
5551	96.6147	0	0
5550	96.5825	0	0
5549	96.5503	0	0
5548	96.5181	0	0
5547	96.486	0	0
5546	96.454	0	0
5545	96.422	0	0
5544	96.3901	0	0
5543	96.3582	0	0
5542	96.3263	0	0
5541	96.2945	0	0
5540	96.2628	0	0
5539	96.2311	0	0
5538	96.1994	0	0
5537	96.1678	0	0
5536	96.1363	0	0
5535	96.1048	0	0
5534	96.0733	0	0
5533	96.0419	0	0
5532	96.0105	0	0
5531	95.9792	0	0
5530	95.9479	0	0
5529	95.9167	0	0
5528	95.8856	0	0
5527	95.8544	0	0
5526	95.8234	0	0
5525	95.7923	0	0
5524	95.7613	0	0
5523	95.7304	0	0
5522	95.6995	0	0
5521	95.6687	0	0
5520	95.6379	0	0
5519	95.6071	0	0
5518	95.5764	0	0
5517	95.5458	0	0
5516	95.5152	0	0
5515	95.4846	0	0
5514	95.4541	0	0
5513	95.4236	0	0
5512	95.3932	0	0
5511	95.3628	0	0
5510	95.3325	0	0
5509	95.3022	0	0
5508	95.272	0	0
5507	95.2418	0	0
5506	95.2116	0	0
5505	95.1815	0	0
5504	95.1514	0	0
5503	95.1214	0	0
5502	95.0915	0	0
5501	95.0615	0	0
5500	95.0317	0	0
5499	95.0018	0	0
5498	94.972	0	0
5497	94.9423	0	0
5496	94.9126	0	0
5495	94.8829	0	0
5494	94.8533	0	0
5493	94.8237	0	0
5492	94.7942	0	0
5491	94.7647	0	0
5490	94.7353	0	0
5489	94.7059	0	0
5488	94.6765	0	0
5487	94.6472	0	0
5486	94.618	0	0
5485	94.5887	0	0
5484	94.5596	0	0
5483	94.5304	0	0
5482	94.5013	0	0
5481	94.4723	0	0
5480	94.4433	0	0
5479	94.4143	0	0
5478	94.3854	0	0
5477	94.3565	0	0
5476	94.3277	0	0
5475	94.2989	0	0
5474	94.2701	0	0
5473	94.2414	0	0
5472	94.2127	0	0
5471	94.1841	0	0
5470	94.1555	0	0
5469	94.127	0	0
5468	94.0985	0	0
5467	94.07	0	0
5466	94.0416	0	0
5465	94.0132	0	0
5464	93.9849	0	0
5463	93.9566	0	0
5462	93.9283	0	0
5461	93.9001	0	0
5460	93.872	0	0
5459	93.8438	0	0
5458	93.8157	0	0
5457	93.7877	0	0
5456	93.7597	0	0
5455	93.7317	0	0
5454	93.7038	0	0
5453	93.6759	0	0
5452	93.6481	0	0
5451	93.6202	0	0
5450	93.5925	0	0
5449	93.5648	0	0
5448	93.5371	0	0
5447	93.5094	0	0
5446	93.4818	0	0
5445	93.4542	0	0
5444	93.4267	0	0
5443	93.3992	0	0
5442	93.3718	0	0
5441	93.3444	0	0
5440	93.317	0	0
5439	93.2897	0	0
5438	93.2624	0	0
5437	93.2351	0	0
5436	93.2079	0	0
5435	93.1807	0	0
5434	93.1536	0	0
5433	93.1265	0	0
5432	93.0995	0	0
5431	93.0724	0	0
5430	93.0455	0	0
5429	93.0185	0	0
5428	92.9916	0	0
5427	92.9647	0	0
5426	92.9379	0	0
5425	92.9111	0	0
5424	92.8844	0	0
5423	92.8577	0	0
5422	92.831	0	0
5421	92.8043	0	0
5420	92.7777	0	0
5419	92.7512	0	0
5418	92.7247	0	0
5417	92.6982	0	0
5416	92.6717	0	0
5415	92.6453	0	0
5414	92.6189	0	0
5413	92.5926	0	0
5412	92.5663	0	0
5411	92.54	0	0
5410	92.5138	0	0
5409	92.4876	0	0
5408	92.4614	0	0
5407	92.4353	0	0
5406	92.4093	0	0
5405	92.3832	0	0
5404	92.3572	0	0
5403	92.3312	0	0
5402	92.3053	0	0
5401	92.2794	0	0
5400	92.2535	0	0
5399	92.2277	0	0
5398	92.2019	0	0
5397	92.1762	0	0
5396	92.1504	0	0
5395	92.1247	0	0
5394	92.0991	0	0
5393	92.0735	0	0
5392	92.0479	0	0
5391	92.0224	0	0
5390	91.9969	0	0
5389	91.9714	0	0
5388	91.946	0	0
5387	91.9206	0	0
5386	91.8952	0	0
5385	91.8699	0	0
5384	91.8446	0	0
5383	91.8193	0	0
5382	91.7941	0	0
5381	91.7689	0	0
5380	91.7437	0	0
5379	91.7186	0	0
5378	91.6935	0	0
5377	91.6685	0	0
5376	91.6434	0	0
5375	91.6185	0	0
5374	91.5935	0	0
5373	91.5686	0	0
5372	91.5437	0	0
5371	91.5189	0	0
5370	91.4941	0	0
5369	91.4693	0	0
5368	91.4445	0	0
5367	91.4198	0	0
5366	91.3951	0	0
5365	91.3705	0	0
5364	91.3459	0	0
5363	91.3213	0	0
5362	91.2968	0	0
5361	91.2723	0	0
5360	91.2478	0	0
5359	91.2233	0	0
5358	91.1989	0	0
5357	91.1745	0	0
5356	91.1502	0	0
5355	91.1259	0	0
5354	91.1016	0	0
5353	91.0774	0	0
5352	91.0531	0	0
5351	91.029	0	0
5350	91.0048	0	0
5349	90.9807	0	0
5348	90.9566	0	0
5347	90.9326	0	0
5346	90.9086	0	0
5345	90.8846	0	0
5344	90.8606	0	0
5343	90.8367	0	0
5342	90.8128	0	0
5341	90.7889	0	0
5340	90.7651	0	0
5339	90.7413	0	0
5338	90.7176	0	0
5337	90.6938	0	0
5336	90.6701	0	0
5335	90.6465	0	0
5334	90.6228	0	0
5333	90.5992	0	0
5332	90.5757	0	0
5331	90.5521	0	0
5330	90.5286	0	0
5329	90.5051	0	0
5328	90.4817	0	0
5327	90.4583	0	0
5326	90.4349	0	0
5325	90.4115	0	0
5324	90.3882	0	0
5323	90.3649	0	0
5322	90.3417	0	0
5321	90.3184	0	0
5320	90.2952	0	0
5319	90.2721	0	0
5318	90.2489	0	0
5317	90.2258	0	0
5316	90.2027	0	0
5315	90.1797	0	0
5314	90.1567	0	0
5313	90.1337	0	0
5312	90.1107	0	0
5311	90.0878	0	0
5310	90.0649	0	0
5309	90.042	0	0
5308	90.0192	0	0
5307	89.9964	0	0
5306	89.9736	0	0
5305	89.9509	0	0
5304	89.9282	0	0
5303	89.9055	0	0
5302	89.8828	0	0
5301	89.8602	0	0
5300	89.8376	0	0
5299	89.815	0	0
5298	89.7925	0	0
5297	89.77	0	0
5296	89.7475	0	0
5295	89.725	0	0
5294	89.7026	0	0
5293	89.6802	0	0
5292	89.6579	0	0
5291	89.6355	0	0
5290	89.6132	0	0
5289	89.591	0	0
5288	89.5687	0	0
5287	89.5465	0	0
5286	89.5243	0	0
5285	89.5021	0	0
5284	89.48	0	0
5283	89.4579	0	0
5282	89.4358	0	0
5281	89.4138	0	0
5280	89.3918	0	0
5279	89.3698	0	0
5278	89.3478	0	0
5277	89.3259	0	0
5276	89.304	0	0
5275	89.2821	0	0
5274	89.2602	0	0
5273	89.2384	0	0
5272	89.2166	0	0
5271	89.1948	0	0
5270	89.1731	0	0
5269	89.1514	0	0
5268	89.1297	0	0
5267	89.1081	0	0
5266	89.0864	0	0
5265	89.0648	0	0
5264	89.0433	0	0
5263	89.0217	0	0
5262	89.0002	0	0
5261	88.9787	0	0
5260	88.9572	0	0
5259	88.9358	0	0
5258	88.9144	0	0
5257	88.893	0	0
5256	88.8717	0	0
5255	88.8503	0	0
5254	88.829	0	0
5253	88.8078	0	0
5252	88.7865	0	0
5251	88.7653	0	0
5250	88.7441	0	0
5249	88.7229	0	0
5248	88.7018	0	0
5247	88.6807	0	0
5246	88.6596	0	0
5245	88.6385	0	0
5244	88.6175	0	0
5243	88.5965	0	0
5242	88.5755	0	0
5241	88.5545	0	0
5240	88.5336	0	0
5239	88.5127	0	0
5238	88.4918	0	0
5237	88.471	0	0
5236	88.4502	0	0
5235	88.4294	0	0
5234	88.4086	0	0
5233	88.3878	0	0
5232	88.3671	0	0
5231	88.3464	0	0
5230	88.3258	0	0
5229	88.3051	0	0
5228	88.2845	0	0
5227	88.2639	0	0
5226	88.2433	0	0
5225	88.2228	0	0
5224	88.2023	0	0
5223	88.1818	0	0
5222	88.1613	0	0
5221	88.1409	0	0
5220	88.1205	0	0
5219	88.1001	0	0
5218	88.0797	0	0
5217	88.0594	0	0
5216	88.0391	0	0
5215	88.0188	0	0
5214	87.9985	0	0
5213	87.9783	0	0
5212	87.9581	0	0
5211	87.9379	0	0
5210	87.9177	0	0
5209	87.8976	0	0
5208	87.8774	0	0
5207	87.8573	0	0
5206	87.8373	0	0
5205	87.8172	0	0
5204	87.7972	0	0
5203	87.7772	0	0
5202	87.7573	0	0
5201	87.7373	0	0
5200	87.7174	0	0
5199	87.6975	0	0
5198	87.6776	0	0
5197	87.6578	0	0
5196	87.638	0	0
5195	87.6182	0	0
5194	87.5984	0	0
5193	87.5786	0	0
5192	87.5589	0	0
5191	87.5392	0	0
5190	87.5195	0	0
5189	87.4999	0	0
5188	87.4802	0	0
5187	87.4606	0	0
5186	87.441	0	0
5185	87.4215	0	0
5184	87.4019	0	0
5183	87.3824	0	0
5182	87.3629	0	0
5181	87.3435	0	0
5180	87.324	0	0
5179	87.3046	0	0
5178	87.2852	0	0
5177	87.2658	0	0
5176	87.2465	0	0
5175	87.2271	0	0
5174	87.2078	0	0
5173	87.1885	0	0
5172	87.1693	0	0
5171	87.1501	0	0
5170	87.1308	0	0
5169	87.1116	0	0
5168	87.0925	0	0
5167	87.0733	0	0
5166	87.0542	0	0
5165	87.0351	0	0
5164	87.016	0	0
5163	86.997	0	0
5162	86.9779	0	0
5161	86.9589	0	0
5160	86.9399	0	0
5159	86.921	0	0
5158	86.902	0	0
5157	86.8831	0	0
5156	86.8642	0	0
5155	86.8453	0	0
5154	86.8265	0	0
5153	86.8077	0	0
5152	86.7889	0	0
5151	86.7701	0	0
5150	86.7513	0	0
5149	86.7326	0	0
5148	86.7138	0	0
5147	86.6951	0	0
5146	86.6765	0	0
5145	86.6578	0	0
5144	86.6392	0	0
5143	86.6206	0	0
5142	86.602	0	0
5141	86.5834	0	0
5140	86.5649	0	0
5139	86.5463	0	0
5138	86.5278	0	0
5137	86.5093	0	0
5136	86.4909	0	0
5135	86.4724	0	0
5134	86.454	0	0
5133	86.4356	0	0
5132	86.4173	0	0
5131	86.3989	0	0
5130	86.3806	0	0
5129	86.3623	0	0
5128	86.344	0	0
5127	86.3257	0	0
5126	86.3074	0	0
5125	86.2892	0	0
5124	86.271	0	0
5123	86.2528	0	0
5122	86.2347	0	0
5121	86.2165	0	0
5120	86.1984	0	0
5119	86.1803	0	0
5118	86.1622	0	0
5117	86.1441	0	0
5116	86.1261	0	0
5115	86.1081	0	0
5114	86.0901	0	0
5113	86.0721	0	0
5112	86.0541	0	0
5111	86.0362	0	0
5110	86.0183	0	0
5109	86.0004	0	0
5108	85.9825	0	0
5107	85.9647	0	0
5106	85.9468	0	0
5105	85.929	0	0
5104	85.9112	0	0
5103	85.8934	0	0
5102	85.8757	0	0
5101	85.8579	0	0
5100	85.8402	0	0
5099	85.8225	0	0
5098	85.8049	0	0
5097	85.7872	0	0
5096	85.7696	0	0
5095	85.7519	0	0
5094	85.7343	0	0
5093	85.7168	0	0
5092	85.6992	0	0
5091	85.6817	0	0
5090	85.6642	0	0
5089	85.6467	0	0
5088	85.6292	0	0
5087	85.6117	0	0
5086	85.5943	0	0
5085	85.5769	0	0
5084	85.5595	0	0
5083	85.5421	0	0
5082	85.5247	0	0
5081	85.5074	0	0
5080	85.49	0	0
5079	85.4727	0	0
5078	85.4555	0	0
5077	85.4382	0	0
5076	85.4209	0	0
5075	85.4037	0	0
5074	85.3865	0	0
5073	85.3693	0	0
5072	85.3521	0	0
5071	85.335	0	0
5070	85.3179	0	0
5069	85.3007	0	0
5068	85.2836	0	0
5067	85.2666	0	0
5066	85.2495	0	0
5065	85.2325	0	0
5064	85.2154	0	0
5063	85.1984	0	0
5062	85.1815	0	0
5061	85.1645	0	0
5060	85.1475	0	0
5059	85.1306	0	0
5058	85.1137	0	0
5057	85.0968	0	0
5056	85.0799	0	0
5055	85.0631	0	0
5054	85.0463	0	0
5053	85.0294	0	0
5052	85.0126	0	0
5051	84.9959	0	0
5050	84.9791	0	0
5049	84.9623	0	0
5048	84.9456	0	0
5047	84.9289	0	0
5046	84.9122	0	0
5045	84.8955	0	0
5044	84.8789	0	0
5043	84.8622	0	0
5042	84.8456	0	0
5041	84.829	0	0
5040	84.8124	0	0
5039	84.7959	0	0
5038	84.7793	0	0
5037	84.7628	0	0
5036	84.7463	0	0
5035	84.7298	0	0
5034	84.7133	0	0
5033	84.6968	0	0
5032	84.6804	0	0
5031	84.664	0	0
5030	84.6476	0	0
5029	84.6312	0	0
5028	84.6148	0	0
5027	84.5985	0	0
5026	84.5821	0	0
5025	84.5658	0	0
5024	84.5495	0	0
5023	84.5332	0	0
5022	84.5169	0	0
5021	84.5007	0	0
5020	84.4844	0	0
5019	84.4682	0	0
5018	84.452	0	0
5017	84.4358	0	0
5016	84.4197	0	0
5015	84.4035	0	0
5014	84.3874	0	0
5013	84.3713	0	0
5012	84.3552	0	0
5011	84.3391	0	0
5010	84.323	0	0
5009	84.307	0	0
5008	84.2909	0	0
5007	84.2749	0	0
5006	84.2589	0	0
5005	84.2429	0	0
5004	84.227	0	0
5003	84.211	0	0
5002	84.1951	0	0
5001	84.1792	0	0
5000	84.1633	0	0
4999	84.1474	0	0
4998	84.1315	0	0
4997	84.1157	0	0
4996	84.0998	0	0
4995	84.084	0	0
4994	84.0682	0	0
4993	84.0524	0	0
4992	84.0367	0	0
4991	84.0209	0	0
4990	84.0052	0	0
4989	83.9894	0	0
4988	83.9737	0	0
4987	83.9581	0	0
4986	83.9424	0	0
4985	83.9267	0	0
4984	83.9111	0	0
4983	83.8955	0	0
4982	83.8798	0	0
4981	83.8643	0	0
4980	83.8487	0	0
4979	83.8331	0	0
4978	83.8176	0	0
4977	83.802	0	0
4976	83.7865	0	0
4975	83.771	0	0
4974	83.7555	0	0
4973	83.7401	0	0
4972	83.7246	0	0
4971	83.7092	0	0
4970	83.6938	0	0
4969	83.6783	0	0
4968	83.663	0	0
4967	83.6476	0	0
4966	83.6322	0	0
4965	83.6169	0	0
4964	83.6015	0	0
4963	83.5862	0	0
4962	83.5709	0	0
4961	83.5557	0	0
4960	83.5404	0	0
4959	83.5251	0	0
4958	83.5099	0	0
4957	83.4947	0	0
4956	83.4795	0	0
4955	83.4643	0	0
4954	83.4491	0	0
4953	83.4339	0	0
4952	83.4188	0	0
4951	83.4036	0	0
4950	83.3885	0	0
4949	83.3734	0	0
4948	83.3583	0	0
4947	83.3433	0	0
4946	83.3282	0	0
4945	83.3132	0	0
4944	83.2981	0	0
4943	83.2831	0	0
4942	83.2681	0	0
4941	83.2531	0	0
4940	83.2382	0	0
4939	83.2232	0	0
4938	83.2083	0	0
4937	83.1933	0	0
4936	83.1784	0	0
4935	83.1635	0	0
4934	83.1486	0	0
4933	83.1338	0	0
4932	83.1189	0	0
4931	83.1041	0	0
4930	83.0892	0	0
4929	83.0744	0	0
4928	83.0596	0	0
4927	83.0449	0	0
4926	83.0301	0	0
4925	83.0153	0	0
4924	83.0006	0	0
4923	82.9859	0	0
4922	82.9711	0	0
4921	82.9564	0	0
4920	82.9418	0	0
4919	82.9271	0	0
4918	82.9124	0	0
4917	82.8978	0	0
4916	82.8832	0	0
4915	82.8685	0	0
4914	82.8539	0	0
4913	82.8393	0	0
4912	82.8248	0	0
4911	82.8102	0	0
4910	82.7957	0	0
4909	82.7811	0	0
4908	82.7666	0	0
4907	82.7521	0	0
4906	82.7376	0	0
4905	82.7231	0	0
4904	82.7087	0	0
4903	82.6942	0	0
4902	82.6798	0	0
4901	82.6654	0	0
4900	82.6509	0	0
4899	82.6365	0	0
4898	82.6222	0	0
4897	82.6078	0	0
4896	82.5934	0	0
4895	82.5791	0	0
4894	82.5648	0	0
4893	82.5504	0	0
4892	82.5361	0	0
4891	82.5218	0	0
4890	82.5076	0	0
4889	82.4933	0	0
4888	82.479	0	0
4887	82.4648	0	0
4886	82.4506	0	0
4885	82.4364	0	0
4884	82.4222	0	0
4883	82.408	0	0
4882	82.3938	0	0
4881	82.3796	0	0
4880	82.3655	0	0
4879	82.3514	0	0
4878	82.3372	0	0
4877	82.3231	0	0
4876	82.309	0	0
4875	82.2949	0	0
4874	82.2809	0	0
4873	82.2668	0	0
4872	82.2528	0	0
4871	82.2387	0	0
4870	82.2247	0	0
4869	82.2107	0	0
4868	82.1967	0	0
4867	82.1827	0	0
4866	82.1688	0	0
4865	82.1548	0	0
4864	82.1408	0	0
4863	82.1269	0	0
4862	82.113	0	0
4861	82.0991	0	0
4860	82.0852	0	0
4859	82.0713	0	0
4858	82.0574	0	0
4857	82.0436	0	0
4856	82.0297	0	0
4855	82.0159	0	0
4854	82.0021	0	0
4853	81.9883	0	0
4852	81.9745	0	0
4851	81.9607	0	0
4850	81.9469	0	0
4849	81.9331	0	0
4848	81.9194	0	0
4847	81.9056	0	0
4846	81.8919	0	0
4845	81.8782	0	0
4844	81.8645	0	0
4843	81.8508	0	0
4842	81.8371	0	0
4841	81.8235	0	0
4840	81.8098	0	0
4839	81.7962	0	0
4838	81.7825	0	0
4837	81.7689	0	0
4836	81.7553	0	0
4835	81.7417	0	0
4834	81.7281	0	0
4833	81.7145	0	0
4832	81.701	0	0
4831	81.6874	0	0
4830	81.6739	0	0
4829	81.6604	0	0
4828	81.6469	0	0
4827	81.6333	0	0
4826	81.6199	0	0
4825	81.6064	0	0
4824	81.5929	0	0
4823	81.5794	0	0
4822	81.566	0	0
4821	81.5526	0	0
4820	81.5391	0	0
4819	81.5257	0	0
4818	81.5123	0	0
4817	81.4989	0	0
4816	81.4856	0	0
4815	81.4722	0	0
4814	81.4588	0	0
4813	81.4455	0	0
4812	81.4321	0	0
4811	81.4188	0	0
4810	81.4055	0	0
4809	81.3922	0	0
4808	81.3789	0	0
4807	81.3656	0	0
4806	81.3524	0	0
4805	81.3391	0	0
4804	81.3259	0	0
4803	81.3126	0	0
4802	81.2994	0	0
4801	81.2862	0	0
4800	81.273	0	0
4799	81.2598	0	0
4798	81.2466	0	0
4797	81.2334	0	0
4796	81.2203	0	0
4795	81.2071	0	0
4794	81.194	0	0
4793	81.1809	0	0
4792	81.1677	0	0
4791	81.1546	0	0
4790	81.1415	0	0
4789	81.1285	0	0
4788	81.1154	0	0
4787	81.1023	0	0
4786	81.0893	0	0
4785	81.0762	0	0
4784	81.0632	0	0
4783	81.0502	0	0
4782	81.0371	0	0
4781	81.0241	0	0
4780	81.0111	0	0
4779	80.9982	0	0
4778	80.9852	0	0
4777	80.9722	0	0
4776	80.9593	0	0
4775	80.9463	0	0
4774	80.9334	0	0
4773	80.9205	0	0
4772	80.9076	0	0
4771	80.8947	0	0
4770	80.8818	0	0
4769	80.8689	0	0
4768	80.856	0	0
4767	80.8432	0	0
4766	80.8303	0	0
4765	80.8175	0	0
4764	80.8047	0	0
4763	80.7918	0	0
4762	80.779	0	0
4761	80.7662	0	0
4760	80.7534	0	0
4759	80.7406	0	0
4758	80.7279	0	0
4757	80.7151	0	0
4756	80.7024	0	0
4755	80.6896	0	0
4754	80.6769	0	0
4753	80.6642	0	0
4752	80.6515	0	0
4751	80.6388	0	0
4750	80.6261	0	0
4749	80.6134	0	0
4748	80.6007	0	0
4747	80.588	0	0
4746	80.5754	0	0
4745	80.5627	0	0
4744	80.5501	0	0
4743	80.5375	0	0
4742	80.5248	0	0
4741	80.5122	0	0
4740	80.4996	0	0
4739	80.4871	0	0
4738	80.4745	0	0
4737	80.4619	0	0
4736	80.4493	0	0
4735	80.4368	0	0
4734	80.4242	0	0
4733	80.4117	0	0
4732	80.3992	0	0
4731	80.3867	0	0
4730	80.3742	0	0
4729	80.3617	0	0
4728	80.3492	0	0
4727	80.3367	0	0
4726	80.3242	0	0
4725	80.3118	0	0
4724	80.2993	0	0
4723	80.2869	0	0
4722	80.2744	0	0
4721	80.262	0	0
4720	80.2496	0	0
4719	80.2372	0	0
4718	80.2248	0	0
4717	80.2124	0	0
4716	80.2	0	0
4715	80.1876	0	0
4714	80.1753	0	0
4713	80.1629	0	0
4712	80.1506	0	0
4711	80.1382	0	0
4710	80.1259	0	0
4709	80.1136	0	0
4708	80.1013	0	0
4707	80.089	0	0
4706	80.0767	0	0
4705	80.0644	0	0
4704	80.0521	0	0
4703	80.0399	0	0
4702	80.0276	0	0
4701	80.0154	0	0
4700	80.0031	0	0
4699	79.9909	0	0
4698	79.9787	0	0
4697	79.9664	0	0
4696	79.9542	0	0
4695	79.942	0	0
4694	79.9298	0	0
4693	79.9177	0	0
4692	79.9055	0	0
4691	79.8933	0	0
4690	79.8811	0	0
4689	79.869	0	0
4688	79.8569	0	0
4687	79.8447	0	0
4686	79.8326	0	0
4685	79.8205	0	0
4684	79.8084	0	0
4683	79.7963	0	0
4682	79.7842	0	0
4681	79.7721	0	0
4680	79.76	0	0
4679	79.7479	0	0
4678	79.7359	0	0
4677	79.7238	0	0
4676	79.7118	0	0
4675	79.6997	0	0
4674	79.6877	0	0
4673	79.6757	0	0
4672	79.6637	0	0
4671	79.6517	0	0
4670	79.6397	0	0
4669	79.6277	0	0
4668	79.6157	0	0
4667	79.6037	0	0
4666	79.5918	0	0
4665	79.5798	0	0
4664	79.5678	0	0
4663	79.5559	0	0
4662	79.544	0	0
4661	79.532	0	0
4660	79.5201	0	0
4659	79.5082	0	0
4658	79.4963	0	0
4657	79.4844	0	0
4656	79.4725	0	0
4655	79.4606	0	0
4654	79.4487	0	0
4653	79.4369	0	0
4652	79.425	0	0
4651	79.4132	0	0
4650	79.4013	0	0
4649	79.3895	0	0
4648	79.3777	0	0
4647	79.3658	0	0
4646	79.354	0	0
4645	79.3422	0	0
4644	79.3304	0	0
4643	79.3186	0	0
4642	79.3068	0	0
4641	79.295	0	0
4640	79.2833	0	0
4639	79.2715	0	0
4638	79.2597	0	0
4637	79.248	0	0
4636	79.2362	0	0
4635	79.2245	0	0
4634	79.2128	0	0
4633	79.201	0	0
4632	79.1893	0	0
4631	79.1776	0	0
4630	79.1659	0	0
4629	79.1542	0	0
4628	79.1425	0	0
4627	79.1309	0	0
4626	79.1192	0	0
4625	79.1075	0	0
4624	79.0959	0	0
4623	79.0842	0	0
4622	79.0725	0	0
4621	79.0609	0	0
4620	79.0493	0	0
4619	79.0376	0	0
4618	79.026	0	0
4617	79.0144	0	0
4616	79.0028	0	0
4615	78.9912	0	0
4614	78.9796	0	0
4613	78.968	0	0
4612	78.9564	0	0
4611	78.9449	0	0
4610	78.9333	0	0
4609	78.9217	0	0
4608	78.9102	0	0
4607	78.8986	0	0
4606	78.8871	0	0
4605	78.8756	0	0
4604	78.864	0	0
4603	78.8525	0	0
4602	78.841	0	0
4601	78.8295	0	0
4600	78.818	0	0
4599	78.8065	0	0
4598	78.795	0	0
4597	78.7835	0	0
4596	78.772	0	0
4595	78.7606	0	0
4594	78.7491	0	0
4593	78.7376	0	0
4592	78.7262	0	0
4591	78.7147	0	0
4590	78.7033	0	0
4589	78.6919	0	0
4588	78.6804	0	0
4587	78.669	0	0
4586	78.6576	0	0
4585	78.6462	0	0
4584	78.6348	0	0
4583	78.6234	0	0
4582	78.612	0	0
4581	78.6006	0	0
4580	78.5892	0	0
4579	78.5779	0	0
4578	78.5665	0	0
4577	78.5551	0	0
4576	78.5438	0	0
4575	78.5324	0	0
4574	78.5211	0	0
4573	78.5098	0	0
4572	78.4984	0	0
4571	78.4871	0	0
4570	78.4758	0	0
4569	78.4645	0	0
4568	78.4531	0	0
4567	78.4418	0	0
4566	78.4305	0	0
4565	78.4193	0	0
4564	78.408	0	0
4563	78.3967	0	0
4562	78.3854	0	0
4561	78.3741	0	0
4560	78.3629	0	0
4559	78.3516	0	0
4558	78.3404	0	0
4557	78.3291	0	0
4556	78.3179	0	0
4555	78.3066	0	0
4554	78.2954	0	0
4553	78.2842	0	0
4552	78.273	0	0
4551	78.2617	0	0
4550	78.2505	0	0
4549	78.2393	0	0
4548	78.2281	0	0
4547	78.2169	0	0
4546	78.2058	0	0
4545	78.1946	0	0
4544	78.1834	0	0
4543	78.1722	0	0
4542	78.1611	0	0
4541	78.1499	0	0
4540	78.1387	0	0
4539	78.1276	0	0
4538	78.1164	0	0
4537	78.1053	0	0
4536	78.0942	0	0
4535	78.083	0	0
4534	78.0719	0	0
4533	78.0608	0	0
4532	78.0497	0	0
4531	78.0386	0	0
4530	78.0274	0	0
4529	78.0163	0	0
4528	78.0052	0	0
4527	77.9942	0	0
4526	77.9831	0	0
4525	77.972	0	0
4524	77.9609	0	0
4523	77.9498	0	0
4522	77.9388	0	0
4521	77.9277	0	0
4520	77.9167	0	0
4519	77.9056	0	0
4518	77.8946	0	0
4517	77.8835	0	0
4516	77.8725	0	0
4515	77.8614	0	0
4514	77.8504	0	0
4513	77.8394	0	0
4512	77.8284	0	0
4511	77.8174	0	0
4510	77.8063	0	0
4509	77.7953	0	0
4508	77.7843	0	0
4507	77.7733	0	0
4506	77.7623	0	0
4505	77.7514	0	0
4504	77.7404	0	0
4503	77.7294	0	0
4502	77.7184	0	0
4501	77.7075	0	0
4500	77.6965	0	0
4499	77.6855	0	0
4498	77.6746	0	0
4497	77.6636	0	0
4496	77.6527	0	0
4495	77.6417	0	0
4494	77.6308	0	0
4493	77.6199	0	0
4492	77.6089	0	0
4491	77.598	0	0
4490	77.5871	0	0
4489	77.5762	0	0
4488	77.5652	0	0
4487	77.5543	0	0
4486	77.5434	0	0
4485	77.5325	0	0
4484	77.5216	0	0
4483	77.5107	0	0
4482	77.4998	0	0
4481	77.489	0	0
4480	77.4781	0	0
4479	77.4672	0	0
4478	77.4563	0	0
4477	77.4455	0	0
4476	77.4346	0	0
4475	77.4237	0	0
4474	77.4129	0	0
4473	77.402	0	0
4472	77.3912	0	0
4471	77.3803	0	0
4470	77.3695	0	0
4469	77.3587	0	0
4468	77.3478	0	0
4467	77.337	0	0
4466	77.3262	0	0
4465	77.3153	0	0
4464	77.3045	0	0
4463	77.2937	0	0
4462	77.2829	0	0
4461	77.2721	0	0
4460	77.2613	0	0
4459	77.2505	0	0
4458	77.2397	0	0
4457	77.2289	0	0
4456	77.2181	0	0
4455	77.2073	0	0
4454	77.1965	0	0
4453	77.1858	0	0
4452	77.175	0	0
4451	77.1642	0	0
4450	77.1534	0	0
4449	77.1427	0	0
4448	77.1319	0	0
4447	77.1212	0	0
4446	77.1104	0	0
4445	77.0997	0	0
4444	77.0889	0	0
4443	77.0782	0	0
4442	77.0674	0	0
4441	77.0567	0	0
4440	77.046	0	0
4439	77.0352	0	0
4438	77.0245	0	0
4437	77.0138	0	0
4436	77.0031	0	0
4435	76.9923	0	0
4434	76.9816	0	0
4433	76.9709	0	0
4432	76.9602	0	0
4431	76.9495	0	0
4430	76.9388	0	0
4429	76.9281	0	0
4428	76.9174	0	0
4427	76.9067	0	0
4426	76.896	0	0
4425	76.8853	0	0
4424	76.8746	0	0
4423	76.864	0	0
4422	76.8533	0	0
4421	76.8426	0	0
4420	76.8319	0	0
4419	76.8213	0	0
4418	76.8106	0	0
4417	76.7999	0	0
4416	76.7893	0	0
4415	76.7786	0	0
4414	76.768	0	0
4413	76.7573	0	0
4412	76.7467	0	0
4411	76.736	0	0
4410	76.7254	0	0
4409	76.7147	0	0
4408	76.7041	0	0
4407	76.6935	0	0
4406	76.6828	0	0
4405	76.6722	0	0
4404	76.6616	0	0
4403	76.651	0	0
4402	76.6403	0	0
4401	76.6297	0	0
4400	76.6191	0	0
4399	76.6085	0	0
4398	76.5979	0	0
4397	76.5873	0	0
4396	76.5767	0	0
4395	76.5661	0	0
4394	76.5555	0	0
4393	76.5449	0	0
4392	76.5343	0	0
4391	76.5237	0	0
4390	76.5131	0	0
4389	76.5025	0	0
4388	76.4919	0	0
4387	76.4813	0	0
4386	76.4707	0	0
4385	76.4602	0	0
4384	76.4496	0	0
4383	76.439	0	0
4382	76.4284	0	0
4381	76.4179	0	0
4380	76.4073	0	0
4379	76.3967	0	0
4378	76.3862	0	0
4377	76.3756	0	0
4376	76.365	0	0
4375	76.3545	0	0
4374	76.3439	0	0
4373	76.3334	0	0
4372	76.3228	0	0
4371	76.3123	0	0
4370	76.3017	0	0
4369	76.2912	0	0
4368	76.2806	0	0
4367	76.2701	0	0
4366	76.2596	0	0
4365	76.249	0	0
4364	76.2385	0	0
4363	76.2279	0	0
4362	76.2174	0	0
4361	76.2069	0	0
4360	76.1964	0	0
4359	76.1858	0	0
4358	76.1753	0	0
4357	76.1648	0	0
4356	76.1543	0	0
4355	76.1437	0	0
4354	76.1332	0	0
4353	76.1227	0	0
4352	76.1122	0	0
4351	76.1017	0	0
4350	76.0912	0	0
4349	76.0807	0	0
4348	76.0702	0	0
4347	76.0597	0	0
4346	76.0492	0	0
4345	76.0387	0	0
4344	76.0282	0	0
4343	76.0177	0	0
4342	76.0072	0	0
4341	75.9967	0	0
4340	75.9862	0	0
4339	75.9757	0	0
4338	75.9652	0	0
4337	75.9547	0	0
4336	75.9442	0	0
4335	75.9337	0	0
4334	75.9232	0	0
4333	75.9128	0	0
4332	75.9023	0	0
4331	75.8918	0	0
4330	75.8813	0	0
4329	75.8708	0	0
4328	75.8604	0	0
4327	75.8499	0	0
4326	75.8394	0	0
4325	75.8289	0	0
4324	75.8185	0	0
4323	75.808	0	0
4322	75.7975	0	0
4321	75.7871	0	0
4320	75.7766	0	0
4319	75.7661	0	0
4318	75.7557	0	0
4317	75.7452	0	0
4316	75.7348	0	0
4315	75.7243	0	0
4314	75.7138	0	0
4313	75.7034	0	0
4312	75.6929	0	0
4311	75.6825	0	0
4310	75.672	0	0
4309	75.6615	0	0
4308	75.6511	0	0
4307	75.6406	0	0
4306	75.6302	0	0
4305	75.6197	0	0
4304	75.6093	0	0
4303	75.5988	0	0
4302	75.5884	0	0
4301	75.5779	0	0
4300	75.5675	0	0
4299	75.5571	0	0
4298	75.5466	0	0
4297	75.5362	0	0
4296	75.5257	0	0
4295	75.5153	0	0
4294	75.5048	0	0
4293	75.4944	0	0
4292	75.484	0	0
4291	75.4735	0	0
4290	75.4631	0	0
4289	75.4526	0	0
4288	75.4422	0	0
4287	75.4318	0	0
4286	75.4213	0	0
4285	75.4109	0	0
4284	75.4005	0	0
4283	75.39	0	0
4282	75.3796	0	0
4281	75.3692	0	0
4280	75.3587	0	0
4279	75.3483	0	0
4278	75.3379	0	0
4277	75.3274	0	0
4276	75.317	0	0
4275	75.3066	0	0
4274	75.2961	0	0
4273	75.2857	0	0
4272	75.2753	0	0
4271	75.2649	0	0
4270	75.2544	0	0
4269	75.244	0	0
4268	75.2336	0	0
4267	75.2231	0	0
4266	75.2127	0	0
4265	75.2023	0	0
4264	75.1919	0	0
4263	75.1814	0	0
4262	75.171	0	0
4261	75.1606	0	0
4260	75.1502	0	0
4259	75.1397	0	0
4258	75.1293	0	0
4257	75.1189	0	0
4256	75.1084	0	0
4255	75.098	0	0
4254	75.0876	0	0
4253	75.0772	0	0
4252	75.0667	0	0
4251	75.0563	0	0
4250	75.0459	0	0
4249	75.0355	0	0
4248	75.025	0	0
4247	75.0146	0	0
4246	75.0042	0	0
4245	74.9938	0	0
4244	74.9833	0	0
4243	74.9729	0	0
4242	74.9625	0	0
4241	74.9521	0	0
4240	74.9416	0	0
4239	74.9312	0	0
4238	74.9208	0	0
4237	74.9104	0	0
4236	74.8999	0	0
4235	74.8895	0	0
4234	74.8791	0	0
4233	74.8686	0	0
4232	74.8582	0	0
4231	74.8478	0	0
4230	74.8374	0	0
4229	74.8269	0	0
4228	74.8165	0	0
4227	74.8061	0	0
4226	74.7956	0	0
4225	74.7852	0	0
4224	74.7748	0	0
4223	74.7643	0	0
4222	74.7539	0	0
4221	74.7435	0	0
4220	74.733	0	0
4219	74.7226	0	0
4218	74.7122	0	0
4217	74.7017	0	0
4216	74.6913	0	0
4215	74.6809	0	0
4214	74.6704	0	0
4213	74.66	0	0
4212	74.6496	0	0
4211	74.6391	0	0
4210	74.6287	0	0
4209	74.6182	0	0
4208	74.6078	0	0
4207	74.5974	0	0
4206	74.5869	0	0
4205	74.5765	0	0
4204	74.566	0	0
4203	74.5556	0	0
4202	74.5451	0	0
4201	74.5347	0	0
4200	74.5243	0	0
4199	74.5138	0	0
4198	74.5034	0	0
4197	74.4929	0	0
4196	74.4825	0	0
4195	74.472	0	0
4194	74.4616	0	0
4193	74.4511	0	0
4192	74.4407	0	0
4191	74.4302	0	0
4190	74.4197	0	0
4189	74.4093	0	0
4188	74.3988	0	0
4187	74.3884	0	0
4186	74.3779	0	0
4185	74.3674	0	0
4184	74.357	0	0
4183	74.3465	0	0
4182	74.3361	0	0
4181	74.3256	0	0
4180	74.3151	0	0
4179	74.3047	0	0
4178	74.2942	0	0
4177	74.2837	0	0
4176	74.2732	0	0
4175	74.2628	0	0
4174	74.2523	0	0
4173	74.2418	0	0
4172	74.2314	0	0
4171	74.2209	0	0
4170	74.2104	0	0
4169	74.1999	0	0
4168	74.1894	0	0
4167	74.179	0	0
4166	74.1685	0	0
4165	74.158	0	0
4164	74.1475	0	0
4163	74.137	0	0
4162	74.1265	0	0
4161	74.116	0	0
4160	74.1055	0	0
4159	74.095	0	0
4158	74.0845	0	0
4157	74.074	0	0
4156	74.0635	0	0
4155	74.053	0	0
4154	74.0425	0	0
4153	74.032	0	0
4152	74.0215	0	0
4151	74.011	0	0
4150	74.0005	0	0
4149	73.99	0	0
4148	73.9795	0	0
4147	73.969	0	0
4146	73.9585	0	0
4145	73.9479	0	0
4144	73.9374	0	0
4143	73.9269	0	0
4142	73.9164	0	0
4141	73.9059	0	0
4140	73.8953	0	0
4139	73.8848	0	0
4138	73.8743	0	0
4137	73.8637	0	0
4136	73.8532	0	0
4135	73.8427	0	0
4134	73.8321	0	0
4133	73.8216	0	0
4132	73.8111	0	0
4131	73.8005	0	0
4130	73.79	0	0
4129	73.7794	0	0
4128	73.7689	0	0
4127	73.7583	0	0
4126	73.7478	0	0
4125	73.7372	0	0
4124	73.7267	0	0
4123	73.7161	0	0
4122	73.7055	0	0
4121	73.695	0	0
4120	73.6844	0	0
4119	73.6738	0	0
4118	73.6633	0	0
4117	73.6527	0	0
4116	73.6421	0	0
4115	73.6316	0	0
4114	73.621	0	0
4113	73.6104	0	0
4112	73.5998	0	0
4111	73.5892	0	0
4110	73.5786	0	0
4109	73.568	0	0
4108	73.5575	0	0
4107	73.5469	0	0
4106	73.5363	0	0
4105	73.5257	0	0
4104	73.5151	0	0
4103	73.5045	0	0
4102	73.4939	0	0
4101	73.4832	0	0
4100	73.4726	0	0
4099	73.462	0	0
4098	73.4514	0	0
4097	73.4408	0	0
4096	73.4302	0	0
4095	73.4195	0	0
4094	73.4089	0	0
4093	73.3983	0	0
4092	73.3877	0	0
4091	73.377	0	0
4090	73.3664	0	0
4089	73.3557	0	0
4088	73.3451	0	0
4087	73.3345	0	0
4086	73.3238	0	0
4085	73.3132	0	0
4084	73.3025	0	0
4083	73.2919	0	0
4082	73.2812	0	0
4081	73.2705	0	0
4080	73.2599	0	0
4079	73.2492	0	0
4078	73.2385	0	0
4077	73.2279	0	0
4076	73.2172	0	0
4075	73.2065	0	0
4074	73.1958	0	0
4073	73.1852	0	0
4072	73.1745	0	0
4071	73.1638	0	0
4070	73.1531	0	0
4069	73.1424	0	0
4068	73.1317	0	0
4067	73.121	0	0
4066	73.1103	0	0
4065	73.0996	0	0
4064	73.0889	0	0
4063	73.0782	0	0
4062	73.0675	0	0
4061	73.0567	0	0
4060	73.046	0	0
4059	73.0353	0	0
4058	73.0246	0	0
4057	73.0138	0	0
4056	73.0031	0	0
4055	72.9924	0	0
4054	72.9816	0	0
4053	72.9709	0	0
4052	72.9601	0	0
4051	72.9494	0	0
4050	72.9386	0	0
4049	72.9279	0	0
4048	72.9171	0	0
4047	72.9063	0	0
4046	72.8956	0	0
4045	72.8848	0	0
4044	72.874	0	0
4043	72.8633	0	0
4042	72.8525	0	0
4041	72.8417	0	0
4040	72.8309	0	0
4039	72.8201	0	0
4038	72.8093	0	0
4037	72.7985	0	0
4036	72.7877	0	0
4035	72.7769	0	0
4034	72.7661	0	0
4033	72.7553	0	0
4032	72.7445	0	0
4031	72.7337	0	0
4030	72.7229	0	0
4029	72.712	0	0
4028	72.7012	0	0
4027	72.6904	0	0
4026	72.6795	0	0
4025	72.6687	0	0
4024	72.6579	0	0
4023	72.647	0	0
4022	72.6362	0	0
4021	72.6253	0	0
4020	72.6145	0	0
4019	72.6036	0	0
4018	72.5927	0	0
4017	72.5819	0	0
4016	72.571	0	0
4015	72.5601	0	0
4014	72.5492	0	0
4013	72.5384	0	0
4012	72.5275	0	0
4011	72.5166	0	0
4010	72.5057	0	0
4009	72.4948	0	0
4008	72.4839	0	0
4007	72.473	0	0
4006	72.4621	0	0
4005	72.4512	0	0
4004	72.4402	0	0
4003	72.4293	0	0
4002	72.4184	0	0
4001	72.4075	0	0
4000	72.3965	0	0
3999	72.3856	0	0
3998	72.3747	0	0
3997	72.3637	0	0
3996	72.3528	0	0
3995	72.3418	0	0
3994	72.3308	0	0
3993	72.3199	0	0
3992	72.3089	0	0
3991	72.298	0	0
3990	72.287	0	0
3989	72.276	0	0
3988	72.265	0	0
3987	72.254	0	0
3986	72.243	0	0
3985	72.232	0	0
3984	72.221	0	0
3983	72.21	0	0
3982	72.199	0	0
3981	72.188	0	0
3980	72.177	0	0
3979	72.166	0	0
3978	72.155	0	0
3977	72.1439	0	0
3976	72.1329	0	0
3975	72.1219	0	0
3974	72.1108	0	0
3973	72.0998	0	0
3972	72.0887	0	0
3971	72.0777	0	0
3970	72.0666	0	0
3969	72.0555	0	0
3968	72.0445	0	0
3967	72.0334	0	0
3966	72.0223	0	0
3965	72.0112	0	0
3964	72.0002	0	0
3963	71.9891	0	0
3962	71.978	0	0
3961	71.9669	0	0
3960	71.9558	0	0
3959	71.9447	0	0
3958	71.9335	0	0
3957	71.9224	0	0
3956	71.9113	0	0
3955	71.9002	0	0
3954	71.889	0	0
3953	71.8779	0	0
3952	71.8668	0	0
3951	71.8556	0	0
3950	71.8445	0	0
3949	71.8333	0	0
3948	71.8221	0	0
3947	71.811	0	0
3946	71.7998	0	0
3945	71.7886	0	0
3944	71.7775	0	0
3943	71.7663	0	0
3942	71.7551	0	0
3941	71.7439	0	0
3940	71.7327	0	0
3939	71.7215	0	0
3938	71.7103	0	0
3937	71.6991	0	0
3936	71.6878	0	0
3935	71.6766	0	0
3934	71.6654	0	0
3933	71.6542	0	0
3932	71.6429	0	0
3931	71.6317	0	0
3930	71.6204	0	0
3929	71.6092	0	0
3928	71.5979	0	0
3927	71.5867	0	0
3926	71.5754	0	0
3925	71.5641	0	0
3924	71.5528	0	0
3923	71.5415	0	0
3922	71.5303	0	0
3921	71.519	0	0
3920	71.5077	0	0
3919	71.4964	0	0
3918	71.4851	0	0
3917	71.4737	0	0
3916	71.4624	0	0
3915	71.4511	0	0
3914	71.4398	0	0
3913	71.4284	0	0
3912	71.4171	0	0
3911	71.4057	0	0
3910	71.3944	0	0
3909	71.383	0	0
3908	71.3717	0	0
3907	71.3603	0	0
3906	71.3489	0	0
3905	71.3376	0	0
3904	71.3262	0	0
3903	71.3148	0	0
3902	71.3034	0	0
3901	71.292	0	0
3900	71.2806	0	0
3899	71.2692	0	0
3898	71.2578	0	0
3897	71.2463	0	0
3896	71.2349	0	0
3895	71.2235	0	0
3894	71.212	0	0
3893	71.2006	0	0
3892	71.1891	0	0
3891	71.1777	0	0
3890	71.1662	0	0
3889	71.1548	0	0
3888	71.1433	0	0
3887	71.1318	0	0
3886	71.1203	0	0
3885	71.1088	0	0
3884	71.0974	0	0
3883	71.0859	0	0
3882	71.0743	0	0
3881	71.0628	0	0
3880	71.0513	0	0
3879	71.0398	0	0
3878	71.0283	0	0
3877	71.0167	0	0
3876	71.0052	0	0
3875	70.9937	0	0
3874	70.9821	0	0
3873	70.9705	0	0
3872	70.959	0	0
3871	70.9474	0	0
3870	70.9358	0	0
3869	70.9243	0	0
3868	70.9127	0	0
3867	70.9011	0	0
3866	70.8895	0	0
3865	70.8779	0	0
3864	70.8663	0	0
3863	70.8547	0	0
3862	70.843	0	0
3861	70.8314	0	0
3860	70.8198	0	0
3859	70.8081	0	0
3858	70.7965	0	0
3857	70.7848	0	0
3856	70.7732	0	0
3855	70.7615	0	0
3854	70.7499	0	0
3853	70.7382	0	0
3852	70.7265	0	0
3851	70.7148	0	0
3850	70.7031	0	0
3849	70.6914	0	0
3848	70.6797	0	0
3847	70.668	0	0
3846	70.6563	0	0
3845	70.6446	0	0
3844	70.6328	0	0
3843	70.6211	0	0
3842	70.6094	0	0
3841	70.5976	0	0
3840	70.5859	0	0
3839	70.5741	0	0
3838	70.5623	0	0
3837	70.5505	0	0
3836	70.5388	0	0
3835	70.527	0	0
3834	70.5152	0	0
3833	70.5034	0	0
3832	70.4916	0	0
3831	70.4798	0	0
3830	70.468	0	0
3829	70.4561	0	0
3828	70.4443	0	0
3827	70.4325	0	0
3826	70.4206	0	0
3825	70.4088	0	0
3824	70.3969	0	0
3823	70.3851	0	0
3822	70.3732	0	0
3821	70.3613	0	0
3820	70.3494	0	0
3819	70.3375	0	0
3818	70.3256	0	0
3817	70.3137	0	0
3816	70.3018	0	0
3815	70.2899	0	0
3814	70.278	0	0
3813	70.2661	0	0
3812	70.2541	0	0
3811	70.2422	0	0
3810	70.2303	0	0
3809	70.2183	0	0
3808	70.2063	0	0
3807	70.1944	0	0
3806	70.1824	0	0
3805	70.1704	0	0
3804	70.1584	0	0
3803	70.1464	0	0
3802	70.1344	0	0
3801	70.1224	0	0
3800	70.1104	0	0
3799	70.0984	0	0
3798	70.0864	0	0
3797	70.0743	0	0
3796	70.0623	0	0
3795	70.0502	0	0
3794	70.0382	0	0
3793	70.0261	0	0
3792	70.0141	0	0
3791	70.002	0	0
3790	69.9899	0	0
3789	69.9778	0	0
3788	69.9657	0	0
3787	69.9536	0	0
3786	69.9415	0	0
3785	69.9294	0	0
3784	69.9173	0	0
3783	69.9051	0	0
3782	69.893	0	0
3781	69.8809	0	0
3780	69.8687	0	0
3779	69.8566	0	0
3778	69.8444	0	0
3777	69.8322	0	0
3776	69.82	0	0
3775	69.8079	0	0
3774	69.7957	0	0
3773	69.7835	0	0
3772	69.7713	0	0
3771	69.7591	0	0
3770	69.7468	0	0
3769	69.7346	0	0
3768	69.7224	0	0
3767	69.7101	0	0
3766	69.6979	0	0
3765	69.6856	0	0
3764	69.6734	0	0
3763	69.6611	0	0
3762	69.6488	0	0
3761	69.6365	0	0
3760	69.6242	0	0
3759	69.6119	0	0
3758	69.5996	0	0
3757	69.5873	0	0
3756	69.575	0	0
3755	69.5627	0	0
3754	69.5503	0	0
3753	69.538	0	0
3752	69.5256	0	0
3751	69.5133	0	0
3750	69.5009	0	0
3749	69.4886	0	0
3748	69.4762	0	0
3747	69.4638	0	0
3746	69.4514	0	0
3745	69.439	0	0
3744	69.4266	0	0
3743	69.4142	0	0
3742	69.4018	0	0
3741	69.3893	0	0
3740	69.3769	0	0
3739	69.3644	0	0
3738	69.352	0	0
3737	69.3395	0	0
3736	69.3271	0	0
3735	69.3146	0	0
3734	69.3021	0	0
3733	69.2896	0	0
3732	69.2771	0	0
3731	69.2646	0	0
3730	69.2521	0	0
3729	69.2396	0	0
3728	69.2271	0	0
3727	69.2145	0	0
3726	69.202	0	0
3725	69.1894	0	0
3724	69.1769	0	0
3723	69.1643	0	0
3722	69.1518	0	0
3721	69.1392	0	0
3720	69.1266	0	0
3719	69.114	0	0
3718	69.1014	0	0
3717	69.0888	0	0
3716	69.0762	0	0
3715	69.0635	0	0
3714	69.0509	0	0
3713	69.0383	0	0
3712	69.0256	0	0
3711	69.013	0	0
3710	69.0003	0	0
3709	68.9876	0	0
3708	68.975	0	0
3707	68.9623	0	0
3706	68.9496	0	0
3705	68.9369	0	0
3704	68.9242	0	0
3703	68.9114	0	0
3702	68.8987	0	0
3701	68.886	0	0
3700	68.8733	0	0
3699	68.8605	0	0
3698	68.8477	0	0
3697	68.835	0	0
3696	68.8222	0	0
3695	68.8094	0	0
3694	68.7966	0	0
3693	68.7839	0	0
3692	68.7711	0	0
3691	68.7582	0	0
3690	68.7454	0	0
3689	68.7326	0	0
3688	68.7198	0	0
3687	68.7069	0	0
3686	68.6941	0	0
3685	68.6812	0	0
3684	68.6684	0	0
3683	68.6555	0	0
3682	68.6426	0	0
3681	68.6297	0	0
3680	68.6168	0	0
3679	68.6039	0	0
3678	68.591	0	0
3677	68.5781	0	0
3676	68.5651	0	0
3675	68.5522	0	0
3674	68.5393	0	0
3673	68.5263	0	0
3672	68.5134	0	0
3671	68.5004	0	0
3670	68.4874	0	0
3669	68.4744	0	0
3668	68.4614	0	0
3667	68.4484	0	0
3666	68.4354	0	0
3665	68.4224	0	0
3664	68.4094	0	0
3663	68.3963	0	0
3662	68.3833	0	0
3661	68.3703	0	0
3660	68.3572	0	0
3659	68.3441	0	0
3658	68.3311	0	0
3657	68.318	0	0
3656	68.3049	0	0
3655	68.2918	0	0
3654	68.2787	0	0
3653	68.2656	0	0
3652	68.2525	0	0
3651	68.2393	0	0
3650	68.2262	0	0
3649	68.213	0	0
3648	68.1999	0	0
3647	68.1867	0	0
3646	68.1736	0	0
3645	68.1604	0	0
3644	68.1472	0	0
3643	68.134	0	0
3642	68.1208	0	0
3641	68.1076	0	0
3640	68.0944	0	0
3639	68.0811	0	0
3638	68.0679	0	0
3637	68.0546	0	0
3636	68.0414	0	0
3635	68.0281	0	0
3634	68.0149	0	0
3633	68.0016	0	0
3632	67.9883	0	0
3631	67.975	0	0
3630	67.9617	0	0
3629	67.9484	0	0
3628	67.9351	0	0
3627	67.9217	0	0
3626	67.9084	0	0
3625	67.8951	0	0
3624	67.8817	0	0
3623	67.8684	0	0
3622	67.855	0	0
3621	67.8416	0	0
3620	67.8282	0	0
3619	67.8148	0	0
3618	67.8014	0	0
3617	67.788	0	0
3616	67.7746	0	0
3615	67.7612	0	0
3614	67.7477	0	0
3613	67.7343	0	0
3612	67.7208	0	0
3611	67.7074	0	0
3610	67.6939	0	0
3609	67.6804	0	0
3608	67.6669	0	0
3607	67.6534	0	0
3606	67.6399	0	0
3605	67.6264	0	0
3604	67.6129	0	0
3603	67.5994	0	0
3602	67.5859	0	0
3601	67.5723	0	0
3600	67.5588	0	0
3599	67.5452	0	0
3598	67.5316	0	0
3597	67.518	0	0
3596	67.5045	0	0
3595	67.4909	0	0
3594	67.4773	0	0
3593	67.4636	0	0
3592	67.45	0	0
3591	67.4364	0	0
3590	67.4228	0	0
3589	67.4091	0	0
3588	67.3955	0	0
3587	67.3818	0	0
3586	67.3681	0	0
3585	67.3544	0	0
3584	67.3408	0	0
3583	67.3271	0	0
3582	67.3134	0	0
3581	67.2996	0	0
3580	67.2859	0	0
3579	67.2722	0	0
3578	67.2584	0	0
3577	67.2447	0	0
3576	67.2309	0	0
3575	67.2172	0	0
3574	67.2034	0	0
3573	67.1896	0	0
3572	67.1758	0	0
3571	67.162	0	0
3570	67.1482	0	0
3569	67.1344	0	0
3568	67.1206	0	0
3567	67.1067	0	0
3566	67.0929	0	0
3565	67.0791	0	0
3564	67.0652	0	0
3563	67.0513	0	0
3562	67.0375	0	0
3561	67.0236	0	0
3560	67.0097	0	0
3559	66.9958	0	0
3558	66.9819	0	0
3557	66.9679	0	0
3556	66.954	0	0
3555	66.9401	0	0
3554	66.9261	0	0
3553	66.9122	0	0
3552	66.8982	0	0
3551	66.8843	0	0
3550	66.8703	0	0
3549	66.8563	0	0
3548	66.8423	0	0
3547	66.8283	0	0
3546	66.8143	0	0
3545	66.8002	0	0
3544	66.7862	0	0
3543	66.7722	0	0
3542	66.7581	0	0
3541	66.7441	0	0
3540	66.73	0	0
3539	66.7159	0	0
3538	66.7019	0	0
3537	66.6878	0	0
3536	66.6737	0	0
3535	66.6596	0	0
3534	66.6454	0	0
3533	66.6313	0	0
3532	66.6172	0	0
3531	66.603	0	0
3530	66.5889	0	0
3529	66.5747	0	0
3528	66.5606	0	0
3527	66.5464	0	0
3526	66.5322	0	0
3525	66.518	0	0
3524	66.5038	0	0
3523	66.4896	0	0
3522	66.4754	0	0
3521	66.4612	0	0
3520	66.4469	0	0
3519	66.4327	0	0
3518	66.4184	0	0
3517	66.4042	0	0
3516	66.3899	0	0
3515	66.3756	0	0
3514	66.3613	0	0
3513	66.347	0	0
3512	66.3327	0	0
3511	66.3184	0	0
3510	66.3041	0	0
3509	66.2898	0	0
3508	66.2754	0	0
3507	66.2611	0	0
3506	66.2467	0	0
3505	66.2323	0	0
3504	66.218	0	0
3503	66.2036	0	0
3502	66.1892	0	0
3501	66.1748	0	0
3500	66.1604	0	0
3499	66.146	0	0
3498	66.1316	0	0
3497	66.1171	0	0
3496	66.1027	0	0
3495	66.0882	0	0
3494	66.0738	0	0
3493	66.0593	0	0
3492	66.0448	0	0
3491	66.0303	0	0
3490	66.0159	0	0
3489	66.0013	0	0
3488	65.9868	0	0
3487	65.9723	0	0
3486	65.9578	0	0
3485	65.9433	0	0
3484	65.9287	0	0
3483	65.9142	0	0
3482	65.8996	0	0
3481	65.885	0	0
3480	65.8705	0	0
3479	65.8559	0	0
3478	65.8413	0	0
3477	65.8267	0	0
3476	65.8121	0	0
3475	65.7974	0	0
3474	65.7828	0	0
3473	65.7682	0	0
3472	65.7535	0	0
3471	65.7389	0	0
3470	65.7242	0	0
3469	65.7095	0	0
3468	65.6949	0	0
3467	65.6802	0	0
3466	65.6655	0	0
3465	65.6508	0	0
3464	65.6361	0	0
3463	65.6213	0	0
3462	65.6066	0	0
3461	65.5919	0	0
3460	65.5771	0	0
3459	65.5624	0	0
3458	65.5476	0	0
3457	65.5328	0	0
3456	65.518	0	0
3455	65.5033	0	0
3454	65.4885	0	0
3453	65.4737	0	0
3452	65.4588	0	0
3451	65.444	0	0
3450	65.4292	0	0
3449	65.4143	0	0
3448	65.3995	0	0
3447	65.3846	0	0
3446	65.3698	0	0
3445	65.3549	0	0
3444	65.34	0	0
3443	65.3251	0	0
3442	65.3102	0	0
3441	65.2953	0	0
3440	65.2804	0	0
3439	65.2655	0	0
3438	65.2506	0	0
3437	65.2356	0	0
3436	65.2207	0	0
3435	65.2057	0	0
3434	65.1908	0	0
3433	65.1758	0	0
3432	65.1608	0	0
3431	65.1458	0	0
3430	65.1308	0	0
3429	65.1158	0	0
3428	65.1008	0	0
3427	65.0858	0	0
3426	65.0708	0	0
3425	65.0557	0	0
3424	65.0407	0	0
3423	65.0256	0	0
3422	65.0106	0	0
3421	64.9955	0	0
3420	64.9804	0	0
3419	64.9653	0	0
3418	64.9502	0	0
3417	64.9351	0	0
3416	64.92	0	0
3415	64.9049	0	0
3414	64.8898	0	0
3413	64.8746	0	0
3412	64.8595	0	0
3411	64.8443	0	0
3410	64.8292	0	0
3409	64.814	0	0
3408	64.7988	0	0
3407	64.7837	0	0
3406	64.7685	0	0
3405	64.7533	0	0
3404	64.7381	0	0
3403	64.7228	0	0
3402	64.7076	0	0
3401	64.6924	0	0
3400	64.6772	0	0
3399	64.6619	0	0
3398	64.6467	0	0
3397	64.6314	0	0
3396	64.6161	0	0
3395	64.6008	0	0
3394	64.5856	0	0
3393	64.5703	0	0
3392	64.555	0	0
3391	64.5396	0	0
3390	64.5243	0	0
3389	64.509	0	0
3388	64.4937	0	0
3387	64.4783	0	0
3386	64.463	0	0
3385	64.4476	0	0
3384	64.4323	0	0
3383	64.4169	0	0
3382	64.4015	0	0
3381	64.3861	0	0
3380	64.3707	0	0
3379	64.3553	0	0
3378	64.3399	0	0
3377	64.3245	0	0
3376	64.3091	0	0
3375	64.2936	0	0
3374	64.2782	0	0
3373	64.2627	0	0
3372	64.2473	0	0
3371	64.2318	0	0
3370	64.2163	0	0
3369	64.2009	0	0
3368	64.1854	0	0
3367	64.1699	0	0
3366	64.1544	0	0
3365	64.1389	0	0
3364	64.1233	0	0
3363	64.1078	0	0
3362	64.0923	0	0
3361	64.0767	0	0
3360	64.0612	0	0
3359	64.0456	0	0
3358	64.0301	0	0
3357	64.0145	0	0
3356	63.9989	0	0
3355	63.9833	0	0
3354	63.9677	0	0
3353	63.9521	0	0
3352	63.9365	0	0
3351	63.9209	0	0
3350	63.9053	0	0
3349	63.8897	0	0
3348	63.874	0	0
3347	63.8584	0	0
3346	63.8427	0	0
3345	63.8271	0	0
3344	63.8114	0	0
3343	63.7957	0	0
3342	63.7801	0	0
3341	63.7644	0	0
3340	63.7487	0	0
3339	63.733	0	0
3338	63.7173	0	0
3337	63.7015	0	0
3336	63.6858	0	0
3335	63.6701	0	0
3334	63.6543	0	0
3333	63.6386	0	0
3332	63.6229	0	0
3331	63.6071	0	0
3330	63.5913	0	0
3329	63.5755	0	0
3328	63.5598	0	0
3327	63.544	0	0
3326	63.5282	0	0
3325	63.5124	0	0
3324	63.4966	0	0
3323	63.4808	0	0
3322	63.4649	0	0
3321	63.4491	0	0
3320	63.4333	0	0
3319	63.4174	0	0
3318	63.4016	0	0
3317	63.3857	0	0
3316	63.3698	0	0
3315	63.354	0	0
3314	63.3381	0	0
3313	63.3222	0	0
3312	63.3063	0	0
3311	63.2904	0	0
3310	63.2745	0	0
3309	63.2586	0	0
3308	63.2427	0	0
3307	63.2268	0	0
3306	63.2108	0	0
3305	63.1949	0	0
3304	63.1789	0	0
3303	63.163	0	0
3302	63.147	0	0
3301	63.1311	0	0
3300	63.1151	0	0
3299	63.0991	0	0
3298	63.0831	0	0
3297	63.0671	0	0
3296	63.0511	0	0
3295	63.0351	0	0
3294	63.0191	0	0
3293	63.0031	0	0
3292	62.9871	0	0
3291	62.971	0	0
3290	62.955	0	0
3289	62.939	0	0
3288	62.9229	0	0
3287	62.9068	0	0
3286	62.8908	0	0
3285	62.8747	0	0
3284	62.8586	0	0
3283	62.8425	0	0
3282	62.8265	0	0
3281	62.8104	0	0
3280	62.7943	0	0
3279	62.7782	0	0
3278	62.762	0	0
3277	62.7459	0	0
3276	62.7298	0	0
3275	62.7137	0	0
3274	62.6975	0	0
3273	62.6814	0	0
3272	62.6652	0	0
3271	62.6491	0	0
3270	62.6329	0	0
3269	62.6167	0	0
3268	62.6005	0	0
3267	62.5844	0	0
3266	62.5682	0	0
3265	62.552	0	0
3264	62.5358	0	0
3263	62.5196	0	0
3262	62.5034	0	0
3261	62.4871	0	0
3260	62.4709	0	0
3259	62.4547	0	0
3258	62.4384	0	0
3257	62.4222	0	0
3256	62.4059	0	0
3255	62.3897	0	0
3254	62.3734	0	0
3253	62.3572	0	0
3252	62.3409	0	0
3251	62.3246	0	0
3250	62.3083	0	0
3249	62.292	0	0
3248	62.2757	0	0
3247	62.2594	0	0
3246	62.2431	0	0
3245	62.2268	0	0
3244	62.2105	0	0
3243	62.1942	0	0
3242	62.1778	0	0
3241	62.1615	0	0
3240	62.1452	0	0
3239	62.1288	0	0
3238	62.1125	0	0
3237	62.0961	0	0
3236	62.0797	0	0
3235	62.0634	0	0
3234	62.047	0	0
3233	62.0306	0	0
3232	62.0142	0	0
3231	61.9978	0	0
3230	61.9814	0	0
3229	61.965	0	0
3228	61.9486	0	0
3227	61.9322	0	0
3226	61.9158	0	0
3225	61.8993	0	0
3224	61.8829	0	0
3223	61.8665	0	0
3222	61.85	0	0
3221	61.8336	0	0
3220	61.8171	0	0
3219	61.8007	0	0
3218	61.7842	0	0
3217	61.7677	0	0
3216	61.7512	0	0
3215	61.7348	0	0
3214	61.7183	0	0
3213	61.7018	0	0
3212	61.6853	0	0
3211	61.6688	0	0
3210	61.6523	0	0
3209	61.6358	0	0
3208	61.6192	0	0
3207	61.6027	0	0
3206	61.5862	0	0
3205	61.5697	0	0
3204	61.5531	0	0
3203	61.5366	0	0
3202	61.52	0	0
3201	61.5035	0	0
3200	61.4869	0	0
3199	61.4703	0	0
3198	61.4538	0	0
3197	61.4372	0	0
3196	61.4206	0	0
3195	61.404	0	0
3194	61.3874	0	0
3193	61.3708	0	0
3192	61.3542	0	0
3191	61.3376	0	0
3190	61.321	0	0
3189	61.3044	0	0
3188	61.2878	0	0
3187	61.2711	0	0
3186	61.2545	0	0
3185	61.2378	0	0
3184	61.2212	0	0
3183	61.2046	0	0
3182	61.1879	0	0
3181	61.1712	0	0
3180	61.1546	0	0
3179	61.1379	0	0
3178	61.1212	0	0
3177	61.1045	0	0
3176	61.0879	0	0
3175	61.0712	0	0
3174	61.0545	0	0
3173	61.0378	0	0
3172	61.0211	0	0
3171	61.0044	0	0
3170	60.9876	0	0
3169	60.9709	0	0
3168	60.9542	0	0
3167	60.9375	0	0
3166	60.9207	0	0
3165	60.904	0	0
3164	60.8872	0	0
3163	60.8705	0	0
3162	60.8537	0	0
3161	60.837	0	0
3160	60.8202	0	0
3159	60.8034	0	0
3158	60.7866	0	0
3157	60.7699	0	0
3156	60.7531	0	0
3155	60.7363	0	0
3154	60.7195	0	0
3153	60.7027	0	0
3152	60.6859	0	0
3151	60.669	0	0
3150	60.6522	0	0
3149	60.6354	0	0
3148	60.6186	0	0
3147	60.6017	0	0
3146	60.5849	0	0
3145	60.5681	0	0
3144	60.5512	0	0
3143	60.5343	0	0
3142	60.5175	0	0
3141	60.5006	0	0
3140	60.4838	0	0
3139	60.4669	0	0
3138	60.45	0	0
3137	60.4331	0	0
3136	60.4162	0	0
3135	60.3993	0	0
3134	60.3824	0	0
3133	60.3655	0	0
3132	60.3486	0	0
3131	60.3317	0	0
3130	60.3147	0	0
3129	60.2978	0	0
3128	60.2809	0	0
3127	60.2639	0	0
3126	60.247	0	0
3125	60.23	0	0
3124	60.2131	0	0
3123	60.1961	0	0
3122	60.1791	0	0
3121	60.1622	0	0
3120	60.1452	0	0
3119	60.1282	0	0
3118	60.1112	0	0
3117	60.0942	0	0
3116	60.0772	0	0
3115	60.0602	0	0
3114	60.0432	0	0
3113	60.0262	0	0
3112	60.0091	0	0
3111	59.9921	0	0
3110	59.9751	0	0
3109	59.958	0	0
3108	59.941	0	0
3107	59.9239	0	0
3106	59.9069	0	0
3105	59.8898	0	0
3104	59.8727	0	0
3103	59.8557	0	0
3102	59.8386	0	0
3101	59.8215	0	0
3100	59.8044	0	0
3099	59.7873	0	0
3098	59.7702	0	0
3097	59.753	0	0
3096	59.7359	0	0
3095	59.7188	0	0
3094	59.7017	0	0
3093	59.6845	0	0
3092	59.6674	0	0
3091	59.6502	0	0
3090	59.6331	0	0
3089	59.6159	0	0
3088	59.5987	0	0
3087	59.5815	0	0
3086	59.5643	0	0
3085	59.5471	0	0
3084	59.5299	0	0
3083	59.5127	0	0
3082	59.4955	0	0
3081	59.4783	0	0
3080	59.4611	0	0
3079	59.4438	0	0
3078	59.4266	0	0
3077	59.4093	0	0
3076	59.3921	0	0
3075	59.3748	0	0
3074	59.3575	0	0
3073	59.3403	0	0
3072	59.323	0	0
3071	59.3057	0	0
3070	59.2884	0	0
3069	59.2711	0	0
3068	59.2537	0	0
3067	59.2364	0	0
3066	59.2191	0	0
3065	59.2017	0	0
3064	59.1844	0	0
3063	59.167	0	0
3062	59.1497	0	0
3061	59.1323	0	0
3060	59.1149	0	0
3059	59.0975	0	0
3058	59.0801	0	0
3057	59.0627	0	0
3056	59.0453	0	0
3055	59.0279	0	0
3054	59.0104	0	0
3053	58.993	0	0
3052	58.9755	0	0
3051	58.9581	0	0
3050	58.9406	0	0
3049	58.9231	0	0
3048	58.9056	0	0
3047	58.8881	0	0
3046	58.8706	0	0
3045	58.8531	0	0
3044	58.8356	0	0
3043	58.8181	0	0
3042	58.8005	0	0
3041	58.783	0	0
3040	58.7654	0	0
3039	58.7478	0	0
3038	58.7302	0	0
3037	58.7126	0	0
3036	58.695	0	0
3035	58.6774	0	0
3034	58.6598	0	0
3033	58.6422	0	0
3032	58.6245	0	0
3031	58.6068	0	0
3030	58.5892	0	0
3029	58.5715	0	0
3028	58.5538	0	0
3027	58.5361	0	0
3026	58.5184	0	0
3025	58.5007	0	0
3024	58.4829	0	0
3023	58.4652	0	0
3022	58.4474	0	0
3021	58.4296	0	0
3020	58.4118	0	0
3019	58.3941	0	0
3018	58.3762	0	0
3017	58.3584	0	0
3016	58.3406	0	0
3015	58.3227	0	0
3014	58.3049	0	0
3013	58.287	0	0
3012	58.2691	0	0
3011	58.2512	0	0
3010	58.2333	0	0
3009	58.2154	0	0
3008	58.1974	0	0
3007	58.1795	0	0
3006	58.1615	0	0
3005	58.1435	0	0
3004	58.1255	0	0
3003	58.1075	0	0
3002	58.0895	0	0
3001	58.0715	0	0
3000	58.0534	0	0
2999	58.0353	0	0
2998	58.0172	0	0
2997	57.9991	0	0
2996	57.981	0	0
2995	57.9629	0	0
2994	57.9447	0	0
2993	57.9266	0	0
2992	57.9084	0	0
2991	57.8902	0	0
2990	57.872	0	0
2989	57.8538	0	0
2988	57.8355	0	0
2987	57.8173	0	0
2986	57.799	0	0
2985	57.7807	0	0
2984	57.7624	0	0
2983	57.744	0	0
2982	57.7257	0	0
2981	57.7073	0	0
2980	57.6889	0	0
2979	57.6705	0	0
2978	57.6521	0	0
2977	57.6337	0	0
2976	57.6152	0	0
2975	57.5967	0	0
2974	57.5782	0	0
2973	57.5597	0	0
2972	57.5412	0	0
2971	57.5226	0	0
2970	57.504	0	0
2969	57.4854	0	0
2968	57.4668	0	0
2967	57.4482	0	0
2966	57.4295	0	0
2965	57.4108	0	0
2964	57.3921	0	0
2963	57.3734	0	0
2962	57.3546	0	0
2961	57.3358	0	0
2960	57.3171	0	0
2959	57.2982	0	0
2958	57.2794	0	0
2957	57.2605	0	0
2956	57.2416	0	0
2955	57.2227	0	0
2954	57.2038	0	0
2953	57.1848	0	0
2952	57.1659	0	0
2951	57.1468	0	0
2950	57.1278	0	0
2949	57.1088	0	0
2948	57.0897	0	0
2947	57.0706	0	0
2946	57.0514	0	0
2945	57.0323	0	0
2944	57.0131	0	0
2943	56.9939	0	0
2942	56.9746	0	0
2941	56.9554	0	0
2940	56.9361	0	0
2939	56.9167	0	0
2938	56.8974	0	0
2937	56.878	0	0
2936	56.8586	0	0
2935	56.8392	0	0
2934	56.8197	0	0
2933	56.8002	0	0
2932	56.7807	0	0
2931	56.7611	0	0
2930	56.7415	0	0
2929	56.7219	0	0
2928	56.7022	0	0
2927	56.6826	0	0
2926	56.6628	0	0
2925	56.6431	0	0
2924	56.6233	0	0
2923	56.6035	0	0
2922	56.5837	0	0
2921	56.5638	0	0
2920	56.5439	0	0
2919	56.5239	0	0
2918	56.504	0	0
2917	56.4839	0	0
2916	56.4639	0	0
2915	56.4438	0	0
2914	56.4237	0	0
2913	56.4035	0	0
2912	56.3833	0	0
2911	56.3631	0	0
2910	56.3428	0	0
2909	56.3225	0	0
2908	56.3022	0	0
2907	56.2818	0	0
2906	56.2614	0	0
2905	56.2409	0	0
2904	56.2204	0	0
2903	56.1999	0	0
2902	56.1793	0	0
2901	56.1587	0	0
2900	56.138	0	0
2899	56.1173	0	0
2898	56.0966	0	0
2897	56.0758	0	0
2896	56.0549	0	0
2895	56.0341	0	0
2894	56.0131	0	0
2893	55.9922	0	0
2892	55.9712	0	0
2891	55.9501	0	0
2890	55.929	0	0
2889	55.9079	0	0
2888	55.8867	0	0
2887	55.8654	0	0
2886	55.8441	0	0
2885	55.8228	0	0
2884	55.8014	0	0
2883	55.78	0	0
2882	55.7585	0	0
2881	55.737	0	0
2880	55.7154	0	0
2879	55.6938	0	0
2878	55.6721	0	0
2877	55.6504	0	0
2876	55.6286	0	0
2875	55.6067	0	0
2874	55.5848	0	0
2873	55.5629	0	0
2872	55.5409	0	0
2871	55.5188	0	0
2870	55.4967	0	0
2869	55.4746	0	0
2868	55.4523	0	0
2867	55.4301	0	0
2866	55.4077	0	0
2865	55.3853	0	0
2864	55.3629	0	0
2863	55.3404	0	0
2862	55.3178	0	0
2861	55.2952	0	0
2860	55.2725	0	0
2859	55.2497	0	0
2858	55.2269	0	0
2857	55.204	0	0
2856	55.1811	0	0
2855	55.1581	0	0
2854	55.135	0	0
2853	55.1118	0	0
2852	55.0886	0	0
2851	55.0654	0	0
2850	55.042	0	0
2849	55.0186	0	0
2848	54.9952	0	0
2847	54.9716	0	0
2846	54.948	0	0
2845	54.9243	0	0
2844	54.9006	0	0
2843	54.8767	0	0
2842	54.8528	0	0
2841	54.8289	0	0
2840	54.8048	0	0
2839	54.7807	0	0
2838	54.7565	0	0
2837	54.7323	0	0
2836	54.7079	0	0
2835	54.6835	0	0
2834	54.659	0	0
2833	54.6344	0	0
2832	54.6098	0	0
2831	54.585	0	0
2830	54.5602	0	0
2829	54.5353	0	0
2828	54.5103	0	0
2827	54.4853	0	0
2826	54.4601	0	0
2825	54.4349	0	0
2824	54.4096	0	0
2823	54.3842	0	0
2822	54.3587	0	0
2821	54.3331	0	0
2820	54.3074	0	0
2819	54.2817	0	0
2818	54.2558	0	0
2817	54.2299	0	0
2816	54.2039	0	0
2815	54.1778	0	0
2814	54.1515	0	0
2813	54.1252	0	0
2812	54.0989	0	0
2811	54.0724	0	0
2810	54.0458	0	0
2809	54.0191	0	0
2808	53.9923	0	0
2807	53.9654	0	0
2806	53.9384	0	0
2805	53.9114	0	0
2804	53.8842	0	0
2803	53.8569	0	0
2802	53.8295	0	0
2801	53.802	0	0
2800	53.7744	0	0
2799	53.7468	0	0
2798	53.719	0	0
2797	53.691	0	0
2796	53.663	0	0
2795	53.6349	0	0
2794	53.6067	0	0
2793	53.5783	0	0
2792	53.5499	0	0
2791	53.5213	0	0
2790	53.4927	0	0
2789	53.4639	0	0
2788	53.435	0	0
2787	53.406	0	0
2786	53.3768	0	0
2785	53.3476	0	0
2784	53.3182	0	0
2783	53.2887	0	0
2782	53.2591	0	0
2781	53.2294	0	0
2780	53.1996	0	0
2779	53.1696	0	0
2778	53.1396	0	0
2777	53.1094	0	0
2776	53.079	0	0
2775	53.0486	0	0
2774	53.018	0	0
2773	52.9873	0	0
2772	52.9565	0	0
2771	52.9256	0	0
2770	52.8945	0	0
2769	52.8633	0	0
2768	52.832	0	0
2767	52.8005	0	0
2766	52.7689	0	0
2765	52.7372	0	0
2764	52.7054	0	0
2763	52.6734	0	0
2762	52.6413	0	0
2761	52.609	0	0
2760	52.5767	0	0
2759	52.5441	0	0
2758	52.5115	0	0
2757	52.4787	0	0
2756	52.4458	0	0
2755	52.4127	0	0
2754	52.3796	0	0
2753	52.3462	0	0
2752	52.3128	0	0
2751	52.2792	0	0
2750	52.2454	0	0
2749	52.2115	0	0
2748	52.1775	0	0
2747	52.1434	0	0
2746	52.1091	0	0
2745	52.0746	0	0
2744	52.04	0	0
2743	52.0053	0	0
2742	51.9704	0	0
2741	51.9354	0	0
2740	51.9003	0	0
2739	51.865	0	0
2738	51.8296	0	0
2737	51.794	0	0
2736	51.7583	0	0
2735	51.7224	0	0
2734	51.6864	0	0
2733	51.6502	0	0
2732	51.614	0	0
2731	51.5775	0	0
2730	51.5409	0	0
2729	51.5042	0	0
2728	51.4673	0	0
2727	51.4303	0	0
2726	51.3932	0	0
2725	51.3559	0	0
2724	51.3184	0	0
2723	51.2808	0	0
2722	51.2431	0	0
2721	51.2052	0	0
2720	51.1672	0	0
2719	51.1291	0	0
2718	51.0907	0	0
2717	51.0523	0	0
2716	51.0137	0	0
2715	50.975	0	0
2714	50.9361	0	0
2713	50.8971	0	0
2712	50.8579	0	0
2711	50.8186	0	0
2710	50.7792	0	0
2709	50.7396	0	0
2708	50.6999	0	0
2707	50.6601	0	0
2706	50.6201	0	0
2705	50.5799	0	0
2704	50.5397	0	0
2703	50.4993	0	0
2702	50.4587	0	0
2701	50.4181	0	0
2700	50.3772	0	0
2699	50.3363	0	0
2698	50.2952	0	0
2697	50.254	0	0
2696	50.2127	0	0
2695	50.1712	0	0
2694	50.1296	0	0
2693	50.0879	0	0
2692	50.046	0	0
2691	50.004	0	0
2690	49.9619	0	0
2689	49.9197	0	0
2688	49.8773	0	0
2687	49.8348	0	0
2686	49.7922	0	0
2685	49.7495	0	0
2684	49.7066	0	0
2683	49.6636	0	0
2682	49.6206	0	0
2681	49.5773	0	0
2680	49.534	0	0
2679	49.4906	0	0
2678	49.447	0	0
2677	49.4034	0	0
2676	49.3596	0	0
2675	49.3157	0	0
2674	49.2717	0	0
2673	49.2276	0	0
2672	49.1834	0	0
2671	49.1391	0	0
2670	49.0947	0	0
2669	49.0502	0	0
2668	49.0056	0	0
2667	48.9608	0	0
2666	48.916	0	0
2665	48.8711	0	0
2664	48.8261	0	0
2663	48.781	0	0
2662	48.7358	0	0
2661	48.6906	0	0
2660	48.6452	0	0
2659	48.5998	0	0
2658	48.5542	0	0
2657	48.5086	0	0
2656	48.4629	0	0
2655	48.4171	0	0
2654	48.3713	0	0
2653	48.3253	0	0
2652	48.2793	0	0
2651	48.2332	0	0
2650	48.1871	0	0
2649	48.1409	0	0
2648	48.0946	0	0
2647	48.0482	0	0
2646	48.0018	0	0
2645	47.9553	0	0
2644	47.9088	0	0
2643	47.8622	0	0
2642	47.8155	0	0
2641	47.7688	0	0
2640	47.7221	0	0
2639	47.6752	0	0
2638	47.6284	0	0
2637	47.5815	0	0
2636	47.5345	0	0
2635	47.4875	0	0
2634	47.4405	0	0
2633	47.3934	0	0
2632	47.3463	0	0
2631	47.2992	0	0
2630	47.252	0	0
2629	47.2048	0	0
2628	47.1576	0	0
2627	47.1103	0	0
2626	47.063	0	0
2625	47.0157	0	0
2624	46.9684	0	0
2623	46.9211	0	0
2622	46.8737	0	0
2621	46.8264	0	0
2620	46.779	0	0
2619	46.7316	0	0
2618	46.6842	0	0
2617	46.6369	0	0
2616	46.5895	0	0
2615	46.5421	0	0
2614	46.4947	0	0
2613	46.4474	0	0
2612	46.4	0	0
2611	46.3526	0	0
2610	46.3053	0	0
2609	46.258	0	0
2608	46.2107	0	0
2607	46.1634	0	0
2606	46.1162	0	0
2605	46.069	0	0
2604	46.0218	0	0
2603	45.9747	0	0
2602	45.9275	0	0
2601	45.8805	0	0
2600	45.8334	0	0
2599	45.7865	0	0
2598	45.7395	0	0
2597	45.6926	0	0
2596	45.6458	0	0
2595	45.599	0	0
2594	45.5523	0	0
2593	45.5057	0	0
2592	45.4591	0	0
2591	45.4126	0	0
2590	45.3661	0	0
2589	45.3198	0	0
2588	45.2735	0	0
2587	45.2273	0	0
2586	45.1812	0	0
2585	45.1351	0	0
2584	45.0892	0	0
2583	45.0434	0	0
2582	44.9976	0	0
2581	44.952	0	0
2580	44.9065	0	0
2579	44.8611	0	0
2578	44.8158	0	0
2577	44.7706	0	0
2576	44.7255	0	0
2575	44.6806	0	0
2574	44.6358	0	0
2573	44.5911	0	0
2572	44.5466	0	0
2571	44.5022	0	0
2570	44.458	0	0
2569	44.4139	0	0
2568	44.37	0	0
2567	44.3262	0	0
2566	44.2826	0	0
2565	44.2392	0	0
2564	44.196	0	0
2563	44.1529	0	0
2562	44.11	0	0
2561	44.0673	0	0
2560	44.0248	0	0
2559	43.9825	0	0
2558	43.9404	0	0
2557	43.8985	0	0
2556	43.8569	0	0
2555	43.8154	0	0
2554	43.7742	0	0
2553	43.7332	0	0
2552	43.6925	0	0
2551	43.652	0	0
2550	43.6118	0	0
2549	43.5718	0	0
2548	43.5321	0	0
2547	43.4926	0	0
2546	43.4535	0	0
2545	43.4146	0	0
2544	43.376	0	0
2543	43.3377	0	0
2542	43.2998	0	0
2541	43.2621	0	0
2540	43.2247	0	0
2539	43.1877	0	0
2538	43.1511	0	0
2537	43.1147	0	0
2536	43.0787	0	0
2535	43.0431	0	0
2534	43.0079	0	0
2533	42.973	0	0
2532	42.9385	0	0
2531	42.9045	0	0
2530	42.8708	0	0
2529	42.8375	0	0
2528	42.8047	0	0
2527	42.7723	0	0
2526	42.7404	0	0
2525	42.7089	0	0
2524	42.6778	0	0
2523	42.6473	0	0
2522	42.6172	0	0
2521	42.5877	0	0
2520	42.5586	0	0
2519	42.5301	0	0
2518	42.5021	0	0
2517	42.4746	0	0
2516	42.4478	0	0
2515	42.4214	0	0
2514	42.3957	0	0
2513	42.3706	0	0
2512	42.3461	0	0
2511	42.3222	0	0
2510	42.2989	0	0
2509	42.2763	0	0
2508	42.2543	0	0
2507	42.2331	0	0
2506	42.2125	0	0
2505	42.1927	0	0
2504	42.1736	0	0
2503	42.1552	0	0
2502	42.1376	0	0
2501	42.1207	0	0
2500	42.1047	0	0
2499	42.0894	0	0
2498	42.075	0	0
2497	42.0614	0	0
2496	42.0487	0	0
2495	42.0369	0	0
2494	42.0259	0	0
2493	42.0159	0	0
2492	42.0068	0	0
2491	41.9987	0	0
2490	41.9915	0	0
2489	41.9853	0	0
2488	41.9801	0	0
2487	41.976	0	0
2486	41.9729	0	0
2485	41.9708	0	0
2484	41.9698	0	0
2483	41.97	0	0
2482	41.9712	0	0
2481	41.9736	0	0
2480	41.9772	0	0
2479	41.9819	0	0
2478	41.9878	0	0
2477	41.995	0	0
2476	42.0033	0	0
2475	42.0129	0	0
2474	42.0238	0	0
2473	42.036	0	0
2472	42.0494	0	0
2471	42.0642	0	0
2470	42.0802	0	0
2469	42.0977	0	0
2468	42.1164	0	0
2467	42.1366	0	0
2466	42.158	0	0
2465	42.1809	0	0
2464	42.2052	0	0
2463	42.2308	0	0
2462	42.2579	0	0
2461	42.2863	0	0
2460	42.3161	0	0
2459	42.3474	0	0
2458	42.38	0	0
2457	42.414	0	0
2456	42.4493	0	0
2455	42.4861	0	0
2454	42.5241	0	0
2453	42.5635	0	0
2452	42.6042	0	0
2451	42.6462	0	0
2450	42.6894	0	0
2449	42.7339	0	0
2448	42.7795	0	0
2447	42.8263	0	0
2446	42.8742	0	0
2445	42.9231	0	0
2444	42.973	0	0
2443	43.0239	0	0
2442	43.0756	0	0
2441	43.1282	0	0
2440	43.1815	0	0
2439	43.2355	0	0
2438	43.29	0	0
2437	43.3451	0	0
2436	43.4005	0	0
2435	43.4563	0	0
2434	43.5123	0	0
2433	43.5685	0	0
2432	43.6246	0	0
2431	43.6807	0	0
2430	43.7365	0	0
2429	43.7921	0	0
2428	43.8471	0	0
2427	43.9017	0	0
2426	43.9555	0	0
2425	44.0086	0	0
2424	44.0608	0	0
2423	44.1119	0	0
2422	44.1618	0	0
2421	44.2104	0	0
2420	44.2577	0	0
2419	44.3034	0	0
2418	44.3475	0	0
2417	44.3898	0	0
2416	44.4303	0	0
2415	44.4688	0	0
2414	44.5053	0	0
2413	44.5396	0	0
2412	44.5717	0	0
2411	44.6014	0	0
2410	44.6287	0	0
2409	44.6536	0	0
2408	44.6759	0	0
2407	44.6955	0	0
2406	44.7126	0	0
2405	44.7268	0	0
2404	44.7383	0	0
2403	44.747	0	0
2402	44.7528	0	0
2401	44.7557	0	0
2400	44.7556	0	0
2399	44.7526	0	0
2398	44.7465	0	0
2397	44.7373	0	0
2396	44.725	0	0
2395	44.7096	0	0
2394	44.6909	0	0
2393	44.669	0	0
2392	44.6438	0	0
2391	44.6152	0	0
2390	44.5831	0	0
2389	44.5476	0	0
2388	44.5084	0	0
2387	44.4656	0	0
2386	44.4191	0	0
2385	44.3687	0	0
2384	44.3144	0	0
2383	44.2561	0	0
2382	44.1936	0	0
2381	44.1269	0	0
2380	44.056	0	0
2379	43.9806	0	0
2378	43.9007	0	0
2377	43.8163	0	0
2376	43.7272	0	0
2375	43.6334	0	0
2374	43.5348	0	0
2373	43.4315	0	0
2372	43.3233	0	0
2371	43.2102	0	0
2370	43.0923	0	0
2369	42.9696	0	0
2368	42.8421	0	0
2367	42.7099	0	0
2366	42.573	0	0
2365	42.4316	0	0
2364	42.2858	0	0
2363	42.1356	0	0
2362	41.9814	0	0
2361	41.8231	0	0
2360	41.6611	0	0
2359	41.4956	0	0
2358	41.3266	0	0
2357	41.1545	0	0
2356	40.9795	0	0
2355	40.8019	0	0
2354	40.6218	0	0
2353	40.4396	0	0
2352	40.2555	0	0
2351	40.0697	0	0
2350	39.8825	0	0
2349	39.6942	0	0
2348	39.5049	0	0
2347	39.315	0	0
2346	39.1247	0	0
2345	38.9342	0	0
2344	38.7436	0	0
2343	38.5533	0	0
2342	38.3634	0	0
2341	38.1741	0	0
2340	37.9856	0	0
2339	37.798	0	0
2338	37.6115	0	0
2337	37.4262	0	0
2336	37.2423	0	0
2335	37.0599	0	0
2334	36.879	0	0
2333	36.6999	0	0
2332	36.5225	0	0
2331	36.347	0	0
2330	36.1735	0	0
2329	36.0019	0	0
2328	35.8324	0	0
2327	35.6649	0	0
2326	35.4996	0	0
2325	35.3364	0	0
2324	35.1754	0	0
2323	35.0167	0	0
2322	34.8601	0	0
2321	34.7058	0	0
2320	34.5537	0	0
2319	34.4038	0	0
2318	34.2561	0	0
2317	34.1107	0	0
2316	33.9675	0	0
2315	33.8265	0	0
2314	33.6876	0	0
2313	33.551	0	0
2312	33.4164	0	0
2311	33.284	0	0
2310	33.1537	0	0
2309	33.0255	0	0
2308	32.8993	0	0
2307	32.7752	0	0
2306	32.653	0	0
2305	32.5329	0	0
2304	32.4147	0	0
2303	32.2984	0	0
2302	32.184	0	0
2301	32.0715	0	0
2300	31.9608	0	0
2299	31.8519	0	0
2298	31.7449	0	0
2297	31.6396	0	0
2296	31.536	0	0
2295	31.4342	0	0
2294	31.334	0	0
2293	31.2355	0	0
2292	31.1387	0	0
2291	31.0434	0	0
2290	30.9498	0	0
2289	30.8578	0	0
2288	30.7673	0	0
2287	30.6783	0	0
2286	30.5909	0	0
2285	30.5049	0	0
2284	30.4205	0	0
2283	30.3375	0	0
2282	30.2559	0	0
2281	30.1758	0	0
2280	30.0971	0	0
2279	30.0198	0	0
2278	29.9438	0	0
2277	29.8693	0	0
2276	29.7961	0	0
2275	29.7243	0	0
2274	29.6538	0	0
2273	29.5847	0	0
2272	29.5169	0	0
2271	29.4504	0	0
2270	29.3852	0	0
2269	29.3213	0	0
2268	29.2587	0	0
2267	29.1975	0	0
2266	29.1375	0	0
2265	29.0788	0	0
2264	29.0214	0	0
2263	28.9653	0	0
2262	28.9104	0	0
2261	28.8569	0	0
2260	28.8046	0	0
2259	28.7537	0	0
2258	28.704	0	0
2257	28.6556	0	0
2256	28.6086	0	0
2255	28.5628	0	0
2254	28.5184	0	0
2253	28.4752	0	0
2252	28.4334	0	0
2251	28.393	0	0
2250	28.3539	0	0
2249	28.3161	0	0
2248	28.2797	0	0
2247	28.2447	0	0
2246	28.2111	0	0
2245	28.1788	0	0
2244	28.148	0	0
2243	28.1187	0	0
2242	28.0908	0	0
2241	28.0643	0	0
2240	28.0394	0	0
2239	28.0159	0	0
2238	27.994	0	0
2237	27.9736	0	0
2236	27.9548	0	0
2235	27.9375	0	0
2234	27.9219	0	0
2233	27.9079	0	0
2232	27.8956	0	0
2231	27.885	0	0
2230	27.8761	0	0
2229	27.8689	0	0
2228	27.8635	0	0
2227	27.8599	0	0
2226	27.8581	0	0
2225	27.8582	0	0
2224	27.8601	0	0
2223	27.864	0	0
2222	27.8699	0	0
2221	27.8777	0	0
2220	27.8876	0	0
2219	27.8996	0	0
2218	27.9136	0	0
2217	27.9298	0	0
2216	27.9482	0	0
2215	27.9688	0	0
2214	27.9916	0	0
2213	28.0167	0	0
2212	28.0441	0	0
2211	28.074	0	0
2210	28.1062	0	0
2209	28.1408	0	0
2208	28.178	0	0
2207	28.2176	0	0
2206	28.2599	0	0
2205	28.3047	0	0
2204	28.3521	0	0
2203	28.4022	0	0
2202	28.455	0	0
2201	28.5105	0	0
2200	28.5688	0	0
2199	28.6298	0	0
2198	28.6937	0	0
2197	28.7603	0	0
2196	28.8298	0	0
2195	28.9021	0	0
2194	28.9773	0	0
2193	29.0553	0	0
2192	29.1362	0	0
2191	29.2199	0	0
2190	29.3065	0	0
2189	29.3958	0	0
2188	29.4878	0	0
2187	29.5826	0	0
2186	29.6801	0	0
2185	29.7801	0	0
2184	29.8827	0	0
2183	29.9877	0	0
2182	30.0951	0	0
2181	30.2046	0	0
2180	30.3163	0	0
2179	30.4299	0	0
2178	30.5453	0	0
2177	30.6623	0	0
2176	30.7807	0	0
2175	30.9003	0	0
2174	31.0209	0	0
2173	31.1421	0	0
2172	31.2638	0	0
2171	31.3856	0	0
2170	31.5071	0	0
2169	31.6282	0	0
2168	31.7483	0	0
2167	31.8672	0	0
2166	31.9844	0	0
2165	32.0994	0	0
2164	32.2119	0	0
2163	32.3214	0	0
2162	32.4274	0	0
2161	32.5294	0	0
2160	32.6269	0	0
2159	32.7194	0	0
2158	32.8064	0	0
2157	32.8874	0	0
2156	32.9618	0	0
2155	33.0292	0	0
2154	33.0891	0	0
2153	33.1408	0	0
2152	33.1841	0	0
2151	33.2184	0	0
2150	33.2433	0	0
2149	33.2584	0	0
2148	33.2634	0	0
2147	33.2578	0	0
2146	33.2415	0	0
2145	33.2142	0	0
2144	33.1757	0	0
2143	33.1258	0	0
2142	33.0644	0	0
2141	32.9916	0	0
2140	32.9072	0	0
2139	32.8114	0	0
2138	32.7042	0	0
2137	32.5859	0	0
2136	32.4566	0	0
2135	32.3165	0	0
2134	32.1659	0	0
2133	32.0052	0	0
2132	31.8347	0	0
2131	31.6547	0	0
2130	31.4656	0	0
2129	31.2677	0	0
2128	31.0615	0	0
2127	30.8472	0	0
2126	30.6284	0	0
2125	30.3988	0	0
2124	30.1824	0	0
2123	29.9805	0	0
2122	29.7742	0	0
2121	29.5642	0	0
2120	29.3508	0	0
2119	29.1347	0	0
2118	28.9163	0	0
2117	28.6961	0	0
2116	28.4744	0	0
2115	28.2519	0	0
2114	28.0288	0	0
2113	27.8056	0	0
2112	27.5825	0	0
2111	27.36	0	0
2110	27.1383	0	0
2109	26.9178	0	0
2108	26.6987	0	0
2107	26.4813	0	0
2106	26.2657	0	0
2105	26.0522	0	0
2104	25.8409	0	0
2103	25.6321	0	0
2102	25.4259	0	0
2101	25.2223	0	0
2100	25.0215	0	0
2099	24.8236	0	0
2098	24.6287	0	0
2097	24.4368	0	0
2096	24.248	0	0
2095	24.0624	0	0
2094	23.8799	0	0
2093	23.7005	0	0
2092	23.5244	0	0
2091	23.3515	0	0
2090	23.1817	0	0
2089	23.0151	0	0
2088	22.8517	0	0
2087	22.6915	0	0
2086	22.5343	0	0
2085	22.3802	0	0
2084	22.2292	0	0
2083	22.0811	0	0
2082	21.936	0	0
2081	21.7939	0	0
2080	21.6546	0	0
2079	21.5181	0	0
2078	21.3844	0	0
2077	21.2534	0	0
2076	21.125	0	0
2075	20.9993	0	0
2074	20.8761	0	0
2073	20.7554	0	0
2072	20.6371	0	0
2071	20.5213	0	0
2070	20.4077	0	0
2069	20.2965	0	0
2068	20.1874	0	0
2067	20.0806	0	0
2066	19.9758	0	0
2065	19.8731	0	0
2064	19.7725	0	0
2063	19.6738	0	0
2062	19.577	0	0
2061	19.482	0	0
2060	19.3889	0	0
2059	19.2975	0	0
2058	19.2078	0	0
2057	19.1198	0	0
2056	19.0334	0	0
2055	18.9486	0	0
2054	18.8654	0	0
2053	18.7836	0	0
2052	18.7033	0	0
2051	18.6243	0	0
2050	18.5468	0	0
2049	18.4705	0	0
2048	18.3956	0	0
2047	18.3219	0	0
2046	18.2494	0	0
2045	18.1782	0	0
2044	18.108	0	0
2043	18.039	0	0
2042	17.971	0	0
2041	17.9041	0	0
2040	17.8382	0	0
2039	17.7733	0	0
2038	17.7093	0	0
2037	17.6463	0	0
2036	17.5842	0	0
2035	17.5229	0	0
2034	17.4625	0	0
2033	17.4028	0	0
2032	17.344	0	0
2031	17.286	0	0
2030	17.2286	0	0
2029	17.172	0	0
2028	17.1161	0	0
2027	17.0609	0	0
2026	17.0063	0	0
2025	16.9523	0	0
2024	16.899	0	0
2023	16.8462	0	0
2022	16.794	0	0
2021	16.7424	0	0
2020	16.6913	0	0
2019	16.6406	0	0
2018	16.5905	0	0
2017	16.5409	0	0
2016	16.4917	0	0
2015	16.443	0	0
2014	16.3947	0	0
2013	16.3469	0	0
2012	16.2994	0	0
2011	16.2523	0	0
2010	16.2056	0	0
2009	16.1592	0	0
2008	16.1132	0	0
2007	16.0676	0	0
2006	16.0223	0	0
2005	15.9772	0	0
2004	15.9325	0	0
2003	15.8881	0	0
2002	15.844	0	0
2001	15.8001	0	0
2000	15.7565	0	0
1999	15.7132	0	0
1998	15.6701	0	0
1997	15.6272	0	0
1996	15.5846	0	0
1995	15.5423	0	0
1994	15.5001	0	0
1993	15.4581	0	0
1992	15.4164	0	0
1991	15.3749	0	0
1990	15.3335	0	0
1989	15.2924	0	0
1988	15.2515	0	0
1987	15.2107	0	0
1986	15.1701	0	0
1985	15.1297	0	0
1984	15.0895	0	0
1983	15.0495	0	0
1982	15.0097	0	0
1981	14.97	0	0
1980	14.9305	0	0
1979	14.8912	0	0
1978	14.852	0	0
1977	14.813	0	0
1976	14.7743	0	0
1975	14.7356	0	0
1974	14.6972	0	0
1973	14.659	0	0
1972	14.6209	0	0
1971	14.583	0	0
1970	14.5454	0	0
1969	14.5079	0	0
1968	14.4706	0	0
1967	14.4335	0	0
1966	14.3967	0	0
1965	14.36	0	0
1964	14.3236	0	0
1963	14.2874	0	0
1962	14.2515	0	0
1961	14.2158	0	0
1960	14.1804	0	0
1959	14.1452	0	0
1958	14.1103	0	0
1957	14.0756	0	0
1956	14.0413	0	0
1955	14.0073	0	0
1954	13.9735	0	0
1953	13.9401	0	0
1952	13.9071	0	0
1951	13.8743	0	0
1950	13.842	0	0
1949	13.81	0	0
1948	13.7783	0	0
1947	13.7471	0	0
1946	13.7163	0	0
1945	13.6859	0	0
1944	13.656	0	0
1943	13.6265	0	0
1942	13.5975	0	0
1941	13.5689	0	0
1940	13.5409	0	0
1939	13.5134	0	0
1938	13.4864	0	0
1937	13.46	0	0
1936	13.4342	0	0
1935	13.409	0	0
1934	13.3843	0	0
1933	13.3603	0	0
1932	13.337	0	0
1931	13.3143	0	0
1930	13.2923	0	0
1929	13.2711	0	0
1928	13.2505	0	0
1927	13.2308	0	0
1926	13.2118	0	0
1925	13.1936	0	0
1924	13.1762	0	0
1923	13.1597	0	0
1922	13.1441	0	0
1921	13.1294	0	0
1920	13.1155	0	0
1919	13.1027	0	0
1918	13.0908	0	0
1917	13.0799	0	0
1916	13.07	0	0
1915	13.0612	0	0
1914	13.0534	0	0
1913	13.0468	0	0
1912	13.0413	0	0
1911	13.0369	0	0
1910	13.0337	0	0
1909	13.0317	0	0
1908	13.031	0	0
1907	13.0315	0	0
1906	13.0333	0	0
1905	13.0365	0	0
1904	13.0409	0	0
1903	13.0468	0	0
1902	13.054	0	0
1901	13.0627	0	0
1900	13.0728	0	0
1899	13.0844	0	0
1898	13.0975	0	0
1897	13.1121	0	0
1896	13.1283	0	0
1895	13.146	0	0
1894	13.1653	0	0
1893	13.1862	0	0
1892	13.2088	0	0
1891	13.2329	0	0
1890	13.2588	0	0
1889	13.2863	0	0
1888	13.3155	0	0
1887	13.3465	0	0
1886	13.3791	0	0
1885	13.4134	0	0
1884	13.4494	0	0
1883	13.4872	0	0
1882	13.5266	0	0
1881	13.5678	0	0
1880	13.6106	0	0
1879	13.6551	0	0
1878	13.7013	0	0
1877	13.7491	0	0
1876	13.7985	0	0
1875	13.8494	0	0
1874	13.9019	0	0
1873	13.9558	0	0
1872	14.0111	0	0
1871	14.0678	0	0
1870	14.1258	0	0
1869	14.1849	0	0
1868	14.2452	0	0
1867	14.3064	0	0
1866	14.3686	0	0
1865	14.4315	0	0
1864	14.4951	0	0
1863	14.5592	0	0
1862	14.6237	0	0
1861	14.6884	0	0
1860	14.7531	0	0
1859	14.8176	0	0
1858	14.8818	0	0
1857	14.9454	0	0
1856	15.0082	0	0
1855	15.07	0	0
1854	15.1305	0	0
1853	15.1895	0	0
1852	15.2467	0	0
1851	15.3017	0	0
1850	15.3543	0	0
1849	15.4043	0	0
1848	15.4512	0	0
1847	15.4948	0	0
1846	15.5347	0	0
1845	15.5705	0	0
1844	15.6021	0	0
1843	15.6289	0	0
1842	15.6507	0	0
1841	15.6671	0	0
1840	15.6779	0	0
1839	15.6826	0	0
1838	15.6809	0	0
1837	15.6726	0	0
1836	15.6573	0	0
1835	15.6348	0	0
1834	15.6048	0	0
1833	15.5671	0	0
1832	15.5215	0	0
1831	15.4677	0	0
1830	15.4057	0	0
1829	15.3353	0	0
1828	15.2564	0	0
1827	15.1689	0	0
1826	15.0728	0	0
1825	14.9682	0	0
1824	14.8549	0	0
1823	14.7332	0	0
1822	14.6033	0	0
1821	14.4652	0	0
1820	14.3192	0	0
1819	14.1655	0	0
1818	14.0045	0	0
1817	13.8365	0	0
1816	13.6618	0	0
1815	13.4807	0	0
1814	13.2937	0	0
1813	13.1012	0	0
1812	12.9035	0	0
1811	12.7012	0	0
1810	12.4946	0	0
1809	12.2842	0	0
1808	12.0705	0	0
1807	11.8538	0	0
1806	11.6347	0	0
1805	11.4136	0	0
1804	11.1908	0	0
1803	10.9668	0	0
1802	10.742	0	0
1801	10.5168	0	0
1800	10.2916	0	0
1799	10.0666	0	0
1798	9.84231	0	0
1797	9.61895	0	0
1796	9.39683	0	0
1795	9.17622	0	0
1794	8.95739	0	0
1793	8.74056	0	0
1792	8.52595	0	0
1791	8.31375	0	0
1790	8.10414	0	0
1789	7.89728	0	0
1788	7.6933	0	0
1787	7.49233	0	0
1786	7.29448	0	0
1785	7.09984	0	0
1784	6.90848	0	0
1783	6.72047	0	0
1782	6.53586	0	0
1781	6.35469	0	0
1780	6.17698	0	0
1779	6.00277	0	0
1778	5.83204	0	0
1777	5.66481	0	0
1776	5.50107	0	0
1775	5.3408	0	0
1774	5.18397	0	0
1773	5.03058	0	0
1772	4.88057	0	0
1771	4.73392	0	0
1770	4.59059	0	0
1769	4.45053	0	0
1768	4.31369	0	0
1767	4.18003	0	0
1766	4.0495	0	0
1765	3.92203	0	0
1764	3.79758	0	0
1763	3.67609	0	0
1762	3.55751	0	0
1761	3.44177	0	0
1760	3.32882	0	0
1759	3.2186	0	0
1758	3.11105	0	0
1757	3.00612	0	0
1756	2.90375	0	0
1755	2.80388	0	0
1754	2.70645	0	0
1753	2.61142	0	0
1752	2.51872	0	0
1751	2.4283	0	0
1750	2.3401	0	0
1749	2.25409	0	0
1748	2.1702	0	0
1747	2.08839	0	0
1746	2.00861	0	0
1745	1.93081	0	0
1744	1.85494	0	0
1743	1.78096	0	0
1742	1.70883	0	0
1741	1.6385	0	0
1740	1.56993	0	0
1739	1.50309	0	0
1738	1.43793	0	0
1737	1.37441	0	0
1736	1.3125	0	0
1735	1.25217	0	0
1734	1.19338	0	0
1733	1.13609	0	0
1732	1.08029	0	0
1731	1.02592	0	0
1730	0.972975	0	0
1729	0.921416	0	0
1728	0.871219	0	0
1727	0.822357	0	0
1726	0.774807	0	0
1725	0.728545	0	0
1724	0.68355	0	0
1723	0.6398	0	0
1722	0.597277	0	0
1721	0.555962	0	0
1720	0.515839	0	0
1719	0.476894	0	0
1718	0.439112	0	0
1717	0.402482	0	0
1716	0.366996	0	0
1715	0.332644	0	0
1714	0.299424	0	0
1713	0.267333	0	0
1712	0.236374	0	0
1711	0.206552	0	0
1710	0.177881	0	0
1709	0.150378	0	0
1708	0.124072	0	0
1707	0.099006	0	0
1706	0.0752383	0	0
1705	0.0528571	0	0
1704	0.0319927	0	0
1703	0.013356	0	0
1702	0	0	0
1701	0	0	0
1700	0	0	0
1699	0	0	0
1698	0	0	0
1697	0	0	0
1696	0	0	0
1695	0	0	0
1694	0	0	0
1693	0	0	0
1692	0	0	0
1691	0	0	0
1690	0	0	0
1689	0	0	0
1688	0	0	0
1687	0	0	0
1686	0	0	0
1685	0	0	0
1684	0	0	0
1683	0	0	0
1682	0	0	0
1681	0	0	0
1680	0	0	0
1679	0	0	0
1678	0	0	0
1677	0	0	0
1676	0	0	0
1675	0	0	0
1674	0	0	0
1673	0	0	0
1672	0	0	0
1671	0	0	0
1670	0	0	0
1669	0	0	0
1668	0	0	0
1667	0	0	0
1666	0	0	0
1665	0	0	0
1664	0	0	0
1663	0	0	0
1662	0	0	0
1661	0	0	0
1660	0	0	0
1659	0	0	0
1658	0	0	0
1657	0	0	0
1656	0	0	0
1655	0	0	0
1654	0	0	0
1653	0	0	0
1652	0	0	0
1651	0	0	0
1650	0	0	0
1649	0	0	0
1648	0	0	0
1647	0	0	0
1646	0	0	0
1645	0	0	0
1644	0	0	0
1643	0	0	0
1642	0	0	0
1641	0	0	0
1640	0	0	0
1639	0	0	0
1638	0	0	0
1637	0	0	0
1636	0	0	0
1635	0	0	0
1634	0	0	0
1633	0	0	0
1632	0	0	0
1631	0	0	0
1630	0	0	0
1629	0	0	0
1628	0	0	0
1627	0	0	0
1626	0	0	0
1625	0	0	0
1624	0	0	0
1623	0	0	0
1622	0	0	0
1621	0	0	0
1620	0	0	0
1619	0	0	0
1618	0	0	0
1617	0	0	0
1616	0	0	0
1615	0	0	0
1614	0	0	0
1613	0	0	0
1612	0	0	0
1611	0	0	0
1610	0	0	0
1609	0	0	0
1608	0	0	0
1607	0	0	0
1606	0	0	0
1605	0	0	0
1604	0	0	0
1603	0	0	0
1602	0	0	0
1601	0	0	0
1600	0	0	0
1599	0	0	0
1598	0	0	0
1597	0	0	0
1596	0	0	0
1595	0	0	0
1594	0	0	0
