6379	-38405.9	0	0
6378	-18859.6	0	0
6377	-12459.8	0	0
6376	-9294.65	0	0
6375	-7410.31	0	0
6374	-6161.55	0	0
6373	-5273.81	0	0
6372	-4610.57	0	0
6371	-4096.36	0	0
6370	-3686.1	0	0
6369	-3351.2	0	0
6368	-3072.65	0	0
6367	-2837.34	0	0
6366	-2635.93	0	0
6365	-2461.58	0	0
6364	-2309.19	0	0
6363	-2174.83	0	0
6362	-2055.5	0	0
6361	-1948.79	0	0
6360	-1852.81	0	0
6359	-1766	0	0
6358	-1687.11	0	0
6357	-1615.11	0	0
6356	-1549.11	0	0
6355	-1488.41	0	0
6354	-1432.38	0	0
6353	-1380.5	0	0
6352	-1332.33	0	0
6351	-1287.48	0	0
6350	-1245.62	0	0
6349	-1206.46	0	0
6348	-1169.74	0	0
6347	-1135.24	0	0
6346	-1102.76	0	0
6345	-1072.14	0	0
6344	-1043.2	0	0
6343	-1015.83	0	0
6342	-989.892	0	0
6341	-965.277	0	0
6340	-941.887	0	0
6339	-919.63	0	0
6338	-898.428	0	0
6337	-878.205	0	0
6336	-858.896	0	0
6335	-840.438	0	0
6334	-822.778	0	0
6333	-805.863	0	0
6332	-789.647	0	0
6331	-774.088	0	0
6330	-759.145	0	0
6329	-744.783	0	0
6328	-730.969	0	0
6327	-717.671	0	0
6326	-704.861	0	0
6325	-692.512	0	0
6324	-680.599	0	0
6323	-669.1	0	0
6322	-657.993	0	0
6321	-647.258	0	0
6320	-636.877	0	0
6319	-626.833	0	0
6318	-617.109	0	0
6317	-607.69	0	0
6316	-598.561	0	0
6315	-589.71	0	0
6314	-581.124	0	0
6313	-572.791	0	0
6312	-564.699	0	0
6311	-556.839	0	0
6310	-549.201	0	0
6309	-541.774	0	0
6308	-534.552	0	0
6307	-527.524	0	0
6306	-520.683	0	0
6305	-514.023	0	0
6304	-507.535	0	0
6303	-501.213	0	0
6302	-495.05	0	0
6301	-489.042	0	0
6300	-483.181	0	0
6299	-477.463	0	0
6298	-471.882	0	0
6297	-466.433	0	0
6296	-461.113	0	0
6295	-455.915	0	0
6294	-450.836	0	0
6293	-445.872	0	0
6292	-441.019	0	0
6291	-436.273	0	0
6290	-431.631	0	0
6289	-427.09	0	0
6288	-422.645	0	0
6287	-418.294	0	0
6286	-414.035	0	0
6285	-409.863	0	0
6284	-405.777	0	0
6283	-401.773	0	0
6282	-397.85	0	0
6281	-394.005	0	0
6280	-390.235	0	0
6279	-386.539	0	0
6278	-382.913	0	0
6277	-379.357	0	0
6276	-375.868	0	0
6275	-372.444	0	0
6274	-369.084	0	0
6273	-365.785	0	0
6272	-362.546	0	0
6271	-359.366	0	0
6270	-356.242	0	0
6269	-353.173	0	0
6268	-350.159	0	0
6267	-347.196	0	0
6266	-344.285	0	0
6265	-341.423	0	0
6264	-338.609	0	0
6263	-335.843	0	0
6262	-333.123	0	0
6261	-330.447	0	0
6260	-327.816	0	0
6259	-325.227	0	0
6258	-322.679	0	0
6257	-320.172	0	0
6256	-317.705	0	0
6255	-315.276	0	0
6254	-312.886	0	0
6253	-310.532	0	0
6252	-308.214	0	0
6251	-305.931	0	0
6250	-303.683	0	0
6249	-301.469	0	0
6248	-299.287	0	0
6247	-297.137	0	0
6246	-295.019	0	0
6245	-292.932	0	0
6244	-290.874	0	0
6243	-288.846	0	0
6242	-286.847	0	0
6241	-284.876	0	0
6240	-282.933	0	0
6239	-281.017	0	0
6238	-279.127	0	0
6237	-277.263	0	0
6236	-275.424	0	0
6235	-273.61	0	0
6234	-271.82	0	0
6233	-270.055	0	0
6232	-268.312	0	0
6231	-266.593	0	0
6230	-264.896	0	0
6229	-263.221	0	0
6228	-261.567	0	0
6227	-259.935	0	0
6226	-258.324	0	0
6225	-256.732	0	0
6224	-255.161	0	0
6223	-253.61	0	0
6222	-252.077	0	0
6221	-250.564	0	0
6220	-249.069	0	0
6219	-247.592	0	0
6218	-246.133	0	0
6217	-244.691	0	0
6216	-243.267	0	0
6215	-241.86	0	0
6214	-240.469	0	0
6213	-239.094	0	0
6212	-237.736	0	0
6211	-236.393	0	0
6210	-235.066	0	0
6209	-233.754	0	0
6208	-232.457	0	0
6207	-231.174	0	0
6206	-229.906	0	0
6205	-228.652	0	0
6204	-227.412	0	0
6203	-226.186	0	0
6202	-224.973	0	0
6201	-223.774	0	0
6200	-222.587	0	0
6199	-221.414	0	0
6198	-220.253	0	0
6197	-219.104	0	0
6196	-217.968	0	0
6195	-216.843	0	0
6194	-215.731	0	0
6193	-214.63	0	0
6192	-213.54	0	0
6191	-212.462	0	0
6190	-211.395	0	0
6189	-210.339	0	0
6188	-209.294	0	0
6187	-208.259	0	0
6186	-207.235	0	0
6185	-206.221	0	0
6184	-205.217	0	0
6183	-204.223	0	0
6182	-203.239	0	0
6181	-202.264	0	0
6180	-201.299	0	0
6179	-200.344	0	0
6178	-199.397	0	0
6177	-198.46	0	0
6176	-197.532	0	0
6175	-196.613	0	0
6174	-195.702	0	0
6173	-194.8	0	0
6172	-193.907	0	0
6171	-193.022	0	0
6170	-192.145	0	0
6169	-191.276	0	0
6168	-190.416	0	0
6167	-189.563	0	0
6166	-188.718	0	0
6165	-187.881	0	0
6164	-187.051	0	0
6163	-186.229	0	0
6162	-185.414	0	0
6161	-184.606	0	0
6160	-183.806	0	0
6159	-183.013	0	0
6158	-182.226	0	0
6157	-181.447	0	0
6156	-180.674	0	0
6155	-179.908	0	0
6154	-179.149	0	0
6153	-178.397	0	0
6152	-177.65	0	0
6151	-176.91	0	0
6150	-176.177	0	0
6149	-175.45	0	0
6148	-174.728	0	0
6147	-174.013	0	0
6146	-173.304	0	0
6145	-172.601	0	0
6144	-171.904	0	0
6143	-171.212	0	0
6142	-170.526	0	0
6141	-169.846	0	0
6140	-169.171	0	0
6139	-168.502	0	0
6138	-167.838	0	0
6137	-167.179	0	0
6136	-166.526	0	0
6135	-165.878	0	0
6134	-165.235	0	0
6133	-164.597	0	0
6132	-163.965	0	0
6131	-163.337	0	0
6130	-162.714	0	0
6129	-162.096	0	0
6128	-161.483	0	0
6127	-160.874	0	0
6126	-160.271	0	0
6125	-159.672	0	0
6124	-159.077	0	0
6123	-158.487	0	0
6122	-157.902	0	0
6121	-157.321	0	0
6120	-156.744	0	0
6119	-156.172	0	0
6118	-155.604	0	0
6117	-155.04	0	0
6116	-154.48	0	0
6115	-153.925	0	0
6114	-153.373	0	0
6113	-152.826	0	0
6112	-152.282	0	0
6111	-151.743	0	0
6110	-151.207	0	0
6109	-150.676	0	0
6108	-150.148	0	0
6107	-149.624	0	0
6106	-149.104	0	0
6105	-148.587	0	0
6104	-148.074	0	0
6103	-147.565	0	0
6102	-147.059	0	0
6101	-146.557	0	0
6100	-146.059	0	0
6099	-145.564	0	0
6098	-145.072	0	0
6097	-144.584	0	0
6096	-144.099	0	0
6095	-143.617	0	0
6094	-143.139	0	0
6093	-142.664	0	0
6092	-142.192	0	0
6091	-141.724	0	0
6090	-141.258	0	0
6089	-140.796	0	0
6088	-140.337	0	0
6087	-139.881	0	0
6086	-139.428	0	0
6085	-138.978	0	0
6084	-138.531	0	0
6083	-138.087	0	0
6082	-137.646	0	0
6081	-137.207	0	0
6080	-136.772	0	0
6079	-136.339	0	0
6078	-135.91	0	0
6077	-135.483	0	0
6076	-135.059	0	0
6075	-134.637	0	0
6074	-134.218	0	0
6073	-133.802	0	0
6072	-133.389	0	0
6071	-132.978	0	0
6070	-132.57	0	0
6069	-132.164	0	0
6068	-131.761	0	0
6067	-131.361	0	0
6066	-130.963	0	0
6065	-130.567	0	0
6064	-130.174	0	0
6063	-129.783	0	0
6062	-129.395	0	0
6061	-129.009	0	0
6060	-128.626	0	0
6059	-128.244	0	0
6058	-127.866	0	0
6057	-127.489	0	0
6056	-127.115	0	0
6055	-126.743	0	0
6054	-126.373	0	0
6053	-126.006	0	0
6052	-125.64	0	0
6051	-125.277	0	0
6050	-124.916	0	0
6049	-124.557	0	0
6048	-124.201	0	0
6047	-123.846	0	0
6046	-123.494	0	0
6045	-123.143	0	0
6044	-122.795	0	0
6043	-122.448	0	0
6042	-122.104	0	0
6041	-121.762	0	0
6040	-121.421	0	0
6039	-121.083	0	0
6038	-120.746	0	0
6037	-120.412	0	0
6036	-120.079	0	0
6035	-119.749	0	0
6034	-119.42	0	0
6033	-119.093	0	0
6032	-118.768	0	0
6031	-118.444	0	0
6030	-118.123	0	0
6029	-117.803	0	0
6028	-117.485	0	0
6027	-117.169	0	0
6026	-116.855	0	0
6025	-116.542	0	0
6024	-116.231	0	0
6023	-115.922	0	0
6022	-115.615	0	0
6021	-115.309	0	0
6020	-115.005	0	0
6019	-114.702	0	0
6018	-114.401	0	0
6017	-114.102	0	0
6016	-113.805	0	0
6015	-113.509	0	0
6014	-113.214	0	0
6013	-112.922	0	0
6012	-112.63	0	0
6011	-112.341	0	0
6010	-112.053	0	0
6009	-111.766	0	0
6008	-111.481	0	0
6007	-111.197	0	0
6006	-110.915	0	0
6005	-110.635	0	0
6004	-110.355	0	0
6003	-110.078	0	0
6002	-109.802	0	0
6001	-109.527	0	0
6000	-109.253	0	0
5999	-108.981	0	0
5998	-108.711	0	0
5997	-108.442	0	0
5996	-108.174	0	0
5995	-107.908	0	0
5994	-107.643	0	0
5993	-107.379	0	0
5992	-107.116	0	0
5991	-106.855	0	0
5990	-106.596	0	0
5989	-106.337	0	0
5988	-106.08	0	0
5987	-105.824	0	0
5986	-105.57	0	0
5985	-105.317	0	0
5984	-105.065	0	0
5983	-104.814	0	0
5982	-104.564	0	0
5981	-104.316	0	0
5980	-104.069	0	0
5979	-103.823	0	0
5978	-103.579	0	0
5977	-103.335	0	0
5976	-103.093	0	0
5975	-102.852	0	0
5974	-102.612	0	0
5973	-102.373	0	0
5972	-102.136	0	0
5971	-101.899	0	0
5970	-101.664	0	0
5969	-101.43	0	0
5968	-101.197	0	0
5967	-100.965	0	0
5966	-100.734	0	0
5965	-100.505	0	0
5964	-100.276	0	0
5963	-100.048	0	0
5962	-99.8219	0	0
5961	-99.5965	0	0
5960	-99.3722	0	0
5959	-99.1489	0	0
5958	-98.9267	0	0
5957	-98.7055	0	0
5956	-98.4853	0	0
5955	-98.2662	0	0
5954	-98.048	0	0
5953	-97.8309	0	0
5952	-97.6148	0	0
5951	-97.3997	0	0
5950	-97.1856	0	0
5949	-96.9724	0	0
5948	-96.7602	0	0
5947	-96.549	0	0
5946	-96.3388	0	0
5945	-96.1295	0	0
5944	-95.9212	0	0
5943	-95.7138	0	0
5942	-95.5073	0	0
5941	-95.3018	0	0
5940	-95.0972	0	0
5939	-94.8935	0	0
5938	-94.6907	0	0
5937	-94.4889	0	0
5936	-94.2879	0	0
5935	-94.0878	0	0
5934	-93.8886	0	0
5933	-93.6903	0	0
5932	-93.4929	0	0
5931	-93.2963	0	0
5930	-93.1006	0	0
5929	-92.9058	0	0
5928	-92.7118	0	0
5927	-92.5186	0	0
5926	-92.3264	0	0
5925	-92.1349	0	0
5924	-91.9443	0	0
5923	-91.7545	0	0
5922	-91.5655	0	0
5921	-91.3773	0	0
5920	-91.19	0	0
5919	-91.0034	0	0
5918	-90.8177	0	0
5917	-90.6327	0	0
5916	-90.4485	0	0
5915	-90.2651	0	0
5914	-90.0825	0	0
5913	-89.9007	0	0
5912	-89.7196	0	0
5911	-89.5394	0	0
5910	-89.3598	0	0
5909	-89.181	0	0
5908	-89.003	0	0
5907	-88.8257	0	0
5906	-88.6492	0	0
5905	-88.4734	0	0
5904	-88.2983	0	0
5903	-88.124	0	0
5902	-87.9503	0	0
5901	-87.7774	0	0
5900	-87.6053	0	0
5899	-87.4338	0	0
5898	-87.263	0	0
5897	-87.0929	0	0
5896	-86.9236	0	0
5895	-86.7549	0	0
5894	-86.5869	0	0
5893	-86.4196	0	0
5892	-86.2529	0	0
5891	-86.087	0	0
5890	-85.9217	0	0
5889	-85.7571	0	0
5888	-85.5931	0	0
5887	-85.4299	0	0
5886	-85.2672	0	0
5885	-85.1052	0	0
5884	-84.9439	0	0
5883	-84.7832	0	0
5882	-84.6232	0	0
5881	-84.4638	0	0
5880	-84.305	0	0
5879	-84.1468	0	0
5878	-83.9893	0	0
5877	-83.8324	0	0
5876	-83.6761	0	0
5875	-83.5205	0	0
5874	-83.3654	0	0
5873	-83.211	0	0
5872	-83.0571	0	0
5871	-82.9039	0	0
5870	-82.7512	0	0
5869	-82.5992	0	0
5868	-82.4477	0	0
5867	-82.2968	0	0
5866	-82.1465	0	0
5865	-81.9968	0	0
5864	-81.8477	0	0
5863	-81.6991	0	0
5862	-81.5511	0	0
5861	-81.4037	0	0
5860	-81.2568	0	0
5859	-81.1105	0	0
5858	-80.9648	0	0
5857	-80.8196	0	0
5856	-80.675	0	0
5855	-80.5309	0	0
5854	-80.3873	0	0
5853	-80.2443	0	0
5852	-80.1018	0	0
5851	-79.9599	0	0
5850	-79.8185	0	0
5849	-79.6776	0	0
5848	-79.5373	0	0
5847	-79.3975	0	0
5846	-79.2582	0	0
5845	-79.1194	0	0
5844	-78.9812	0	0
5843	-78.8434	0	0
5842	-78.7062	0	0
5841	-78.5694	0	0
5840	-78.4332	0	0
5839	-78.2975	0	0
5838	-78.1622	0	0
5837	-78.0275	0	0
5836	-77.8933	0	0
5835	-77.7595	0	0
5834	-77.6263	0	0
5833	-77.4935	0	0
5832	-77.3612	0	0
5831	-77.2294	0	0
5830	-77.098	0	0
5829	-76.9672	0	0
5828	-76.8368	0	0
5827	-76.7069	0	0
5826	-76.5774	0	0
5825	-76.4484	0	0
5824	-76.3199	0	0
5823	-76.1919	0	0
5822	-76.0642	0	0
5821	-75.9371	0	0
5820	-75.8104	0	0
5819	-75.6842	0	0
5818	-75.5584	0	0
5817	-75.433	0	0
5816	-75.3081	0	0
5815	-75.1836	0	0
5814	-75.0596	0	0
5813	-74.936	0	0
5812	-74.8128	0	0
5811	-74.6901	0	0
5810	-74.5678	0	0
5809	-74.4459	0	0
5808	-74.3245	0	0
5807	-74.2035	0	0
5806	-74.0829	0	0
5805	-73.9627	0	0
5804	-73.8429	0	0
5803	-73.7236	0	0
5802	-73.6046	0	0
5801	-73.4861	0	0
5800	-73.368	0	0
5799	-73.2502	0	0
5798	-73.1329	0	0
5797	-73.016	0	0
5796	-72.8995	0	0
5795	-72.7834	0	0
5794	-72.6677	0	0
5793	-72.5523	0	0
5792	-72.4374	0	0
5791	-72.3229	0	0
5790	-72.2087	0	0
5789	-72.095	0	0
5788	-71.9816	0	0
5787	-71.8686	0	0
5786	-71.7559	0	0
5785	-71.6437	0	0
5784	-71.5318	0	0
5783	-71.4203	0	0
5782	-71.3092	0	0
5781	-71.1985	0	0
5780	-71.0881	0	0
5779	-70.9781	0	0
5778	-70.8684	0	0
5777	-70.7592	0	0
5776	-70.6502	0	0
5775	-70.5417	0	0
5774	-70.4335	0	0
5773	-70.3256	0	0
5772	-70.2181	0	0
5771	-70.111	0	0
5770	-70.0042	0	0
5769	-69.8978	0	0
5768	-69.7917	0	0
5767	-69.6859	0	0
5766	-69.5805	0	0
5765	-69.4755	0	0
5764	-69.3708	0	0
5763	-69.2664	0	0
5762	-69.1624	0	0
5761	-69.0587	0	0
5760	-68.9553	0	0
5759	-68.8523	0	0
5758	-68.7496	0	0
5757	-68.6472	0	0
5756	-68.5452	0	0
5755	-68.4434	0	0
5754	-68.3421	0	0
5753	-68.241	0	0
5752	-68.1403	0	0
5751	-68.0398	0	0
5750	-67.9397	0	0
5749	-67.84	0	0
5748	-67.7405	0	0
5747	-67.6413	0	0
5746	-67.5425	0	0
5745	-67.444	0	0
5744	-67.3458	0	0
5743	-67.2478	0	0
5742	-67.1502	0	0
5741	-67.053	0	0
5740	-66.956	0	0
5739	-66.8593	0	0
5738	-66.7629	0	0
5737	-66.6668	0	0
5736	-66.571	0	0
5735	-66.4756	0	0
5734	-66.3804	0	0
5733	-66.2855	0	0
5732	-66.1909	0	0
5731	-66.0966	0	0
5730	-66.0026	0	0
5729	-65.9088	0	0
5728	-65.8154	0	0
5727	-65.7222	0	0
5726	-65.6294	0	0
5725	-65.5368	0	0
5724	-65.4445	0	0
5723	-65.3525	0	0
5722	-65.2608	0	0
5721	-65.1693	0	0
5720	-65.0781	0	0
5719	-64.9872	0	0
5718	-64.8966	0	0
5717	-64.8063	0	0
5716	-64.7162	0	0
5715	-64.6264	0	0
5714	-64.5369	0	0
5713	-64.4476	0	0
5712	-64.3586	0	0
5711	-64.2699	0	0
5710	-64.1814	0	0
5709	-64.0932	0	0
5708	-64.0053	0	0
5707	-63.9176	0	0
5706	-63.8302	0	0
5705	-63.7431	0	0
5704	-63.6562	0	0
5703	-63.5696	0	0
5702	-63.4832	0	0
5701	-63.3971	0	0
5700	-63.3112	0	0
5699	-63.2256	0	0
5698	-63.1402	0	0
5697	-63.0551	0	0
5696	-62.9703	0	0
5695	-62.8857	0	0
5694	-62.8013	0	0
5693	-62.7172	0	0
5692	-62.6334	0	0
5691	-62.5497	0	0
5690	-62.4664	0	0
5689	-62.3832	0	0
5688	-62.3003	0	0
5687	-62.2177	0	0
5686	-62.1353	0	0
5685	-62.0531	0	0
5684	-61.9712	0	0
5683	-61.8895	0	0
5682	-61.808	0	0
5681	-61.7268	0	0
5680	-61.6458	0	0
5679	-61.5651	0	0
5678	-61.4845	0	0
5677	-61.4042	0	0
5676	-61.3242	0	0
5675	-61.2443	0	0
5674	-61.1647	0	0
5673	-61.0853	0	0
5672	-61.0062	0	0
5671	-60.9272	0	0
5670	-60.8485	0	0
5669	-60.77	0	0
5668	-60.6918	0	0
5667	-60.6137	0	0
5666	-60.5359	0	0
5665	-60.4583	0	0
5664	-60.3809	0	0
5663	-60.3038	0	0
5662	-60.2268	0	0
5661	-60.1501	0	0
5660	-60.0736	0	0
5659	-59.9973	0	0
5658	-59.9212	0	0
5657	-59.8453	0	0
5656	-59.7696	0	0
5655	-59.6942	0	0
5654	-59.6189	0	0
5653	-59.5439	0	0
5652	-59.4691	0	0
5651	-59.3944	0	0
5650	-59.32	0	0
5649	-59.2458	0	0
5648	-59.1718	0	0
5647	-59.098	0	0
5646	-59.0244	0	0
5645	-58.951	0	0
5644	-58.8778	0	0
5643	-58.8048	0	0
5642	-58.732	0	0
5641	-58.6594	0	0
5640	-58.587	0	0
5639	-58.5148	0	0
5638	-58.4428	0	0
5637	-58.371	0	0
5636	-58.2994	0	0
5635	-58.228	0	0
5634	-58.1568	0	0
5633	-58.0857	0	0
5632	-58.0149	0	0
5631	-57.9442	0	0
5630	-57.8738	0	0
5629	-57.8035	0	0
5628	-57.7334	0	0
5627	-57.6635	0	0
5626	-57.5938	0	0
5625	-57.5243	0	0
5624	-57.455	0	0
5623	-57.3858	0	0
5622	-57.3169	0	0
5621	-57.2481	0	0
5620	-57.1795	0	0
5619	-57.1111	0	0
5618	-57.0429	0	0
5617	-56.9748	0	0
5616	-56.9069	0	0
5615	-56.8393	0	0
5614	-56.7717	0	0
5613	-56.7044	0	0
5612	-56.6373	0	0
5611	-56.5703	0	0
5610	-56.5035	0	0
5609	-56.4368	0	0
5608	-56.3704	0	0
5607	-56.3041	0	0
5606	-56.238	0	0
5605	-56.1721	0	0
5604	-56.1063	0	0
5603	-56.0407	0	0
5602	-55.9753	0	0
5601	-55.9101	0	0
5600	-55.845	0	0
5599	-55.7801	0	0
5598	-55.7153	0	0
5597	-55.6507	0	0
5596	-55.5863	0	0
5595	-55.5221	0	0
5594	-55.458	0	0
5593	-55.3941	0	0
5592	-55.3304	0	0
5591	-55.2668	0	0
5590	-55.2034	0	0
5589	-55.1401	0	0
5588	-55.077	0	0
5587	-55.0141	0	0
5586	-54.9513	0	0
5585	-54.8887	0	0
5584	-54.8262	0	0
5583	-54.7639	0	0
5582	-54.7018	0	0
5581	-54.6398	0	0
5580	-54.578	0	0
5579	-54.5164	0	0
5578	-54.4548	0	0
5577	-54.3935	0	0
5576	-54.3323	0	0
5575	-54.2712	0	0
5574	-54.2104	0	0
5573	-54.1496	0	0
5572	-54.089	0	0
5571	-54.0286	0	0
5570	-53.9683	0	0
5569	-53.9082	0	0
5568	-53.8482	0	0
5567	-53.7884	0	0
5566	-53.7287	0	0
5565	-53.6692	0	0
5564	-53.6098	0	0
5563	-53.5506	0	0
5562	-53.4915	0	0
5561	-53.4325	0	0
5560	-53.3737	0	0
5559	-53.3151	0	0
5558	-53.2566	0	0
5557	-53.1982	0	0
5556	-53.14	0	0
5555	-53.0819	0	0
5554	-53.024	0	0
5553	-52.9662	0	0
5552	-52.9086	0	0
5551	-52.8511	0	0
5550	-52.7937	0	0
5549	-52.7365	0	0
5548	-52.6794	0	0
5547	-52.6224	0	0
5546	-52.5656	0	0
5545	-52.509	0	0
5544	-52.4524	0	0
5543	-52.3961	0	0
5542	-52.3398	0	0
5541	-52.2837	0	0
5540	-52.2277	0	0
5539	-52.1718	0	0
5538	-52.1161	0	0
5537	-52.0606	0	0
5536	-52.0051	0	0
5535	-51.9498	0	0
5534	-51.8946	0	0
5533	-51.8396	0	0
5532	-51.7847	0	0
5531	-51.7299	0	0
5530	-51.6752	0	0
5529	-51.6207	0	0
5528	-51.5663	0	0
5527	-51.5121	0	0
5526	-51.458	0	0
5525	-51.404	0	0
5524	-51.3501	0	0
5523	-51.2963	0	0
5522	-51.2427	0	0
5521	-51.1892	0	0
5520	-51.1359	0	0
5519	-51.0826	0	0
5518	-51.0295	0	0
5517	-50.9765	0	0
5516	-50.9237	0	0
5515	-50.8709	0	0
5514	-50.8183	0	0
5513	-50.7659	0	0
5512	-50.7135	0	0
5511	-50.6612	0	0
5510	-50.6091	0	0
5509	-50.5571	0	0
5508	-50.5053	0	0
5507	-50.4535	0	0
5506	-50.4019	0	0
5505	-50.3504	0	0
5504	-50.299	0	0
5503	-50.2477	0	0
5502	-50.1965	0	0
5501	-50.1455	0	0
5500	-50.0946	0	0
5499	-50.0438	0	0
5498	-49.9931	0	0
5497	-49.9425	0	0
5496	-49.8921	0	0
5495	-49.8418	0	0
5494	-49.7916	0	0
5493	-49.7415	0	0
5492	-49.6915	0	0
5491	-49.6416	0	0
5490	-49.5919	0	0
5489	-49.5422	0	0
5488	-49.4927	0	0
5487	-49.4433	0	0
5486	-49.394	0	0
5485	-49.3448	0	0
5484	-49.2957	0	0
5483	-49.2467	0	0
5482	-49.1979	0	0
5481	-49.1491	0	0
5480	-49.1005	0	0
5479	-49.052	0	0
5478	-49.0036	0	0
5477	-48.9553	0	0
5476	-48.9071	0	0
5475	-48.859	0	0
5474	-48.811	0	0
5473	-48.7632	0	0
5472	-48.7154	0	0
5471	-48.6678	0	0
5470	-48.6202	0	0
5469	-48.5728	0	0
5468	-48.5254	0	0
5467	-48.4782	0	0
5466	-48.4311	0	0
5465	-48.3841	0	0
5464	-48.3372	0	0
5463	-48.2904	0	0
5462	-48.2437	0	0
5461	-48.1971	0	0
5460	-48.1506	0	0
5459	-48.1042	0	0
5458	-48.0579	0	0
5457	-48.0117	0	0
5456	-47.9656	0	0
5455	-47.9197	0	0
5454	-47.8738	0	0
5453	-47.828	0	0
5452	-47.7823	0	0
5451	-47.7368	0	0
5450	-47.6913	0	0
5449	-47.6459	0	0
5448	-47.6006	0	0
5447	-47.5555	0	0
5446	-47.5104	0	0
5445	-47.4654	0	0
5444	-47.4205	0	0
5443	-47.3758	0	0
5442	-47.3311	0	0
5441	-47.2865	0	0
5440	-47.242	0	0
5439	-47.1976	0	0
5438	-47.1533	0	0
5437	-47.1091	0	0
5436	-47.065	0	0
5435	-47.021	0	0
5434	-46.9771	0	0
5433	-46.9333	0	0
5432	-46.8896	0	0
5431	-46.8459	0	0
5430	-46.8024	0	0
5429	-46.759	0	0
5428	-46.7156	0	0
5427	-46.6724	0	0
5426	-46.6292	0	0
5425	-46.5861	0	0
5424	-46.5432	0	0
5423	-46.5003	0	0
5422	-46.4575	0	0
5421	-46.4148	0	0
5420	-46.3722	0	0
5419	-46.3297	0	0
5418	-46.2872	0	0
5417	-46.2449	0	0
5416	-46.2027	0	0
5415	-46.1605	0	0
5414	-46.1184	0	0
5413	-46.0765	0	0
5412	-46.0346	0	0
5411	-45.9928	0	0
5410	-45.9511	0	0
5409	-45.9095	0	0
5408	-45.8679	0	0
5407	-45.8265	0	0
5406	-45.7851	0	0
5405	-45.7438	0	0
5404	-45.7027	0	0
5403	-45.6616	0	0
5402	-45.6206	0	0
5401	-45.5796	0	0
5400	-45.5388	0	0
5399	-45.498	0	0
5398	-45.4574	0	0
5397	-45.4168	0	0
5396	-45.3763	0	0
5395	-45.3359	0	0
5394	-45.2955	0	0
5393	-45.2553	0	0
5392	-45.2151	0	0
5391	-45.1751	0	0
5390	-45.1351	0	0
5389	-45.0951	0	0
5388	-45.0553	0	0
5387	-45.0156	0	0
5386	-44.9759	0	0
5385	-44.9363	0	0
5384	-44.8968	0	0
5383	-44.8574	0	0
5382	-44.8181	0	0
5381	-44.7788	0	0
5380	-44.7396	0	0
5379	-44.7005	0	0
5378	-44.6615	0	0
5377	-44.6226	0	0
5376	-44.5837	0	0
5375	-44.545	0	0
5374	-44.5063	0	0
5373	-44.4676	0	0
5372	-44.4291	0	0
5371	-44.3906	0	0
5370	-44.3523	0	0
5369	-44.314	0	0
5368	-44.2757	0	0
5367	-44.2376	0	0
5366	-44.1995	0	0
5365	-44.1615	0	0
5364	-44.1236	0	0
5363	-44.0858	0	0
5362	-44.048	0	0
5361	-44.0103	0	0
5360	-43.9727	0	0
5359	-43.9352	0	0
5358	-43.8977	0	0
5357	-43.8603	0	0
5356	-43.823	0	0
5355	-43.7858	0	0
5354	-43.7486	0	0
5353	-43.7116	0	0
5352	-43.6745	0	0
5351	-43.6376	0	0
5350	-43.6007	0	0
5349	-43.564	0	0
5348	-43.5272	0	0
5347	-43.4906	0	0
5346	-43.454	0	0
5345	-43.4175	0	0
5344	-43.3811	0	0
5343	-43.3448	0	0
5342	-43.3085	0	0
5341	-43.2723	0	0
5340	-43.2362	0	0
5339	-43.2001	0	0
5338	-43.1641	0	0
5337	-43.1282	0	0
5336	-43.0923	0	0
5335	-43.0566	0	0
5334	-43.0209	0	0
5333	-42.9852	0	0
5332	-42.9497	0	0
5331	-42.9142	0	0
5330	-42.8787	0	0
5329	-42.8434	0	0
5328	-42.8081	0	0
5327	-42.7729	0	0
5326	-42.7377	0	0
5325	-42.7027	0	0
5324	-42.6676	0	0
5323	-42.6327	0	0
5322	-42.5978	0	0
5321	-42.563	0	0
5320	-42.5283	0	0
5319	-42.4936	0	0
5318	-42.459	0	0
5317	-42.4245	0	0
5316	-42.39	0	0
5315	-42.3556	0	0
5314	-42.3213	0	0
5313	-42.287	0	0
5312	-42.2528	0	0
5311	-42.2187	0	0
5310	-42.1846	0	0
5309	-42.1506	0	0
5308	-42.1166	0	0
5307	-42.0828	0	0
5306	-42.049	0	0
5305	-42.0152	0	0
5304	-41.9815	0	0
5303	-41.9479	0	0
5302	-41.9144	0	0
5301	-41.8809	0	0
5300	-41.8475	0	0
5299	-41.8141	0	0
5298	-41.7808	0	0
5297	-41.7476	0	0
5296	-41.7144	0	0
5295	-41.6813	0	0
5294	-41.6483	0	0
5293	-41.6153	0	0
5292	-41.5824	0	0
5291	-41.5495	0	0
5290	-41.5168	0	0
5289	-41.484	0	0
5288	-41.4514	0	0
5287	-41.4188	0	0
5286	-41.3862	0	0
5285	-41.3537	0	0
5284	-41.3213	0	0
5283	-41.289	0	0
5282	-41.2567	0	0
5281	-41.2244	0	0
5280	-41.1923	0	0
5279	-41.1601	0	0
5278	-41.1281	0	0
5277	-41.0961	0	0
5276	-41.0642	0	0
5275	-41.0323	0	0
5274	-41.0005	0	0
5273	-40.9687	0	0
5272	-40.937	0	0
5271	-40.9054	0	0
5270	-40.8738	0	0
5269	-40.8423	0	0
5268	-40.8108	0	0
5267	-40.7794	0	0
5266	-40.7481	0	0
5265	-40.7168	0	0
5264	-40.6856	0	0
5263	-40.6544	0	0
5262	-40.6233	0	0
5261	-40.5923	0	0
5260	-40.5613	0	0
5259	-40.5303	0	0
5258	-40.4995	0	0
5257	-40.4686	0	0
5256	-40.4379	0	0
5255	-40.4072	0	0
5254	-40.3765	0	0
5253	-40.3459	0	0
5252	-40.3154	0	0
5251	-40.2849	0	0
5250	-40.2545	0	0
5249	-40.2241	0	0
5248	-40.1938	0	0
5247	-40.1635	0	0
5246	-40.1333	0	0
5245	-40.1032	0	0
5244	-40.0731	0	0
5243	-40.043	0	0
5242	-40.0131	0	0
5241	-39.9831	0	0
5240	-39.9533	0	0
5239	-39.9234	0	0
5238	-39.8937	0	0
5237	-39.864	0	0
5236	-39.8343	0	0
5235	-39.8047	0	0
5234	-39.7751	0	0
5233	-39.7456	0	0
5232	-39.7162	0	0
5231	-39.6868	0	0
5230	-39.6575	0	0
5229	-39.6282	0	0
5228	-39.599	0	0
5227	-39.5698	0	0
5226	-39.5406	0	0
5225	-39.5116	0	0
5224	-39.4826	0	0
5223	-39.4536	0	0
5222	-39.4247	0	0
5221	-39.3958	0	0
5220	-39.367	0	0
5219	-39.3382	0	0
5218	-39.3095	0	0
5217	-39.2809	0	0
5216	-39.2522	0	0
5215	-39.2237	0	0
5214	-39.1952	0	0
5213	-39.1667	0	0
5212	-39.1383	0	0
5211	-39.11	0	0
5210	-39.0817	0	0
5209	-39.0534	0	0
5208	-39.0252	0	0
5207	-38.9971	0	0
5206	-38.969	0	0
5205	-38.9409	0	0
5204	-38.9129	0	0
5203	-38.8849	0	0
5202	-38.857	0	0
5201	-38.8292	0	0
5200	-38.8014	0	0
5199	-38.7736	0	0
5198	-38.7459	0	0
5197	-38.7183	0	0
5196	-38.6906	0	0
5195	-38.6631	0	0
5194	-38.6356	0	0
5193	-38.6081	0	0
5192	-38.5807	0	0
5191	-38.5533	0	0
5190	-38.526	0	0
5189	-38.4987	0	0
5188	-38.4715	0	0
5187	-38.4443	0	0
5186	-38.4172	0	0
5185	-38.3901	0	0
5184	-38.3631	0	0
5183	-38.3361	0	0
5182	-38.3091	0	0
5181	-38.2822	0	0
5180	-38.2554	0	0
5179	-38.2286	0	0
5178	-38.2018	0	0
5177	-38.1751	0	0
5176	-38.1485	0	0
5175	-38.1218	0	0
5174	-38.0953	0	0
5173	-38.0687	0	0
5172	-38.0423	0	0
5171	-38.0158	0	0
5170	-37.9894	0	0
5169	-37.9631	0	0
5168	-37.9368	0	0
5167	-37.9106	0	0
5166	-37.8844	0	0
5165	-37.8582	0	0
5164	-37.8321	0	0
5163	-37.806	0	0
5162	-37.78	0	0
5161	-37.754	0	0
5160	-37.7281	0	0
5159	-37.7022	0	0
5158	-37.6763	0	0
5157	-37.6505	0	0
5156	-37.6247	0	0
5155	-37.599	0	0
5154	-37.5734	0	0
5153	-37.5477	0	0
5152	-37.5221	0	0
5151	-37.4966	0	0
5150	-37.4711	0	0
5149	-37.4456	0	0
5148	-37.4202	0	0
5147	-37.3949	0	0
5146	-37.3695	0	0
5145	-37.3442	0	0
5144	-37.319	0	0
5143	-37.2938	0	0
5142	-37.2686	0	0
5141	-37.2435	0	0
5140	-37.2185	0	0
5139	-37.1934	0	0
5138	-37.1684	0	0
5137	-37.1435	0	0
5136	-37.1186	0	0
5135	-37.0937	0	0
5134	-37.0689	0	0
5133	-37.0441	0	0
5132	-37.0194	0	0
5131	-36.9947	0	0
5130	-36.9701	0	0
5129	-36.9454	0	0
5128	-36.9209	0	0
5127	-36.8963	0	0
5126	-36.8718	0	0
5125	-36.8474	0	0
5124	-36.823	0	0
5123	-36.7986	0	0
5122	-36.7743	0	0
5121	-36.75	0	0
5120	-36.7258	0	0
5119	-36.7016	0	0
5118	-36.6774	0	0
5117	-36.6533	0	0
5116	-36.6292	0	0
5115	-36.6051	0	0
5114	-36.5811	0	0
5113	-36.5572	0	0
5112	-36.5332	0	0
5111	-36.5094	0	0
5110	-36.4855	0	0
5109	-36.4617	0	0
5108	-36.4379	0	0
5107	-36.4142	0	0
5106	-36.3905	0	0
5105	-36.3669	0	0
5104	-36.3432	0	0
5103	-36.3197	0	0
5102	-36.2961	0	0
5101	-36.2726	0	0
5100	-36.2492	0	0
5099	-36.2257	0	0
5098	-36.2024	0	0
5097	-36.179	0	0
5096	-36.1557	0	0
5095	-36.1324	0	0
5094	-36.1092	0	0
5093	-36.086	0	0
5092	-36.0629	0	0
5091	-36.0398	0	0
5090	-36.0167	0	0
5089	-35.9936	0	0
5088	-35.9706	0	0
5087	-35.9477	0	0
5086	-35.9247	0	0
5085	-35.9018	0	0
5084	-35.879	0	0
5083	-35.8562	0	0
5082	-35.8334	0	0
5081	-35.8106	0	0
5080	-35.7879	0	0
5079	-35.7652	0	0
5078	-35.7426	0	0
5077	-35.72	0	0
5076	-35.6975	0	0
5075	-35.6749	0	0
5074	-35.6524	0	0
5073	-35.63	0	0
5072	-35.6076	0	0
5071	-35.5852	0	0
5070	-35.5628	0	0
5069	-35.5405	0	0
5068	-35.5182	0	0
5067	-35.496	0	0
5066	-35.4738	0	0
5065	-35.4516	0	0
5064	-35.4295	0	0
5063	-35.4074	0	0
5062	-35.3853	0	0
5061	-35.3633	0	0
5060	-35.3413	0	0
5059	-35.3194	0	0
5058	-35.2974	0	0
5057	-35.2756	0	0
5056	-35.2537	0	0
5055	-35.2319	0	0
5054	-35.2101	0	0
5053	-35.1883	0	0
5052	-35.1666	0	0
5051	-35.145	0	0
5050	-35.1233	0	0
5049	-35.1017	0	0
5048	-35.0801	0	0
5047	-35.0586	0	0
5046	-35.0371	0	0
5045	-35.0156	0	0
5044	-34.9941	0	0
5043	-34.9727	0	0
5042	-34.9514	0	0
5041	-34.93	0	0
5040	-34.9087	0	0
5039	-34.8874	0	0
5038	-34.8662	0	0
5037	-34.845	0	0
5036	-34.8238	0	0
5035	-34.8027	0	0
5034	-34.7816	0	0
5033	-34.7605	0	0
5032	-34.7394	0	0
5031	-34.7184	0	0
5030	-34.6974	0	0
5029	-34.6765	0	0
5028	-34.6556	0	0
5027	-34.6347	0	0
5026	-34.6139	0	0
5025	-34.593	0	0
5024	-34.5723	0	0
5023	-34.5515	0	0
5022	-34.5308	0	0
5021	-34.5101	0	0
5020	-34.4895	0	0
5019	-34.4688	0	0
5018	-34.4482	0	0
5017	-34.4277	0	0
5016	-34.4072	0	0
5015	-34.3867	0	0
5014	-34.3662	0	0
5013	-34.3458	0	0
5012	-34.3254	0	0
5011	-34.305	0	0
5010	-34.2847	0	0
5009	-34.2643	0	0
5008	-34.2441	0	0
5007	-34.2238	0	0
5006	-34.2036	0	0
5005	-34.1834	0	0
5004	-34.1633	0	0
5003	-34.1432	0	0
5002	-34.1231	0	0
5001	-34.103	0	0
5000	-34.083	0	0
4999	-34.063	0	0
4998	-34.043	0	0
4997	-34.0231	0	0
4996	-34.0032	0	0
4995	-33.9833	0	0
4994	-33.9634	0	0
4993	-33.9436	0	0
4992	-33.9238	0	0
4991	-33.9041	0	0
4990	-33.8844	0	0
4989	-33.8647	0	0
4988	-33.845	0	0
4987	-33.8254	0	0
4986	-33.8057	0	0
4985	-33.7862	0	0
4984	-33.7666	0	0
4983	-33.7471	0	0
4982	-33.7276	0	0
4981	-33.7081	0	0
4980	-33.6887	0	0
4979	-33.6693	0	0
4978	-33.6499	0	0
4977	-33.6306	0	0
4976	-33.6113	0	0
4975	-33.592	0	0
4974	-33.5727	0	0
4973	-33.5535	0	0
4972	-33.5343	0	0
4971	-33.5151	0	0
4970	-33.496	0	0
4969	-33.4769	0	0
4968	-33.4578	0	0
4967	-33.4388	0	0
4966	-33.4197	0	0
4965	-33.4007	0	0
4964	-33.3818	0	0
4963	-33.3628	0	0
4962	-33.3439	0	0
4961	-33.325	0	0
4960	-33.3062	0	0
4959	-33.2873	0	0
4958	-33.2685	0	0
4957	-33.2497	0	0
4956	-33.231	0	0
4955	-33.2123	0	0
4954	-33.1936	0	0
4953	-33.1749	0	0
4952	-33.1563	0	0
4951	-33.1377	0	0
4950	-33.1191	0	0
4949	-33.1006	0	0
4948	-33.082	0	0
4947	-33.0635	0	0
4946	-33.0451	0	0
4945	-33.0266	0	0
4944	-33.0082	0	0
4943	-32.9898	0	0
4942	-32.9714	0	0
4941	-32.9531	0	0
4940	-32.9348	0	0
4939	-32.9165	0	0
4938	-32.8983	0	0
4937	-32.88	0	0
4936	-32.8618	0	0
4935	-32.8437	0	0
4934	-32.8255	0	0
4933	-32.8074	0	0
4932	-32.7893	0	0
4931	-32.7712	0	0
4930	-32.7532	0	0
4929	-32.7352	0	0
4928	-32.7172	0	0
4927	-32.6992	0	0
4926	-32.6813	0	0
4925	-32.6633	0	0
4924	-32.6455	0	0
4923	-32.6276	0	0
4922	-32.6098	0	0
4921	-32.592	0	0
4920	-32.5742	0	0
4919	-32.5564	0	0
4918	-32.5387	0	0
4917	-32.521	0	0
4916	-32.5033	0	0
4915	-32.4856	0	0
4914	-32.468	0	0
4913	-32.4504	0	0
4912	-32.4328	0	0
4911	-32.4153	0	0
4910	-32.3977	0	0
4909	-32.3802	0	0
4908	-32.3628	0	0
4907	-32.3453	0	0
4906	-32.3279	0	0
4905	-32.3105	0	0
4904	-32.2931	0	0
4903	-32.2757	0	0
4902	-32.2584	0	0
4901	-32.2411	0	0
4900	-32.2238	0	0
4899	-32.2066	0	0
4898	-32.1894	0	0
4897	-32.1721	0	0
4896	-32.155	0	0
4895	-32.1378	0	0
4894	-32.1207	0	0
4893	-32.1036	0	0
4892	-32.0865	0	0
4891	-32.0694	0	0
4890	-32.0524	0	0
4889	-32.0354	0	0
4888	-32.0184	0	0
4887	-32.0014	0	0
4886	-31.9845	0	0
4885	-31.9676	0	0
4884	-31.9507	0	0
4883	-31.9338	0	0
4882	-31.917	0	0
4881	-31.9002	0	0
4880	-31.8834	0	0
4879	-31.8666	0	0
4878	-31.8499	0	0
4877	-31.8331	0	0
4876	-31.8164	0	0
4875	-31.7998	0	0
4874	-31.7831	0	0
4873	-31.7665	0	0
4872	-31.7499	0	0
4871	-31.7333	0	0
4870	-31.7167	0	0
4869	-31.7002	0	0
4868	-31.6837	0	0
4867	-31.6672	0	0
4866	-31.6507	0	0
4865	-31.6343	0	0
4864	-31.6178	0	0
4863	-31.6014	0	0
4862	-31.5851	0	0
4861	-31.5687	0	0
4860	-31.5524	0	0
4859	-31.5361	0	0
4858	-31.5198	0	0
4857	-31.5035	0	0
4856	-31.4873	0	0
4855	-31.4711	0	0
4854	-31.4549	0	0
4853	-31.4387	0	0
4852	-31.4226	0	0
4851	-31.4064	0	0
4850	-31.3903	0	0
4849	-31.3742	0	0
4848	-31.3582	0	0
4847	-31.3421	0	0
4846	-31.3261	0	0
4845	-31.3101	0	0
4844	-31.2942	0	0
4843	-31.2782	0	0
4842	-31.2623	0	0
4841	-31.2464	0	0
4840	-31.2305	0	0
4839	-31.2146	0	0
4838	-31.1988	0	0
4837	-31.183	0	0
4836	-31.1672	0	0
4835	-31.1514	0	0
4834	-31.1356	0	0
4833	-31.1199	0	0
4832	-31.1042	0	0
4831	-31.0885	0	0
4830	-31.0728	0	0
4829	-31.0572	0	0
4828	-31.0416	0	0
4827	-31.026	0	0
4826	-31.0104	0	0
4825	-30.9948	0	0
4824	-30.9793	0	0
4823	-30.9638	0	0
4822	-30.9483	0	0
4821	-30.9328	0	0
4820	-30.9173	0	0
4819	-30.9019	0	0
4818	-30.8865	0	0
4817	-30.8711	0	0
4816	-30.8557	0	0
4815	-30.8404	0	0
4814	-30.825	0	0
4813	-30.8097	0	0
4812	-30.7944	0	0
4811	-30.7792	0	0
4810	-30.7639	0	0
4809	-30.7487	0	0
4808	-30.7335	0	0
4807	-30.7183	0	0
4806	-30.7031	0	0
4805	-30.688	0	0
4804	-30.6729	0	0
4803	-30.6578	0	0
4802	-30.6427	0	0
4801	-30.6276	0	0
4800	-30.6126	0	0
4799	-30.5976	0	0
4798	-30.5826	0	0
4797	-30.5676	0	0
4796	-30.5526	0	0
4795	-30.5377	0	0
4794	-30.5227	0	0
4793	-30.5078	0	0
4792	-30.493	0	0
4791	-30.4781	0	0
4790	-30.4632	0	0
4789	-30.4484	0	0
4788	-30.4336	0	0
4787	-30.4188	0	0
4786	-30.4041	0	0
4785	-30.3893	0	0
4784	-30.3746	0	0
4783	-30.3599	0	0
4782	-30.3452	0	0
4781	-30.3305	0	0
4780	-30.3159	0	0
4779	-30.3013	0	0
4778	-30.2867	0	0
4777	-30.2721	0	0
4776	-30.2575	0	0
4775	-30.243	0	0
4774	-30.2284	0	0
4773	-30.2139	0	0
4772	-30.1994	0	0
4771	-30.1849	0	0
4770	-30.1705	0	0
4769	-30.1561	0	0
4768	-30.1416	0	0
4767	-30.1272	0	0
4766	-30.1129	0	0
4765	-30.0985	0	0
4764	-30.0842	0	0
4763	-30.0698	0	0
4762	-30.0555	0	0
4761	-30.0412	0	0
4760	-30.027	0	0
4759	-30.0127	0	0
4758	-29.9985	0	0
4757	-29.9843	0	0
4756	-29.9701	0	0
4755	-29.9559	0	0
4754	-29.9418	0	0
4753	-29.9276	0	0
4752	-29.9135	0	0
4751	-29.8994	0	0
4750	-29.8853	0	0
4749	-29.8713	0	0
4748	-29.8572	0	0
4747	-29.8432	0	0
4746	-29.8292	0	0
4745	-29.8152	0	0
4744	-29.8012	0	0
4743	-29.7873	0	0
4742	-29.7734	0	0
4741	-29.7594	0	0
4740	-29.7455	0	0
4739	-29.7317	0	0
4738	-29.7178	0	0
4737	-29.704	0	0
4736	-29.6901	0	0
4735	-29.6763	0	0
4734	-29.6625	0	0
4733	-29.6487	0	0
4732	-29.635	0	0
4731	-29.6213	0	0
4730	-29.6075	0	0
4729	-29.5938	0	0
4728	-29.5801	0	0
4727	-29.5665	0	0
4726	-29.5528	0	0
4725	-29.5392	0	0
4724	-29.5256	0	0
4723	-29.512	0	0
4722	-29.4984	0	0
4721	-29.4848	0	0
4720	-29.4713	0	0
4719	-29.4578	0	0
4718	-29.4443	0	0
4717	-29.4308	0	0
4716	-29.4173	0	0
4715	-29.4038	0	0
4714	-29.3904	0	0
4713	-29.377	0	0
4712	-29.3635	0	0
4711	-29.3502	0	0
4710	-29.3368	0	0
4709	-29.3234	0	0
4708	-29.3101	0	0
4707	-29.2968	0	0
4706	-29.2835	0	0
4705	-29.2702	0	0
4704	-29.2569	0	0
4703	-29.2436	0	0
4702	-29.2304	0	0
4701	-29.2172	0	0
4700	-29.204	0	0
4699	-29.1908	0	0
4698	-29.1776	0	0
4697	-29.1645	0	0
4696	-29.1513	0	0
4695	-29.1382	0	0
4694	-29.1251	0	0
4693	-29.112	0	0
4692	-29.0989	0	0
4691	-29.0859	0	0
4690	-29.0728	0	0
4689	-29.0598	0	0
4688	-29.0468	0	0
4687	-29.0338	0	0
4686	-29.0208	0	0
4685	-29.0079	0	0
4684	-28.9949	0	0
4683	-28.982	0	0
4682	-28.9691	0	0
4681	-28.9562	0	0
4680	-28.9433	0	0
4679	-28.9305	0	0
4678	-28.9176	0	0
4677	-28.9048	0	0
4676	-28.892	0	0
4675	-28.8792	0	0
4674	-28.8664	0	0
4673	-28.8536	0	0
4672	-28.8409	0	0
4671	-28.8281	0	0
4670	-28.8154	0	0
4669	-28.8027	0	0
4668	-28.79	0	0
4667	-28.7774	0	0
4666	-28.7647	0	0
4665	-28.7521	0	0
4664	-28.7394	0	0
4663	-28.7268	0	0
4662	-28.7142	0	0
4661	-28.7017	0	0
4660	-28.6891	0	0
4659	-28.6766	0	0
4658	-28.664	0	0
4657	-28.6515	0	0
4656	-28.639	0	0
4655	-28.6265	0	0
4654	-28.6141	0	0
4653	-28.6016	0	0
4652	-28.5892	0	0
4651	-28.5767	0	0
4650	-28.5643	0	0
4649	-28.5519	0	0
4648	-28.5396	0	0
4647	-28.5272	0	0
4646	-28.5149	0	0
4645	-28.5025	0	0
4644	-28.4902	0	0
4643	-28.4779	0	0
4642	-28.4656	0	0
4641	-28.4534	0	0
4640	-28.4411	0	0
4639	-28.4289	0	0
4638	-28.4166	0	0
4637	-28.4044	0	0
4636	-28.3922	0	0
4635	-28.38	0	0
4634	-28.3679	0	0
4633	-28.3557	0	0
4632	-28.3436	0	0
4631	-28.3315	0	0
4630	-28.3193	0	0
4629	-28.3072	0	0
4628	-28.2952	0	0
4627	-28.2831	0	0
4626	-28.2711	0	0
4625	-28.259	0	0
4624	-28.247	0	0
4623	-28.235	0	0
4622	-28.223	0	0
4621	-28.211	0	0
4620	-28.1991	0	0
4619	-28.1871	0	0
4618	-28.1752	0	0
4617	-28.1633	0	0
4616	-28.1513	0	0
4615	-28.1395	0	0
4614	-28.1276	0	0
4613	-28.1157	0	0
4612	-28.1039	0	0
4611	-28.092	0	0
4610	-28.0802	0	0
4609	-28.0684	0	0
4608	-28.0566	0	0
4607	-28.0448	0	0
4606	-28.0331	0	0
4605	-28.0213	0	0
4604	-28.0096	0	0
4603	-27.9979	0	0
4602	-27.9862	0	0
4601	-27.9745	0	0
4600	-27.9628	0	0
4599	-27.9511	0	0
4598	-27.9395	0	0
4597	-27.9278	0	0
4596	-27.9162	0	0
4595	-27.9046	0	0
4594	-27.893	0	0
4593	-27.8814	0	0
4592	-27.8699	0	0
4591	-27.8583	0	0
4590	-27.8468	0	0
4589	-27.8352	0	0
4588	-27.8237	0	0
4587	-27.8122	0	0
4586	-27.8007	0	0
4585	-27.7893	0	0
4584	-27.7778	0	0
4583	-27.7663	0	0
4582	-27.7549	0	0
4581	-27.7435	0	0
4580	-27.7321	0	0
4579	-27.7207	0	0
4578	-27.7093	0	0
4577	-27.6979	0	0
4576	-27.6866	0	0
4575	-27.6753	0	0
4574	-27.6639	0	0
4573	-27.6526	0	0
4572	-27.6413	0	0
4571	-27.63	0	0
4570	-27.6188	0	0
4569	-27.6075	0	0
4568	-27.5963	0	0
4567	-27.585	0	0
4566	-27.5738	0	0
4565	-27.5626	0	0
4564	-27.5514	0	0
4563	-27.5402	0	0
4562	-27.529	0	0
4561	-27.5179	0	0
4560	-27.5068	0	0
4559	-27.4956	0	0
4558	-27.4845	0	0
4557	-27.4734	0	0
4556	-27.4623	0	0
4555	-27.4512	0	0
4554	-27.4402	0	0
4553	-27.4291	0	0
4552	-27.4181	0	0
4551	-27.4071	0	0
4550	-27.396	0	0
4549	-27.385	0	0
4548	-27.3741	0	0
4547	-27.3631	0	0
4546	-27.3521	0	0
4545	-27.3412	0	0
4544	-27.3302	0	0
4543	-27.3193	0	0
4542	-27.3084	0	0
4541	-27.2975	0	0
4540	-27.2866	0	0
4539	-27.2757	0	0
4538	-27.2649	0	0
4537	-27.254	0	0
4536	-27.2432	0	0
4535	-27.2324	0	0
4534	-27.2215	0	0
4533	-27.2107	0	0
4532	-27.2	0	0
4531	-27.1892	0	0
4530	-27.1784	0	0
4529	-27.1677	0	0
4528	-27.1569	0	0
4527	-27.1462	0	0
4526	-27.1355	0	0
4525	-27.1248	0	0
4524	-27.1141	0	0
4523	-27.1034	0	0
4522	-27.0928	0	0
4521	-27.0821	0	0
4520	-27.0715	0	0
4519	-27.0608	0	0
4518	-27.0502	0	0
4517	-27.0396	0	0
4516	-27.029	0	0
4515	-27.0184	0	0
4514	-27.0079	0	0
4513	-26.9973	0	0
4512	-26.9868	0	0
4511	-26.9762	0	0
4510	-26.9657	0	0
4509	-26.9552	0	0
4508	-26.9447	0	0
4507	-26.9342	0	0
4506	-26.9238	0	0
4505	-26.9133	0	0
4504	-26.9028	0	0
4503	-26.8924	0	0
4502	-26.882	0	0
4501	-26.8716	0	0
4500	-26.8612	0	0
4499	-26.8508	0	0
4498	-26.8404	0	0
4497	-26.83	0	0
4496	-26.8197	0	0
4495	-26.8093	0	0
4494	-26.799	0	0
4493	-26.7887	0	0
4492	-26.7784	0	0
4491	-26.7681	0	0
4490	-26.7578	0	0
4489	-26.7475	0	0
4488	-26.7372	0	0
4487	-26.727	0	0
4486	-26.7167	0	0
4485	-26.7065	0	0
4484	-26.6963	0	0
4483	-26.6861	0	0
4482	-26.6759	0	0
4481	-26.6657	0	0
4480	-26.6555	0	0
4479	-26.6454	0	0
4478	-26.6352	0	0
4477	-26.6251	0	0
4476	-26.615	0	0
4475	-26.6048	0	0
4474	-26.5947	0	0
4473	-26.5846	0	0
4472	-26.5746	0	0
4471	-26.5645	0	0
4470	-26.5544	0	0
4469	-26.5444	0	0
4468	-26.5343	0	0
4467	-26.5243	0	0
4466	-26.5143	0	0
4465	-26.5043	0	0
4464	-26.4943	0	0
4463	-26.4843	0	0
4462	-26.4743	0	0
4461	-26.4644	0	0
4460	-26.4544	0	0
4459	-26.4445	0	0
4458	-26.4346	0	0
4457	-26.4246	0	0
4456	-26.4147	0	0
4455	-26.4048	0	0
4454	-26.395	0	0
4453	-26.3851	0	0
4452	-26.3752	0	0
4451	-26.3654	0	0
4450	-26.3555	0	0
4449	-26.3457	0	0
4448	-26.3359	0	0
4447	-26.3261	0	0
4446	-26.3163	0	0
4445	-26.3065	0	0
4444	-26.2967	0	0
4443	-26.2869	0	0
4442	-26.2772	0	0
4441	-26.2674	0	0
4440	-26.2577	0	0
4439	-26.248	0	0
4438	-26.2382	0	0
4437	-26.2285	0	0
4436	-26.2188	0	0
4435	-26.2092	0	0
4434	-26.1995	0	0
4433	-26.1898	0	0
4432	-26.1802	0	0
4431	-26.1705	0	0
4430	-26.1609	0	0
4429	-26.1513	0	0
4428	-26.1417	0	0
4427	-26.1321	0	0
4426	-26.1225	0	0
4425	-26.1129	0	0
4424	-26.1033	0	0
4423	-26.0938	0	0
4422	-26.0842	0	0
4421	-26.0747	0	0
4420	-26.0652	0	0
4419	-26.0556	0	0
4418	-26.0461	0	0
4417	-26.0366	0	0
4416	-26.0271	0	0
4415	-26.0177	0	0
4414	-26.0082	0	0
4413	-25.9987	0	0
4412	-25.9893	0	0
4411	-25.9799	0	0
4410	-25.9704	0	0
4409	-25.961	0	0
4408	-25.9516	0	0
4407	-25.9422	0	0
4406	-25.9328	0	0
4405	-25.9234	0	0
4404	-25.9141	0	0
4403	-25.9047	0	0
4402	-25.8954	0	0
4401	-25.886	0	0
4400	-25.8767	0	0
4399	-25.8674	0	0
4398	-25.8581	0	0
4397	-25.8488	0	0
4396	-25.8395	0	0
4395	-25.8302	0	0
4394	-25.821	0	0
4393	-25.8117	0	0
4392	-25.8024	0	0
4391	-25.7932	0	0
4390	-25.784	0	0
4389	-25.7748	0	0
4388	-25.7655	0	0
4387	-25.7563	0	0
4386	-25.7472	0	0
4385	-25.738	0	0
4384	-25.7288	0	0
4383	-25.7196	0	0
4382	-25.7105	0	0
4381	-25.7013	0	0
4380	-25.6922	0	0
4379	-25.6831	0	0
4378	-25.674	0	0
4377	-25.6649	0	0
4376	-25.6558	0	0
4375	-25.6467	0	0
4374	-25.6376	0	0
4373	-25.6285	0	0
4372	-25.6195	0	0
4371	-25.6104	0	0
4370	-25.6014	0	0
4369	-25.5924	0	0
4368	-25.5834	0	0
4367	-25.5743	0	0
4366	-25.5653	0	0
4365	-25.5564	0	0
4364	-25.5474	0	0
4363	-25.5384	0	0
4362	-25.5294	0	0
4361	-25.5205	0	0
4360	-25.5115	0	0
4359	-25.5026	0	0
4358	-25.4937	0	0
4357	-25.4848	0	0
4356	-25.4758	0	0
4355	-25.4669	0	0
4354	-25.4581	0	0
4353	-25.4492	0	0
4352	-25.4403	0	0
4351	-25.4314	0	0
4350	-25.4226	0	0
4349	-25.4137	0	0
4348	-25.4049	0	0
4347	-25.3961	0	0
4346	-25.3873	0	0
4345	-25.3785	0	0
4344	-25.3697	0	0
4343	-25.3609	0	0
4342	-25.3521	0	0
4341	-25.3433	0	0
4340	-25.3345	0	0
4339	-25.3258	0	0
4338	-25.317	0	0
4337	-25.3083	0	0
4336	-25.2996	0	0
4335	-25.2909	0	0
4334	-25.2822	0	0
4333	-25.2735	0	0
4332	-25.2648	0	0
4331	-25.2561	0	0
4330	-25.2474	0	0
4329	-25.2387	0	0
4328	-25.2301	0	0
4327	-25.2214	0	0
4326	-25.2128	0	0
4325	-25.2042	0	0
4324	-25.1955	0	0
4323	-25.1869	0	0
4322	-25.1783	0	0
4321	-25.1697	0	0
4320	-25.1611	0	0
4319	-25.1526	0	0
4318	-25.144	0	0
4317	-25.1354	0	0
4316	-25.1269	0	0
4315	-25.1183	0	0
4314	-25.1098	0	0
4313	-25.1013	0	0
4312	-25.0927	0	0
4311	-25.0842	0	0
4310	-25.0757	0	0
4309	-25.0672	0	0
4308	-25.0588	0	0
4307	-25.0503	0	0
4306	-25.0418	0	0
4305	-25.0333	0	0
4304	-25.0249	0	0
4303	-25.0165	0	0
4302	-25.008	0	0
4301	-24.9996	0	0
4300	-24.9912	0	0
4299	-24.9828	0	0
4298	-24.9744	0	0
4297	-24.966	0	0
4296	-24.9576	0	0
4295	-24.9492	0	0
4294	-24.9408	0	0
4293	-24.9325	0	0
4292	-24.9241	0	0
4291	-24.9158	0	0
4290	-24.9075	0	0
4289	-24.8991	0	0
4288	-24.8908	0	0
4287	-24.8825	0	0
4286	-24.8742	0	0
4285	-24.8659	0	0
4284	-24.8576	0	0
4283	-24.8493	0	0
4282	-24.8411	0	0
4281	-24.8328	0	0
4280	-24.8246	0	0
4279	-24.8163	0	0
4278	-24.8081	0	0
4277	-24.7999	0	0
4276	-24.7916	0	0
4275	-24.7834	0	0
4274	-24.7752	0	0
4273	-24.767	0	0
4272	-24.7588	0	0
4271	-24.7507	0	0
4270	-24.7425	0	0
4269	-24.7343	0	0
4268	-24.7262	0	0
4267	-24.718	0	0
4266	-24.7099	0	0
4265	-24.7017	0	0
4264	-24.6936	0	0
4263	-24.6855	0	0
4262	-24.6774	0	0
4261	-24.6693	0	0
4260	-24.6612	0	0
4259	-24.6531	0	0
4258	-24.645	0	0
4257	-24.637	0	0
4256	-24.6289	0	0
4255	-24.6208	0	0
4254	-24.6128	0	0
4253	-24.6048	0	0
4252	-24.5967	0	0
4251	-24.5887	0	0
4250	-24.5807	0	0
4249	-24.5727	0	0
4248	-24.5647	0	0
4247	-24.5567	0	0
4246	-24.5487	0	0
4245	-24.5407	0	0
4244	-24.5328	0	0
4243	-24.5248	0	0
4242	-24.5168	0	0
4241	-24.5089	0	0
4240	-24.501	0	0
4239	-24.493	0	0
4238	-24.4851	0	0
4237	-24.4772	0	0
4236	-24.4693	0	0
4235	-24.4614	0	0
4234	-24.4535	0	0
4233	-24.4456	0	0
4232	-24.4377	0	0
4231	-24.4298	0	0
4230	-24.422	0	0
4229	-24.4141	0	0
4228	-24.4063	0	0
4227	-24.3984	0	0
4226	-24.3906	0	0
4225	-24.3828	0	0
4224	-24.375	0	0
4223	-24.3671	0	0
4222	-24.3593	0	0
4221	-24.3515	0	0
4220	-24.3437	0	0
4219	-24.336	0	0
4218	-24.3282	0	0
4217	-24.3204	0	0
4216	-24.3127	0	0
4215	-24.3049	0	0
4214	-24.2972	0	0
4213	-24.2894	0	0
4212	-24.2817	0	0
4211	-24.274	0	0
4210	-24.2663	0	0
4209	-24.2585	0	0
4208	-24.2508	0	0
4207	-24.2431	0	0
4206	-24.2355	0	0
4205	-24.2278	0	0
4204	-24.2201	0	0
4203	-24.2124	0	0
4202	-24.2048	0	0
4201	-24.1971	0	0
4200	-24.1895	0	0
4199	-24.1818	0	0
4198	-24.1742	0	0
4197	-24.1666	0	0
4196	-24.159	0	0
4195	-24.1514	0	0
4194	-24.1438	0	0
4193	-24.1362	0	0
4192	-24.1286	0	0
4191	-24.121	0	0
4190	-24.1134	0	0
4189	-24.1058	0	0
4188	-24.0983	0	0
4187	-24.0907	0	0
4186	-24.0832	0	0
4185	-24.0756	0	0
4184	-24.0681	0	0
4183	-24.0606	0	0
4182	-24.0531	0	0
4181	-24.0456	0	0
4180	-24.038	0	0
4179	-24.0306	0	0
4178	-24.0231	0	0
4177	-24.0156	0	0
4176	-24.0081	0	0
4175	-24.0006	0	0
4174	-23.9932	0	0
4173	-23.9857	0	0
4172	-23.9783	0	0
4171	-23.9708	0	0
4170	-23.9634	0	0
4169	-23.9559	0	0
4168	-23.9485	0	0
4167	-23.9411	0	0
4166	-23.9337	0	0
4165	-23.9263	0	0
4164	-23.9189	0	0
4163	-23.9115	0	0
4162	-23.9041	0	0
4161	-23.8967	0	0
4160	-23.8894	0	0
4159	-23.882	0	0
4158	-23.8747	0	0
4157	-23.8673	0	0
4156	-23.86	0	0
4155	-23.8526	0	0
4154	-23.8453	0	0
4153	-23.838	0	0
4152	-23.8307	0	0
4151	-23.8233	0	0
4150	-23.816	0	0
4149	-23.8087	0	0
4148	-23.8014	0	0
4147	-23.7942	0	0
4146	-23.7869	0	0
4145	-23.7796	0	0
4144	-23.7724	0	0
4143	-23.7651	0	0
4142	-23.7578	0	0
4141	-23.7506	0	0
4140	-23.7434	0	0
4139	-23.7361	0	0
4138	-23.7289	0	0
4137	-23.7217	0	0
4136	-23.7145	0	0
4135	-23.7073	0	0
4134	-23.7001	0	0
4133	-23.6929	0	0
4132	-23.6857	0	0
4131	-23.6785	0	0
4130	-23.6713	0	0
4129	-23.6642	0	0
4128	-23.657	0	0
4127	-23.6498	0	0
4126	-23.6427	0	0
4125	-23.6355	0	0
4124	-23.6284	0	0
4123	-23.6213	0	0
4122	-23.6141	0	0
4121	-23.607	0	0
4120	-23.5999	0	0
4119	-23.5928	0	0
4118	-23.5857	0	0
4117	-23.5786	0	0
4116	-23.5715	0	0
4115	-23.5645	0	0
4114	-23.5574	0	0
4113	-23.5503	0	0
4112	-23.5432	0	0
4111	-23.5362	0	0
4110	-23.5291	0	0
4109	-23.5221	0	0
4108	-23.5151	0	0
4107	-23.508	0	0
4106	-23.501	0	0
4105	-23.494	0	0
4104	-23.487	0	0
4103	-23.48	0	0
4102	-23.473	0	0
4101	-23.466	0	0
4100	-23.459	0	0
4099	-23.452	0	0
4098	-23.445	0	0
4097	-23.438	0	0
4096	-23.4311	0	0
4095	-23.4241	0	0
4094	-23.4172	0	0
4093	-23.4102	0	0
4092	-23.4033	0	0
4091	-23.3963	0	0
4090	-23.3894	0	0
4089	-23.3825	0	0
4088	-23.3756	0	0
4087	-23.3687	0	0
4086	-23.3618	0	0
4085	-23.3549	0	0
4084	-23.348	0	0
4083	-23.3411	0	0
4082	-23.3342	0	0
4081	-23.3273	0	0
4080	-23.3204	0	0
4079	-23.3136	0	0
4078	-23.3067	0	0
4077	-23.2999	0	0
4076	-23.293	0	0
4075	-23.2862	0	0
4074	-23.2793	0	0
4073	-23.2725	0	0
4072	-23.2657	0	0
4071	-23.2589	0	0
4070	-23.2521	0	0
4069	-23.2453	0	0
4068	-23.2385	0	0
4067	-23.2317	0	0
4066	-23.2249	0	0
4065	-23.2181	0	0
4064	-23.2113	0	0
4063	-23.2045	0	0
4062	-23.1978	0	0
4061	-23.191	0	0
4060	-23.1842	0	0
4059	-23.1775	0	0
4058	-23.1708	0	0
4057	-23.164	0	0
4056	-23.1573	0	0
4055	-23.1506	0	0
4054	-23.1438	0	0
4053	-23.1371	0	0
4052	-23.1304	0	0
4051	-23.1237	0	0
4050	-23.117	0	0
4049	-23.1103	0	0
4048	-23.1036	0	0
4047	-23.0969	0	0
4046	-23.0903	0	0
4045	-23.0836	0	0
4044	-23.0769	0	0
4043	-23.0703	0	0
4042	-23.0636	0	0
4041	-23.057	0	0
4040	-23.0503	0	0
4039	-23.0437	0	0
4038	-23.037	0	0
4037	-23.0304	0	0
4036	-23.0238	0	0
4035	-23.0172	0	0
4034	-23.0106	0	0
4033	-23.004	0	0
4032	-22.9974	0	0
4031	-22.9908	0	0
4030	-22.9842	0	0
4029	-22.9776	0	0
4028	-22.971	0	0
4027	-22.9644	0	0
4026	-22.9579	0	0
4025	-22.9513	0	0
4024	-22.9447	0	0
4023	-22.9382	0	0
4022	-22.9316	0	0
4021	-22.9251	0	0
4020	-22.9186	0	0
4019	-22.912	0	0
4018	-22.9055	0	0
4017	-22.899	0	0
4016	-22.8925	0	0
4015	-22.886	0	0
4014	-22.8795	0	0
4013	-22.873	0	0
4012	-22.8665	0	0
4011	-22.86	0	0
4010	-22.8535	0	0
4009	-22.847	0	0
4008	-22.8405	0	0
4007	-22.8341	0	0
4006	-22.8276	0	0
4005	-22.8211	0	0
4004	-22.8147	0	0
4003	-22.8082	0	0
4002	-22.8018	0	0
4001	-22.7954	0	0
4000	-22.7889	0	0
3999	-22.7825	0	0
3998	-22.7761	0	0
3997	-22.7697	0	0
3996	-22.7632	0	0
3995	-22.7568	0	0
3994	-22.7504	0	0
3993	-22.744	0	0
3992	-22.7376	0	0
3991	-22.7313	0	0
3990	-22.7249	0	0
3989	-22.7185	0	0
3988	-22.7121	0	0
3987	-22.7058	0	0
3986	-22.6994	0	0
3985	-22.693	0	0
3984	-22.6867	0	0
3983	-22.6803	0	0
3982	-22.674	0	0
3981	-22.6677	0	0
3980	-22.6613	0	0
3979	-22.655	0	0
3978	-22.6487	0	0
3977	-22.6424	0	0
3976	-22.636	0	0
3975	-22.6297	0	0
3974	-22.6234	0	0
3973	-22.6171	0	0
3972	-22.6108	0	0
3971	-22.6046	0	0
3970	-22.5983	0	0
3969	-22.592	0	0
3968	-22.5857	0	0
3967	-22.5795	0	0
3966	-22.5732	0	0
3965	-22.5669	0	0
3964	-22.5607	0	0
3963	-22.5544	0	0
3962	-22.5482	0	0
3961	-22.5419	0	0
3960	-22.5357	0	0
3959	-22.5295	0	0
3958	-22.5233	0	0
3957	-22.517	0	0
3956	-22.5108	0	0
3955	-22.5046	0	0
3954	-22.4984	0	0
3953	-22.4922	0	0
3952	-22.486	0	0
3951	-22.4798	0	0
3950	-22.4736	0	0
3949	-22.4674	0	0
3948	-22.4613	0	0
3947	-22.4551	0	0
3946	-22.4489	0	0
3945	-22.4428	0	0
3944	-22.4366	0	0
3943	-22.4304	0	0
3942	-22.4243	0	0
3941	-22.4181	0	0
3940	-22.412	0	0
3939	-22.4059	0	0
3938	-22.3997	0	0
3937	-22.3936	0	0
3936	-22.3875	0	0
3935	-22.3814	0	0
3934	-22.3753	0	0
3933	-22.3691	0	0
3932	-22.363	0	0
3931	-22.3569	0	0
3930	-22.3508	0	0
3929	-22.3448	0	0
3928	-22.3387	0	0
3927	-22.3326	0	0
3926	-22.3265	0	0
3925	-22.3204	0	0
3924	-22.3144	0	0
3923	-22.3083	0	0
3922	-22.3022	0	0
3921	-22.2962	0	0
3920	-22.2901	0	0
3919	-22.2841	0	0
3918	-22.278	0	0
3917	-22.272	0	0
3916	-22.266	0	0
3915	-22.2599	0	0
3914	-22.2539	0	0
3913	-22.2479	0	0
3912	-22.2419	0	0
3911	-22.2359	0	0
3910	-22.2299	0	0
3909	-22.2239	0	0
3908	-22.2179	0	0
3907	-22.2119	0	0
3906	-22.2059	0	0
3905	-22.1999	0	0
3904	-22.1939	0	0
3903	-22.188	0	0
3902	-22.182	0	0
3901	-22.176	0	0
3900	-22.17	0	0
3899	-22.1641	0	0
3898	-22.1581	0	0
3897	-22.1522	0	0
3896	-22.1462	0	0
3895	-22.1403	0	0
3894	-22.1344	0	0
3893	-22.1284	0	0
3892	-22.1225	0	0
3891	-22.1166	0	0
3890	-22.1107	0	0
3889	-22.1047	0	0
3888	-22.0988	0	0
3887	-22.0929	0	0
3886	-22.087	0	0
3885	-22.0811	0	0
3884	-22.0752	0	0
3883	-22.0693	0	0
3882	-22.0634	0	0
3881	-22.0576	0	0
3880	-22.0517	0	0
3879	-22.0458	0	0
3878	-22.0399	0	0
3877	-22.0341	0	0
3876	-22.0282	0	0
3875	-22.0224	0	0
3874	-22.0165	0	0
3873	-22.0107	0	0
3872	-22.0048	0	0
3871	-21.999	0	0
3870	-21.9931	0	0
3869	-21.9873	0	0
3868	-21.9815	0	0
3867	-21.9756	0	0
3866	-21.9698	0	0
3865	-21.964	0	0
3864	-21.9582	0	0
3863	-21.9524	0	0
3862	-21.9466	0	0
3861	-21.9408	0	0
3860	-21.935	0	0
3859	-21.9292	0	0
3858	-21.9234	0	0
3857	-21.9176	0	0
3856	-21.9118	0	0
3855	-21.9061	0	0
3854	-21.9003	0	0
3853	-21.8945	0	0
3852	-21.8887	0	0
3851	-21.883	0	0
3850	-21.8772	0	0
3849	-21.8715	0	0
3848	-21.8657	0	0
3847	-21.86	0	0
3846	-21.8542	0	0
3845	-21.8485	0	0
3844	-21.8428	0	0
3843	-21.837	0	0
3842	-21.8313	0	0
3841	-21.8256	0	0
3840	-21.8199	0	0
3839	-21.8142	0	0
3838	-21.8084	0	0
3837	-21.8027	0	0
3836	-21.797	0	0
3835	-21.7913	0	0
3834	-21.7856	0	0
3833	-21.7799	0	0
3832	-21.7743	0	0
3831	-21.7686	0	0
3830	-21.7629	0	0
3829	-21.7572	0	0
3828	-21.7515	0	0
3827	-21.7459	0	0
3826	-21.7402	0	0
3825	-21.7346	0	0
3824	-21.7289	0	0
3823	-21.7232	0	0
3822	-21.7176	0	0
3821	-21.7119	0	0
3820	-21.7063	0	0
3819	-21.7007	0	0
3818	-21.695	0	0
3817	-21.6894	0	0
3816	-21.6838	0	0
3815	-21.6781	0	0
3814	-21.6725	0	0
3813	-21.6669	0	0
3812	-21.6613	0	0
3811	-21.6557	0	0
3810	-21.6501	0	0
3809	-21.6445	0	0
3808	-21.6389	0	0
3807	-21.6333	0	0
3806	-21.6277	0	0
3805	-21.6221	0	0
3804	-21.6165	0	0
3803	-21.6109	0	0
3802	-21.6054	0	0
3801	-21.5998	0	0
3800	-21.5942	0	0
3799	-21.5887	0	0
3798	-21.5831	0	0
3797	-21.5775	0	0
3796	-21.572	0	0
3795	-21.5664	0	0
3794	-21.5609	0	0
3793	-21.5553	0	0
3792	-21.5498	0	0
3791	-21.5443	0	0
3790	-21.5387	0	0
3789	-21.5332	0	0
3788	-21.5277	0	0
3787	-21.5221	0	0
3786	-21.5166	0	0
3785	-21.5111	0	0
3784	-21.5056	0	0
3783	-21.5001	0	0
3782	-21.4946	0	0
3781	-21.4891	0	0
3780	-21.4836	0	0
3779	-21.4781	0	0
3778	-21.4726	0	0
3777	-21.4671	0	0
3776	-21.4616	0	0
3775	-21.4561	0	0
3774	-21.4506	0	0
3773	-21.4452	0	0
3772	-21.4397	0	0
3771	-21.4342	0	0
3770	-21.4288	0	0
3769	-21.4233	0	0
3768	-21.4178	0	0
3767	-21.4124	0	0
3766	-21.4069	0	0
3765	-21.4015	0	0
3764	-21.396	0	0
3763	-21.3906	0	0
3762	-21.3852	0	0
3761	-21.3797	0	0
3760	-21.3743	0	0
3759	-21.3689	0	0
3758	-21.3634	0	0
3757	-21.358	0	0
3756	-21.3526	0	0
3755	-21.3472	0	0
3754	-21.3418	0	0
3753	-21.3364	0	0
3752	-21.331	0	0
3751	-21.3256	0	0
3750	-21.3202	0	0
3749	-21.3148	0	0
3748	-21.3094	0	0
3747	-21.304	0	0
3746	-21.2986	0	0
3745	-21.2932	0	0
3744	-21.2878	0	0
3743	-21.2825	0	0
3742	-21.2771	0	0
3741	-21.2717	0	0
3740	-21.2663	0	0
3739	-21.261	0	0
3738	-21.2556	0	0
3737	-21.2503	0	0
3736	-21.2449	0	0
3735	-21.2396	0	0
3734	-21.2342	0	0
3733	-21.2289	0	0
3732	-21.2235	0	0
3731	-21.2182	0	0
3730	-21.2128	0	0
3729	-21.2075	0	0
3728	-21.2022	0	0
3727	-21.1969	0	0
3726	-21.1915	0	0
3725	-21.1862	0	0
3724	-21.1809	0	0
3723	-21.1756	0	0
3722	-21.1703	0	0
3721	-21.165	0	0
3720	-21.1597	0	0
3719	-21.1544	0	0
3718	-21.1491	0	0
3717	-21.1438	0	0
3716	-21.1385	0	0
3715	-21.1332	0	0
3714	-21.1279	0	0
3713	-21.1226	0	0
3712	-21.1173	0	0
3711	-21.1121	0	0
3710	-21.1068	0	0
3709	-21.1015	0	0
3708	-21.0962	0	0
3707	-21.091	0	0
3706	-21.0857	0	0
3705	-21.0805	0	0
3704	-21.0752	0	0
3703	-21.0699	0	0
3702	-21.0647	0	0
3701	-21.0594	0	0
3700	-21.0542	0	0
3699	-21.049	0	0
3698	-21.0437	0	0
3697	-21.0385	0	0
3696	-21.0332	0	0
3695	-21.028	0	0
3694	-21.0228	0	0
3693	-21.0176	0	0
3692	-21.0123	0	0
3691	-21.0071	0	0
3690	-21.0019	0	0
3689	-20.9967	0	0
3688	-20.9915	0	0
3687	-20.9863	0	0
3686	-20.9811	0	0
3685	-20.9759	0	0
3684	-20.9707	0	0
3683	-20.9655	0	0
3682	-20.9603	0	0
3681	-20.9551	0	0
3680	-20.9499	0	0
3679	-20.9447	0	0
3678	-20.9395	0	0
3677	-20.9344	0	0
3676	-20.9292	0	0
3675	-20.924	0	0
3674	-20.9188	0	0
3673	-20.9137	0	0
3672	-20.9085	0	0
3671	-20.9033	0	0
3670	-20.8982	0	0
3669	-20.893	0	0
3668	-20.8879	0	0
3667	-20.8827	0	0
3666	-20.8776	0	0
3665	-20.8724	0	0
3664	-20.8673	0	0
3663	-20.8621	0	0
3662	-20.857	0	0
3661	-20.8519	0	0
3660	-20.8467	0	0
3659	-20.8416	0	0
3658	-20.8365	0	0
3657	-20.8313	0	0
3656	-20.8262	0	0
3655	-20.8211	0	0
3654	-20.816	0	0
3653	-20.8109	0	0
3652	-20.8057	0	0
3651	-20.8006	0	0
3650	-20.7955	0	0
3649	-20.7904	0	0
3648	-20.7853	0	0
3647	-20.7802	0	0
3646	-20.7751	0	0
3645	-20.77	0	0
3644	-20.7649	0	0
3643	-20.7599	0	0
3642	-20.7548	0	0
3641	-20.7497	0	0
3640	-20.7446	0	0
3639	-20.7395	0	0
3638	-20.7345	0	0
3637	-20.7294	0	0
3636	-20.7243	0	0
3635	-20.7192	0	0
3634	-20.7142	0	0
3633	-20.7091	0	0
3632	-20.7041	0	0
3631	-20.699	0	0
3630	-20.6939	0	0
3629	-20.6889	0	0
3628	-20.6838	0	0
3627	-20.6788	0	0
3626	-20.6737	0	0
3625	-20.6687	0	0
3624	-20.6637	0	0
3623	-20.6586	0	0
3622	-20.6536	0	0
3621	-20.6485	0	0
3620	-20.6435	0	0
3619	-20.6385	0	0
3618	-20.6335	0	0
3617	-20.6284	0	0
3616	-20.6234	0	0
3615	-20.6184	0	0
3614	-20.6134	0	0
3613	-20.6084	0	0
3612	-20.6034	0	0
3611	-20.5983	0	0
3610	-20.5933	0	0
3609	-20.5883	0	0
3608	-20.5833	0	0
3607	-20.5783	0	0
3606	-20.5733	0	0
3605	-20.5683	0	0
3604	-20.5633	0	0
3603	-20.5584	0	0
3602	-20.5534	0	0
3601	-20.5484	0	0
3600	-20.5434	0	0
3599	-20.5384	0	0
3598	-20.5334	0	0
3597	-20.5285	0	0
3596	-20.5235	0	0
3595	-20.5185	0	0
3594	-20.5135	0	0
3593	-20.5086	0	0
3592	-20.5036	0	0
3591	-20.4986	0	0
3590	-20.4937	0	0
3589	-20.4887	0	0
3588	-20.4838	0	0
3587	-20.4788	0	0
3586	-20.4739	0	0
3585	-20.4689	0	0
3584	-20.464	0	0
3583	-20.459	0	0
3582	-20.4541	0	0
3581	-20.4491	0	0
3580	-20.4442	0	0
3579	-20.4393	0	0
3578	-20.4343	0	0
3577	-20.4294	0	0
3576	-20.4245	0	0
3575	-20.4195	0	0
3574	-20.4146	0	0
3573	-20.4097	0	0
3572	-20.4048	0	0
3571	-20.3999	0	0
3570	-20.3949	0	0
3569	-20.39	0	0
3568	-20.3851	0	0
3567	-20.3802	0	0
3566	-20.3753	0	0
3565	-20.3704	0	0
3564	-20.3655	0	0
3563	-20.3606	0	0
3562	-20.3557	0	0
3561	-20.3508	0	0
3560	-20.3459	0	0
3559	-20.341	0	0
3558	-20.3361	0	0
3557	-20.3312	0	0
3556	-20.3263	0	0
3555	-20.3214	0	0
3554	-20.3166	0	0
3553	-20.3117	0	0
3552	-20.3068	0	0
3551	-20.3019	0	0
3550	-20.297	0	0
3549	-20.2922	0	0
3548	-20.2873	0	0
3547	-20.2824	0	0
3546	-20.2776	0	0
3545	-20.2727	0	0
3544	-20.2678	0	0
3543	-20.263	0	0
3542	-20.2581	0	0
3541	-20.2533	0	0
3540	-20.2484	0	0
3539	-20.2436	0	0
3538	-20.2387	0	0
3537	-20.2339	0	0
3536	-20.229	0	0
3535	-20.2242	0	0
3534	-20.2193	0	0
3533	-20.2145	0	0
3532	-20.2096	0	0
3531	-20.2048	0	0
3530	-20.2	0	0
3529	-20.1951	0	0
3528	-20.1903	0	0
3527	-20.1855	0	0
3526	-20.1806	0	0
3525	-20.1758	0	0
3524	-20.171	0	0
3523	-20.1662	0	0
3522	-20.1614	0	0
3521	-20.1565	0	0
3520	-20.1517	0	0
3519	-20.1469	0	0
3518	-20.1421	0	0
3517	-20.1373	0	0
3516	-20.1325	0	0
3515	-20.1277	0	0
3514	-20.1229	0	0
3513	-20.118	0	0
3512	-20.1132	0	0
3511	-20.1084	0	0
3510	-20.1036	0	0
3509	-20.0989	0	0
3508	-20.0941	0	0
3507	-20.0893	0	0
3506	-20.0845	0	0
3505	-20.0797	0	0
3504	-20.0749	0	0
3503	-20.0701	0	0
3502	-20.0653	0	0
3501	-20.0605	0	0
3500	-20.0558	0	0
3499	-20.051	0	0
3498	-20.0462	0	0
3497	-20.0414	0	0
3496	-20.0367	0	0
3495	-20.0319	0	0
3494	-20.0271	0	0
3493	-20.0223	0	0
3492	-20.0176	0	0
3491	-20.0128	0	0
3490	-20.0081	0	0
3489	-20.0033	0	0
3488	-19.9985	0	0
3487	-19.9938	0	0
3486	-19.989	0	0
3485	-19.9843	0	0
3484	-19.9795	0	0
3483	-19.9748	0	0
3482	-19.97	0	0
3481	-19.9653	0	0
3480	-19.9605	0	0
3479	-19.9558	0	0
3478	-19.951	0	0
3477	-19.9463	0	0
3476	-19.9415	0	0
3475	-19.9368	0	0
3474	-19.9321	0	0
3473	-19.9273	0	0
3472	-19.9226	0	0
3471	-19.9179	0	0
3470	-19.9131	0	0
3469	-19.9084	0	0
3468	-19.9037	0	0
3467	-19.8989	0	0
3466	-19.8942	0	0
3465	-19.8895	0	0
3464	-19.8848	0	0
3463	-19.8801	0	0
3462	-19.8753	0	0
3461	-19.8706	0	0
3460	-19.8659	0	0
3459	-19.8612	0	0
3458	-19.8565	0	0
3457	-19.8518	0	0
3456	-19.8471	0	0
3455	-19.8424	0	0
3454	-19.8377	0	0
3453	-19.8329	0	0
3452	-19.8282	0	0
3451	-19.8235	0	0
3450	-19.8188	0	0
3449	-19.8141	0	0
3448	-19.8094	0	0
3447	-19.8047	0	0
3446	-19.8001	0	0
3445	-19.7954	0	0
3444	-19.7907	0	0
3443	-19.786	0	0
3442	-19.7813	0	0
3441	-19.7766	0	0
3440	-19.7719	0	0
3439	-19.7672	0	0
3438	-19.7626	0	0
3437	-19.7579	0	0
3436	-19.7532	0	0
3435	-19.7485	0	0
3434	-19.7438	0	0
3433	-19.7392	0	0
3432	-19.7345	0	0
3431	-19.7298	0	0
3430	-19.7251	0	0
3429	-19.7205	0	0
3428	-19.7158	0	0
3427	-19.7111	0	0
3426	-19.7065	0	0
3425	-19.7018	0	0
3424	-19.6971	0	0
3423	-19.6925	0	0
3422	-19.6878	0	0
3421	-19.6832	0	0
3420	-19.6785	0	0
3419	-19.6738	0	0
3418	-19.6692	0	0
3417	-19.6645	0	0
3416	-19.6599	0	0
3415	-19.6552	0	0
3414	-19.6506	0	0
3413	-19.6459	0	0
3412	-19.6413	0	0
3411	-19.6366	0	0
3410	-19.632	0	0
3409	-19.6273	0	0
3408	-19.6227	0	0
3407	-19.6181	0	0
3406	-19.6134	0	0
3405	-19.6088	0	0
3404	-19.6041	0	0
3403	-19.5995	0	0
3402	-19.5949	0	0
3401	-19.5902	0	0
3400	-19.5856	0	0
3399	-19.581	0	0
3398	-19.5763	0	0
3397	-19.5717	0	0
3396	-19.5671	0	0
3395	-19.5624	0	0
3394	-19.5578	0	0
3393	-19.5532	0	0
3392	-19.5486	0	0
3391	-19.5439	0	0
3390	-19.5393	0	0
3389	-19.5347	0	0
3388	-19.5301	0	0
3387	-19.5255	0	0
3386	-19.5209	0	0
3385	-19.5162	0	0
3384	-19.5116	0	0
3383	-19.507	0	0
3382	-19.5024	0	0
3381	-19.4978	0	0
3380	-19.4932	0	0
3379	-19.4886	0	0
3378	-19.484	0	0
3377	-19.4794	0	0
3376	-19.4747	0	0
3375	-19.4701	0	0
3374	-19.4655	0	0
3373	-19.4609	0	0
3372	-19.4563	0	0
3371	-19.4517	0	0
3370	-19.4471	0	0
3369	-19.4425	0	0
3368	-19.4379	0	0
3367	-19.4333	0	0
3366	-19.4287	0	0
3365	-19.4241	0	0
3364	-19.4196	0	0
3363	-19.415	0	0
3362	-19.4104	0	0
3361	-19.4058	0	0
3360	-19.4012	0	0
3359	-19.3966	0	0
3358	-19.392	0	0
3357	-19.3874	0	0
3356	-19.3828	0	0
3355	-19.3783	0	0
3354	-19.3737	0	0
3353	-19.3691	0	0
3352	-19.3645	0	0
3351	-19.3599	0	0
3350	-19.3554	0	0
3349	-19.3508	0	0
3348	-19.3462	0	0
3347	-19.3416	0	0
3346	-19.337	0	0
3345	-19.3325	0	0
3344	-19.3279	0	0
3343	-19.3233	0	0
3342	-19.3187	0	0
3341	-19.3142	0	0
3340	-19.3096	0	0
3339	-19.305	0	0
3338	-19.3005	0	0
3337	-19.2959	0	0
3336	-19.2913	0	0
3335	-19.2868	0	0
3334	-19.2822	0	0
3333	-19.2776	0	0
3332	-19.2731	0	0
3331	-19.2685	0	0
3330	-19.2639	0	0
3329	-19.2594	0	0
3328	-19.2548	0	0
3327	-19.2503	0	0
3326	-19.2457	0	0
3325	-19.2411	0	0
3324	-19.2366	0	0
3323	-19.232	0	0
3322	-19.2275	0	0
3321	-19.2229	0	0
3320	-19.2184	0	0
3319	-19.2138	0	0
3318	-19.2093	0	0
3317	-19.2047	0	0
3316	-19.2002	0	0
3315	-19.1956	0	0
3314	-19.1911	0	0
3313	-19.1865	0	0
3312	-19.182	0	0
3311	-19.1774	0	0
3310	-19.1729	0	0
3309	-19.1683	0	0
3308	-19.1638	0	0
3307	-19.1592	0	0
3306	-19.1547	0	0
3305	-19.1501	0	0
3304	-19.1456	0	0
3303	-19.1411	0	0
3302	-19.1365	0	0
3301	-19.132	0	0
3300	-19.1274	0	0
3299	-19.1229	0	0
3298	-19.1184	0	0
3297	-19.1138	0	0
3296	-19.1093	0	0
3295	-19.1048	0	0
3294	-19.1002	0	0
3293	-19.0957	0	0
3292	-19.0912	0	0
3291	-19.0866	0	0
3290	-19.0821	0	0
3289	-19.0776	0	0
3288	-19.073	0	0
3287	-19.0685	0	0
3286	-19.064	0	0
3285	-19.0594	0	0
3284	-19.0549	0	0
3283	-19.0504	0	0
3282	-19.0458	0	0
3281	-19.0413	0	0
3280	-19.0368	0	0
3279	-19.0323	0	0
3278	-19.0277	0	0
3277	-19.0232	0	0
3276	-19.0187	0	0
3275	-19.0142	0	0
3274	-19.0096	0	0
3273	-19.0051	0	0
3272	-19.0006	0	0
3271	-18.9961	0	0
3270	-18.9915	0	0
3269	-18.987	0	0
3268	-18.9825	0	0
3267	-18.978	0	0
3266	-18.9735	0	0
3265	-18.9689	0	0
3264	-18.9644	0	0
3263	-18.9599	0	0
3262	-18.9554	0	0
3261	-18.9509	0	0
3260	-18.9464	0	0
3259	-18.9418	0	0
3258	-18.9373	0	0
3257	-18.9328	0	0
3256	-18.9283	0	0
3255	-18.9238	0	0
3254	-18.9193	0	0
3253	-18.9147	0	0
3252	-18.9102	0	0
3251	-18.9057	0	0
3250	-18.9012	0	0
3249	-18.8967	0	0
3248	-18.8922	0	0
3247	-18.8877	0	0
3246	-18.8832	0	0
3245	-18.8787	0	0
3244	-18.8741	0	0
3243	-18.8696	0	0
3242	-18.8651	0	0
3241	-18.8606	0	0
3240	-18.8561	0	0
3239	-18.8516	0	0
3238	-18.8471	0	0
3237	-18.8426	0	0
3236	-18.8381	0	0
3235	-18.8336	0	0
3234	-18.8291	0	0
3233	-18.8246	0	0
3232	-18.82	0	0
3231	-18.8155	0	0
3230	-18.811	0	0
3229	-18.8065	0	0
3228	-18.802	0	0
3227	-18.7975	0	0
3226	-18.793	0	0
3225	-18.7885	0	0
3224	-18.784	0	0
3223	-18.7795	0	0
3222	-18.775	0	0
3221	-18.7705	0	0
3220	-18.766	0	0
3219	-18.7615	0	0
3218	-18.757	0	0
3217	-18.7525	0	0
3216	-18.748	0	0
3215	-18.7435	0	0
3214	-18.739	0	0
3213	-18.7345	0	0
3212	-18.73	0	0
3211	-18.7255	0	0
3210	-18.721	0	0
3209	-18.7165	0	0
3208	-18.712	0	0
3207	-18.7075	0	0
3206	-18.703	0	0
3205	-18.6985	0	0
3204	-18.694	0	0
3203	-18.6895	0	0
3202	-18.685	0	0
3201	-18.6805	0	0
3200	-18.676	0	0
3199	-18.6715	0	0
3198	-18.667	0	0
3197	-18.6625	0	0
3196	-18.658	0	0
3195	-18.6535	0	0
3194	-18.649	0	0
3193	-18.6445	0	0
3192	-18.64	0	0
3191	-18.6355	0	0
3190	-18.631	0	0
3189	-18.6265	0	0
3188	-18.622	0	0
3187	-18.6175	0	0
3186	-18.613	0	0
3185	-18.6085	0	0
3184	-18.604	0	0
3183	-18.5995	0	0
3182	-18.595	0	0
3181	-18.5905	0	0
3180	-18.586	0	0
3179	-18.5815	0	0
3178	-18.577	0	0
3177	-18.5725	0	0
3176	-18.568	0	0
3175	-18.5635	0	0
3174	-18.559	0	0
3173	-18.5545	0	0
3172	-18.55	0	0
3171	-18.5456	0	0
3170	-18.5411	0	0
3169	-18.5366	0	0
3168	-18.5321	0	0
3167	-18.5276	0	0
3166	-18.5231	0	0
3165	-18.5186	0	0
3164	-18.5141	0	0
3163	-18.5096	0	0
3162	-18.5051	0	0
3161	-18.5006	0	0
3160	-18.4961	0	0
3159	-18.4916	0	0
3158	-18.4871	0	0
3157	-18.4826	0	0
3156	-18.4781	0	0
3155	-18.4736	0	0
3154	-18.4691	0	0
3153	-18.4646	0	0
3152	-18.4601	0	0
3151	-18.4556	0	0
3150	-18.4511	0	0
3149	-18.4466	0	0
3148	-18.4421	0	0
3147	-18.4376	0	0
3146	-18.4331	0	0
3145	-18.4286	0	0
3144	-18.4241	0	0
3143	-18.4196	0	0
3142	-18.4151	0	0
3141	-18.4106	0	0
3140	-18.4061	0	0
3139	-18.4016	0	0
3138	-18.3971	0	0
3137	-18.3926	0	0
3136	-18.3881	0	0
3135	-18.3836	0	0
3134	-18.3791	0	0
3133	-18.3746	0	0
3132	-18.3701	0	0
3131	-18.3656	0	0
3130	-18.3611	0	0
3129	-18.3566	0	0
3128	-18.3521	0	0
3127	-18.3476	0	0
3126	-18.3431	0	0
3125	-18.3386	0	0
3124	-18.3341	0	0
3123	-18.3296	0	0
3122	-18.3251	0	0
3121	-18.3206	0	0
3120	-18.3161	0	0
3119	-18.3116	0	0
3118	-18.307	0	0
3117	-18.3025	0	0
3116	-18.298	0	0
3115	-18.2935	0	0
3114	-18.289	0	0
3113	-18.2845	0	0
3112	-18.28	0	0
3111	-18.2755	0	0
3110	-18.271	0	0
3109	-18.2665	0	0
3108	-18.262	0	0
3107	-18.2575	0	0
3106	-18.253	0	0
3105	-18.2484	0	0
3104	-18.2439	0	0
3103	-18.2394	0	0
3102	-18.2349	0	0
3101	-18.2304	0	0
3100	-18.2259	0	0
3099	-18.2214	0	0
3098	-18.2169	0	0
3097	-18.2124	0	0
3096	-18.2078	0	0
3095	-18.2033	0	0
3094	-18.1988	0	0
3093	-18.1943	0	0
3092	-18.1898	0	0
3091	-18.1853	0	0
3090	-18.1808	0	0
3089	-18.1762	0	0
3088	-18.1717	0	0
3087	-18.1672	0	0
3086	-18.1627	0	0
3085	-18.1582	0	0
3084	-18.1536	0	0
3083	-18.1491	0	0
3082	-18.1446	0	0
3081	-18.1401	0	0
3080	-18.1356	0	0
3079	-18.131	0	0
3078	-18.1265	0	0
3077	-18.122	0	0
3076	-18.1175	0	0
3075	-18.113	0	0
3074	-18.1084	0	0
3073	-18.1039	0	0
3072	-18.0994	0	0
3071	-18.0949	0	0
3070	-18.0903	0	0
3069	-18.0858	0	0
3068	-18.0813	0	0
3067	-18.0768	0	0
3066	-18.0722	0	0
3065	-18.0677	0	0
3064	-18.0632	0	0
3063	-18.0586	0	0
3062	-18.0541	0	0
3061	-18.0496	0	0
3060	-18.045	0	0
3059	-18.0405	0	0
3058	-18.036	0	0
3057	-18.0314	0	0
3056	-18.0269	0	0
3055	-18.0224	0	0
3054	-18.0178	0	0
3053	-18.0133	0	0
3052	-18.0088	0	0
3051	-18.0042	0	0
3050	-17.9997	0	0
3049	-17.9952	0	0
3048	-17.9906	0	0
3047	-17.9861	0	0
3046	-17.9815	0	0
3045	-17.977	0	0
3044	-17.9724	0	0
3043	-17.9679	0	0
3042	-17.9634	0	0
3041	-17.9588	0	0
3040	-17.9543	0	0
3039	-17.9497	0	0
3038	-17.9452	0	0
3037	-17.9406	0	0
3036	-17.9361	0	0
3035	-17.9315	0	0
3034	-17.927	0	0
3033	-17.9224	0	0
3032	-17.9179	0	0
3031	-17.9133	0	0
3030	-17.9088	0	0
3029	-17.9042	0	0
3028	-17.8997	0	0
3027	-17.8951	0	0
3026	-17.8906	0	0
3025	-17.886	0	0
3024	-17.8814	0	0
3023	-17.8769	0	0
3022	-17.8723	0	0
3021	-17.8678	0	0
3020	-17.8632	0	0
3019	-17.8586	0	0
3018	-17.8541	0	0
3017	-17.8495	0	0
3016	-17.8449	0	0
3015	-17.8404	0	0
3014	-17.8358	0	0
3013	-17.8312	0	0
3012	-17.8267	0	0
3011	-17.8221	0	0
3010	-17.8175	0	0
3009	-17.813	0	0
3008	-17.8084	0	0
3007	-17.8038	0	0
3006	-17.7993	0	0
3005	-17.7947	0	0
3004	-17.7901	0	0
3003	-17.7855	0	0
3002	-17.781	0	0
3001	-17.7764	0	0
3000	-17.7718	0	0
2999	-17.7672	0	0
2998	-17.7626	0	0
2997	-17.7581	0	0
2996	-17.7535	0	0
2995	-17.7489	0	0
2994	-17.7443	0	0
2993	-17.7397	0	0
2992	-17.7352	0	0
2991	-17.7306	0	0
2990	-17.726	0	0
2989	-17.7214	0	0
2988	-17.7168	0	0
2987	-17.7122	0	0
2986	-17.7076	0	0
2985	-17.703	0	0
2984	-17.6984	0	0
2983	-17.6938	0	0
2982	-17.6892	0	0
2981	-17.6846	0	0
2980	-17.68	0	0
2979	-17.6754	0	0
2978	-17.6708	0	0
2977	-17.6662	0	0
2976	-17.6616	0	0
2975	-17.657	0	0
2974	-17.6524	0	0
2973	-17.6478	0	0
2972	-17.6432	0	0
2971	-17.6386	0	0
2970	-17.634	0	0
2969	-17.6294	0	0
2968	-17.6248	0	0
2967	-17.6201	0	0
2966	-17.6155	0	0
2965	-17.6109	0	0
2964	-17.6063	0	0
2963	-17.6017	0	0
2962	-17.5971	0	0
2961	-17.5924	0	0
2960	-17.5878	0	0
2959	-17.5832	0	0
2958	-17.5786	0	0
2957	-17.5739	0	0
2956	-17.5693	0	0
2955	-17.5647	0	0
2954	-17.5601	0	0
2953	-17.5554	0	0
2952	-17.5508	0	0
2951	-17.5462	0	0
2950	-17.5415	0	0
2949	-17.5369	0	0
2948	-17.5323	0	0
2947	-17.5276	0	0
2946	-17.523	0	0
2945	-17.5184	0	0
2944	-17.5137	0	0
2943	-17.5091	0	0
2942	-17.5044	0	0
2941	-17.4998	0	0
2940	-17.4951	0	0
2939	-17.4905	0	0
2938	-17.4858	0	0
2937	-17.4812	0	0
2936	-17.4765	0	0
2935	-17.4719	0	0
2934	-17.4672	0	0
2933	-17.4626	0	0
2932	-17.4579	0	0
2931	-17.4533	0	0
2930	-17.4486	0	0
2929	-17.444	0	0
2928	-17.4393	0	0
2927	-17.4346	0	0
2926	-17.43	0	0
2925	-17.4253	0	0
2924	-17.4206	0	0
2923	-17.416	0	0
2922	-17.4113	0	0
2921	-17.4066	0	0
2920	-17.4019	0	0
2919	-17.3973	0	0
2918	-17.3926	0	0
2917	-17.3879	0	0
2916	-17.3832	0	0
2915	-17.3786	0	0
2914	-17.3739	0	0
2913	-17.3692	0	0
2912	-17.3645	0	0
2911	-17.3598	0	0
2910	-17.3551	0	0
2909	-17.3505	0	0
2908	-17.3458	0	0
2907	-17.3411	0	0
2906	-17.3364	0	0
2905	-17.3317	0	0
2904	-17.327	0	0
2903	-17.3223	0	0
2902	-17.3176	0	0
2901	-17.3129	0	0
2900	-17.3082	0	0
2899	-17.3035	0	0
2898	-17.2988	0	0
2897	-17.2941	0	0
2896	-17.2894	0	0
2895	-17.2847	0	0
2894	-17.28	0	0
2893	-17.2753	0	0
2892	-17.2705	0	0
2891	-17.2658	0	0
2890	-17.2611	0	0
2889	-17.2564	0	0
2888	-17.2517	0	0
2887	-17.247	0	0
2886	-17.2422	0	0
2885	-17.2375	0	0
2884	-17.2328	0	0
2883	-17.2281	0	0
2882	-17.2233	0	0
2881	-17.2186	0	0
2880	-17.2139	0	0
2879	-17.2091	0	0
2878	-17.2044	0	0
2877	-17.1997	0	0
2876	-17.1949	0	0
2875	-17.1902	0	0
2874	-17.1854	0	0
2873	-17.1807	0	0
2872	-17.1759	0	0
2871	-17.1712	0	0
2870	-17.1665	0	0
2869	-17.1617	0	0
2868	-17.157	0	0
2867	-17.1522	0	0
2866	-17.1474	0	0
2865	-17.1427	0	0
2864	-17.1379	0	0
2863	-17.1332	0	0
2862	-17.1284	0	0
2861	-17.1236	0	0
2860	-17.1189	0	0
2859	-17.1141	0	0
2858	-17.1093	0	0
2857	-17.1046	0	0
2856	-17.0998	0	0
2855	-17.095	0	0
2854	-17.0903	0	0
2853	-17.0855	0	0
2852	-17.0807	0	0
2851	-17.0759	0	0
2850	-17.0711	0	0
2849	-17.0663	0	0
2848	-17.0616	0	0
2847	-17.0568	0	0
2846	-17.052	0	0
2845	-17.0472	0	0
2844	-17.0424	0	0
2843	-17.0376	0	0
2842	-17.0328	0	0
2841	-17.028	0	0
2840	-17.0232	0	0
2839	-17.0184	0	0
2838	-17.0136	0	0
2837	-17.0088	0	0
2836	-17.004	0	0
2835	-16.9992	0	0
2834	-16.9944	0	0
2833	-16.9895	0	0
2832	-16.9847	0	0
2831	-16.9799	0	0
2830	-16.9751	0	0
2829	-16.9703	0	0
2828	-16.9655	0	0
2827	-16.9606	0	0
2826	-16.9558	0	0
2825	-16.951	0	0
2824	-16.9461	0	0
2823	-16.9413	0	0
2822	-16.9365	0	0
2821	-16.9316	0	0
2820	-16.9268	0	0
2819	-16.922	0	0
2818	-16.9171	0	0
2817	-16.9123	0	0
2816	-16.9074	0	0
2815	-16.9026	0	0
2814	-16.8977	0	0
2813	-16.8929	0	0
2812	-16.888	0	0
2811	-16.8832	0	0
2810	-16.8783	0	0
2809	-16.8734	0	0
2808	-16.8686	0	0
2807	-16.8637	0	0
2806	-16.8588	0	0
2805	-16.854	0	0
2804	-16.8491	0	0
2803	-16.8442	0	0
2802	-16.8394	0	0
2801	-16.8345	0	0
2800	-16.8296	0	0
2799	-16.8247	0	0
2798	-16.8198	0	0
2797	-16.815	0	0
2796	-16.8101	0	0
2795	-16.8052	0	0
2794	-16.8003	0	0
2793	-16.7954	0	0
2792	-16.7905	0	0
2791	-16.7856	0	0
2790	-16.7807	0	0
2789	-16.7758	0	0
2788	-16.7709	0	0
2787	-16.766	0	0
2786	-16.7611	0	0
2785	-16.7562	0	0
2784	-16.7513	0	0
2783	-16.7463	0	0
2782	-16.7414	0	0
2781	-16.7365	0	0
2780	-16.7316	0	0
2779	-16.7267	0	0
2778	-16.7217	0	0
2777	-16.7168	0	0
2776	-16.7119	0	0
2775	-16.7069	0	0
2774	-16.702	0	0
2773	-16.6971	0	0
2772	-16.6921	0	0
2771	-16.6872	0	0
2770	-16.6823	0	0
2769	-16.6773	0	0
2768	-16.6724	0	0
2767	-16.6674	0	0
2766	-16.6625	0	0
2765	-16.6575	0	0
2764	-16.6525	0	0
2763	-16.6476	0	0
2762	-16.6426	0	0
2761	-16.6377	0	0
2760	-16.6327	0	0
2759	-16.6277	0	0
2758	-16.6228	0	0
2757	-16.6178	0	0
2756	-16.6128	0	0
2755	-16.6078	0	0
2754	-16.6028	0	0
2753	-16.5979	0	0
2752	-16.5929	0	0
2751	-16.5879	0	0
2750	-16.5829	0	0
2749	-16.5779	0	0
2748	-16.5729	0	0
2747	-16.5679	0	0
2746	-16.5629	0	0
2745	-16.5579	0	0
2744	-16.5529	0	0
2743	-16.5479	0	0
2742	-16.5429	0	0
2741	-16.5379	0	0
2740	-16.5329	0	0
2739	-16.5279	0	0
2738	-16.5228	0	0
2737	-16.5178	0	0
2736	-16.5128	0	0
2735	-16.5078	0	0
2734	-16.5027	0	0
2733	-16.4977	0	0
2732	-16.4927	0	0
2731	-16.4876	0	0
2730	-16.4826	0	0
2729	-16.4776	0	0
2728	-16.4725	0	0
2727	-16.4675	0	0
2726	-16.4624	0	0
2725	-16.4574	0	0
2724	-16.4523	0	0
2723	-16.4473	0	0
2722	-16.4422	0	0
2721	-16.4371	0	0
2720	-16.4321	0	0
2719	-16.427	0	0
2718	-16.4219	0	0
2717	-16.4169	0	0
2716	-16.4118	0	0
2715	-16.4067	0	0
2714	-16.4016	0	0
2713	-16.3966	0	0
2712	-16.3915	0	0
2711	-16.3864	0	0
2710	-16.3813	0	0
2709	-16.3762	0	0
2708	-16.3711	0	0
2707	-16.366	0	0
2706	-16.3609	0	0
2705	-16.3558	0	0
2704	-16.3507	0	0
2703	-16.3456	0	0
2702	-16.3405	0	0
2701	-16.3354	0	0
2700	-16.3303	0	0
2699	-16.3251	0	0
2698	-16.32	0	0
2697	-16.3149	0	0
2696	-16.3098	0	0
2695	-16.3046	0	0
2694	-16.2995	0	0
2693	-16.2944	0	0
2692	-16.2892	0	0
2691	-16.2841	0	0
2690	-16.2789	0	0
2689	-16.2738	0	0
2688	-16.2686	0	0
2687	-16.2635	0	0
2686	-16.2583	0	0
2685	-16.2532	0	0
2684	-16.248	0	0
2683	-16.2429	0	0
2682	-16.2377	0	0
2681	-16.2325	0	0
2680	-16.2274	0	0
2679	-16.2222	0	0
2678	-16.217	0	0
2677	-16.2118	0	0
2676	-16.2066	0	0
2675	-16.2015	0	0
2674	-16.1963	0	0
2673	-16.1911	0	0
2672	-16.1859	0	0
2671	-16.1807	0	0
2670	-16.1755	0	0
2669	-16.1703	0	0
2668	-16.1651	0	0
2667	-16.1599	0	0
2666	-16.1547	0	0
2665	-16.1494	0	0
2664	-16.1442	0	0
2663	-16.139	0	0
2662	-16.1338	0	0
2661	-16.1285	0	0
2660	-16.1233	0	0
2659	-16.1181	0	0
2658	-16.1129	0	0
2657	-16.1076	0	0
2656	-16.1024	0	0
2655	-16.0971	0	0
2654	-16.0919	0	0
2653	-16.0866	0	0
2652	-16.0814	0	0
2651	-16.0761	0	0
2650	-16.0709	0	0
2649	-16.0656	0	0
2648	-16.0603	0	0
2647	-16.0551	0	0
2646	-16.0498	0	0
2645	-16.0445	0	0
2644	-16.0392	0	0
2643	-16.034	0	0
2642	-16.0287	0	0
2641	-16.0234	0	0
2640	-16.0181	0	0
2639	-16.0128	0	0
2638	-16.0075	0	0
2637	-16.0022	0	0
2636	-15.9969	0	0
2635	-15.9916	0	0
2634	-15.9863	0	0
2633	-15.981	0	0
2632	-15.9757	0	0
2631	-15.9704	0	0
2630	-15.965	0	0
2629	-15.9597	0	0
2628	-15.9544	0	0
2627	-15.9491	0	0
2626	-15.9437	0	0
2625	-15.9384	0	0
2624	-15.933	0	0
2623	-15.9277	0	0
2622	-15.9224	0	0
2621	-15.917	0	0
2620	-15.9117	0	0
2619	-15.9063	0	0
2618	-15.9009	0	0
2617	-15.8956	0	0
2616	-15.8902	0	0
2615	-15.8848	0	0
2614	-15.8795	0	0
2613	-15.8741	0	0
2612	-15.8687	0	0
2611	-15.8633	0	0
2610	-15.8579	0	0
2609	-15.8526	0	0
2608	-15.8472	0	0
2607	-15.8418	0	0
2606	-15.8364	0	0
2605	-15.831	0	0
2604	-15.8256	0	0
2603	-15.8202	0	0
2602	-15.8147	0	0
2601	-15.8093	0	0
2600	-15.8039	0	0
2599	-15.7985	0	0
2598	-15.7931	0	0
2597	-15.7876	0	0
2596	-15.7822	0	0
2595	-15.7768	0	0
2594	-15.7713	0	0
2593	-15.7659	0	0
2592	-15.7604	0	0
2591	-15.755	0	0
2590	-15.7495	0	0
2589	-15.7441	0	0
2588	-15.7386	0	0
2587	-15.7332	0	0
2586	-15.7277	0	0
2585	-15.7222	0	0
2584	-15.7167	0	0
2583	-15.7113	0	0
2582	-15.7058	0	0
2581	-15.7003	0	0
2580	-15.6948	0	0
2579	-15.6893	0	0
2578	-15.6838	0	0
2577	-15.6783	0	0
2576	-15.6728	0	0
2575	-15.6673	0	0
2574	-15.6618	0	0
2573	-15.6563	0	0
2572	-15.6508	0	0
2571	-15.6453	0	0
2570	-15.6397	0	0
2569	-15.6342	0	0
2568	-15.6287	0	0
2567	-15.6232	0	0
2566	-15.6176	0	0
2565	-15.6121	0	0
2564	-15.6065	0	0
2563	-15.601	0	0
2562	-15.5954	0	0
2561	-15.5899	0	0
2560	-15.5843	0	0
2559	-15.5787	0	0
2558	-15.5732	0	0
2557	-15.5676	0	0
2556	-15.562	0	0
2555	-15.5565	0	0
2554	-15.5509	0	0
2553	-15.5453	0	0
2552	-15.5397	0	0
2551	-15.5341	0	0
2550	-15.5285	0	0
2549	-15.5229	0	0
2548	-15.5173	0	0
2547	-15.5117	0	0
2546	-15.5061	0	0
2545	-15.5005	0	0
2544	-15.4949	0	0
2543	-15.4892	0	0
2542	-15.4836	0	0
2541	-15.478	0	0
2540	-15.4723	0	0
2539	-15.4667	0	0
2538	-15.4611	0	0
2537	-15.4554	0	0
2536	-15.4498	0	0
2535	-15.4441	0	0
2534	-15.4384	0	0
2533	-15.4328	0	0
2532	-15.4271	0	0
2531	-15.4214	0	0
2530	-15.4158	0	0
2529	-15.4101	0	0
2528	-15.4044	0	0
2527	-15.3987	0	0
2526	-15.393	0	0
2525	-15.3873	0	0
2524	-15.3816	0	0
2523	-15.3759	0	0
2522	-15.3702	0	0
2521	-15.3645	0	0
2520	-15.3588	0	0
2519	-15.3531	0	0
2518	-15.3474	0	0
2517	-15.3416	0	0
2516	-15.3359	0	0
2515	-15.3302	0	0
2514	-15.3244	0	0
2513	-15.3187	0	0
2512	-15.313	0	0
2511	-15.3072	0	0
2510	-15.3015	0	0
2509	-15.2957	0	0
2508	-15.2899	0	0
2507	-15.2842	0	0
2506	-15.2784	0	0
2505	-15.2726	0	0
2504	-15.2668	0	0
2503	-15.2611	0	0
2502	-15.2553	0	0
2501	-15.2495	0	0
2500	-15.2437	0	0
2499	-15.2379	0	0
2498	-15.2321	0	0
2497	-15.2263	0	0
2496	-15.2205	0	0
2495	-15.2146	0	0
2494	-15.2088	0	0
2493	-15.203	0	0
2492	-15.1972	0	0
2491	-15.1913	0	0
2490	-15.1855	0	0
2489	-15.1796	0	0
2488	-15.1738	0	0
2487	-15.1679	0	0
2486	-15.1621	0	0
2485	-15.1562	0	0
2484	-15.1504	0	0
2483	-15.1445	0	0
2482	-15.1386	0	0
2481	-15.1327	0	0
2480	-15.1268	0	0
2479	-15.121	0	0
2478	-15.1151	0	0
2477	-15.1092	0	0
2476	-15.1033	0	0
2475	-15.0974	0	0
2474	-15.0915	0	0
2473	-15.0855	0	0
2472	-15.0796	0	0
2471	-15.0737	0	0
2470	-15.0678	0	0
2469	-15.0618	0	0
2468	-15.0559	0	0
2467	-15.05	0	0
2466	-15.044	0	0
2465	-15.0381	0	0
2464	-15.0321	0	0
2463	-15.0261	0	0
2462	-15.0202	0	0
2461	-15.0142	0	0
2460	-15.0082	0	0
2459	-15.0023	0	0
2458	-14.9963	0	0
2457	-14.9903	0	0
2456	-14.9843	0	0
2455	-14.9783	0	0
2454	-14.9723	0	0
2453	-14.9663	0	0
2452	-14.9603	0	0
2451	-14.9543	0	0
2450	-14.9482	0	0
2449	-14.9422	0	0
2448	-14.9362	0	0
2447	-14.9301	0	0
2446	-14.9241	0	0
2445	-14.9181	0	0
2444	-14.912	0	0
2443	-14.9059	0	0
2442	-14.8999	0	0
2441	-14.8938	0	0
2440	-14.8878	0	0
2439	-14.8817	0	0
2438	-14.8756	0	0
2437	-14.8695	0	0
2436	-14.8634	0	0
2435	-14.8573	0	0
2434	-14.8512	0	0
2433	-14.8451	0	0
2432	-14.839	0	0
2431	-14.8329	0	0
2430	-14.8268	0	0
2429	-14.8206	0	0
2428	-14.8145	0	0
2427	-14.8084	0	0
2426	-14.8022	0	0
2425	-14.7961	0	0
2424	-14.7899	0	0
2423	-14.7838	0	0
2422	-14.7776	0	0
2421	-14.7715	0	0
2420	-14.7653	0	0
2419	-14.7591	0	0
2418	-14.7529	0	0
2417	-14.7467	0	0
2416	-14.7406	0	0
2415	-14.7344	0	0
2414	-14.7282	0	0
2413	-14.7219	0	0
2412	-14.7157	0	0
2411	-14.7095	0	0
2410	-14.7033	0	0
2409	-14.6971	0	0
2408	-14.6908	0	0
2407	-14.6846	0	0
2406	-14.6783	0	0
2405	-14.6721	0	0
2404	-14.6658	0	0
2403	-14.6596	0	0
2402	-14.6533	0	0
2401	-14.647	0	0
2400	-14.6408	0	0
2399	-14.6345	0	0
2398	-14.6282	0	0
2397	-14.6219	0	0
2396	-14.6156	0	0
2395	-14.6093	0	0
2394	-14.603	0	0
2393	-14.5966	0	0
2392	-14.5903	0	0
2391	-14.584	0	0
2390	-14.5777	0	0
2389	-14.5713	0	0
2388	-14.565	0	0
2387	-14.5586	0	0
2386	-14.5523	0	0
2385	-14.5459	0	0
2384	-14.5395	0	0
2383	-14.5332	0	0
2382	-14.5268	0	0
2381	-14.5204	0	0
2380	-14.514	0	0
2379	-14.5076	0	0
2378	-14.5012	0	0
2377	-14.4948	0	0
2376	-14.4884	0	0
2375	-14.482	0	0
2374	-14.4755	0	0
2373	-14.4691	0	0
2372	-14.4627	0	0
2371	-14.4562	0	0
2370	-14.4498	0	0
2369	-14.4433	0	0
2368	-14.4369	0	0
2367	-14.4304	0	0
2366	-14.4239	0	0
2365	-14.4174	0	0
2364	-14.411	0	0
2363	-14.4045	0	0
2362	-14.398	0	0
2361	-14.3915	0	0
2360	-14.3849	0	0
2359	-14.3784	0	0
2358	-14.3719	0	0
2357	-14.3654	0	0
2356	-14.3588	0	0
2355	-14.3523	0	0
2354	-14.3458	0	0
2353	-14.3392	0	0
2352	-14.3326	0	0
2351	-14.3261	0	0
2350	-14.3195	0	0
2349	-14.3129	0	0
2348	-14.3063	0	0
2347	-14.2997	0	0
2346	-14.2931	0	0
2345	-14.2865	0	0
2344	-14.2799	0	0
2343	-14.2733	0	0
2342	-14.2667	0	0
2341	-14.2601	0	0
2340	-14.2534	0	0
2339	-14.2468	0	0
2338	-14.2401	0	0
2337	-14.2335	0	0
2336	-14.2268	0	0
2335	-14.2201	0	0
2334	-14.2135	0	0
2333	-14.2068	0	0
2332	-14.2001	0	0
2331	-14.1934	0	0
2330	-14.1867	0	0
2329	-14.18	0	0
2328	-14.1733	0	0
2327	-14.1665	0	0
2326	-14.1598	0	0
2325	-14.1531	0	0
2324	-14.1463	0	0
2323	-14.1396	0	0
2322	-14.1328	0	0
2321	-14.126	0	0
2320	-14.1193	0	0
2319	-14.1125	0	0
2318	-14.1057	0	0
2317	-14.0989	0	0
2316	-14.0921	0	0
2315	-14.0853	0	0
2314	-14.0785	0	0
2313	-14.0717	0	0
2312	-14.0649	0	0
2311	-14.058	0	0
2310	-14.0512	0	0
2309	-14.0443	0	0
2308	-14.0375	0	0
2307	-14.0306	0	0
2306	-14.0237	0	0
2305	-14.0169	0	0
2304	-14.01	0	0
2303	-14.0031	0	0
2302	-13.9962	0	0
2301	-13.9893	0	0
2300	-13.9823	0	0
2299	-13.9754	0	0
2298	-13.9685	0	0
2297	-13.9616	0	0
2296	-13.9546	0	0
2295	-13.9476	0	0
2294	-13.9407	0	0
2293	-13.9337	0	0
2292	-13.9267	0	0
2291	-13.9198	0	0
2290	-13.9128	0	0
2289	-13.9058	0	0
2288	-13.8988	0	0
2287	-13.8917	0	0
2286	-13.8847	0	0
2285	-13.8777	0	0
2284	-13.8706	0	0
2283	-13.8636	0	0
2282	-13.8565	0	0
2281	-13.8495	0	0
2280	-13.8424	0	0
2279	-13.8353	0	0
2278	-13.8282	0	0
2277	-13.8211	0	0
2276	-13.814	0	0
2275	-13.8069	0	0
2274	-13.7998	0	0
2273	-13.7927	0	0
2272	-13.7856	0	0
2271	-13.7784	0	0
2270	-13.7713	0	0
2269	-13.7641	0	0
2268	-13.7569	0	0
2267	-13.7498	0	0
2266	-13.7426	0	0
2265	-13.7354	0	0
2264	-13.7282	0	0
2263	-13.721	0	0
2262	-13.7137	0	0
2261	-13.7065	0	0
2260	-13.6993	0	0
2259	-13.692	0	0
2258	-13.6848	0	0
2257	-13.6775	0	0
2256	-13.6703	0	0
2255	-13.663	0	0
2254	-13.6557	0	0
2253	-13.6484	0	0
2252	-13.6411	0	0
2251	-13.6338	0	0
2250	-13.6265	0	0
2249	-13.6191	0	0
2248	-13.6118	0	0
2247	-13.6044	0	0
2246	-13.5971	0	0
2245	-13.5897	0	0
2244	-13.5823	0	0
2243	-13.575	0	0
2242	-13.5676	0	0
2241	-13.5602	0	0
2240	-13.5528	0	0
2239	-13.5453	0	0
2238	-13.5379	0	0
2237	-13.5305	0	0
2236	-13.523	0	0
2235	-13.5156	0	0
2234	-13.5081	0	0
2233	-13.5006	0	0
2232	-13.4931	0	0
2231	-13.4857	0	0
2230	-13.4781	0	0
2229	-13.4706	0	0
2228	-13.4631	0	0
2227	-13.4556	0	0
2226	-13.448	0	0
2225	-13.4405	0	0
2224	-13.4329	0	0
2223	-13.4254	0	0
2222	-13.4178	0	0
2221	-13.4102	0	0
2220	-13.4026	0	0
2219	-13.395	0	0
2218	-13.3874	0	0
2217	-13.3797	0	0
2216	-13.3721	0	0
2215	-13.3645	0	0
2214	-13.3568	0	0
2213	-13.3491	0	0
2212	-13.3415	0	0
2211	-13.3338	0	0
2210	-13.3261	0	0
2209	-13.3184	0	0
2208	-13.3107	0	0
2207	-13.3029	0	0
2206	-13.2952	0	0
2205	-13.2875	0	0
2204	-13.2797	0	0
2203	-13.2719	0	0
2202	-13.2642	0	0
2201	-13.2564	0	0
2200	-13.2486	0	0
2199	-13.2408	0	0
2198	-13.2329	0	0
2197	-13.2251	0	0
2196	-13.2173	0	0
2195	-13.2094	0	0
2194	-13.2016	0	0
2193	-13.1937	0	0
2192	-13.1858	0	0
2191	-13.1779	0	0
2190	-13.17	0	0
2189	-13.1621	0	0
2188	-13.1542	0	0
2187	-13.1462	0	0
2186	-13.1383	0	0
2185	-13.1303	0	0
2184	-13.1224	0	0
2183	-13.1144	0	0
2182	-13.1064	0	0
2181	-13.0984	0	0
2180	-13.0904	0	0
2179	-13.0824	0	0
2178	-13.0743	0	0
2177	-13.0663	0	0
2176	-13.0582	0	0
2175	-13.0502	0	0
2174	-13.0421	0	0
2173	-13.034	0	0
2172	-13.0259	0	0
2171	-13.0178	0	0
2170	-13.0097	0	0
2169	-13.0015	0	0
2168	-12.9934	0	0
2167	-12.9852	0	0
2166	-12.9771	0	0
2165	-12.9689	0	0
2164	-12.9607	0	0
2163	-12.9525	0	0
2162	-12.9443	0	0
2161	-12.9361	0	0
2160	-12.9278	0	0
2159	-12.9196	0	0
2158	-12.9113	0	0
2157	-12.9031	0	0
2156	-12.8948	0	0
2155	-12.8865	0	0
2154	-12.8782	0	0
2153	-12.8698	0	0
2152	-12.8615	0	0
2151	-12.8532	0	0
2150	-12.8448	0	0
2149	-12.8364	0	0
2148	-12.8281	0	0
2147	-12.8197	0	0
2146	-12.8113	0	0
2145	-12.8029	0	0
2144	-12.7944	0	0
2143	-12.786	0	0
2142	-12.7775	0	0
2141	-12.7691	0	0
2140	-12.7606	0	0
2139	-12.7521	0	0
2138	-12.7436	0	0
2137	-12.7351	0	0
2136	-12.7266	0	0
2135	-12.718	0	0
2134	-12.7095	0	0
2133	-12.7009	0	0
2132	-12.6923	0	0
2131	-12.6837	0	0
2130	-12.6751	0	0
2129	-12.6665	0	0
2128	-12.6579	0	0
2127	-12.6493	0	0
2126	-12.6406	0	0
2125	-12.6319	0	0
2124	-12.6233	0	0
2123	-12.6146	0	0
2122	-12.6059	0	0
2121	-12.5971	0	0
2120	-12.5884	0	0
2119	-12.5797	0	0
2118	-12.5709	0	0
2117	-12.5621	0	0
2116	-12.5534	0	0
2115	-12.5446	0	0
2114	-12.5358	0	0
2113	-12.5269	0	0
2112	-12.5181	0	0
2111	-12.5093	0	0
2110	-12.5004	0	0
2109	-12.4915	0	0
2108	-12.4826	0	0
2107	-12.4737	0	0
2106	-12.4648	0	0
2105	-12.4559	0	0
2104	-12.4469	0	0
2103	-12.438	0	0
2102	-12.429	0	0
2101	-12.42	0	0
2100	-12.411	0	0
2099	-12.402	0	0
2098	-12.393	0	0
2097	-12.384	0	0
2096	-12.3749	0	0
2095	-12.3659	0	0
2094	-12.3568	0	0
2093	-12.3477	0	0
2092	-12.3386	0	0
2091	-12.3295	0	0
2090	-12.3203	0	0
2089	-12.3112	0	0
2088	-12.302	0	0
2087	-12.2929	0	0
2086	-12.2837	0	0
2085	-12.2745	0	0
2084	-12.2653	0	0
2083	-12.256	0	0
2082	-12.2468	0	0
2081	-12.2375	0	0
2080	-12.2283	0	0
2079	-12.219	0	0
2078	-12.2097	0	0
2077	-12.2004	0	0
2076	-12.1911	0	0
2075	-12.1817	0	0
2074	-12.1724	0	0
2073	-12.163	0	0
2072	-12.1536	0	0
2071	-12.1442	0	0
2070	-12.1348	0	0
2069	-12.1254	0	0
2068	-12.1159	0	0
2067	-12.1065	0	0
2066	-12.097	0	0
2065	-12.0875	0	0
2064	-12.0781	0	0
2063	-12.0685	0	0
2062	-12.059	0	0
2061	-12.0495	0	0
2060	-12.0399	0	0
2059	-12.0304	0	0
2058	-12.0208	0	0
2057	-12.0112	0	0
2056	-12.0016	0	0
2055	-11.992	0	0
2054	-11.9823	0	0
2053	-11.9727	0	0
2052	-11.963	0	0
2051	-11.9533	0	0
2050	-11.9436	0	0
2049	-11.9339	0	0
2048	-11.9242	0	0
2047	-11.9145	0	0
2046	-11.9047	0	0
2045	-11.8949	0	0
2044	-11.8852	0	0
2043	-11.8754	0	0
2042	-11.8656	0	0
2041	-11.8557	0	0
2040	-11.8459	0	0
2039	-11.8361	0	0
2038	-11.8262	0	0
2037	-11.8163	0	0
2036	-11.8064	0	0
2035	-11.7965	0	0
2034	-11.7866	0	0
2033	-11.7766	0	0
2032	-11.7667	0	0
2031	-11.7567	0	0
2030	-11.7468	0	0
2029	-11.7368	0	0
2028	-11.7268	0	0
2027	-11.7167	0	0
2026	-11.7067	0	0
2025	-11.6966	0	0
2024	-11.6866	0	0
2023	-11.6765	0	0
2022	-11.6664	0	0
2021	-11.6563	0	0
2020	-11.6462	0	0
2019	-11.636	0	0
2018	-11.6259	0	0
2017	-11.6157	0	0
2016	-11.6056	0	0
2015	-11.5954	0	0
2014	-11.5852	0	0
2013	-11.5749	0	0
2012	-11.5647	0	0
2011	-11.5545	0	0
2010	-11.5442	0	0
2009	-11.5339	0	0
2008	-11.5236	0	0
2007	-11.5133	0	0
2006	-11.503	0	0
2005	-11.4927	0	0
2004	-11.4823	0	0
2003	-11.472	0	0
2002	-11.4616	0	0
2001	-11.4512	0	0
2000	-11.4408	0	0
1999	-11.4304	0	0
1998	-11.42	0	0
1997	-11.4096	0	0
1996	-11.3991	0	0
1995	-11.3887	0	0
1994	-11.3782	0	0
1993	-11.3677	0	0
1992	-11.3572	0	0
1991	-11.3467	0	0
1990	-11.3362	0	0
1989	-11.3256	0	0
1988	-11.315	0	0
1987	-11.3045	0	0
1986	-11.2939	0	0
1985	-11.2833	0	0
1984	-11.2727	0	0
1983	-11.262	0	0
1982	-11.2514	0	0
1981	-11.2408	0	0
1980	-11.2301	0	0
1979	-11.2194	0	0
1978	-11.2087	0	0
1977	-11.198	0	0
1976	-11.1873	0	0
1975	-11.1766	0	0
1974	-11.1658	0	0
1973	-11.1551	0	0
1972	-11.1443	0	0
1971	-11.1336	0	0
1970	-11.1228	0	0
1969	-11.112	0	0
1968	-11.1011	0	0
1967	-11.0903	0	0
1966	-11.0795	0	0
1965	-11.0686	0	0
1964	-11.0578	0	0
1963	-11.0469	0	0
1962	-11.036	0	0
1961	-11.0251	0	0
1960	-11.0142	0	0
1959	-11.0033	0	0
1958	-10.9924	0	0
1957	-10.9814	0	0
1956	-10.9705	0	0
1955	-10.9595	0	0
1954	-10.9485	0	0
1953	-10.9375	0	0
1952	-10.9265	0	0
1951	-10.9155	0	0
1950	-10.9045	0	0
1949	-10.8935	0	0
1948	-10.8824	0	0
1947	-10.8714	0	0
1946	-10.8603	0	0
1945	-10.8492	0	0
1944	-10.8381	0	0
1943	-10.827	0	0
1942	-10.8159	0	0
1941	-10.8048	0	0
1940	-10.7937	0	0
1939	-10.7825	0	0
1938	-10.7714	0	0
1937	-10.7602	0	0
1936	-10.7491	0	0
1935	-10.7379	0	0
1934	-10.7267	0	0
1933	-10.7155	0	0
1932	-10.7043	0	0
1931	-10.6931	0	0
1930	-10.6819	0	0
1929	-10.6706	0	0
1928	-10.6594	0	0
1927	-10.6482	0	0
1926	-10.6369	0	0
1925	-10.6256	0	0
1924	-10.6144	0	0
1923	-10.6031	0	0
1922	-10.5918	0	0
1921	-10.5805	0	0
1920	-10.5692	0	0
1919	-10.5579	0	0
1918	-10.5465	0	0
1917	-10.5352	0	0
1916	-10.5239	0	0
1915	-10.5125	0	0
1914	-10.5012	0	0
1913	-10.4898	0	0
1912	-10.4785	0	0
1911	-10.4671	0	0
1910	-10.4557	0	0
1909	-10.4443	0	0
1908	-10.4329	0	0
1907	-10.4215	0	0
1906	-10.4101	0	0
1905	-10.3987	0	0
1904	-10.3873	0	0
1903	-10.3759	0	0
1902	-10.3645	0	0
1901	-10.353	0	0
1900	-10.3416	0	0
1899	-10.3301	0	0
1898	-10.3187	0	0
1897	-10.3072	0	0
1896	-10.2958	0	0
1895	-10.2843	0	0
1894	-10.2729	0	0
1893	-10.2614	0	0
1892	-10.2499	0	0
1891	-10.2385	0	0
1890	-10.227	0	0
1889	-10.2155	0	0
1888	-10.204	0	0
1887	-10.1926	0	0
1886	-10.1811	0	0
1885	-10.1696	0	0
1884	-10.1581	0	0
1883	-10.1466	0	0
1882	-10.1351	0	0
1881	-10.1236	0	0
1880	-10.1121	0	0
1879	-10.1006	0	0
1878	-10.0891	0	0
1877	-10.0776	0	0
1876	-10.0661	0	0
1875	-10.0546	0	0
1874	-10.0432	0	0
1873	-10.0317	0	0
1872	-10.0202	0	0
1871	-10.0087	0	0
1870	-9.99719	0	0
1869	-9.9857	0	0
1868	-9.97422	0	0
1867	-9.96274	0	0
1866	-9.95126	0	0
1865	-9.93979	0	0
1864	-9.92832	0	0
1863	-9.91685	0	0
1862	-9.90539	0	0
1861	-9.89393	0	0
1860	-9.88248	0	0
1859	-9.87103	0	0
1858	-9.85959	0	0
1857	-9.84815	0	0
1856	-9.83672	0	0
1855	-9.8253	0	0
1854	-9.81389	0	0
1853	-9.80248	0	0
1852	-9.79108	0	0
1851	-9.77969	0	0
1850	-9.76831	0	0
1849	-9.75693	0	0
1848	-9.74557	0	0
1847	-9.73422	0	0
1846	-9.72287	0	0
1845	-9.71154	0	0
1844	-9.70022	0	0
1843	-9.68891	0	0
1842	-9.67762	0	0
1841	-9.66634	0	0
1840	-9.65507	0	0
1839	-9.64381	0	0
1838	-9.63257	0	0
1837	-9.62134	0	0
1836	-9.61013	0	0
1835	-9.59894	0	0
1834	-9.58776	0	0
1833	-9.5766	0	0
1832	-9.56546	0	0
1831	-9.55433	0	0
1830	-9.54323	0	0
1829	-9.53214	0	0
1828	-9.52108	0	0
1827	-9.51003	0	0
1826	-9.49901	0	0
1825	-9.488	0	0
1824	-9.47703	0	0
1823	-9.46607	0	0
1822	-9.45514	0	0
1821	-9.44423	0	0
1820	-9.43335	0	0
1819	-9.4225	0	0
1818	-9.41167	0	0
1817	-9.40088	0	0
1816	-9.39011	0	0
1815	-9.37937	0	0
1814	-9.36867	0	0
1813	-9.35799	0	0
1812	-9.34735	0	0
1811	-9.33674	0	0
1810	-9.32616	0	0
1809	-9.31562	0	0
1808	-9.30512	0	0
1807	-9.29465	0	0
1806	-9.28423	0	0
1805	-9.27384	0	0
1804	-9.26348	0	0
1803	-9.25317	0	0
1802	-9.24289	0	0
1801	-9.23266	0	0
1800	-9.22247	0	0
1799	-9.21233	0	0
1798	-9.20223	0	0
1797	-9.19218	0	0
1796	-9.18218	0	0
1795	-9.17223	0	0
1794	-9.16233	0	0
1793	-9.15248	0	0
1792	-9.14269	0	0
1791	-9.13295	0	0
1790	-9.12326	0	0
1789	-9.11364	0	0
1788	-9.10407	0	0
1787	-9.09456	0	0
1786	-9.08511	0	0
1785	-9.07573	0	0
1784	-9.0664	0	0
1783	-9.05715	0	0
1782	-9.04796	0	0
1781	-9.03884	0	0
1780	-9.02979	0	0
1779	-9.02081	0	0
1778	-9.01191	0	0
1777	-9.00308	0	0
1776	-8.99432	0	0
1775	-8.98565	0	0
1774	-8.97705	0	0
1773	-8.96854	0	0
1772	-8.96011	0	0
1771	-8.95176	0	0
1770	-8.9435	0	0
1769	-8.93533	0	0
1768	-8.92725	0	0
1767	-8.91926	0	0
1766	-8.91137	0	0
1765	-8.90357	0	0
1764	-8.89587	0	0
1763	-8.88827	0	0
1762	-8.88077	0	0
1761	-8.87337	0	0
1760	-8.86608	0	0
1759	-8.85889	0	0
1758	-8.85182	0	0
1757	-8.84485	0	0
1756	-8.838	0	0
1755	-8.83127	0	0
1754	-8.82465	0	0
1753	-8.81815	0	0
1752	-8.81177	0	0
1751	-8.80551	0	0
1750	-8.79938	0	0
1749	-8.79337	0	0
1748	-8.7875	0	0
1747	-8.78175	0	0
1746	-8.77613	0	0
1745	-8.77065	0	0
1744	-8.76531	0	0
1743	-8.7601	0	0
1742	-8.75503	0	0
1741	-8.7501	0	0
1740	-8.74531	0	0
1739	-8.74067	0	0
1738	-8.73617	0	0
1737	-8.73182	0	0
1736	-8.72762	0	0
1735	-8.72356	0	0
1734	-8.71966	0	0
1733	-8.71591	0	0
1732	-8.7123	0	0
1731	-8.70886	0	0
1730	-8.70556	0	0
1729	-8.70242	0	0
1728	-8.69943	0	0
1727	-8.6966	0	0
1726	-8.69392	0	0
1725	-8.69139	0	0
1724	-8.68902	0	0
1723	-8.6868	0	0
1722	-8.68474	0	0
1721	-8.68282	0	0
1720	-8.68106	0	0
1719	-8.67945	0	0
1718	-8.67798	0	0
1717	-8.67666	0	0
1716	-8.67549	0	0
1715	-8.67445	0	0
1714	-8.67356	0	0
1713	-8.6728	0	0
1712	-8.67218	0	0
1711	-8.67169	0	0
1710	-8.67132	0	0
1709	-8.67108	0	0
1708	-8.67096	0	0
1707	-8.67095	0	0
1706	-8.67105	0	0
1705	-8.67126	0	0
1704	-8.67156	0	0
1703	-8.67196	0	0
1702	-8.67245	0	0
1701	-8.67303	0	0
1700	-8.67367	0	0
1699	-8.67439	0	0
1698	-8.67518	0	0
1697	-8.67602	0	0
1696	-8.67691	0	0
1695	-8.67784	0	0
1694	-8.67881	0	0
1693	-8.67981	0	0
1692	-8.68083	0	0
1691	-8.68186	0	0
1690	-8.68289	0	0
1689	-8.68392	0	0
1688	-8.68494	0	0
1687	-8.68593	0	0
1686	-8.68689	0	0
1685	-8.6878	0	0
1684	-8.68867	0	0
1683	-8.68949	0	0
1682	-8.69023	0	0
1681	-8.69091	0	0
1680	-8.6915	0	0
1679	-8.69199	0	0
1678	-8.69239	0	0
1677	-8.69267	0	0
1676	-8.69284	0	0
1675	-8.69288	0	0
1674	-8.69277	0	0
1673	-8.69252	0	0
1672	-8.69211	0	0
1671	-8.69153	0	0
1670	-8.69076	0	0
1669	-8.68981	0	0
1668	-8.68866	0	0
1667	-8.68729	0	0
1666	-8.68569	0	0
1665	-8.68386	0	0
1664	-8.68178	0	0
1663	-8.67943	0	0
1662	-8.6768	0	0
1661	-8.67388	0	0
1660	-8.67065	0	0
1659	-8.66709	0	0
1658	-8.66319	0	0
1657	-8.65893	0	0
1656	-8.65429	0	0
1655	-8.64925	0	0
1654	-8.6438	0	0
1653	-8.6379	0	0
1652	-8.63155	0	0
1651	-8.62472	0	0
1650	-8.61738	0	0
1649	-8.60952	0	0
1648	-8.60111	0	0
1647	-8.59213	0	0
1646	-8.58256	0	0
1645	-8.57236	0	0
1644	-8.56152	0	0
1643	-8.55002	0	0
1642	-8.53782	0	0
1641	-8.52492	0	0
1640	-8.51128	0	0
1639	-8.49689	0	0
1638	-8.48173	0	0
1637	-8.46577	0	0
1636	-8.44901	0	0
1635	-8.43142	0	0
1634	-8.413	0	0
1633	-8.39374	0	0
1632	-8.37361	0	0
1631	-8.35262	0	0
1630	-8.33077	0	0
1629	-8.30804	0	0
1628	-8.28444	0	0
1627	-8.25998	0	0
1626	-8.23465	0	0
1625	-8.20847	0	0
1624	-8.18145	0	0
1623	-8.15361	0	0
1622	-8.12494	0	0
1621	-8.09549	0	0
1620	-8.06526	0	0
1619	-8.03428	0	0
1618	-8.00258	0	0
1617	-7.97018	0	0
1616	-7.93712	0	0
1615	-7.90342	0	0
1614	-7.86911	0	0
1613	-7.83424	0	0
1612	-7.79883	0	0
1611	-7.76291	0	0
1610	-7.72653	0	0
1609	-7.68973	0	0
1608	-7.65253	0	0
1607	-7.61498	0	0
1606	-7.57709	0	0
1605	-7.53892	0	0
1604	-7.5005	0	0
1603	-7.46187	0	0
1602	-7.42306	0	0
1601	-7.3841	0	0
1600	-7.34503	0	0
1599	-7.30587	0	0
1598	-7.26667	0	0
1597	-7.22744	0	0
1596	-7.18821	0	0
1595	-7.14902	0	0
1594	-7.10988	0	0
1593	-7.07082	0	0
1592	-7.03186	0	0
1591	-6.99302	0	0
1590	-6.95433	0	0
1589	-6.9158	0	0
1588	-6.87744	0	0
1587	-6.83928	0	0
1586	-6.80132	0	0
1585	-6.76359	0	0
1584	-6.72609	0	0
1583	-6.68883	0	0
1582	-6.65183	0	0
1581	-6.61509	0	0
1580	-6.57861	0	0
1579	-6.54242	0	0
1578	-6.5065	0	0
1577	-6.47088	0	0
1576	-6.43554	0	0
1575	-6.4005	0	0
1574	-6.36576	0	0
1573	-6.33132	0	0
1572	-6.29717	0	0
1571	-6.26334	0	0
1570	-6.2298	0	0
1569	-6.19657	0	0
1568	-6.16364	0	0
1567	-6.13101	0	0
1566	-6.09868	0	0
1565	-6.06665	0	0
1564	-6.03491	0	0
1563	-6.00347	0	0
1562	-5.97233	0	0
1561	-5.94147	0	0
1560	-5.9109	0	0
1559	-5.88061	0	0
1558	-5.8506	0	0
1557	-5.82087	0	0
1556	-5.79142	0	0
1555	-5.76224	0	0
1554	-5.73332	0	0
1553	-5.70467	0	0
1552	-5.67628	0	0
1551	-5.64815	0	0
1550	-5.62029	0	0
1549	-5.59265	0	0
1548	-5.56526	0	0
1547	-5.5381	0	0
1546	-5.51119	0	0
1545	-5.48451	0	0
1544	-5.45806	0	0
1543	-5.43184	0	0
1542	-5.40585	0	0
1541	-5.38007	0	0
1540	-5.35451	0	0
1539	-5.32916	0	0
1538	-5.30403	0	0
1537	-5.2791	0	0
1536	-5.25437	0	0
1535	-5.22985	0	0
1534	-5.20552	0	0
1533	-5.18139	0	0
1532	-5.15745	0	0
1531	-5.1337	0	0
1530	-5.11014	0	0
1529	-5.08676	0	0
1528	-5.06356	0	0
1527	-5.04054	0	0
1526	-5.0177	0	0
1525	-4.99503	0	0
1524	-4.97254	0	0
1523	-4.95021	0	0
1522	-4.92806	0	0
1521	-4.90607	0	0
1520	-4.88424	0	0
1519	-4.86258	0	0
1518	-4.84108	0	0
1517	-4.81973	0	0
1516	-4.79855	0	0
1515	-4.77752	0	0
1514	-4.75665	0	0
1513	-4.73593	0	0
1512	-4.71536	0	0
1511	-4.69495	0	0
1510	-4.67469	0	0
1509	-4.65459	0	0
1508	-4.63463	0	0
1507	-4.61483	0	0
1506	-4.59515	0	0
1505	-4.57563	0	0
1504	-4.55625	0	0
1503	-4.53702	0	0
1502	-4.51793	0	0
1501	-4.49899	0	0
1500	-4.48019	0	0
1499	-4.46153	0	0
1498	-4.44303	0	0
1497	-4.42466	0	0
1496	-4.40644	0	0
1495	-4.38837	0	0
1494	-4.37044	0	0
1493	-4.35265	0	0
1492	-4.33501	0	0
1491	-4.31752	0	0
1490	-4.30018	0	0
1489	-4.28298	0	0
1488	-4.26593	0	0
1487	-4.24903	0	0
1486	-4.23228	0	0
1485	-4.21568	0	0
1484	-4.19923	0	0
1483	-4.18293	0	0
1482	-4.16679	0	0
1481	-4.1508	0	0
1480	-4.13497	0	0
1479	-4.1193	0	0
1478	-4.10379	0	0
1477	-4.08845	0	0
1476	-4.07327	0	0
1475	-4.05826	0	0
1474	-4.04341	0	0
1473	-4.02872	0	0
1472	-4.0142	0	0
1471	-3.99985	0	0
1470	-3.98568	0	0
1469	-3.97169	0	0
1468	-3.95787	0	0
1467	-3.94424	0	0
1466	-3.93079	0	0
1465	-3.91752	0	0
1464	-3.90445	0	0
1463	-3.89157	0	0
1462	-3.87888	0	0
1461	-3.86639	0	0
1460	-3.8541	0	0
1459	-3.84202	0	0
1458	-3.83014	0	0
1457	-3.81847	0	0
1456	-3.80702	0	0
1455	-3.79578	0	0
1454	-3.78476	0	0
1453	-3.77397	0	0
1452	-3.76341	0	0
1451	-3.75308	0	0
1450	-3.74299	0	0
1449	-3.73315	0	0
1448	-3.72353	0	0
1447	-3.71415	0	0
1446	-3.70503	0	0
1445	-3.69616	0	0
1444	-3.68754	0	0
1443	-3.67919	0	0
1442	-3.67111	0	0
1441	-3.6633	0	0
1440	-3.65576	0	0
1439	-3.64849	0	0
1438	-3.64152	0	0
1437	-3.63482	0	0
1436	-3.62842	0	0
1435	-3.62231	0	0
1434	-3.6165	0	0
1433	-3.61098	0	0
1432	-3.60578	0	0
1431	-3.60089	0	0
1430	-3.59631	0	0
1429	-3.59206	0	0
1428	-3.58811	0	0
1427	-3.58448	0	0
1426	-3.58117	0	0
1425	-3.57819	0	0
1424	-3.57554	0	0
1423	-3.57322	0	0
1422	-3.57122	0	0
1421	-3.56956	0	0
1420	-3.56824	0	0
1419	-3.56724	0	0
1418	-3.56658	0	0
1417	-3.56625	0	0
1416	-3.56624	0	0
1415	-3.56657	0	0
1414	-3.56723	0	0
1413	-3.56821	0	0
1412	-3.56951	0	0
1411	-3.57111	0	0
1410	-3.57301	0	0
1409	-3.5752	0	0
1408	-3.57769	0	0
1407	-3.58045	0	0
1406	-3.58349	0	0
1405	-3.58678	0	0
1404	-3.59031	0	0
1403	-3.59407	0	0
1402	-3.59804	0	0
1401	-3.60221	0	0
1400	-3.60656	0	0
1399	-3.61107	0	0
1398	-3.61571	0	0
1397	-3.62044	0	0
1396	-3.62526	0	0
1395	-3.63013	0	0
1394	-3.63503	0	0
1393	-3.63992	0	0
1392	-3.64476	0	0
1391	-3.64953	0	0
1390	-3.65419	0	0
1389	-3.6587	0	0
1388	-3.66302	0	0
1387	-3.6671	0	0
1386	-3.67089	0	0
1385	-3.67435	0	0
1384	-3.67744	0	0
1383	-3.6801	0	0
1382	-3.68229	0	0
1381	-3.68395	0	0
1380	-3.68503	0	0
1379	-3.68549	0	0
1378	-3.68526	0	0
1377	-3.68428	0	0
1376	-3.6825	0	0
1375	-3.67988	0	0
1374	-3.67635	0	0
1373	-3.67186	0	0
1372	-3.66638	0	0
1371	-3.65984	0	0
1370	-3.65219	0	0
1369	-3.64338	0	0
1368	-3.63337	0	0
1367	-3.62213	0	0
1366	-3.60961	0	0
1365	-3.59578	0	0
1364	-3.58061	0	0
1363	-3.56406	0	0
1362	-3.54611	0	0
1361	-3.52674	0	0
1360	-3.50594	0	0
1359	-3.4837	0	0
1358	-3.46	0	0
1357	-3.43483	0	0
1356	-3.40821	0	0
1355	-3.38015	0	0
1354	-3.35064	0	0
1353	-3.31969	0	0
1352	-3.28733	0	0
1351	-3.25358	0	0
1350	-3.21846	0	0
1349	-3.18198	0	0
1348	-3.14418	0	0
1347	-3.1051	0	0
1346	-3.06475	0	0
1345	-3.02318	0	0
1344	-2.98043	0	0
1343	-2.93659	0	0
1342	-2.89185	0	0
1341	-2.84689	0	0
1340	-2.8076	0	0
1339	-2.74439	0	0
1338	-2.63838	0	0
1337	-2.59892	0	0
1336	-2.55892	0	0
1335	-2.51844	0	0
1334	-2.47752	0	0
1333	-2.43622	0	0
1332	-2.39458	0	0
1331	-2.35267	0	0
1330	-2.31053	0	0
1329	-2.26819	0	0
1328	-2.22572	0	0
1327	-2.18315	0	0
1326	-2.14052	0	0
1325	-2.09788	0	0
1324	-2.05525	0	0
1323	-2.01268	0	0
1322	-1.97019	0	0
1321	-1.92782	0	0
1320	-1.8856	0	0
1319	-1.84355	0	0
1318	-1.8017	0	0
1317	-1.76007	0	0
1316	-1.71868	0	0
1315	-1.67755	0	0
1314	-1.6367	0	0
1313	-1.59614	0	0
1312	-1.55589	0	0
1311	-1.51596	0	0
1310	-1.47636	0	0
1309	-1.43709	0	0
1308	-1.39818	0	0
1307	-1.35961	0	0
1306	-1.32141	0	0
1305	-1.28357	0	0
1304	-1.2461	0	0
1303	-1.209	0	0
1302	-1.17227	0	0
1301	-1.13591	0	0
1300	-1.09992	0	0
1299	-1.0643	0	0
1298	-1.02905	0	0
1297	-0.994159	0	0
1296	-0.959636	0	0
1295	-0.925471	0	0
1294	-0.891662	0	0
1293	-0.858203	0	0
1292	-0.825091	0	0
1291	-0.792319	0	0
1290	-0.759883	0	0
1289	-0.727776	0	0
1288	-0.695993	0	0
1287	-0.664527	0	0
1286	-0.633372	0	0
1285	-0.602521	0	0
1284	-0.571968	0	0
1283	-0.541706	0	0
1282	-0.511727	0	0
1281	-0.482024	0	0
1280	-0.452592	0	0
1279	-0.423421	0	0
1278	-0.394505	0	0
1277	-0.365838	0	0
1276	-0.337411	0	0
1275	-0.309217	0	0
1274	-0.281249	0	0
1273	-0.2535	0	0
1272	-0.225962	0	0
1271	-0.198629	0	0
1270	-0.171493	0	0
1269	-0.144547	0	0
1268	-0.117785	0	0
1267	-0.0911984	0	0
1266	-0.0647811	0	0
1265	-0.0385262	0	0
1264	-0.0124268	0	0
1263	0.0135238	0	0
1262	0.0393324	0	0
1261	0.0650038	0	0
1260	0.0905426	0	0
1259	0.115957	0	0
1258	0.141254	0	0
1257	0.166439	0	0
1256	0.191519	0	0
1255	0.216499	0	0
1254	0.241387	0	0
1253	0.266188	0	0
1252	0.290908	0	0
1251	0.315553	0	0
1250	0.340129	0	0
1249	0.364642	0	0
1248	0.389098	0	0
1247	0.413501	0	0
1246	0.437859	0	0
1245	0.462175	0	0
1244	0.486457	0	0
1243	0.510709	0	0
1242	0.534937	0	0
1241	0.559146	0	0
1240	0.583341	0	0
1239	0.607529	0	0
1238	0.631713	0	0
1237	0.655899	0	0
1236	0.680092	0	0
1235	0.704298	0	0
1234	0.728521	0	0
1233	0.752767	0	0
1232	0.77704	0	0
1231	0.801346	0	0
1230	0.825689	0	0
1229	0.850074	0	0
1228	0.874506	0	0
1227	0.898991	0	0
1226	0.923532	0	0
1225	0.948135	0	0
1224	0.972805	0	0
1223	0.997546	0	0
1222	1.02236	0	0
1221	1.04726	0	0
1220	1.07224	0	0
1219	1.09732	0	0
1218	1.12249	0	0
1217	1.14775	0	0
1216	1.17313	0	0
1215	1.19861	0	0
1214	1.22421	0	0
1213	1.24992	0	0
1212	1.27576	0	0
1211	1.30173	0	0
1210	1.32783	0	0
1209	1.35407	0	0
1208	1.38045	0	0
1207	1.40698	0	0
1206	1.43366	0	0
1205	1.46049	0	0
1204	1.48749	0	0
1203	1.51466	0	0
1202	1.54199	0	0
1201	1.56951	0	0
1200	1.5972	0	0
1199	1.62509	0	0
1198	1.65316	0	0
1197	1.68143	0	0
1196	1.7099	0	0
1195	1.73858	0	0
1194	1.76747	0	0
1193	1.79657	0	0
1192	1.8259	0	0
1191	1.85546	0	0
1190	1.88524	0	0
1189	1.91527	0	0
1188	1.94554	0	0
1187	1.97606	0	0
1186	2.00683	0	0
1185	2.03786	0	0
1184	2.06916	0	0
1183	2.10072	0	0
1182	2.13257	0	0
1181	2.16469	0	0
1180	2.19711	0	0
1179	2.22982	0	0
1178	2.26283	0	0
1177	2.29614	0	0
1176	2.32977	0	0
1175	2.36371	0	0
1174	2.39798	0	0
1173	2.43258	0	0
1172	2.46752	0	0
1171	2.5028	0	0
1170	2.53843	0	0
1169	2.57442	0	0
1168	2.61077	0	0
1167	2.6475	0	0
1166	2.6846	0	0
1165	2.72208	0	0
1164	2.75996	0	0
1163	2.79824	0	0
1162	2.83692	0	0
1161	2.87602	0	0
1160	2.91554	0	0
1159	2.95549	0	0
1158	2.99588	0	0
1157	3.03671	0	0
1156	3.07799	0	0
1155	3.11974	0	0
1154	3.16196	0	0
1153	3.20466	0	0
1152	3.24784	0	0
1151	3.29152	0	0
1150	3.33571	0	0
1149	3.38041	0	0
1148	3.42564	0	0
1147	3.4714	0	0
1146	3.5177	0	0
1145	3.56456	0	0
1144	3.61198	0	0
1143	3.65998	0	0
1142	3.70856	0	0
1141	3.75774	0	0
1140	3.80752	0	0
1139	3.85792	0	0
1138	3.90895	0	0
1137	3.96062	0	0
1136	4.01294	0	0
1135	4.06593	0	0
1134	4.11959	0	0
1133	4.17394	0	0
1132	4.229	0	0
1131	4.28477	0	0
1130	4.34127	0	0
1129	4.39851	0	0
1128	4.45651	0	0
1127	4.51529	0	0
1126	4.57484	0	0
1125	4.6352	0	0
1124	4.69638	0	0
1123	4.75838	0	0
1122	4.82124	0	0
1121	4.88496	0	0
1120	4.94956	0	0
1119	5.01505	0	0
1118	5.08147	0	0
1117	5.14881	0	0
1116	5.21711	0	0
1115	5.28638	0	0
1114	5.35663	0	0
1113	5.4279	0	0
1112	5.50019	0	0
1111	5.57353	0	0
1110	5.64794	0	0
1109	5.72344	0	0
1108	5.80005	0	0
1107	5.8778	0	0
1106	5.9567	0	0
1105	6.03679	0	0
1104	6.11808	0	0
1103	6.20059	0	0
1102	6.28436	0	0
1101	6.36941	0	0
1100	6.45576	0	0
1099	6.54344	0	0
1098	6.63248	0	0
1097	6.7229	0	0
1096	6.81473	0	0
1095	6.90801	0	0
1094	7.00275	0	0
1093	7.09899	0	0
1092	7.19677	0	0
1091	7.2961	0	0
1090	7.39703	0	0
1089	7.49958	0	0
1088	7.60378	0	0
1087	7.70968	0	0
1086	7.8173	0	0
1085	7.92668	0	0
1084	8.03785	0	0
1083	8.15085	0	0
1082	8.26572	0	0
1081	8.38248	0	0
1080	8.50119	0	0
1079	8.62187	0	0
1078	8.74457	0	0
1077	8.86932	0	0
1076	8.99616	0	0
1075	9.12514	0	0
1074	9.25629	0	0
1073	9.38965	0	0
1072	9.52526	0	0
1071	9.66317	0	0
1070	9.80341	0	0
1069	9.94603	0	0
1068	10.0911	0	0
1067	10.2386	0	0
1066	10.3886	0	0
1065	10.5411	0	0
1064	10.6963	0	0
1063	10.854	0	0
1062	11.0144	0	0
1061	11.1776	0	0
1060	11.3435	0	0
1059	11.5121	0	0
1058	11.6836	0	0
1057	11.858	0	0
1056	12.0352	0	0
1055	12.2154	0	0
1054	12.3986	0	0
1053	12.5847	0	0
1052	12.7739	0	0
1051	12.9661	0	0
1050	13.1614	0	0
1049	13.3598	0	0
1048	13.5614	0	0
1047	13.766	0	0
1046	13.9739	0	0
1045	14.1848	0	0
1044	14.399	0	0
1043	14.6163	0	0
1042	14.8368	0	0
1041	15.0604	0	0
1040	15.2872	0	0
1039	15.517	0	0
1038	15.75	0	0
1037	15.986	0	0
1036	16.225	0	0
1035	16.467	0	0
1034	16.7119	0	0
1033	16.9595	0	0
1032	17.21	0	0
1031	17.4631	0	0
1030	17.7187	0	0
1029	17.9768	0	0
1028	18.2372	0	0
1027	18.4998	0	0
1026	18.7644	0	0
1025	19.0309	0	0
1024	19.2991	0	0
1023	19.5688	0	0
1022	19.8398	0	0
1021	20.1118	0	0
1020	20.3847	0	0
1019	20.6581	0	0
1018	20.9318	0	0
1017	21.2055	0	0
1016	21.479	0	0
1015	21.7517	0	0
1014	22.0235	0	0
1013	22.294	0	0
1012	22.5627	0	0
1011	22.8294	0	0
1010	23.0934	0	0
1009	23.3546	0	0
1008	23.6123	0	0
1007	23.8661	0	0
1006	24.1157	0	0
1005	24.3604	0	0
1004	24.5998	0	0
1003	24.8334	0	0
1002	25.0606	0	0
1001	25.2811	0	0
1000	25.4941	0	0
999	25.6993	0	0
998	25.8962	0	0
997	26.0841	0	0
996	26.2626	0	0
995	26.4312	0	0
994	26.5894	0	0
993	26.7367	0	0
992	26.8728	0	0
991	26.9971	0	0
990	27.1093	0	0
989	27.2089	0	0
988	27.2957	0	0
987	27.3693	0	0
986	27.4294	0	0
985	27.4759	0	0
984	27.5083	0	0
983	27.5267	0	0
982	27.5308	0	0
981	27.5206	0	0
980	27.496	0	0
979	27.457	0	0
978	27.4036	0	0
977	27.336	0	0
976	27.2541	0	0
975	27.1583	0	0
974	27.0488	0	0
973	26.9256	0	0
972	26.7892	0	0
971	26.6399	0	0
970	26.478	0	0
969	26.3039	0	0
968	26.118	0	0
967	25.9208	0	0
966	25.7126	0	0
965	25.4941	0	0
964	25.2656	0	0
963	25.0278	0	0
962	24.7811	0	0
961	24.526	0	0
960	24.2632	0	0
959	23.9931	0	0
958	23.7162	0	0
957	23.4333	0	0
956	23.1446	0	0
955	22.8509	0	0
954	22.5525	0	0
953	22.2501	0	0
952	21.9441	0	0
951	21.635	0	0
950	21.3233	0	0
949	21.0094	0	0
948	20.6937	0	0
947	20.3767	0	0
946	20.0588	0	0
945	19.7404	0	0
944	19.4218	0	0
943	19.1033	0	0
942	18.7854	0	0
941	18.4682	0	0
940	18.1521	0	0
939	17.8374	0	0
938	17.5243	0	0
937	17.213	0	0
936	16.9038	0	0
935	16.5969	0	0
934	16.2923	0	0
933	15.9904	0	0
932	15.6912	0	0
931	15.3949	0	0
930	15.1017	0	0
929	14.8115	0	0
928	14.5246	0	0
927	14.2409	0	0
926	13.9607	0	0
925	13.6839	0	0
924	13.4105	0	0
923	13.1408	0	0
922	12.8745	0	0
921	12.6119	0	0
920	12.3529	0	0
919	12.0976	0	0
918	11.8458	0	0
917	11.5978	0	0
916	11.3533	0	0
915	11.1124	0	0
914	10.8752	0	0
913	10.6416	0	0
912	10.4115	0	0
911	10.1849	0	0
910	9.96182	0	0
909	9.74222	0	0
908	9.52606	0	0
907	9.31328	0	0
906	9.10386	0	0
905	8.89774	0	0
904	8.69489	0	0
903	8.49526	0	0
902	8.2988	0	0
901	8.10547	0	0
900	7.91522	0	0
899	7.72799	0	0
898	7.54375	0	0
897	7.36244	0	0
896	7.184	0	0
895	7.0084	0	0
894	6.83559	0	0
893	6.6655	0	0
892	6.49809	0	0
891	6.33332	0	0
890	6.17114	0	0
889	6.01149	0	0
888	5.85432	0	0
887	5.6996	0	0
886	5.54727	0	0
885	5.39729	0	0
884	5.24961	0	0
883	5.10418	0	0
882	4.96097	0	0
881	4.81992	0	0
880	4.68099	0	0
879	4.54415	0	0
878	4.40935	0	0
877	4.27654	0	0
876	4.14569	0	0
875	4.01676	0	0
874	3.88971	0	0
873	3.76449	0	0
872	3.64107	0	0
871	3.51942	0	0
870	3.39948	0	0
869	3.28123	0	0
868	3.16463	0	0
867	3.04964	0	0
866	2.93622	0	0
865	2.82433	0	0
864	2.71394	0	0
863	2.605	0	0
862	2.49749	0	0
861	2.39134	0	0
860	2.28653	0	0
859	2.183	0	0
858	2.08072	0	0
857	1.97961	0	0
856	1.87963	0	0
855	1.78072	0	0
854	1.68281	0	0
853	1.5858	0	0
852	1.48961	0	0
851	1.39414	0	0
850	1.29923	0	0
849	1.20473	0	0
848	1.11044	0	0
847	1.01608	0	0
846	0.921285	0	0
845	0.825568	0	0
844	0.728202	0	0
843	0.628077	0	0
842	0.52333	0	0
841	0.410422	0	0
840	0.280947	0	0
839	0.0994377	0	0
838	-0.031317	0	0
837	0	0	0
836	0	0	0
835	0	0	0
834	0	0	0
833	0	0	0
832	0	0	0
831	0	0	0
830	0	0	0
829	0	0	0
828	0	0	0
827	0	0	0
826	0	0	0
825	0	0	0
824	0	0	0
823	0	0	0
822	0	0	0
821	0	0	0
820	0	0	0
819	0	0	0
818	0	0	0
817	0	0	0
816	0	0	0
815	0	0	0
814	0	0	0
813	0	0	0
812	0	0	0
811	0	0	0
810	0	0	0
809	0	0	0
808	0	0	0
807	0	0	0
806	0	0	0
805	0	0	0
804	0	0	0
803	0	0	0
802	0	0	0
801	0	0	0
800	0	0	0
799	0	0	0
798	0	0	0
797	0	0	0
796	0	0	0
795	0	0	0
794	0	0	0
793	0	0	0
792	0	0	0
791	0	0	0
790	0	0	0
789	0	0	0
788	0	0	0
787	0	0	0
786	0	0	0
785	0	0	0
784	0	0	0
783	0	0	0
782	0	0	0
781	0	0	0
780	0	0	0
779	0	0	0
778	0	0	0
777	0	0	0
776	0	0	0
775	0	0	0
774	0	0	0
773	0	0	0
772	0	0	0
771	0	0	0
770	0	0	0
769	0	0	0
768	0	0	0
767	0	0	0
766	0	0	0
765	0	0	0
764	0	0	0
763	0	0	0
762	0	0	0
761	0	0	0
760	0	0	0
759	0	0	0
758	0	0	0
757	0	0	0
756	0	0	0
755	0	0	0
754	0	0	0
753	0	0	0
752	0	0	0
751	0	0	0
750	0	0	0
749	0	0	0
748	0	0	0
747	0	0	0
746	0	0	0
745	0	0	0
744	0	0	0
743	0	0	0
742	0	0	0
741	0	0	0
740	0	0	0
739	0	0	0
738	0	0	0
737	0	0	0
736	0	0	0
735	0	0	0
734	0	0	0
733	0	0	0
732	0	0	0
731	0	0	0
730	0	0	0
729	0	0	0
728	0	0	0
727	0	0	0
726	0	0	0
725	0	0	0
724	0	0	0
723	0	0	0
722	0	0	0
721	0	0	0
720	0	0	0
719	0	0	0
718	0	0	0
717	0	0	0
716	0	0	0
715	0	0	0
714	0	0	0
713	0	0	0
712	0	0	0
711	0	0	0
710	0	0	0
709	0	0	0
