7379	59.5047	0	0
7378	58.2586	0	0
7377	57.3205	0	0
7376	56.5402	0	0
7375	55.8597	0	0
7374	55.2495	0	0
7373	54.6921	0	0
7372	54.1761	0	0
7371	53.6936	0	0
7370	53.2391	0	0
7369	52.8083	0	0
7368	52.3979	0	0
7367	52.0054	0	0
7366	51.6287	0	0
7365	51.266	0	0
7364	50.9161	0	0
7363	50.5777	0	0
7362	50.2498	0	0
7361	49.9316	0	0
7360	49.6222	0	0
7359	49.3212	0	0
7358	49.0278	0	0
7357	48.7416	0	0
7356	48.4621	0	0
7355	48.1889	0	0
7354	47.9217	0	0
7353	47.6602	0	0
7352	47.404	0	0
7351	47.1529	0	0
7350	46.9066	0	0
7349	46.6649	0	0
7348	46.4276	0	0
7347	46.1946	0	0
7346	45.9656	0	0
7345	45.7404	0	0
7344	45.5189	0	0
7343	45.3011	0	0
7342	45.0866	0	0
7341	44.8755	0	0
7340	44.6676	0	0
7339	44.4628	0	0
7338	44.261	0	0
7337	44.0621	0	0
7336	43.866	0	0
7335	43.6726	0	0
7334	43.4818	0	0
7333	43.2936	0	0
7332	43.1079	0	0
7331	42.9246	0	0
7330	42.7436	0	0
7329	42.5649	0	0
7328	42.3885	0	0
7327	42.2142	0	0
7326	42.042	0	0
7325	41.8719	0	0
7324	41.7038	0	0
7323	41.5377	0	0
7322	41.3735	0	0
7321	41.2111	0	0
7320	41.0506	0	0
7319	40.8918	0	0
7318	40.7349	0	0
7317	40.5796	0	0
7316	40.426	0	0
7315	40.274	0	0
7314	40.1236	0	0
7313	39.9748	0	0
7312	39.8275	0	0
7311	39.6817	0	0
7310	39.5375	0	0
7309	39.3946	0	0
7308	39.2532	0	0
7307	39.1132	0	0
7306	38.9745	0	0
7305	38.8372	0	0
7304	38.7012	0	0
7303	38.5665	0	0
7302	38.433	0	0
7301	38.3008	0	0
7300	38.1698	0	0
7299	38.0401	0	0
7298	37.9115	0	0
7297	37.7841	0	0
7296	37.6578	0	0
7295	37.5326	0	0
7294	37.4086	0	0
7293	37.2856	0	0
7292	37.1638	0	0
7291	37.0429	0	0
7290	36.9231	0	0
7289	36.8044	0	0
7288	36.6866	0	0
7287	36.5698	0	0
7286	36.454	0	0
7285	36.3392	0	0
7284	36.2253	0	0
7283	36.1123	0	0
7282	36.0002	0	0
7281	35.8891	0	0
7280	35.7788	0	0
7279	35.6695	0	0
7278	35.5609	0	0
7277	35.4533	0	0
7276	35.3465	0	0
7275	35.2405	0	0
7274	35.1353	0	0
7273	35.031	0	0
7272	34.9274	0	0
7271	34.8246	0	0
7270	34.7226	0	0
7269	34.6214	0	0
7268	34.5209	0	0
7267	34.4212	0	0
7266	34.3222	0	0
7265	34.2239	0	0
7264	34.1263	0	0
7263	34.0295	0	0
7262	33.9333	0	0
7261	33.8378	0	0
7260	33.743	0	0
7259	33.6489	0	0
7258	33.5555	0	0
7257	33.4627	0	0
7256	33.3705	0	0
7255	33.279	0	0
7254	33.1882	0	0
7253	33.0979	0	0
7252	33.0083	0	0
7251	32.9193	0	0
7250	32.8308	0	0
7249	32.743	0	0
7248	32.6558	0	0
7247	32.5691	0	0
7246	32.483	0	0
7245	32.3975	0	0
7244	32.3126	0	0
7243	32.2282	0	0
7242	32.1444	0	0
7241	32.0611	0	0
7240	31.9783	0	0
7239	31.8961	0	0
7238	31.8144	0	0
7237	31.7332	0	0
7236	31.6525	0	0
7235	31.5724	0	0
7234	31.4927	0	0
7233	31.4136	0	0
7232	31.3349	0	0
7231	31.2567	0	0
7230	31.179	0	0
7229	31.1018	0	0
7228	31.0251	0	0
7227	30.9488	0	0
7226	30.873	0	0
7225	30.7976	0	0
7224	30.7227	0	0
7223	30.6483	0	0
7222	30.5743	0	0
7221	30.5007	0	0
7220	30.4275	0	0
7219	30.3548	0	0
7218	30.2826	0	0
7217	30.2107	0	0
7216	30.1393	0	0
7215	30.0682	0	0
7214	29.9976	0	0
7213	29.9274	0	0
7212	29.8576	0	0
7211	29.7882	0	0
7210	29.7192	0	0
7209	29.6506	0	0
7208	29.5823	0	0
7207	29.5145	0	0
7206	29.447	0	0
7205	29.3799	0	0
7204	29.3132	0	0
7203	29.2468	0	0
7202	29.1808	0	0
7201	29.1152	0	0
7200	29.0499	0	0
7199	28.985	0	0
7198	28.9205	0	0
7197	28.8562	0	0
7196	28.7924	0	0
7195	28.7289	0	0
7194	28.6657	0	0
7193	28.6028	0	0
7192	28.5403	0	0
7191	28.4781	0	0
7190	28.4163	0	0
7189	28.3547	0	0
7188	28.2935	0	0
7187	28.2327	0	0
7186	28.1721	0	0
7185	28.1118	0	0
7184	28.0519	0	0
7183	27.9922	0	0
7182	27.9329	0	0
7181	27.8739	0	0
7180	27.8151	0	0
7179	27.7567	0	0
7178	27.6986	0	0
7177	27.6407	0	0
7176	27.5832	0	0
7175	27.5259	0	0
7174	27.4689	0	0
7173	27.4122	0	0
7172	27.3558	0	0
7171	27.2997	0	0
7170	27.2438	0	0
7169	27.1883	0	0
7168	27.1329	0	0
7167	27.0779	0	0
7166	27.0231	0	0
7165	26.9686	0	0
7164	26.9144	0	0
7163	26.8604	0	0
7162	26.8066	0	0
7161	26.7532	0	0
7160	26.7	0	0
7159	26.647	0	0
7158	26.5943	0	0
7157	26.5418	0	0
7156	26.4896	0	0
7155	26.4376	0	0
7154	26.3859	0	0
7153	26.3344	0	0
7152	26.2832	0	0
7151	26.2322	0	0
7150	26.1814	0	0
7149	26.1308	0	0
7148	26.0805	0	0
7147	26.0305	0	0
7146	25.9806	0	0
7145	25.931	0	0
7144	25.8816	0	0
7143	25.8324	0	0
7142	25.7835	0	0
7141	25.7347	0	0
7140	25.6862	0	0
7139	25.6379	0	0
7138	25.5898	0	0
7137	25.542	0	0
7136	25.4943	0	0
7135	25.4469	0	0
7134	25.3996	0	0
7133	25.3526	0	0
7132	25.3058	0	0
7131	25.2591	0	0
7130	25.2127	0	0
7129	25.1665	0	0
7128	25.1205	0	0
7127	25.0747	0	0
7126	25.0291	0	0
7125	24.9836	0	0
7124	24.9384	0	0
7123	24.8934	0	0
7122	24.8485	0	0
7121	24.8039	0	0
7120	24.7594	0	0
7119	24.7151	0	0
7118	24.671	0	0
7117	24.6271	0	0
7116	24.5834	0	0
7115	24.5399	0	0
7114	24.4965	0	0
7113	24.4533	0	0
7112	24.4103	0	0
7111	24.3675	0	0
7110	24.3248	0	0
7109	24.2824	0	0
7108	24.2401	0	0
7107	24.1979	0	0
7106	24.156	0	0
7105	24.1142	0	0
7104	24.0726	0	0
7103	24.0311	0	0
7102	23.9899	0	0
7101	23.9487	0	0
7100	23.9078	0	0
7099	23.867	0	0
7098	23.8264	0	0
7097	23.7859	0	0
7096	23.7456	0	0
7095	23.7055	0	0
7094	23.6655	0	0
7093	23.6257	0	0
7092	23.586	0	0
7091	23.5465	0	0
7090	23.5071	0	0
7089	23.4679	0	0
7088	23.4288	0	0
7087	23.3899	0	0
7086	23.3512	0	0
7085	23.3126	0	0
7084	23.2741	0	0
7083	23.2358	0	0
7082	23.1976	0	0
7081	23.1596	0	0
7080	23.1217	0	0
7079	23.084	0	0
7078	23.0464	0	0
7077	23.009	0	0
7076	22.9717	0	0
7075	22.9345	0	0
7074	22.8975	0	0
7073	22.8606	0	0
7072	22.8238	0	0
7071	22.7872	0	0
7070	22.7507	0	0
7069	22.7144	0	0
7068	22.6782	0	0
7067	22.6421	0	0
7066	22.6062	0	0
7065	22.5704	0	0
7064	22.5347	0	0
7063	22.4991	0	0
7062	22.4637	0	0
7061	22.4284	0	0
7060	22.3932	0	0
7059	22.3582	0	0
7058	22.3233	0	0
7057	22.2885	0	0
7056	22.2538	0	0
7055	22.2193	0	0
7054	22.1849	0	0
7053	22.1506	0	0
7052	22.1164	0	0
7051	22.0824	0	0
7050	22.0484	0	0
7049	22.0146	0	0
7048	21.9809	0	0
7047	21.9474	0	0
7046	21.9139	0	0
7045	21.8806	0	0
7044	21.8473	0	0
7043	21.8142	0	0
7042	21.7812	0	0
7041	21.7484	0	0
7040	21.7156	0	0
7039	21.6829	0	0
7038	21.6504	0	0
7037	21.618	0	0
7036	21.5856	0	0
7035	21.5534	0	0
7034	21.5213	0	0
7033	21.4893	0	0
7032	21.4575	0	0
7031	21.4257	0	0
7030	21.394	0	0
7029	21.3625	0	0
7028	21.331	0	0
7027	21.2997	0	0
7026	21.2684	0	0
7025	21.2373	0	0
7024	21.2062	0	0
7023	21.1753	0	0
7022	21.1445	0	0
7021	21.1137	0	0
7020	21.0831	0	0
7019	21.0526	0	0
7018	21.0221	0	0
7017	20.9918	0	0
7016	20.9616	0	0
7015	20.9315	0	0
7014	20.9014	0	0
7013	20.8715	0	0
7012	20.8416	0	0
7011	20.8119	0	0
7010	20.7823	0	0
7009	20.7527	0	0
7008	20.7232	0	0
7007	20.6939	0	0
7006	20.6646	0	0
7005	20.6354	0	0
7004	20.6064	0	0
7003	20.5774	0	0
7002	20.5485	0	0
7001	20.5197	0	0
7000	20.4909	0	0
6999	20.4623	0	0
6998	20.4338	0	0
6997	20.4053	0	0
6996	20.377	0	0
6995	20.3487	0	0
6994	20.3205	0	0
6993	20.2924	0	0
6992	20.2644	0	0
6991	20.2365	0	0
6990	20.2086	0	0
6989	20.1809	0	0
6988	20.1532	0	0
6987	20.1257	0	0
6986	20.0982	0	0
6985	20.0707	0	0
6984	20.0434	0	0
6983	20.0162	0	0
6982	19.989	0	0
6981	19.9619	0	0
6980	19.9349	0	0
6979	19.908	0	0
6978	19.8812	0	0
6977	19.8544	0	0
6976	19.8277	0	0
6975	19.8011	0	0
6974	19.7746	0	0
6973	19.7482	0	0
6972	19.7218	0	0
6971	19.6955	0	0
6970	19.6693	0	0
6969	19.6432	0	0
6968	19.6172	0	0
6967	19.5912	0	0
6966	19.5653	0	0
6965	19.5395	0	0
6964	19.5137	0	0
6963	19.4881	0	0
6962	19.4625	0	0
6961	19.4369	0	0
6960	19.4115	0	0
6959	19.3861	0	0
6958	19.3608	0	0
6957	19.3356	0	0
6956	19.3104	0	0
6955	19.2853	0	0
6954	19.2603	0	0
6953	19.2354	0	0
6952	19.2105	0	0
6951	19.1857	0	0
6950	19.161	0	0
6949	19.1363	0	0
6948	19.1117	0	0
6947	19.0872	0	0
6946	19.0628	0	0
6945	19.0384	0	0
6944	19.0141	0	0
6943	18.9898	0	0
6942	18.9656	0	0
6941	18.9415	0	0
6940	18.9175	0	0
6939	18.8935	0	0
6938	18.8696	0	0
6937	18.8457	0	0
6936	18.822	0	0
6935	18.7983	0	0
6934	18.7746	0	0
6933	18.751	0	0
6932	18.7275	0	0
6931	18.704	0	0
6930	18.6807	0	0
6929	18.6573	0	0
6928	18.6341	0	0
6927	18.6109	0	0
6926	18.5877	0	0
6925	18.5646	0	0
6924	18.5416	0	0
6923	18.5187	0	0
6922	18.4958	0	0
6921	18.473	0	0
6920	18.4502	0	0
6919	18.4275	0	0
6918	18.4048	0	0
6917	18.3822	0	0
6916	18.3597	0	0
6915	18.3372	0	0
6914	18.3148	0	0
6913	18.2925	0	0
6912	18.2702	0	0
6911	18.248	0	0
6910	18.2258	0	0
6909	18.2037	0	0
6908	18.1816	0	0
6907	18.1596	0	0
6906	18.1377	0	0
6905	18.1158	0	0
6904	18.094	0	0
6903	18.0722	0	0
6902	18.0505	0	0
6901	18.0288	0	0
6900	18.0072	0	0
6899	17.9857	0	0
6898	17.9642	0	0
6897	17.9427	0	0
6896	17.9213	0	0
6895	17.9	0	0
6894	17.8787	0	0
6893	17.8575	0	0
6892	17.8363	0	0
6891	17.8152	0	0
6890	17.7942	0	0
6889	17.7731	0	0
6888	17.7522	0	0
6887	17.7313	0	0
6886	17.7104	0	0
6885	17.6896	0	0
6884	17.6689	0	0
6883	17.6482	0	0
6882	17.6275	0	0
6881	17.607	0	0
6880	17.5864	0	0
6879	17.5659	0	0
6878	17.5455	0	0
6877	17.5251	0	0
6876	17.5047	0	0
6875	17.4845	0	0
6874	17.4642	0	0
6873	17.444	0	0
6872	17.4239	0	0
6871	17.4038	0	0
6870	17.3837	0	0
6869	17.3637	0	0
6868	17.3438	0	0
6867	17.3239	0	0
6866	17.304	0	0
6865	17.2842	0	0
6864	17.2645	0	0
6863	17.2448	0	0
6862	17.2251	0	0
6861	17.2055	0	0
6860	17.1859	0	0
6859	17.1664	0	0
6858	17.1469	0	0
6857	17.1275	0	0
6856	17.1081	0	0
6855	17.0888	0	0
6854	17.0695	0	0
6853	17.0503	0	0
6852	17.0311	0	0
6851	17.0119	0	0
6850	16.9928	0	0
6849	16.9737	0	0
6848	16.9547	0	0
6847	16.9357	0	0
6846	16.9168	0	0
6845	16.8979	0	0
6844	16.8791	0	0
6843	16.8603	0	0
6842	16.8415	0	0
6841	16.8228	0	0
6840	16.8041	0	0
6839	16.7855	0	0
6838	16.7669	0	0
6837	16.7483	0	0
6836	16.7298	0	0
6835	16.7114	0	0
6834	16.693	0	0
6833	16.6746	0	0
6832	16.6563	0	0
6831	16.638	0	0
6830	16.6197	0	0
6829	16.6015	0	0
6828	16.5833	0	0
6827	16.5652	0	0
6826	16.5471	0	0
6825	16.5291	0	0
6824	16.5111	0	0
6823	16.4931	0	0
6822	16.4752	0	0
6821	16.4573	0	0
6820	16.4394	0	0
6819	16.4216	0	0
6818	16.4039	0	0
6817	16.3861	0	0
6816	16.3684	0	0
6815	16.3508	0	0
6814	16.3332	0	0
6813	16.3156	0	0
6812	16.2981	0	0
6811	16.2806	0	0
6810	16.2631	0	0
6809	16.2457	0	0
6808	16.2283	0	0
6807	16.211	0	0
6806	16.1937	0	0
6805	16.1764	0	0
6804	16.1592	0	0
6803	16.142	0	0
6802	16.1248	0	0
6801	16.1077	0	0
6800	16.0906	0	0
6799	16.0736	0	0
6798	16.0565	0	0
6797	16.0396	0	0
6796	16.0226	0	0
6795	16.0057	0	0
6794	15.9888	0	0
6793	15.972	0	0
6792	15.9552	0	0
6791	15.9385	0	0
6790	15.9217	0	0
6789	15.905	0	0
6788	15.8884	0	0
6787	15.8718	0	0
6786	15.8552	0	0
6785	15.8386	0	0
6784	15.8221	0	0
6783	15.8056	0	0
6782	15.7892	0	0
6781	15.7728	0	0
6780	15.7564	0	0
6779	15.74	0	0
6778	15.7237	0	0
6777	15.7074	0	0
6776	15.6912	0	0
6775	15.675	0	0
6774	15.6588	0	0
6773	15.6427	0	0
6772	15.6265	0	0
6771	15.6105	0	0
6770	15.5944	0	0
6769	15.5784	0	0
6768	15.5624	0	0
6767	15.5465	0	0
6766	15.5306	0	0
6765	15.5147	0	0
6764	15.4988	0	0
6763	15.483	0	0
6762	15.4672	0	0
6761	15.4514	0	0
6760	15.4357	0	0
6759	15.42	0	0
6758	15.4044	0	0
6757	15.3887	0	0
6756	15.3731	0	0
6755	15.3575	0	0
6754	15.342	0	0
6753	15.3265	0	0
6752	15.311	0	0
6751	15.2956	0	0
6750	15.2801	0	0
6749	15.2648	0	0
6748	15.2494	0	0
6747	15.2341	0	0
6746	15.2188	0	0
6745	15.2035	0	0
6744	15.1883	0	0
6743	15.1731	0	0
6742	15.1579	0	0
6741	15.1427	0	0
6740	15.1276	0	0
6739	15.1125	0	0
6738	15.0975	0	0
6737	15.0824	0	0
6736	15.0674	0	0
6735	15.0524	0	0
6734	15.0375	0	0
6733	15.0226	0	0
6732	15.0077	0	0
6731	14.9928	0	0
6730	14.978	0	0
6729	14.9632	0	0
6728	14.9484	0	0
6727	14.9337	0	0
6726	14.9189	0	0
6725	14.9042	0	0
6724	14.8896	0	0
6723	14.8749	0	0
6722	14.8603	0	0
6721	14.8457	0	0
6720	14.8312	0	0
6719	14.8167	0	0
6718	14.8022	0	0
6717	14.7877	0	0
6716	14.7732	0	0
6715	14.7588	0	0
6714	14.7444	0	0
6713	14.73	0	0
6712	14.7157	0	0
6711	14.7014	0	0
6710	14.6871	0	0
6709	14.6728	0	0
6708	14.6586	0	0
6707	14.6444	0	0
6706	14.6302	0	0
6705	14.6161	0	0
6704	14.6019	0	0
6703	14.5878	0	0
6702	14.5737	0	0
6701	14.5597	0	0
6700	14.5456	0	0
6699	14.5316	0	0
6698	14.5177	0	0
6697	14.5037	0	0
6696	14.4898	0	0
6695	14.4759	0	0
6694	14.462	0	0
6693	14.4481	0	0
6692	14.4343	0	0
6691	14.4205	0	0
6690	14.4067	0	0
6689	14.393	0	0
6688	14.3792	0	0
6687	14.3655	0	0
6686	14.3518	0	0
6685	14.3382	0	0
6684	14.3245	0	0
6683	14.3109	0	0
6682	14.2973	0	0
6681	14.2838	0	0
6680	14.2702	0	0
6679	14.2567	0	0
6678	14.2432	0	0
6677	14.2298	0	0
6676	14.2163	0	0
6675	14.2029	0	0
6674	14.1895	0	0
6673	14.1761	0	0
6672	14.1628	0	0
6671	14.1494	0	0
6670	14.1361	0	0
6669	14.1228	0	0
6668	14.1096	0	0
6667	14.0963	0	0
6666	14.0831	0	0
6665	14.0699	0	0
6664	14.0568	0	0
6663	14.0436	0	0
6662	14.0305	0	0
6661	14.0174	0	0
6660	14.0043	0	0
6659	13.9913	0	0
6658	13.9782	0	0
6657	13.9652	0	0
6656	13.9522	0	0
6655	13.9392	0	0
6654	13.9263	0	0
6653	13.9134	0	0
6652	13.9005	0	0
6651	13.8876	0	0
6650	13.8747	0	0
6649	13.8619	0	0
6648	13.849	0	0
6647	13.8362	0	0
6646	13.8235	0	0
6645	13.8107	0	0
6644	13.798	0	0
6643	13.7853	0	0
6642	13.7726	0	0
6641	13.7599	0	0
6640	13.7472	0	0
6639	13.7346	0	0
6638	13.722	0	0
6637	13.7094	0	0
6636	13.6968	0	0
6635	13.6843	0	0
6634	13.6718	0	0
6633	13.6593	0	0
6632	13.6468	0	0
6631	13.6343	0	0
6630	13.6219	0	0
6629	13.6094	0	0
6628	13.597	0	0
6627	13.5846	0	0
6626	13.5723	0	0
6625	13.5599	0	0
6624	13.5476	0	0
6623	13.5353	0	0
6622	13.523	0	0
6621	13.5107	0	0
6620	13.4985	0	0
6619	13.4862	0	0
6618	13.474	0	0
6617	13.4618	0	0
6616	13.4497	0	0
6615	13.4375	0	0
6614	13.4254	0	0
6613	13.4133	0	0
6612	13.4012	0	0
6611	13.3891	0	0
6610	13.377	0	0
6609	13.365	0	0
6608	13.353	0	0
6607	13.341	0	0
6606	13.329	0	0
6605	13.317	0	0
6604	13.3051	0	0
6603	13.2931	0	0
6602	13.2812	0	0
6601	13.2693	0	0
6600	13.2575	0	0
6599	13.2456	0	0
6598	13.2338	0	0
6597	13.222	0	0
6596	13.2102	0	0
6595	13.1984	0	0
6594	13.1866	0	0
6593	13.1749	0	0
6592	13.1631	0	0
6591	13.1514	0	0
6590	13.1397	0	0
6589	13.1281	0	0
6588	13.1164	0	0
6587	13.1048	0	0
6586	13.0932	0	0
6585	13.0815	0	0
6584	13.07	0	0
6583	13.0584	0	0
6582	13.0468	0	0
6581	13.0353	0	0
6580	13.0238	0	0
6579	13.0123	0	0
6578	13.0008	0	0
6577	12.9893	0	0
6576	12.9779	0	0
6575	12.9665	0	0
6574	12.955	0	0
6573	12.9436	0	0
6572	12.9323	0	0
6571	12.9209	0	0
6570	12.9095	0	0
6569	12.8982	0	0
6568	12.8869	0	0
6567	12.8756	0	0
6566	12.8643	0	0
6565	12.8531	0	0
6564	12.8418	0	0
6563	12.8306	0	0
6562	12.8194	0	0
6561	12.8082	0	0
6560	12.797	0	0
6559	12.7858	0	0
6558	12.7746	0	0
6557	12.7635	0	0
6556	12.7524	0	0
6555	12.7413	0	0
6554	12.7302	0	0
6553	12.7191	0	0
6552	12.7081	0	0
6551	12.697	0	0
6550	12.686	0	0
6549	12.675	0	0
6548	12.664	0	0
6547	12.653	0	0
6546	12.6421	0	0
6545	12.6311	0	0
6544	12.6202	0	0
6543	12.6093	0	0
6542	12.5984	0	0
6541	12.5875	0	0
6540	12.5766	0	0
6539	12.5657	0	0
6538	12.5549	0	0
6537	12.5441	0	0
6536	12.5333	0	0
6535	12.5225	0	0
6534	12.5117	0	0
6533	12.5009	0	0
6532	12.4902	0	0
6531	12.4794	0	0
6530	12.4687	0	0
6529	12.458	0	0
6528	12.4473	0	0
6527	12.4367	0	0
6526	12.426	0	0
6525	12.4153	0	0
6524	12.4047	0	0
6523	12.3941	0	0
6522	12.3835	0	0
6521	12.3729	0	0
6520	12.3623	0	0
6519	12.3518	0	0
6518	12.3412	0	0
6517	12.3307	0	0
6516	12.3202	0	0
6515	12.3097	0	0
6514	12.2992	0	0
6513	12.2887	0	0
6512	12.2782	0	0
6511	12.2678	0	0
6510	12.2574	0	0
6509	12.2469	0	0
6508	12.2365	0	0
6507	12.2261	0	0
6506	12.2158	0	0
6505	12.2054	0	0
6504	12.1951	0	0
6503	12.1847	0	0
6502	12.1744	0	0
6501	12.1641	0	0
6500	12.1538	0	0
6499	12.1435	0	0
6498	12.1332	0	0
6497	12.123	0	0
6496	12.1127	0	0
6495	12.1025	0	0
6494	12.0923	0	0
6493	12.0821	0	0
6492	12.0719	0	0
6491	12.0617	0	0
6490	12.0516	0	0
6489	12.0414	0	0
6488	12.0313	0	0
6487	12.0212	0	0
6486	12.0111	0	0
6485	12.001	0	0
6484	11.9909	0	0
6483	11.9808	0	0
6482	11.9707	0	0
6481	11.9607	0	0
6480	11.9507	0	0
6479	11.9406	0	0
6478	11.9306	0	0
6477	11.9206	0	0
6476	11.9107	0	0
6475	11.9007	0	0
6474	11.8907	0	0
6473	11.8808	0	0
6472	11.8709	0	0
6471	11.8609	0	0
6470	11.851	0	0
6469	11.8411	0	0
6468	11.8313	0	0
6467	11.8214	0	0
6466	11.8115	0	0
6465	11.8017	0	0
6464	11.7919	0	0
6463	11.782	0	0
6462	11.7722	0	0
6461	11.7624	0	0
6460	11.7527	0	0
6459	11.7429	0	0
6458	11.7331	0	0
6457	11.7234	0	0
6456	11.7136	0	0
6455	11.7039	0	0
6454	11.6942	0	0
6453	11.6845	0	0
6452	11.6748	0	0
6451	11.6651	0	0
6450	11.6555	0	0
6449	11.6458	0	0
6448	11.6362	0	0
6447	11.6266	0	0
6446	11.6169	0	0
6445	11.6073	0	0
6444	11.5977	0	0
6443	11.5882	0	0
6442	11.5786	0	0
6441	11.569	0	0
6440	11.5595	0	0
6439	11.5499	0	0
6438	11.5404	0	0
6437	11.5309	0	0
6436	11.5214	0	0
6435	11.5119	0	0
6434	11.5024	0	0
6433	11.493	0	0
6432	11.4835	0	0
6431	11.4741	0	0
6430	11.4646	0	0
6429	11.4552	0	0
6428	11.4458	0	0
6427	11.4364	0	0
6426	11.427	0	0
6425	11.4176	0	0
6424	11.4083	0	0
6423	11.3989	0	0
6422	11.3895	0	0
6421	11.3802	0	0
6420	11.3709	0	0
6419	11.3616	0	0
6418	11.3523	0	0
6417	11.343	0	0
6416	11.3337	0	0
6415	11.3244	0	0
6414	11.3152	0	0
6413	11.3059	0	0
6412	11.2967	0	0
6411	11.2874	0	0
6410	11.2782	0	0
6409	11.269	0	0
6408	11.2598	0	0
6407	11.2506	0	0
6406	11.2415	0	0
6405	11.2323	0	0
6404	11.2231	0	0
6403	11.214	0	0
6402	11.2049	0	0
6401	11.1957	0	0
6400	11.1866	0	0
6399	11.1775	0	0
6398	11.1684	0	0
6397	11.1593	0	0
6396	11.1503	0	0
6395	11.1412	0	0
6394	11.1322	0	0
6393	11.1231	0	0
6392	11.1141	0	0
6391	11.1051	0	0
6390	11.096	0	0
6389	11.087	0	0
6388	11.078	0	0
6387	11.0691	0	0
6386	11.0601	0	0
6385	11.0511	0	0
6384	11.0422	0	0
6383	11.0332	0	0
6382	11.0243	0	0
6381	11.0154	0	0
6380	11.0065	0	0
6379	10.9976	0	0
6378	10.9887	0	0
6377	10.9798	0	0
6376	10.9709	0	0
6375	10.962	0	0
6374	10.9532	0	0
6373	10.9443	0	0
6372	10.9355	0	0
6371	10.9267	0	0
6370	10.9179	0	0
6369	10.909	0	0
6368	10.9002	0	0
6367	10.8915	0	0
6366	10.8827	0	0
6365	10.8739	0	0
6364	10.8651	0	0
6363	10.8564	0	0
6362	10.8477	0	0
6361	10.8389	0	0
6360	10.8302	0	0
6359	10.8215	0	0
6358	10.8128	0	0
6357	10.8041	0	0
6356	10.7954	0	0
6355	10.7867	0	0
6354	10.778	0	0
6353	10.7694	0	0
6352	10.7607	0	0
6351	10.7521	0	0
6350	10.7435	0	0
6349	10.7348	0	0
6348	10.7262	0	0
6347	10.7176	0	0
6346	10.709	0	0
6345	10.7004	0	0
6344	10.6918	0	0
6343	10.6833	0	0
6342	10.6747	0	0
6341	10.6662	0	0
6340	10.6576	0	0
6339	10.6491	0	0
6338	10.6406	0	0
6337	10.632	0	0
6336	10.6235	0	0
6335	10.615	0	0
6334	10.6065	0	0
6333	10.5981	0	0
6332	10.5896	0	0
6331	10.5811	0	0
6330	10.5727	0	0
6329	10.5642	0	0
6328	10.5558	0	0
6327	10.5473	0	0
6326	10.5389	0	0
6325	10.5305	0	0
6324	10.5221	0	0
6323	10.5137	0	0
6322	10.5053	0	0
6321	10.4969	0	0
6320	10.4886	0	0
6319	10.4802	0	0
6318	10.4718	0	0
6317	10.4635	0	0
6316	10.4551	0	0
6315	10.4468	0	0
6314	10.4385	0	0
6313	10.4302	0	0
6312	10.4219	0	0
6311	10.4136	0	0
6310	10.4053	0	0
6309	10.397	0	0
6308	10.3887	0	0
6307	10.3805	0	0
6306	10.3722	0	0
6305	10.364	0	0
6304	10.3557	0	0
6303	10.3475	0	0
6302	10.3392	0	0
6301	10.331	0	0
6300	10.3228	0	0
6299	10.3146	0	0
6298	10.3064	0	0
6297	10.2982	0	0
6296	10.2901	0	0
6295	10.2819	0	0
6294	10.2737	0	0
6293	10.2656	0	0
6292	10.2574	0	0
6291	10.2493	0	0
6290	10.2412	0	0
6289	10.233	0	0
6288	10.2249	0	0
6287	10.2168	0	0
6286	10.2087	0	0
6285	10.2006	0	0
6284	10.1925	0	0
6283	10.1844	0	0
6282	10.1764	0	0
6281	10.1683	0	0
6280	10.1603	0	0
6279	10.1522	0	0
6278	10.1442	0	0
6277	10.1361	0	0
6276	10.1281	0	0
6275	10.1201	0	0
6274	10.1121	0	0
6273	10.1041	0	0
6272	10.0961	0	0
6271	10.0881	0	0
6270	10.0801	0	0
6269	10.0721	0	0
6268	10.0642	0	0
6267	10.0562	0	0
6266	10.0483	0	0
6265	10.0403	0	0
6264	10.0324	0	0
6263	10.0244	0	0
6262	10.0165	0	0
6261	10.0086	0	0
6260	10.0007	0	0
6259	9.9928	0	0
6258	9.98491	0	0
6257	9.97702	0	0
6256	9.96914	0	0
6255	9.96127	0	0
6254	9.9534	0	0
6253	9.94554	0	0
6252	9.93769	0	0
6251	9.92985	0	0
6250	9.92201	0	0
6249	9.91418	0	0
6248	9.90636	0	0
6247	9.89854	0	0
6246	9.89073	0	0
6245	9.88293	0	0
6244	9.87513	0	0
6243	9.86734	0	0
6242	9.85956	0	0
6241	9.85179	0	0
6240	9.84402	0	0
6239	9.83626	0	0
6238	9.8285	0	0
6237	9.82075	0	0
6236	9.81301	0	0
6235	9.80528	0	0
6234	9.79755	0	0
6233	9.78983	0	0
6232	9.78212	0	0
6231	9.77441	0	0
6230	9.76671	0	0
6229	9.75901	0	0
6228	9.75133	0	0
6227	9.74365	0	0
6226	9.73597	0	0
6225	9.7283	0	0
6224	9.72064	0	0
6223	9.71299	0	0
6222	9.70534	0	0
6221	9.6977	0	0
6220	9.69007	0	0
6219	9.68244	0	0
6218	9.67482	0	0
6217	9.6672	0	0
6216	9.65959	0	0
6215	9.65199	0	0
6214	9.64439	0	0
6213	9.6368	0	0
6212	9.62922	0	0
6211	9.62164	0	0
6210	9.61407	0	0
6209	9.60651	0	0
6208	9.59895	0	0
6207	9.5914	0	0
6206	9.58385	0	0
6205	9.57632	0	0
6204	9.56878	0	0
6203	9.56126	0	0
6202	9.55374	0	0
6201	9.54622	0	0
6200	9.53872	0	0
6199	9.53121	0	0
6198	9.52372	0	0
6197	9.51623	0	0
6196	9.50875	0	0
6195	9.50127	0	0
6194	9.4938	0	0
6193	9.48634	0	0
6192	9.47888	0	0
6191	9.47142	0	0
6190	9.46398	0	0
6189	9.45654	0	0
6188	9.4491	0	0
6187	9.44168	0	0
6186	9.43425	0	0
6185	9.42684	0	0
6184	9.41943	0	0
6183	9.41202	0	0
6182	9.40463	0	0
6181	9.39723	0	0
6180	9.38985	0	0
6179	9.38247	0	0
6178	9.37509	0	0
6177	9.36772	0	0
6176	9.36036	0	0
6175	9.353	0	0
6174	9.34565	0	0
6173	9.33831	0	0
6172	9.33097	0	0
6171	9.32363	0	0
6170	9.31631	0	0
6169	9.30898	0	0
6168	9.30167	0	0
6167	9.29436	0	0
6166	9.28705	0	0
6165	9.27975	0	0
6164	9.27246	0	0
6163	9.26517	0	0
6162	9.25789	0	0
6161	9.25061	0	0
6160	9.24334	0	0
6159	9.23608	0	0
6158	9.22882	0	0
6157	9.22157	0	0
6156	9.21432	0	0
6155	9.20708	0	0
6154	9.19984	0	0
6153	9.19261	0	0
6152	9.18538	0	0
6151	9.17816	0	0
6150	9.17095	0	0
6149	9.16374	0	0
6148	9.15653	0	0
6147	9.14934	0	0
6146	9.14214	0	0
6145	9.13495	0	0
6144	9.12777	0	0
6143	9.1206	0	0
6142	9.11343	0	0
6141	9.10626	0	0
6140	9.0991	0	0
6139	9.09194	0	0
6138	9.0848	0	0
6137	9.07765	0	0
6136	9.07051	0	0
6135	9.06338	0	0
6134	9.05625	0	0
6133	9.04913	0	0
6132	9.04201	0	0
6131	9.0349	0	0
6130	9.02779	0	0
6129	9.02069	0	0
6128	9.01359	0	0
6127	9.0065	0	0
6126	8.99942	0	0
6125	8.99234	0	0
6124	8.98526	0	0
6123	8.97819	0	0
6122	8.97113	0	0
6121	8.96407	0	0
6120	8.95701	0	0
6119	8.94996	0	0
6118	8.94292	0	0
6117	8.93588	0	0
6116	8.92884	0	0
6115	8.92181	0	0
6114	8.91479	0	0
6113	8.90777	0	0
6112	8.90076	0	0
6111	8.89375	0	0
6110	8.88674	0	0
6109	8.87975	0	0
6108	8.87275	0	0
6107	8.86576	0	0
6106	8.85878	0	0
6105	8.8518	0	0
6104	8.84483	0	0
6103	8.83786	0	0
6102	8.83089	0	0
6101	8.82394	0	0
6100	8.81698	0	0
6099	8.81003	0	0
6098	8.80309	0	0
6097	8.79615	0	0
6096	8.78921	0	0
6095	8.78228	0	0
6094	8.77536	0	0
6093	8.76844	0	0
6092	8.76153	0	0
6091	8.75462	0	0
6090	8.74771	0	0
6089	8.74081	0	0
6088	8.73391	0	0
6087	8.72702	0	0
6086	8.72014	0	0
6085	8.71326	0	0
6084	8.70638	0	0
6083	8.69951	0	0
6082	8.69264	0	0
6081	8.68578	0	0
6080	8.67892	0	0
6079	8.67207	0	0
6078	8.66522	0	0
6077	8.65837	0	0
6076	8.65154	0	0
6075	8.6447	0	0
6074	8.63787	0	0
6073	8.63105	0	0
6072	8.62423	0	0
6071	8.61741	0	0
6070	8.6106	0	0
6069	8.60379	0	0
6068	8.59699	0	0
6067	8.59019	0	0
6066	8.5834	0	0
6065	8.57661	0	0
6064	8.56983	0	0
6063	8.56305	0	0
6062	8.55627	0	0
6061	8.5495	0	0
6060	8.54274	0	0
6059	8.53598	0	0
6058	8.52922	0	0
6057	8.52247	0	0
6056	8.51572	0	0
6055	8.50898	0	0
6054	8.50224	0	0
6053	8.49551	0	0
6052	8.48878	0	0
6051	8.48205	0	0
6050	8.47533	0	0
6049	8.46861	0	0
6048	8.4619	0	0
6047	8.45519	0	0
6046	8.44849	0	0
6045	8.44179	0	0
6044	8.43509	0	0
6043	8.4284	0	0
6042	8.42172	0	0
6041	8.41504	0	0
6040	8.40836	0	0
6039	8.40169	0	0
6038	8.39502	0	0
6037	8.38835	0	0
6036	8.38169	0	0
6035	8.37504	0	0
6034	8.36838	0	0
6033	8.36174	0	0
6032	8.35509	0	0
6031	8.34845	0	0
6030	8.34182	0	0
6029	8.33519	0	0
6028	8.32856	0	0
6027	8.32194	0	0
6026	8.31532	0	0
6025	8.30871	0	0
6024	8.3021	0	0
6023	8.29549	0	0
6022	8.28889	0	0
6021	8.28229	0	0
6020	8.2757	0	0
6019	8.26911	0	0
6018	8.26253	0	0
6017	8.25595	0	0
6016	8.24937	0	0
6015	8.2428	0	0
6014	8.23623	0	0
6013	8.22966	0	0
6012	8.2231	0	0
6011	8.21655	0	0
6010	8.20999	0	0
6009	8.20345	0	0
6008	8.1969	0	0
6007	8.19036	0	0
6006	8.18382	0	0
6005	8.17729	0	0
6004	8.17076	0	0
6003	8.16424	0	0
6002	8.15772	0	0
6001	8.1512	0	0
6000	8.14469	0	0
5999	8.13818	0	0
5998	8.13168	0	0
5997	8.12518	0	0
5996	8.11868	0	0
5995	8.11219	0	0
5994	8.1057	0	0
5993	8.09921	0	0
5992	8.09273	0	0
5991	8.08626	0	0
5990	8.07978	0	0
5989	8.07331	0	0
5988	8.06685	0	0
5987	8.06039	0	0
5986	8.05393	0	0
5985	8.04747	0	0
5984	8.04102	0	0
5983	8.03458	0	0
5982	8.02814	0	0
5981	8.0217	0	0
5980	8.01526	0	0
5979	8.00883	0	0
5978	8.0024	0	0
5977	7.99598	0	0
5976	7.98956	0	0
5975	7.98314	0	0
5974	7.97673	0	0
5973	7.97032	0	0
5972	7.96392	0	0
5971	7.95752	0	0
5970	7.95112	0	0
5969	7.94473	0	0
5968	7.93834	0	0
5967	7.93195	0	0
5966	7.92557	0	0
5965	7.91919	0	0
5964	7.91281	0	0
5963	7.90644	0	0
5962	7.90007	0	0
5961	7.89371	0	0
5960	7.88735	0	0
5959	7.88099	0	0
5958	7.87464	0	0
5957	7.86829	0	0
5956	7.86194	0	0
5955	7.8556	0	0
5954	7.84926	0	0
5953	7.84292	0	0
5952	7.83659	0	0
5951	7.83026	0	0
5950	7.82394	0	0
5949	7.81762	0	0
5948	7.8113	0	0
5947	7.80499	0	0
5946	7.79867	0	0
5945	7.79237	0	0
5944	7.78606	0	0
5943	7.77976	0	0
5942	7.77347	0	0
5941	7.76717	0	0
5940	7.76088	0	0
5939	7.7546	0	0
5938	7.74832	0	0
5937	7.74204	0	0
5936	7.73576	0	0
5935	7.72949	0	0
5934	7.72322	0	0
5933	7.71696	0	0
5932	7.71069	0	0
5931	7.70443	0	0
5930	7.69818	0	0
5929	7.69193	0	0
5928	7.68568	0	0
5927	7.67944	0	0
5926	7.67319	0	0
5925	7.66696	0	0
5924	7.66072	0	0
5923	7.65449	0	0
5922	7.64826	0	0
5921	7.64204	0	0
5920	7.63582	0	0
5919	7.6296	0	0
5918	7.62338	0	0
5917	7.61717	0	0
5916	7.61096	0	0
5915	7.60476	0	0
5914	7.59856	0	0
5913	7.59236	0	0
5912	7.58617	0	0
5911	7.57998	0	0
5910	7.57379	0	0
5909	7.5676	0	0
5908	7.56142	0	0
5907	7.55524	0	0
5906	7.54907	0	0
5905	7.5429	0	0
5904	7.53673	0	0
5903	7.53056	0	0
5902	7.5244	0	0
5901	7.51824	0	0
5900	7.51209	0	0
5899	7.50593	0	0
5898	7.49978	0	0
5897	7.49364	0	0
5896	7.4875	0	0
5895	7.48136	0	0
5894	7.47522	0	0
5893	7.46909	0	0
5892	7.46296	0	0
5891	7.45683	0	0
5890	7.45071	0	0
5889	7.44459	0	0
5888	7.43847	0	0
5887	7.43235	0	0
5886	7.42624	0	0
5885	7.42013	0	0
5884	7.41403	0	0
5883	7.40793	0	0
5882	7.40183	0	0
5881	7.39573	0	0
5880	7.38964	0	0
5879	7.38355	0	0
5878	7.37747	0	0
5877	7.37138	0	0
5876	7.3653	0	0
5875	7.35922	0	0
5874	7.35315	0	0
5873	7.34708	0	0
5872	7.34101	0	0
5871	7.33495	0	0
5870	7.32888	0	0
5869	7.32283	0	0
5868	7.31677	0	0
5867	7.31072	0	0
5866	7.30467	0	0
5865	7.29862	0	0
5864	7.29258	0	0
5863	7.28654	0	0
5862	7.2805	0	0
5861	7.27446	0	0
5860	7.26843	0	0
5859	7.2624	0	0
5858	7.25638	0	0
5857	7.25035	0	0
5856	7.24433	0	0
5855	7.23832	0	0
5854	7.2323	0	0
5853	7.22629	0	0
5852	7.22028	0	0
5851	7.21428	0	0
5850	7.20828	0	0
5849	7.20228	0	0
5848	7.19628	0	0
5847	7.19029	0	0
5846	7.1843	0	0
5845	7.17831	0	0
5844	7.17232	0	0
5843	7.16634	0	0
5842	7.16036	0	0
5841	7.15439	0	0
5840	7.14841	0	0
5839	7.14244	0	0
5838	7.13647	0	0
5837	7.13051	0	0
5836	7.12455	0	0
5835	7.11859	0	0
5834	7.11263	0	0
5833	7.10668	0	0
5832	7.10073	0	0
5831	7.09478	0	0
5830	7.08883	0	0
5829	7.08289	0	0
5828	7.07695	0	0
5827	7.07102	0	0
5826	7.06508	0	0
5825	7.05915	0	0
5824	7.05322	0	0
5823	7.0473	0	0
5822	7.04137	0	0
5821	7.03545	0	0
5820	7.02954	0	0
5819	7.02362	0	0
5818	7.01771	0	0
5817	7.0118	0	0
5816	7.0059	0	0
5815	6.99999	0	0
5814	6.99409	0	0
5813	6.98819	0	0
5812	6.9823	0	0
5811	6.97641	0	0
5810	6.97052	0	0
5809	6.96463	0	0
5808	6.95874	0	0
5807	6.95286	0	0
5806	6.94698	0	0
5805	6.94111	0	0
5804	6.93523	0	0
5803	6.92936	0	0
5802	6.92349	0	0
5801	6.91763	0	0
5800	6.91177	0	0
5799	6.9059	0	0
5798	6.90005	0	0
5797	6.89419	0	0
5796	6.88834	0	0
5795	6.88249	0	0
5794	6.87664	0	0
5793	6.8708	0	0
5792	6.86496	0	0
5791	6.85912	0	0
5790	6.85328	0	0
5789	6.84745	0	0
5788	6.84162	0	0
5787	6.83579	0	0
5786	6.82996	0	0
5785	6.82414	0	0
5784	6.81832	0	0
5783	6.8125	0	0
5782	6.80668	0	0
5781	6.80087	0	0
5780	6.79506	0	0
5779	6.78925	0	0
5778	6.78344	0	0
5777	6.77764	0	0
5776	6.77184	0	0
5775	6.76604	0	0
5774	6.76025	0	0
5773	6.75445	0	0
5772	6.74866	0	0
5771	6.74288	0	0
5770	6.73709	0	0
5769	6.73131	0	0
5768	6.72553	0	0
5767	6.71975	0	0
5766	6.71397	0	0
5765	6.7082	0	0
5764	6.70243	0	0
5763	6.69666	0	0
5762	6.6909	0	0
5761	6.68514	0	0
5760	6.67938	0	0
5759	6.67362	0	0
5758	6.66786	0	0
5757	6.66211	0	0
5756	6.65636	0	0
5755	6.65061	0	0
5754	6.64487	0	0
5753	6.63912	0	0
5752	6.63338	0	0
5751	6.62764	0	0
5750	6.62191	0	0
5749	6.61617	0	0
5748	6.61044	0	0
5747	6.60472	0	0
5746	6.59899	0	0
5745	6.59327	0	0
5744	6.58755	0	0
5743	6.58183	0	0
5742	6.57611	0	0
5741	6.5704	0	0
5740	6.56469	0	0
5739	6.55898	0	0
5738	6.55327	0	0
5737	6.54756	0	0
5736	6.54186	0	0
5735	6.53616	0	0
5734	6.53047	0	0
5733	6.52477	0	0
5732	6.51908	0	0
5731	6.51339	0	0
5730	6.5077	0	0
5729	6.50202	0	0
5728	6.49633	0	0
5727	6.49065	0	0
5726	6.48497	0	0
5725	6.4793	0	0
5724	6.47362	0	0
5723	6.46795	0	0
5722	6.46228	0	0
5721	6.45662	0	0
5720	6.45095	0	0
5719	6.44529	0	0
5718	6.43963	0	0
5717	6.43397	0	0
5716	6.42832	0	0
5715	6.42267	0	0
5714	6.41702	0	0
5713	6.41137	0	0
5712	6.40572	0	0
5711	6.40008	0	0
5710	6.39444	0	0
5709	6.3888	0	0
5708	6.38316	0	0
5707	6.37753	0	0
5706	6.3719	0	0
5705	6.36627	0	0
5704	6.36064	0	0
5703	6.35501	0	0
5702	6.34939	0	0
5701	6.34377	0	0
5700	6.33815	0	0
5699	6.33253	0	0
5698	6.32692	0	0
5697	6.32131	0	0
5696	6.3157	0	0
5695	6.31009	0	0
5694	6.30449	0	0
5693	6.29888	0	0
5692	6.29328	0	0
5691	6.28768	0	0
5690	6.28209	0	0
5689	6.27649	0	0
5688	6.2709	0	0
5687	6.26531	0	0
5686	6.25973	0	0
5685	6.25414	0	0
5684	6.24856	0	0
5683	6.24298	0	0
5682	6.2374	0	0
5681	6.23182	0	0
5680	6.22625	0	0
5679	6.22068	0	0
5678	6.21511	0	0
5677	6.20954	0	0
5676	6.20397	0	0
5675	6.19841	0	0
5674	6.19285	0	0
5673	6.18729	0	0
5672	6.18173	0	0
5671	6.17618	0	0
5670	6.17063	0	0
5669	6.16507	0	0
5668	6.15953	0	0
5667	6.15398	0	0
5666	6.14844	0	0
5665	6.14289	0	0
5664	6.13735	0	0
5663	6.13182	0	0
5662	6.12628	0	0
5661	6.12075	0	0
5660	6.11522	0	0
5659	6.10969	0	0
5658	6.10416	0	0
5657	6.09864	0	0
5656	6.09311	0	0
5655	6.08759	0	0
5654	6.08207	0	0
5653	6.07656	0	0
5652	6.07104	0	0
5651	6.06553	0	0
5650	6.06002	0	0
5649	6.05451	0	0
5648	6.04901	0	0
5647	6.0435	0	0
5646	6.038	0	0
5645	6.0325	0	0
5644	6.027	0	0
5643	6.02151	0	0
5642	6.01602	0	0
5641	6.01052	0	0
5640	6.00504	0	0
5639	5.99955	0	0
5638	5.99406	0	0
5637	5.98858	0	0
5636	5.9831	0	0
5635	5.97762	0	0
5634	5.97214	0	0
5633	5.96667	0	0
5632	5.96119	0	0
5631	5.95572	0	0
5630	5.95025	0	0
5629	5.94479	0	0
5628	5.93932	0	0
5627	5.93386	0	0
5626	5.9284	0	0
5625	5.92294	0	0
5624	5.91748	0	0
5623	5.91203	0	0
5622	5.90658	0	0
5621	5.90113	0	0
5620	5.89568	0	0
5619	5.89023	0	0
5618	5.88479	0	0
5617	5.87934	0	0
5616	5.8739	0	0
5615	5.86847	0	0
5614	5.86303	0	0
5613	5.85759	0	0
5612	5.85216	0	0
5611	5.84673	0	0
5610	5.8413	0	0
5609	5.83588	0	0
5608	5.83045	0	0
5607	5.82503	0	0
5606	5.81961	0	0
5605	5.81419	0	0
5604	5.80877	0	0
5603	5.80336	0	0
5602	5.79794	0	0
5601	5.79253	0	0
5600	5.78712	0	0
5599	5.78172	0	0
5598	5.77631	0	0
5597	5.77091	0	0
5596	5.76551	0	0
5595	5.76011	0	0
5594	5.75471	0	0
5593	5.74932	0	0
5592	5.74392	0	0
5591	5.73853	0	0
5590	5.73314	0	0
5589	5.72776	0	0
5588	5.72237	0	0
5587	5.71699	0	0
5586	5.71161	0	0
5585	5.70623	0	0
5584	5.70085	0	0
5583	5.69547	0	0
5582	5.6901	0	0
5581	5.68473	0	0
5580	5.67936	0	0
5579	5.67399	0	0
5578	5.66862	0	0
5577	5.66326	0	0
5576	5.65789	0	0
5575	5.65253	0	0
5574	5.64718	0	0
5573	5.64182	0	0
5572	5.63646	0	0
5571	5.63111	0	0
5570	5.62576	0	0
5569	5.62041	0	0
5568	5.61506	0	0
5567	5.60972	0	0
5566	5.60437	0	0
5565	5.59903	0	0
5564	5.59369	0	0
5563	5.58836	0	0
5562	5.58302	0	0
5561	5.57769	0	0
5560	5.57235	0	0
5559	5.56702	0	0
5558	5.56169	0	0
5557	5.55637	0	0
5556	5.55104	0	0
5555	5.54572	0	0
5554	5.5404	0	0
5553	5.53508	0	0
5552	5.52976	0	0
5551	5.52445	0	0
5550	5.51913	0	0
5549	5.51382	0	0
5548	5.50851	0	0
5547	5.5032	0	0
5546	5.4979	0	0
5545	5.49259	0	0
5544	5.48729	0	0
5543	5.48199	0	0
5542	5.47669	0	0
5541	5.4714	0	0
5540	5.4661	0	0
5539	5.46081	0	0
5538	5.45552	0	0
5537	5.45023	0	0
5536	5.44494	0	0
5535	5.43965	0	0
5534	5.43437	0	0
5533	5.42909	0	0
5532	5.42381	0	0
5531	5.41853	0	0
5530	5.41325	0	0
5529	5.40798	0	0
5528	5.4027	0	0
5527	5.39743	0	0
5526	5.39216	0	0
5525	5.3869	0	0
5524	5.38163	0	0
5523	5.37637	0	0
5522	5.3711	0	0
5521	5.36584	0	0
5520	5.36058	0	0
5519	5.35533	0	0
5518	5.35007	0	0
5517	5.34482	0	0
5516	5.33957	0	0
5515	5.33432	0	0
5514	5.32907	0	0
5513	5.32383	0	0
5512	5.31858	0	0
5511	5.31334	0	0
5510	5.3081	0	0
5509	5.30286	0	0
5508	5.29762	0	0
5507	5.29239	0	0
5506	5.28715	0	0
5505	5.28192	0	0
5504	5.27669	0	0
5503	5.27146	0	0
5502	5.26624	0	0
5501	5.26101	0	0
5500	5.25579	0	0
5499	5.25057	0	0
5498	5.24535	0	0
5497	5.24013	0	0
5496	5.23492	0	0
5495	5.2297	0	0
5494	5.22449	0	0
5493	5.21928	0	0
5492	5.21407	0	0
5491	5.20887	0	0
5490	5.20366	0	0
5489	5.19846	0	0
5488	5.19326	0	0
5487	5.18806	0	0
5486	5.18286	0	0
5485	5.17766	0	0
5484	5.17247	0	0
5483	5.16728	0	0
5482	5.16209	0	0
5481	5.1569	0	0
5480	5.15171	0	0
5479	5.14652	0	0
5478	5.14134	0	0
5477	5.13616	0	0
5476	5.13098	0	0
5475	5.1258	0	0
5474	5.12062	0	0
5473	5.11545	0	0
5472	5.11027	0	0
5471	5.1051	0	0
5470	5.09993	0	0
5469	5.09476	0	0
5468	5.0896	0	0
5467	5.08443	0	0
5466	5.07927	0	0
5465	5.07411	0	0
5464	5.06895	0	0
5463	5.06379	0	0
5462	5.05864	0	0
5461	5.05348	0	0
5460	5.04833	0	0
5459	5.04318	0	0
5458	5.03803	0	0
5457	5.03288	0	0
5456	5.02774	0	0
5455	5.02259	0	0
5454	5.01745	0	0
5453	5.01231	0	0
5452	5.00717	0	0
5451	5.00204	0	0
5450	4.9969	0	0
5449	4.99177	0	0
5448	4.98664	0	0
5447	4.98151	0	0
5446	4.97638	0	0
5445	4.97125	0	0
5444	4.96613	0	0
5443	4.961	0	0
5442	4.95588	0	0
5441	4.95076	0	0
5440	4.94564	0	0
5439	4.94053	0	0
5438	4.93541	0	0
5437	4.9303	0	0
5436	4.92519	0	0
5435	4.92008	0	0
5434	4.91497	0	0
5433	4.90987	0	0
5432	4.90476	0	0
5431	4.89966	0	0
5430	4.89456	0	0
5429	4.88946	0	0
5428	4.88436	0	0
5427	4.87927	0	0
5426	4.87417	0	0
5425	4.86908	0	0
5424	4.86399	0	0
5423	4.8589	0	0
5422	4.85381	0	0
5421	4.84873	0	0
5420	4.84364	0	0
5419	4.83856	0	0
5418	4.83348	0	0
5417	4.8284	0	0
5416	4.82333	0	0
5415	4.81825	0	0
5414	4.81318	0	0
5413	4.80811	0	0
5412	4.80304	0	0
5411	4.79797	0	0
5410	4.7929	0	0
5409	4.78784	0	0
5408	4.78277	0	0
5407	4.77771	0	0
5406	4.77265	0	0
5405	4.76759	0	0
5404	4.76254	0	0
5403	4.75748	0	0
5402	4.75243	0	0
5401	4.74738	0	0
5400	4.74233	0	0
5399	4.73728	0	0
5398	4.73223	0	0
5397	4.72719	0	0
5396	4.72215	0	0
5395	4.71711	0	0
5394	4.71207	0	0
5393	4.70703	0	0
5392	4.70199	0	0
5391	4.69696	0	0
5390	4.69192	0	0
5389	4.68689	0	0
5388	4.68186	0	0
5387	4.67684	0	0
5386	4.67181	0	0
5385	4.66679	0	0
5384	4.66176	0	0
5383	4.65674	0	0
5382	4.65172	0	0
5381	4.64671	0	0
5380	4.64169	0	0
5379	4.63668	0	0
5378	4.63166	0	0
5377	4.62665	0	0
5376	4.62164	0	0
5375	4.61664	0	0
5374	4.61163	0	0
5373	4.60663	0	0
5372	4.60162	0	0
5371	4.59662	0	0
5370	4.59162	0	0
5369	4.58663	0	0
5368	4.58163	0	0
5367	4.57664	0	0
5366	4.57165	0	0
5365	4.56666	0	0
5364	4.56167	0	0
5363	4.55668	0	0
5362	4.55169	0	0
5361	4.54671	0	0
5360	4.54173	0	0
5359	4.53675	0	0
5358	4.53177	0	0
5357	4.52679	0	0
5356	4.52182	0	0
5355	4.51684	0	0
5354	4.51187	0	0
5353	4.5069	0	0
5352	4.50193	0	0
5351	4.49697	0	0
5350	4.492	0	0
5349	4.48704	0	0
5348	4.48208	0	0
5347	4.47712	0	0
5346	4.47216	0	0
5345	4.4672	0	0
5344	4.46225	0	0
5343	4.45729	0	0
5342	4.45234	0	0
5341	4.44739	0	0
5340	4.44244	0	0
5339	4.4375	0	0
5338	4.43255	0	0
5337	4.42761	0	0
5336	4.42267	0	0
5335	4.41773	0	0
5334	4.41279	0	0
5333	4.40785	0	0
5332	4.40292	0	0
5331	4.39799	0	0
5330	4.39305	0	0
5329	4.38812	0	0
5328	4.3832	0	0
5327	4.37827	0	0
5326	4.37335	0	0
5325	4.36842	0	0
5324	4.3635	0	0
5323	4.35858	0	0
5322	4.35366	0	0
5321	4.34875	0	0
5320	4.34383	0	0
5319	4.33892	0	0
5318	4.33401	0	0
5317	4.3291	0	0
5316	4.32419	0	0
5315	4.31929	0	0
5314	4.31438	0	0
5313	4.30948	0	0
5312	4.30458	0	0
5311	4.29968	0	0
5310	4.29479	0	0
5309	4.28989	0	0
5308	4.285	0	0
5307	4.2801	0	0
5306	4.27521	0	0
5305	4.27032	0	0
5304	4.26544	0	0
5303	4.26055	0	0
5302	4.25567	0	0
5301	4.25079	0	0
5300	4.24591	0	0
5299	4.24103	0	0
5298	4.23615	0	0
5297	4.23128	0	0
5296	4.2264	0	0
5295	4.22153	0	0
5294	4.21666	0	0
5293	4.21179	0	0
5292	4.20693	0	0
5291	4.20206	0	0
5290	4.1972	0	0
5289	4.19234	0	0
5288	4.18748	0	0
5287	4.18262	0	0
5286	4.17776	0	0
5285	4.17291	0	0
5284	4.16806	0	0
5283	4.1632	0	0
5282	4.15836	0	0
5281	4.15351	0	0
5280	4.14866	0	0
5279	4.14382	0	0
5278	4.13898	0	0
5277	4.13413	0	0
5276	4.1293	0	0
5275	4.12446	0	0
5274	4.11962	0	0
5273	4.11479	0	0
5272	4.10996	0	0
5271	4.10513	0	0
5270	4.1003	0	0
5269	4.09547	0	0
5268	4.09065	0	0
5267	4.08582	0	0
5266	4.081	0	0
5265	4.07618	0	0
5264	4.07136	0	0
5263	4.06655	0	0
5262	4.06173	0	0
5261	4.05692	0	0
5260	4.05211	0	0
5259	4.0473	0	0
5258	4.04249	0	0
5257	4.03768	0	0
5256	4.03288	0	0
5255	4.02808	0	0
5254	4.02328	0	0
5253	4.01848	0	0
5252	4.01368	0	0
5251	4.00889	0	0
5250	4.00409	0	0
5249	3.9993	0	0
5248	3.99451	0	0
5247	3.98972	0	0
5246	3.98493	0	0
5245	3.98015	0	0
5244	3.97537	0	0
5243	3.97059	0	0
5242	3.96581	0	0
5241	3.96103	0	0
5240	3.95625	0	0
5239	3.95148	0	0
5238	3.9467	0	0
5237	3.94193	0	0
5236	3.93716	0	0
5235	3.9324	0	0
5234	3.92763	0	0
5233	3.92287	0	0
5232	3.91811	0	0
5231	3.91335	0	0
5230	3.90859	0	0
5229	3.90383	0	0
5228	3.89908	0	0
5227	3.89432	0	0
5226	3.88957	0	0
5225	3.88482	0	0
5224	3.88007	0	0
5223	3.87533	0	0
5222	3.87058	0	0
5221	3.86584	0	0
5220	3.8611	0	0
5219	3.85636	0	0
5218	3.85163	0	0
5217	3.84689	0	0
5216	3.84216	0	0
5215	3.83743	0	0
5214	3.8327	0	0
5213	3.82797	0	0
5212	3.82324	0	0
5211	3.81852	0	0
5210	3.8138	0	0
5209	3.80907	0	0
5208	3.80436	0	0
5207	3.79964	0	0
5206	3.79492	0	0
5205	3.79021	0	0
5204	3.7855	0	0
5203	3.78079	0	0
5202	3.77608	0	0
5201	3.77137	0	0
5200	3.76667	0	0
5199	3.76197	0	0
5198	3.75727	0	0
5197	3.75257	0	0
5196	3.74787	0	0
5195	3.74318	0	0
5194	3.73848	0	0
5193	3.73379	0	0
5192	3.7291	0	0
5191	3.72441	0	0
5190	3.71973	0	0
5189	3.71504	0	0
5188	3.71036	0	0
5187	3.70568	0	0
5186	3.701	0	0
5185	3.69632	0	0
5184	3.69165	0	0
5183	3.68698	0	0
5182	3.68231	0	0
5181	3.67764	0	0
5180	3.67297	0	0
5179	3.6683	0	0
5178	3.66364	0	0
5177	3.65898	0	0
5176	3.65432	0	0
5175	3.64966	0	0
5174	3.645	0	0
5173	3.64035	0	0
5172	3.6357	0	0
5171	3.63104	0	0
5170	3.6264	0	0
5169	3.62175	0	0
5168	3.6171	0	0
5167	3.61246	0	0
5166	3.60782	0	0
5165	3.60318	0	0
5164	3.59854	0	0
5163	3.59391	0	0
5162	3.58927	0	0
5161	3.58464	0	0
5160	3.58001	0	0
5159	3.57538	0	0
5158	3.57076	0	0
5157	3.56613	0	0
5156	3.56151	0	0
5155	3.55689	0	0
5154	3.55227	0	0
5153	3.54766	0	0
5152	3.54304	0	0
5151	3.53843	0	0
5150	3.53382	0	0
5149	3.52921	0	0
5148	3.5246	0	0
5147	3.52	0	0
5146	3.51539	0	0
5145	3.51079	0	0
5144	3.50619	0	0
5143	3.5016	0	0
5142	3.497	0	0
5141	3.49241	0	0
5140	3.48782	0	0
5139	3.48323	0	0
5138	3.47864	0	0
5137	3.47405	0	0
5136	3.46947	0	0
5135	3.46489	0	0
5134	3.46031	0	0
5133	3.45573	0	0
5132	3.45115	0	0
5131	3.44658	0	0
5130	3.44201	0	0
5129	3.43744	0	0
5128	3.43287	0	0
5127	3.42831	0	0
5126	3.42374	0	0
5125	3.41918	0	0
5124	3.41462	0	0
5123	3.41006	0	0
5122	3.40551	0	0
5121	3.40095	0	0
5120	3.3964	0	0
5119	3.39185	0	0
5118	3.3873	0	0
5117	3.38276	0	0
5116	3.37821	0	0
5115	3.37367	0	0
5114	3.36913	0	0
5113	3.36459	0	0
5112	3.36006	0	0
5111	3.35552	0	0
5110	3.35099	0	0
5109	3.34646	0	0
5108	3.34193	0	0
5107	3.33741	0	0
5106	3.33288	0	0
5105	3.32836	0	0
5104	3.32384	0	0
5103	3.31932	0	0
5102	3.31481	0	0
5101	3.31029	0	0
5100	3.30578	0	0
5099	3.30127	0	0
5098	3.29676	0	0
5097	3.29226	0	0
5096	3.28776	0	0
5095	3.28325	0	0
5094	3.27876	0	0
5093	3.27426	0	0
5092	3.26976	0	0
5091	3.26527	0	0
5090	3.26078	0	0
5089	3.25629	0	0
5088	3.2518	0	0
5087	3.24732	0	0
5086	3.24284	0	0
5085	3.23836	0	0
5084	3.23388	0	0
5083	3.2294	0	0
5082	3.22493	0	0
5081	3.22045	0	0
5080	3.21598	0	0
5079	3.21152	0	0
5078	3.20705	0	0
5077	3.20259	0	0
5076	3.19813	0	0
5075	3.19367	0	0
5074	3.18921	0	0
5073	3.18475	0	0
5072	3.1803	0	0
5071	3.17585	0	0
5070	3.1714	0	0
5069	3.16696	0	0
5068	3.16251	0	0
5067	3.15807	0	0
5066	3.15363	0	0
5065	3.14919	0	0
5064	3.14475	0	0
5063	3.14032	0	0
5062	3.13589	0	0
5061	3.13146	0	0
5060	3.12703	0	0
5059	3.12261	0	0
5058	3.11819	0	0
5057	3.11377	0	0
5056	3.10935	0	0
5055	3.10493	0	0
5054	3.10052	0	0
5053	3.0961	0	0
5052	3.09169	0	0
5051	3.08729	0	0
5050	3.08288	0	0
5049	3.07848	0	0
5048	3.07408	0	0
5047	3.06968	0	0
5046	3.06528	0	0
5045	3.06089	0	0
5044	3.0565	0	0
5043	3.05211	0	0
5042	3.04772	0	0
5041	3.04334	0	0
5040	3.03895	0	0
5039	3.03457	0	0
5038	3.03019	0	0
5037	3.02582	0	0
5036	3.02144	0	0
5035	3.01707	0	0
5034	3.0127	0	0
5033	3.00834	0	0
5032	3.00397	0	0
5031	2.99961	0	0
5030	2.99525	0	0
5029	2.99089	0	0
5028	2.98653	0	0
5027	2.98218	0	0
5026	2.97783	0	0
5025	2.97348	0	0
5024	2.96913	0	0
5023	2.96479	0	0
5022	2.96045	0	0
5021	2.95611	0	0
5020	2.95177	0	0
5019	2.94744	0	0
5018	2.9431	0	0
5017	2.93877	0	0
5016	2.93444	0	0
5015	2.93012	0	0
5014	2.9258	0	0
5013	2.92147	0	0
5012	2.91716	0	0
5011	2.91284	0	0
5010	2.90853	0	0
5009	2.90421	0	0
5008	2.89991	0	0
5007	2.8956	0	0
5006	2.89129	0	0
5005	2.88699	0	0
5004	2.88269	0	0
5003	2.8784	0	0
5002	2.8741	0	0
5001	2.86981	0	0
5000	2.86552	0	0
4999	2.86123	0	0
4998	2.85694	0	0
4997	2.85266	0	0
4996	2.84838	0	0
4995	2.8441	0	0
4994	2.83983	0	0
4993	2.83555	0	0
4992	2.83128	0	0
4991	2.82702	0	0
4990	2.82275	0	0
4989	2.81849	0	0
4988	2.81422	0	0
4987	2.80997	0	0
4986	2.80571	0	0
4985	2.80146	0	0
4984	2.79721	0	0
4983	2.79296	0	0
4982	2.78871	0	0
4981	2.78447	0	0
4980	2.78023	0	0
4979	2.77599	0	0
4978	2.77175	0	0
4977	2.76752	0	0
4976	2.76329	0	0
4975	2.75906	0	0
4974	2.75483	0	0
4973	2.75061	0	0
4972	2.74638	0	0
4971	2.74217	0	0
4970	2.73795	0	0
4969	2.73374	0	0
4968	2.72953	0	0
4967	2.72532	0	0
4966	2.72111	0	0
4965	2.71691	0	0
4964	2.71271	0	0
4963	2.70851	0	0
4962	2.70431	0	0
4961	2.70012	0	0
4960	2.69593	0	0
4959	2.69174	0	0
4958	2.68755	0	0
4957	2.68337	0	0
4956	2.67919	0	0
4955	2.67501	0	0
4954	2.67084	0	0
4953	2.66666	0	0
4952	2.66249	0	0
4951	2.65833	0	0
4950	2.65416	0	0
4949	2.65	0	0
4948	2.64584	0	0
4947	2.64168	0	0
4946	2.63753	0	0
4945	2.63338	0	0
4944	2.62923	0	0
4943	2.62508	0	0
4942	2.62094	0	0
4941	2.6168	0	0
4940	2.61266	0	0
4939	2.60852	0	0
4938	2.60439	0	0
4937	2.60026	0	0
4936	2.59613	0	0
4935	2.59201	0	0
4934	2.58788	0	0
4933	2.58377	0	0
4932	2.57965	0	0
4931	2.57553	0	0
4930	2.57142	0	0
4929	2.56731	0	0
4928	2.56321	0	0
4927	2.5591	0	0
4926	2.555	0	0
4925	2.55091	0	0
4924	2.54681	0	0
4923	2.54272	0	0
4922	2.53863	0	0
4921	2.53454	0	0
4920	2.53046	0	0
4919	2.52638	0	0
4918	2.5223	0	0
4917	2.51822	0	0
4916	2.51415	0	0
4915	2.51008	0	0
4914	2.50601	0	0
4913	2.50194	0	0
4912	2.49788	0	0
4911	2.49382	0	0
4910	2.48977	0	0
4909	2.48571	0	0
4908	2.48166	0	0
4907	2.47761	0	0
4906	2.47357	0	0
4905	2.46953	0	0
4904	2.46549	0	0
4903	2.46145	0	0
4902	2.45742	0	0
4901	2.45339	0	0
4900	2.44936	0	0
4899	2.44533	0	0
4898	2.44131	0	0
4897	2.43729	0	0
4896	2.43327	0	0
4895	2.42926	0	0
4894	2.42525	0	0
4893	2.42124	0	0
4892	2.41724	0	0
4891	2.41323	0	0
4890	2.40923	0	0
4889	2.40524	0	0
4888	2.40124	0	0
4887	2.39725	0	0
4886	2.39327	0	0
4885	2.38928	0	0
4884	2.3853	0	0
4883	2.38132	0	0
4882	2.37734	0	0
4881	2.37337	0	0
4880	2.3694	0	0
4879	2.36543	0	0
4878	2.36147	0	0
4877	2.35751	0	0
4876	2.35355	0	0
4875	2.34959	0	0
4874	2.34564	0	0
4873	2.34169	0	0
4872	2.33775	0	0
4871	2.3338	0	0
4870	2.32986	0	0
4869	2.32592	0	0
4868	2.32199	0	0
4867	2.31806	0	0
4866	2.31413	0	0
4865	2.3102	0	0
4864	2.30628	0	0
4863	2.30236	0	0
4862	2.29845	0	0
4861	2.29453	0	0
4860	2.29062	0	0
4859	2.28671	0	0
4858	2.28281	0	0
4857	2.27891	0	0
4856	2.27501	0	0
4855	2.27111	0	0
4854	2.26722	0	0
4853	2.26333	0	0
4852	2.25945	0	0
4851	2.25556	0	0
4850	2.25168	0	0
4849	2.24781	0	0
4848	2.24393	0	0
4847	2.24006	0	0
4846	2.2362	0	0
4845	2.23233	0	0
4844	2.22847	0	0
4843	2.22461	0	0
4842	2.22076	0	0
4841	2.2169	0	0
4840	2.21305	0	0
4839	2.20921	0	0
4838	2.20537	0	0
4837	2.20153	0	0
4836	2.19769	0	0
4835	2.19386	0	0
4834	2.19003	0	0
4833	2.1862	0	0
4832	2.18237	0	0
4831	2.17855	0	0
4830	2.17474	0	0
4829	2.17092	0	0
4828	2.16711	0	0
4827	2.1633	0	0
4826	2.1595	0	0
4825	2.15569	0	0
4824	2.1519	0	0
4823	2.1481	0	0
4822	2.14431	0	0
4821	2.14052	0	0
4820	2.13673	0	0
4819	2.13295	0	0
4818	2.12917	0	0
4817	2.12539	0	0
4816	2.12162	0	0
4815	2.11785	0	0
4814	2.11408	0	0
4813	2.11032	0	0
4812	2.10656	0	0
4811	2.1028	0	0
4810	2.09905	0	0
4809	2.09529	0	0
4808	2.09155	0	0
4807	2.0878	0	0
4806	2.08406	0	0
4805	2.08032	0	0
4804	2.07659	0	0
4803	2.07286	0	0
4802	2.06913	0	0
4801	2.0654	0	0
4800	2.06168	0	0
4799	2.05796	0	0
4798	2.05424	0	0
4797	2.05053	0	0
4796	2.04682	0	0
4795	2.04312	0	0
4794	2.03941	0	0
4793	2.03571	0	0
4792	2.03202	0	0
4791	2.02832	0	0
4790	2.02463	0	0
4789	2.02095	0	0
4788	2.01726	0	0
4787	2.01358	0	0
4786	2.00991	0	0
4785	2.00623	0	0
4784	2.00256	0	0
4783	1.9989	0	0
4782	1.99523	0	0
4781	1.99157	0	0
4780	1.98791	0	0
4779	1.98426	0	0
4778	1.98061	0	0
4777	1.97696	0	0
4776	1.97332	0	0
4775	1.96967	0	0
4774	1.96604	0	0
4773	1.9624	0	0
4772	1.95877	0	0
4771	1.95514	0	0
4770	1.95152	0	0
4769	1.94789	0	0
4768	1.94428	0	0
4767	1.94066	0	0
4766	1.93705	0	0
4765	1.93344	0	0
4764	1.92983	0	0
4763	1.92623	0	0
4762	1.92263	0	0
4761	1.91903	0	0
4760	1.91544	0	0
4759	1.91185	0	0
4758	1.90826	0	0
4757	1.90468	0	0
4756	1.9011	0	0
4755	1.89752	0	0
4754	1.89395	0	0
4753	1.89038	0	0
4752	1.88681	0	0
4751	1.88325	0	0
4750	1.87969	0	0
4749	1.87613	0	0
4748	1.87258	0	0
4747	1.86902	0	0
4746	1.86548	0	0
4745	1.86193	0	0
4744	1.85839	0	0
4743	1.85485	0	0
4742	1.85131	0	0
4741	1.84778	0	0
4740	1.84425	0	0
4739	1.84073	0	0
4738	1.8372	0	0
4737	1.83368	0	0
4736	1.83017	0	0
4735	1.82665	0	0
4734	1.82314	0	0
4733	1.81964	0	0
4732	1.81613	0	0
4731	1.81263	0	0
4730	1.80913	0	0
4729	1.80564	0	0
4728	1.80215	0	0
4727	1.79866	0	0
4726	1.79517	0	0
4725	1.79169	0	0
4724	1.78821	0	0
4723	1.78473	0	0
4722	1.78126	0	0
4721	1.77779	0	0
4720	1.77432	0	0
4719	1.77086	0	0
4718	1.7674	0	0
4717	1.76394	0	0
4716	1.76048	0	0
4715	1.75703	0	0
4714	1.75358	0	0
4713	1.75013	0	0
4712	1.74669	0	0
4711	1.74325	0	0
4710	1.73981	0	0
4709	1.73638	0	0
4708	1.73295	0	0
4707	1.72952	0	0
4706	1.72609	0	0
4705	1.72267	0	0
4704	1.71925	0	0
4703	1.71583	0	0
4702	1.71242	0	0
4701	1.70901	0	0
4700	1.7056	0	0
4699	1.70219	0	0
4698	1.69879	0	0
4697	1.69539	0	0
4696	1.69199	0	0
4695	1.6886	0	0
4694	1.68521	0	0
4693	1.68182	0	0
4692	1.67843	0	0
4691	1.67505	0	0
4690	1.67167	0	0
4689	1.66829	0	0
4688	1.66491	0	0
4687	1.66154	0	0
4686	1.65817	0	0
4685	1.6548	0	0
4684	1.65144	0	0
4683	1.64808	0	0
4682	1.64472	0	0
4681	1.64136	0	0
4680	1.63801	0	0
4679	1.63466	0	0
4678	1.63131	0	0
4677	1.62796	0	0
4676	1.62462	0	0
4675	1.62128	0	0
4674	1.61794	0	0
4673	1.6146	0	0
4672	1.61127	0	0
4671	1.60794	0	0
4670	1.60461	0	0
4669	1.60128	0	0
4668	1.59796	0	0
4667	1.59464	0	0
4666	1.59132	0	0
4665	1.588	0	0
4664	1.58469	0	0
4663	1.58138	0	0
4662	1.57807	0	0
4661	1.57476	0	0
4660	1.57145	0	0
4659	1.56815	0	0
4658	1.56485	0	0
4657	1.56155	0	0
4656	1.55826	0	0
4655	1.55496	0	0
4654	1.55167	0	0
4653	1.54838	0	0
4652	1.54509	0	0
4651	1.54181	0	0
4650	1.53853	0	0
4649	1.53525	0	0
4648	1.53197	0	0
4647	1.52869	0	0
4646	1.52542	0	0
4645	1.52214	0	0
4644	1.51887	0	0
4643	1.5156	0	0
4642	1.51234	0	0
4641	1.50907	0	0
4640	1.50581	0	0
4639	1.50255	0	0
4638	1.49929	0	0
4637	1.49603	0	0
4636	1.49278	0	0
4635	1.48953	0	0
4634	1.48627	0	0
4633	1.48302	0	0
4632	1.47978	0	0
4631	1.47653	0	0
4630	1.47329	0	0
4629	1.47004	0	0
4628	1.4668	0	0
4627	1.46356	0	0
4626	1.46033	0	0
4625	1.45709	0	0
4624	1.45386	0	0
4623	1.45063	0	0
4622	1.44739	0	0
4621	1.44417	0	0
4620	1.44094	0	0
4619	1.43771	0	0
4618	1.43449	0	0
4617	1.43127	0	0
4616	1.42804	0	0
4615	1.42482	0	0
4614	1.42161	0	0
4613	1.41839	0	0
4612	1.41517	0	0
4611	1.41196	0	0
4610	1.40875	0	0
4609	1.40554	0	0
4608	1.40233	0	0
4607	1.39912	0	0
4606	1.39591	0	0
4605	1.3927	0	0
4604	1.3895	0	0
4603	1.3863	0	0
4602	1.38309	0	0
4601	1.37989	0	0
4600	1.37669	0	0
4599	1.37349	0	0
4598	1.3703	0	0
4597	1.3671	0	0
4596	1.36391	0	0
4595	1.36071	0	0
4594	1.35752	0	0
4593	1.35433	0	0
4592	1.35114	0	0
4591	1.34795	0	0
4590	1.34476	0	0
4589	1.34157	0	0
4588	1.33839	0	0
4587	1.3352	0	0
4586	1.33202	0	0
4585	1.32884	0	0
4584	1.32566	0	0
4583	1.32248	0	0
4582	1.3193	0	0
4581	1.31612	0	0
4580	1.31294	0	0
4579	1.30976	0	0
4578	1.30659	0	0
4577	1.30341	0	0
4576	1.30024	0	0
4575	1.29706	0	0
4574	1.29389	0	0
4573	1.29072	0	0
4572	1.28755	0	0
4571	1.28438	0	0
4570	1.28121	0	0
4569	1.27804	0	0
4568	1.27488	0	0
4567	1.27171	0	0
4566	1.26855	0	0
4565	1.26538	0	0
4564	1.26222	0	0
4563	1.25906	0	0
4562	1.25589	0	0
4561	1.25273	0	0
4560	1.24957	0	0
4559	1.24641	0	0
4558	1.24326	0	0
4557	1.2401	0	0
4556	1.23694	0	0
4555	1.23379	0	0
4554	1.23063	0	0
4553	1.22748	0	0
4552	1.22433	0	0
4551	1.22117	0	0
4550	1.21802	0	0
4549	1.21487	0	0
4548	1.21172	0	0
4547	1.20857	0	0
4546	1.20543	0	0
4545	1.20228	0	0
4544	1.19913	0	0
4543	1.19599	0	0
4542	1.19284	0	0
4541	1.1897	0	0
4540	1.18656	0	0
4539	1.18342	0	0
4538	1.18028	0	0
4537	1.17714	0	0
4536	1.174	0	0
4535	1.17086	0	0
4534	1.16773	0	0
4533	1.16459	0	0
4532	1.16146	0	0
4531	1.15833	0	0
4530	1.1552	0	0
4529	1.15207	0	0
4528	1.14894	0	0
4527	1.14581	0	0
4526	1.14268	0	0
4525	1.13956	0	0
4524	1.13643	0	0
4523	1.13331	0	0
4522	1.13019	0	0
4521	1.12707	0	0
4520	1.12395	0	0
4519	1.12084	0	0
4518	1.11772	0	0
4517	1.11461	0	0
4516	1.1115	0	0
4515	1.10838	0	0
4514	1.10528	0	0
4513	1.10217	0	0
4512	1.09906	0	0
4511	1.09596	0	0
4510	1.09286	0	0
4509	1.08976	0	0
4508	1.08666	0	0
4507	1.08356	0	0
4506	1.08047	0	0
4505	1.07738	0	0
4504	1.07429	0	0
4503	1.0712	0	0
4502	1.06811	0	0
4501	1.06503	0	0
4500	1.06195	0	0
4499	1.05887	0	0
4498	1.05579	0	0
4497	1.05272	0	0
4496	1.04965	0	0
4495	1.04658	0	0
4494	1.04351	0	0
4493	1.04045	0	0
4492	1.03739	0	0
4491	1.03433	0	0
4490	1.03128	0	0
4489	1.02822	0	0
4488	1.02518	0	0
4487	1.02213	0	0
4486	1.01909	0	0
4485	1.01605	0	0
4484	1.01301	0	0
4483	1.00998	0	0
4482	1.00695	0	0
4481	1.00392	0	0
4480	1.0009	0	0
4479	0.997885	0	0
4478	0.99487	0	0
4477	0.99186	0	0
4476	0.988854	0	0
4475	0.985851	0	0
4474	0.982853	0	0
4473	0.979859	0	0
4472	0.97687	0	0
4471	0.973884	0	0
4470	0.970904	0	0
4469	0.967928	0	0
4468	0.964957	0	0
4467	0.96199	0	0
4466	0.959029	0	0
4465	0.956072	0	0
4464	0.953121	0	0
4463	0.950175	0	0
4462	0.947234	0	0
4461	0.944299	0	0
4460	0.941369	0	0
4459	0.938445	0	0
4458	0.935527	0	0
4457	0.932615	0	0
4456	0.929709	0	0
4455	0.926809	0	0
4454	0.923915	0	0
4453	0.921028	0	0
4452	0.918148	0	0
4451	0.915274	0	0
4450	0.912407	0	0
4449	0.909547	0	0
4448	0.906694	0	0
4447	0.903848	0	0
4446	0.90101	0	0
4445	0.89818	0	0
4444	0.895357	0	0
4443	0.892542	0	0
4442	0.889735	0	0
4441	0.886937	0	0
4440	0.884147	0	0
4439	0.881365	0	0
4438	0.878593	0	0
4437	0.875829	0	0
4436	0.873075	0	0
4435	0.870329	0	0
4434	0.867594	0	0
4433	0.864868	0	0
4432	0.862152	0	0
4431	0.859446	0	0
4430	0.856751	0	0
4429	0.854066	0	0
4428	0.851392	0	0
4427	0.84873	0	0
4426	0.846078	0	0
4425	0.843438	0	0
4424	0.840811	0	0
4423	0.838195	0	0
4422	0.835591	0	0
4421	0.833	0	0
4420	0.830423	0	0
4419	0.827858	0	0
4418	0.825307	0	0
4417	0.82277	0	0
4416	0.820247	0	0
4415	0.817739	0	0
4414	0.815245	0	0
4413	0.812767	0	0
4412	0.810304	0	0
4411	0.807857	0	0
4410	0.805427	0	0
4409	0.803013	0	0
4408	0.800617	0	0
4407	0.798238	0	0
4406	0.795877	0	0
4405	0.793534	0	0
4404	0.791211	0	0
4403	0.788907	0	0
4402	0.786623	0	0
4401	0.784359	0	0
4400	0.782116	0	0
4399	0.779895	0	0
4398	0.777695	0	0
4397	0.775519	0	0
4396	0.773365	0	0
4395	0.771236	0	0
4394	0.769131	0	0
4393	0.767051	0	0
4392	0.764997	0	0
4391	0.762969	0	0
4390	0.760969	0	0
4389	0.758996	0	0
4388	0.757052	0	0
4387	0.755138	0	0
4386	0.753254	0	0
4385	0.751402	0	0
4384	0.749581	0	0
4383	0.747793	0	0
4382	0.746039	0	0
4381	0.74432	0	0
4380	0.742637	0	0
4379	0.74099	0	0
4378	0.739381	0	0
4377	0.73781	0	0
4376	0.73628	0	0
4375	0.73479	0	0
4374	0.733342	0	0
4373	0.731937	0	0
4372	0.730576	0	0
4371	0.72926	0	0
4370	0.72799	0	0
4369	0.726769	0	0
4368	0.725595	0	0
4367	0.724472	0	0
4366	0.723399	0	0
4365	0.722379	0	0
4364	0.721411	0	0
4363	0.720498	0	0
4362	0.71964	0	0
4361	0.718839	0	0
4360	0.718094	0	0
4359	0.717408	0	0
4358	0.71678	0	0
4357	0.716212	0	0
4356	0.715704	0	0
4355	0.715257	0	0
4354	0.71487	0	0
4353	0.714544	0	0
4352	0.714279	0	0
4351	0.714075	0	0
4350	0.713931	0	0
4349	0.713846	0	0
4348	0.713819	0	0
4347	0.713849	0	0
4346	0.713934	0	0
4345	0.714072	0	0
4344	0.71426	0	0
4343	0.714495	0	0
4342	0.714774	0	0
4341	0.715093	0	0
4340	0.715447	0	0
4339	0.715832	0	0
4338	0.716241	0	0
4337	0.716669	0	0
4336	0.717108	0	0
4335	0.717552	0	0
4334	0.717993	0	0
4333	0.718422	0	0
4332	0.71883	0	0
4331	0.719208	0	0
4330	0.719547	0	0
4329	0.719836	0	0
4328	0.720066	0	0
4327	0.720225	0	0
4326	0.720303	0	0
4325	0.720291	0	0
4324	0.720177	0	0
4323	0.719953	0	0
4322	0.71961	0	0
4321	0.719137	0	0
4320	0.718528	0	0
4319	0.717776	0	0
4318	0.716874	0	0
4317	0.715816	0	0
4316	0.7146	0	0
4315	0.713221	0	0
4314	0.711678	0	0
4313	0.709969	0	0
4312	0.708096	0	0
4311	0.706058	0	0
4310	0.703857	0	0
4309	0.701497	0	0
4308	0.69898	0	0
4307	0.696311	0	0
4306	0.693492	0	0
4305	0.690528	0	0
4304	0.687424	0	0
4303	0.684184	0	0
4302	0.680812	0	0
4301	0.677312	0	0
4300	0.673688	0	0
4299	0.669944	0	0
4298	0.666083	0	0
4297	0.662108	0	0
4296	0.658023	0	0
4295	0.653831	0	0
4294	0.649535	0	0
4293	0.645138	0	0
4292	0.640646	0	0
4291	0.636062	0	0
4290	0.63139	0	0
4289	0.626638	0	0
4288	0.62181	0	0
4287	0.616913	0	0
4286	0.611955	0	0
4285	0.606943	0	0
4284	0.601886	0	0
4283	0.596793	0	0
4282	0.591672	0	0
4281	0.586533	0	0
4280	0.581386	0	0
4279	0.576238	0	0
4278	0.571099	0	0
4277	0.565978	0	0
4276	0.560883	0	0
4275	0.555822	0	0
4274	0.550801	0	0
4273	0.545828	0	0
4272	0.540908	0	0
4271	0.536047	0	0
4270	0.53125	0	0
4269	0.526519	0	0
4268	0.52186	0	0
4267	0.517274	0	0
4266	0.512764	0	0
4265	0.508332	0	0
4264	0.503979	0	0
4263	0.499706	0	0
4262	0.495513	0	0
4261	0.491401	0	0
4260	0.48737	0	0
4259	0.48342	0	0
4258	0.479548	0	0
4257	0.475756	0	0
4256	0.472042	0	0
4255	0.468405	0	0
4254	0.464843	0	0
4253	0.461356	0	0
4252	0.457943	0	0
4251	0.454601	0	0
4250	0.45133	0	0
4249	0.448128	0	0
4248	0.444994	0	0
4247	0.441926	0	0
4246	0.438924	0	0
4245	0.435985	0	0
4244	0.433109	0	0
4243	0.430294	0	0
4242	0.427539	0	0
4241	0.424843	0	0
4240	0.422205	0	0
4239	0.419624	0	0
4238	0.417098	0	0
4237	0.414627	0	0
4236	0.412211	0	0
4235	0.409847	0	0
4234	0.407536	0	0
4233	0.405276	0	0
4232	0.403067	0	0
4231	0.400909	0	0
4230	0.398801	0	0
4229	0.396742	0	0
4228	0.394732	0	0
4227	0.392771	0	0
4226	0.390858	0	0
4225	0.388993	0	0
4224	0.387176	0	0
4223	0.385407	0	0
4222	0.383686	0	0
4221	0.382012	0	0
4220	0.380387	0	0
4219	0.378809	0	0
4218	0.377279	0	0
4217	0.375797	0	0
4216	0.374364	0	0
4215	0.37298	0	0
4214	0.371645	0	0
4213	0.370361	0	0
4212	0.369126	0	0
4211	0.367942	0	0
4210	0.36681	0	0
4209	0.365731	0	0
4208	0.364704	0	0
4207	0.363731	0	0
4206	0.362814	0	0
4205	0.361952	0	0
4204	0.361146	0	0
4203	0.360399	0	0
4202	0.359711	0	0
4201	0.359084	0	0
4200	0.358518	0	0
4199	0.358015	0	0
4198	0.357577	0	0
4197	0.357204	0	0
4196	0.3569	0	0
4195	0.356664	0	0
4194	0.3565	0	0
4193	0.356408	0	0
4192	0.35639	0	0
4191	0.356448	0	0
4190	0.356585	0	0
4189	0.356801	0	0
4188	0.357099	0	0
4187	0.357481	0	0
4186	0.357948	0	0
4185	0.358503	0	0
4184	0.359146	0	0
4183	0.35988	0	0
4182	0.360706	0	0
4181	0.361626	0	0
4180	0.362641	0	0
4179	0.363751	0	0
4178	0.364959	0	0
4177	0.366263	0	0
4176	0.367664	0	0
4175	0.369163	0	0
4174	0.370757	0	0
4173	0.372445	0	0
4172	0.374225	0	0
4171	0.376095	0	0
4170	0.37805	0	0
4169	0.380086	0	0
4168	0.382197	0	0
4167	0.384377	0	0
4166	0.386616	0	0
4165	0.388906	0	0
4164	0.391235	0	0
4163	0.393592	0	0
4162	0.395961	0	0
4161	0.398329	0	0
4160	0.400676	0	0
4159	0.402985	0	0
4158	0.405236	0	0
4157	0.407406	0	0
4156	0.409473	0	0
4155	0.411412	0	0
4154	0.413199	0	0
4153	0.41481	0	0
4152	0.416217	0	0
4151	0.417398	0	0
4150	0.418328	0	0
4149	0.418984	0	0
4148	0.419346	0	0
4147	0.419395	0	0
4146	0.419116	0	0
4145	0.418497	0	0
4144	0.417528	0	0
4143	0.416205	0	0
4142	0.414527	0	0
4141	0.412497	0	0
4140	0.410122	0	0
4139	0.407413	0	0
4138	0.404386	0	0
4137	0.401059	0	0
4136	0.397452	0	0
4135	0.39359	0	0
4134	0.3895	0	0
4133	0.385213	0	0
4132	0.380758	0	0
4131	0.376207	0	0
4130	0.371535	0	0
4129	0.366754	0	0
4128	0.361889	0	0
4127	0.356964	0	0
4126	0.352	0	0
4125	0.34702	0	0
4124	0.342041	0	0
4123	0.337082	0	0
4122	0.332158	0	0
4121	0.327282	0	0
4120	0.322467	0	0
4119	0.317722	0	0
4118	0.313057	0	0
4117	0.30848	0	0
4116	0.303995	0	0
4115	0.299607	0	0
4114	0.295321	0	0
4113	0.291138	0	0
4112	0.28706	0	0
4111	0.283089	0	0
4110	0.279224	0	0
4109	0.275465	0	0
4108	0.271812	0	0
4107	0.268262	0	0
4106	0.264814	0	0
4105	0.261466	0	0
4104	0.258216	0	0
4103	0.255062	0	0
4102	0.252001	0	0
4101	0.249029	0	0
4100	0.246146	0	0
4099	0.243347	0	0
4098	0.24063	0	0
4097	0.237991	0	0
4096	0.235429	0	0
4095	0.232941	0	0
4094	0.230522	0	0
4093	0.228172	0	0
4092	0.225887	0	0
4091	0.223664	0	0
4090	0.221502	0	0
4089	0.219397	0	0
4088	0.217347	0	0
4087	0.21535	0	0
4086	0.213403	0	0
4085	0.211505	0	0
4084	0.209653	0	0
4083	0.207845	0	0
4082	0.206079	0	0
4081	0.204353	0	0
4080	0.202666	0	0
4079	0.201016	0	0
4078	0.1994	0	0
4077	0.197818	0	0
4076	0.196268	0	0
4075	0.194747	0	0
4074	0.193256	0	0
4073	0.191791	0	0
4072	0.190353	0	0
4071	0.188939	0	0
4070	0.187549	0	0
4069	0.186181	0	0
4068	0.184834	0	0
4067	0.183507	0	0
4066	0.182199	0	0
4065	0.180908	0	0
4064	0.179635	0	0
4063	0.178377	0	0
4062	0.177135	0	0
4061	0.175906	0	0
4060	0.174691	0	0
4059	0.173488	0	0
4058	0.172297	0	0
4057	0.171118	0	0
4056	0.169948	0	0
4055	0.168788	0	0
4054	0.167638	0	0
4053	0.166495	0	0
4052	0.165361	0	0
4051	0.164234	0	0
4050	0.163114	0	0
4049	0.162	0	0
4048	0.160893	0	0
4047	0.159791	0	0
4046	0.158694	0	0
4045	0.157602	0	0
4044	0.156514	0	0
4043	0.15543	0	0
4042	0.154351	0	0
4041	0.153275	0	0
4040	0.152202	0	0
4039	0.151133	0	0
4038	0.150067	0	0
4037	0.149004	0	0
4036	0.147944	0	0
4035	0.146886	0	0
4034	0.145831	0	0
4033	0.144779	0	0
4032	0.143729	0	0
4031	0.142682	0	0
4030	0.141638	0	0
4029	0.140597	0	0
4028	0.139558	0	0
4027	0.138523	0	0
4026	0.13749	0	0
4025	0.136461	0	0
4024	0.135435	0	0
4023	0.134413	0	0
4022	0.133395	0	0
4021	0.132382	0	0
4020	0.131372	0	0
4019	0.130367	0	0
4018	0.129368	0	0
4017	0.128374	0	0
4016	0.127385	0	0
4015	0.126403	0	0
4014	0.125428	0	0
4013	0.124459	0	0
4012	0.123498	0	0
4011	0.122545	0	0
4010	0.1216	0	0
4009	0.120664	0	0
4008	0.119737	0	0
4007	0.118821	0	0
4006	0.117915	0	0
4005	0.11702	0	0
4004	0.116137	0	0
4003	0.115266	0	0
4002	0.114408	0	0
4001	0.113563	0	0
4000	0.112732	0	0
3999	0.111917	0	0
3998	0.111117	0	0
3997	0.110333	0	0
3996	0.109565	0	0
3995	0.108816	0	0
3994	0.108084	0	0
3993	0.107372	0	0
3992	0.106679	0	0
3991	0.106006	0	0
3990	0.105354	0	0
3989	0.104724	0	0
3988	0.104117	0	0
3987	0.103533	0	0
3986	0.102972	0	0
3985	0.102436	0	0
3984	0.101926	0	0
3983	0.10144	0	0
3982	0.100982	0	0
3981	0.10055	0	0
3980	0.100145	0	0
3979	0.0997684	0	0
3978	0.09942	0	0
3977	0.0991001	0	0
3976	0.098809	0	0
3975	0.0985469	0	0
3974	0.0983137	0	0
3973	0.0981096	0	0
3972	0.0979342	0	0
3971	0.0977872	0	0
3970	0.0976681	0	0
3969	0.0975762	0	0
3968	0.0975105	0	0
3967	0.09747	0	0
3966	0.0974533	0	0
3965	0.0974587	0	0
3964	0.0974843	0	0
3963	0.0975278	0	0
3962	0.0975866	0	0
3961	0.0976578	0	0
3960	0.0977381	0	0
3959	0.0978237	0	0
3958	0.0979105	0	0
3957	0.097994	0	0
3956	0.0980694	0	0
3955	0.0981312	0	0
3954	0.0981738	0	0
3953	0.0981911	0	0
3952	0.0981768	0	0
3951	0.0981243	0	0
3950	0.0980267	0	0
3949	0.0978772	0	0
3948	0.0976686	0	0
3947	0.0973942	0	0
3946	0.0970471	0	0
3945	0.0966209	0	0
3944	0.0961095	0	0
3943	0.0955074	0	0
3942	0.0948096	0	0
3941	0.0940119	0	0
3940	0.0931108	0	0
3939	0.0921038	0	0
3938	0.0909889	0	0
3937	0.0897653	0	0
3936	0.088434	0	0
3935	0.086998	0	0
3934	0.0854617	0	0
3933	0.0838304	0	0
3932	0.0821106	0	0
3931	0.0803094	0	0
3930	0.0784349	0	0
3929	0.0764954	0	0
3928	0.0745	0	0
3927	0.0724577	0	0
3926	0.0703777	0	0
3925	0.0682693	0	0
3924	0.0661414	0	0
3923	0.0640026	0	0
3922	0.0618611	0	0
3921	0.0597247	0	0
3920	0.0576005	0	0
3919	0.055495	0	0
3918	0.0534142	0	0
3917	0.0513633	0	0
3916	0.0493468	0	0
3915	0.0473689	0	0
3914	0.0454329	0	0
3913	0.0435415	0	0
3912	0.041697	0	0
3911	0.0399012	0	0
3910	0.0381554	0	0
3909	0.0364606	0	0
3908	0.0348172	0	0
3907	0.0332254	0	0
3906	0.0316852	0	0
3905	0.0301963	0	0
3904	0.0287581	0	0
3903	0.02737	0	0
3902	0.026031	0	0
3901	0.0247403	0	0
3900	0.0234967	0	0
3899	0.0222992	0	0
3898	0.0211465	0	0
3897	0.0200374	0	0
3896	0.0189706	0	0
3895	0.0179449	0	0
3894	0.0169591	0	0
3893	0.0160118	0	0
3892	0.0151018	0	0
3891	0.014228	0	0
3890	0.0133891	0	0
3889	0.0125839	0	0
3888	0.0118113	0	0
3887	0.0110703	0	0
3886	0.0103598	0	0
3885	0.00967884	0	0
3884	0.00902636	0	0
3883	0.00840147	0	0
3882	0.00780331	0	0
3881	0.00723102	0	0
3880	0.00668382	0	0
3879	0.00616094	0	0
3878	0.00566168	0	0
3877	0.00518537	0	0
3876	0.00473138	0	0
3875	0.00429912	0	0
3874	0.00388807	0	0
3873	0.00349771	0	0
3872	0.0031276	0	0
3871	0.00277734	0	0
3870	0.00244658	0	0
3869	0.00213502	0	0
3868	0.00184243	0	0
3867	0.00156866	0	0
3866	0.00131363	0	0
3865	0.00107738	0	0
3864	0.000860074	0	0
3863	0.000662091	0	0
3862	0.000484068	0	0
3861	0.000327085	0	0
3860	0.000193	0	0
3859	8.5345e-05	0	0
3858	1.43489e-05	0	0
3857	0	0	0
3856	0	0	0
3855	0	0	0
3854	0	0	0
3853	0	0	0
3852	0	0	0
3851	0	0	0
3850	0	0	0
3849	0	0	0
3848	0	0	0
3847	0	0	0
3846	0	0	0
3845	0	0	0
3844	0	0	0
3843	0	0	0
3842	0	0	0
3841	0	0	0
3840	0	0	0
3839	0	0	0
3838	0	0	0
3837	0	0	0
3836	0	0	0
3835	0	0	0
3834	0	0	0
3833	0	0	0
3832	0	0	0
3831	0	0	0
3830	0	0	0
3829	0	0	0
3828	0	0	0
3827	0	0	0
3826	0	0	0
3825	0	0	0
3824	0	0	0
3823	0	0	0
3822	0	0	0
3821	0	0	0
3820	0	0	0
3819	0	0	0
3818	0	0	0
3817	0	0	0
3816	0	0	0
3815	0	0	0
3814	0	0	0
3813	0	0	0
3812	0	0	0
3811	0	0	0
3810	0	0	0
3809	0	0	0
3808	0	0	0
3807	0	0	0
3806	0	0	0
3805	0	0	0
3804	0	0	0
3803	0	0	0
3802	0	0	0
3801	0	0	0
3800	0	0	0
3799	0	0	0
3798	0	0	0
3797	0	0	0
3796	0	0	0
3795	0	0	0
3794	0	0	0
3793	0	0	0
3792	0	0	0
3791	0	0	0
3790	0	0	0
3789	0	0	0
3788	0	0	0
