8379	144.838	0	0
8378	142.781	0	0
8377	141.246	0	0
8376	139.969	0	0
8375	138.855	0	0
8374	137.856	0	0
8373	136.945	0	0
8372	136.103	0	0
8371	135.318	0	0
8370	134.579	0	0
8369	133.88	0	0
8368	133.217	0	0
8367	132.583	0	0
8366	131.976	0	0
8365	131.393	0	0
8364	130.831	0	0
8363	130.288	0	0
8362	129.763	0	0
8361	129.255	0	0
8360	128.761	0	0
8359	128.28	0	0
8358	127.813	0	0
8357	127.357	0	0
8356	126.912	0	0
8355	126.478	0	0
8354	126.053	0	0
8353	125.637	0	0
8352	125.23	0	0
8351	124.83	0	0
8350	124.439	0	0
8349	124.055	0	0
8348	123.678	0	0
8347	123.307	0	0
8346	122.943	0	0
8345	122.584	0	0
8344	122.232	0	0
8343	121.884	0	0
8342	121.543	0	0
8341	121.206	0	0
8340	120.874	0	0
8339	120.547	0	0
8338	120.224	0	0
8337	119.906	0	0
8336	119.592	0	0
8335	119.282	0	0
8334	118.975	0	0
8333	118.673	0	0
8332	118.374	0	0
8331	118.079	0	0
8330	117.788	0	0
8329	117.499	0	0
8328	117.214	0	0
8327	116.932	0	0
8326	116.654	0	0
8325	116.378	0	0
8324	116.105	0	0
8323	115.835	0	0
8322	115.568	0	0
8321	115.303	0	0
8320	115.041	0	0
8319	114.782	0	0
8318	114.525	0	0
8317	114.27	0	0
8316	114.018	0	0
8315	113.768	0	0
8314	113.521	0	0
8313	113.276	0	0
8312	113.032	0	0
8311	112.792	0	0
8310	112.553	0	0
8309	112.316	0	0
8308	112.081	0	0
8307	111.848	0	0
8306	111.617	0	0
8305	111.388	0	0
8304	111.161	0	0
8303	110.936	0	0
8302	110.712	0	0
8301	110.491	0	0
8300	110.27	0	0
8299	110.052	0	0
8298	109.835	0	0
8297	109.62	0	0
8296	109.407	0	0
8295	109.195	0	0
8294	108.984	0	0
8293	108.776	0	0
8292	108.568	0	0
8291	108.362	0	0
8290	108.158	0	0
8289	107.955	0	0
8288	107.753	0	0
8287	107.553	0	0
8286	107.354	0	0
8285	107.157	0	0
8284	106.961	0	0
8283	106.766	0	0
8282	106.572	0	0
8281	106.38	0	0
8280	106.189	0	0
8279	105.999	0	0
8278	105.81	0	0
8277	105.623	0	0
8276	105.436	0	0
8275	105.251	0	0
8274	105.067	0	0
8273	104.885	0	0
8272	104.703	0	0
8271	104.522	0	0
8270	104.343	0	0
8269	104.164	0	0
8268	103.987	0	0
8267	103.811	0	0
8266	103.635	0	0
8265	103.461	0	0
8264	103.288	0	0
8263	103.116	0	0
8262	102.944	0	0
8261	102.774	0	0
8260	102.605	0	0
8259	102.436	0	0
8258	102.269	0	0
8257	102.102	0	0
8256	101.937	0	0
8255	101.772	0	0
8254	101.608	0	0
8253	101.445	0	0
8252	101.283	0	0
8251	101.122	0	0
8250	100.962	0	0
8249	100.802	0	0
8248	100.644	0	0
8247	100.486	0	0
8246	100.329	0	0
8245	100.173	0	0
8244	100.018	0	0
8243	99.863	0	0
8242	99.7093	0	0
8241	99.5563	0	0
8240	99.4041	0	0
8239	99.2527	0	0
8238	99.102	0	0
8237	98.9521	0	0
8236	98.8029	0	0
8235	98.6544	0	0
8234	98.5067	0	0
8233	98.3597	0	0
8232	98.2134	0	0
8231	98.0678	0	0
8230	97.9229	0	0
8229	97.7787	0	0
8228	97.6352	0	0
8227	97.4924	0	0
8226	97.3502	0	0
8225	97.2087	0	0
8224	97.0679	0	0
8223	96.9277	0	0
8222	96.7882	0	0
8221	96.6493	0	0
8220	96.5111	0	0
8219	96.3735	0	0
8218	96.2365	0	0
8217	96.1002	0	0
8216	95.9644	0	0
8215	95.8293	0	0
8214	95.6948	0	0
8213	95.5609	0	0
8212	95.4275	0	0
8211	95.2948	0	0
8210	95.1626	0	0
8209	95.0311	0	0
8208	94.9001	0	0
8207	94.7696	0	0
8206	94.6398	0	0
8205	94.5104	0	0
8204	94.3817	0	0
8203	94.2535	0	0
8202	94.1259	0	0
8201	93.9987	0	0
8200	93.8722	0	0
8199	93.7461	0	0
8198	93.6206	0	0
8197	93.4957	0	0
8196	93.3712	0	0
8195	93.2473	0	0
8194	93.1238	0	0
8193	93.0009	0	0
8192	92.8785	0	0
8191	92.7566	0	0
8190	92.6352	0	0
8189	92.5142	0	0
8188	92.3938	0	0
8187	92.2739	0	0
8186	92.1544	0	0
8185	92.0354	0	0
8184	91.9169	0	0
8183	91.7989	0	0
8182	91.6813	0	0
8181	91.5642	0	0
8180	91.4476	0	0
8179	91.3314	0	0
8178	91.2157	0	0
8177	91.1004	0	0
8176	90.9856	0	0
8175	90.8712	0	0
8174	90.7572	0	0
8173	90.6437	0	0
8172	90.5307	0	0
8171	90.418	0	0
8170	90.3058	0	0
8169	90.1941	0	0
8168	90.0827	0	0
8167	89.9718	0	0
8166	89.8613	0	0
8165	89.7512	0	0
8164	89.6415	0	0
8163	89.5322	0	0
8162	89.4233	0	0
8161	89.3149	0	0
8160	89.2068	0	0
8159	89.0991	0	0
8158	88.9918	0	0
8157	88.885	0	0
8156	88.7785	0	0
8155	88.6724	0	0
8154	88.5667	0	0
8153	88.4613	0	0
8152	88.3564	0	0
8151	88.2518	0	0
8150	88.1476	0	0
8149	88.0438	0	0
8148	87.9403	0	0
8147	87.8372	0	0
8146	87.7345	0	0
8145	87.6321	0	0
8144	87.5301	0	0
8143	87.4285	0	0
8142	87.3272	0	0
8141	87.2263	0	0
8140	87.1257	0	0
8139	87.0255	0	0
8138	86.9256	0	0
8137	86.8261	0	0
8136	86.7269	0	0
8135	86.628	0	0
8134	86.5295	0	0
8133	86.4314	0	0
8132	86.3335	0	0
8131	86.236	0	0
8130	86.1389	0	0
8129	86.042	0	0
8128	85.9455	0	0
8127	85.8493	0	0
8126	85.7534	0	0
8125	85.6579	0	0
8124	85.5627	0	0
8123	85.4678	0	0
8122	85.3732	0	0
8121	85.2789	0	0
8120	85.1849	0	0
8119	85.0913	0	0
8118	84.9979	0	0
8117	84.9049	0	0
8116	84.8121	0	0
8115	84.7197	0	0
8114	84.6276	0	0
8113	84.5357	0	0
8112	84.4442	0	0
8111	84.353	0	0
8110	84.262	0	0
8109	84.1714	0	0
8108	84.081	0	0
8107	83.9909	0	0
8106	83.9012	0	0
8105	83.8117	0	0
8104	83.7224	0	0
8103	83.6335	0	0
8102	83.5449	0	0
8101	83.4565	0	0
8100	83.3684	0	0
8099	83.2806	0	0
8098	83.1931	0	0
8097	83.1058	0	0
8096	83.0188	0	0
8095	82.9321	0	0
8094	82.8456	0	0
8093	82.7595	0	0
8092	82.6736	0	0
8091	82.5879	0	0
8090	82.5025	0	0
8089	82.4174	0	0
8088	82.3325	0	0
8087	82.2479	0	0
8086	82.1636	0	0
8085	82.0795	0	0
8084	81.9957	0	0
8083	81.9121	0	0
8082	81.8288	0	0
8081	81.7457	0	0
8080	81.6629	0	0
8079	81.5803	0	0
8078	81.498	0	0
8077	81.4159	0	0
8076	81.3341	0	0
8075	81.2525	0	0
8074	81.1711	0	0
8073	81.09	0	0
8072	81.0092	0	0
8071	80.9285	0	0
8070	80.8481	0	0
8069	80.768	0	0
8068	80.6881	0	0
8067	80.6084	0	0
8066	80.5289	0	0
8065	80.4497	0	0
8064	80.3707	0	0
8063	80.292	0	0
8062	80.2134	0	0
8061	80.1351	0	0
8060	80.0571	0	0
8059	79.9792	0	0
8058	79.9016	0	0
8057	79.8242	0	0
8056	79.747	0	0
8055	79.67	0	0
8054	79.5933	0	0
8053	79.5168	0	0
8052	79.4405	0	0
8051	79.3644	0	0
8050	79.2885	0	0
8049	79.2128	0	0
8048	79.1374	0	0
8047	79.0622	0	0
8046	78.9871	0	0
8045	78.9123	0	0
8044	78.8377	0	0
8043	78.7633	0	0
8042	78.6891	0	0
8041	78.6152	0	0
8040	78.5414	0	0
8039	78.4678	0	0
8038	78.3945	0	0
8037	78.3213	0	0
8036	78.2483	0	0
8035	78.1756	0	0
8034	78.103	0	0
8033	78.0306	0	0
8032	77.9585	0	0
8031	77.8865	0	0
8030	77.8147	0	0
8029	77.7431	0	0
8028	77.6718	0	0
8027	77.6006	0	0
8026	77.5296	0	0
8025	77.4588	0	0
8024	77.3882	0	0
8023	77.3177	0	0
8022	77.2475	0	0
8021	77.1774	0	0
8020	77.1076	0	0
8019	77.0379	0	0
8018	76.9684	0	0
8017	76.8991	0	0
8016	76.83	0	0
8015	76.7611	0	0
8014	76.6923	0	0
8013	76.6237	0	0
8012	76.5553	0	0
8011	76.4871	0	0
8010	76.4191	0	0
8009	76.3512	0	0
8008	76.2836	0	0
8007	76.2161	0	0
8006	76.1487	0	0
8005	76.0816	0	0
8004	76.0146	0	0
8003	75.9478	0	0
8002	75.8812	0	0
8001	75.8147	0	0
8000	75.7485	0	0
7999	75.6824	0	0
7998	75.6164	0	0
7997	75.5506	0	0
7996	75.485	0	0
7995	75.4196	0	0
7994	75.3543	0	0
7993	75.2892	0	0
7992	75.2243	0	0
7991	75.1595	0	0
7990	75.0949	0	0
7989	75.0305	0	0
7988	74.9662	0	0
7987	74.9021	0	0
7986	74.8381	0	0
7985	74.7743	0	0
7984	74.7107	0	0
7983	74.6472	0	0
7982	74.5839	0	0
7981	74.5208	0	0
7980	74.4578	0	0
7979	74.3949	0	0
7978	74.3322	0	0
7977	74.2697	0	0
7976	74.2073	0	0
7975	74.1451	0	0
7974	74.0831	0	0
7973	74.0211	0	0
7972	73.9594	0	0
7971	73.8978	0	0
7970	73.8363	0	0
7969	73.775	0	0
7968	73.7139	0	0
7967	73.6529	0	0
7966	73.592	0	0
7965	73.5313	0	0
7964	73.4707	0	0
7963	73.4103	0	0
7962	73.3501	0	0
7961	73.2899	0	0
7960	73.23	0	0
7959	73.1701	0	0
7958	73.1104	0	0
7957	73.0509	0	0
7956	72.9915	0	0
7955	72.9322	0	0
7954	72.8731	0	0
7953	72.8142	0	0
7952	72.7553	0	0
7951	72.6966	0	0
7950	72.6381	0	0
7949	72.5797	0	0
7948	72.5214	0	0
7947	72.4633	0	0
7946	72.4053	0	0
7945	72.3474	0	0
7944	72.2897	0	0
7943	72.2321	0	0
7942	72.1746	0	0
7941	72.1173	0	0
7940	72.0601	0	0
7939	72.0031	0	0
7938	71.9462	0	0
7937	71.8894	0	0
7936	71.8327	0	0
7935	71.7762	0	0
7934	71.7198	0	0
7933	71.6636	0	0
7932	71.6075	0	0
7931	71.5515	0	0
7930	71.4956	0	0
7929	71.4399	0	0
7928	71.3843	0	0
7927	71.3288	0	0
7926	71.2734	0	0
7925	71.2182	0	0
7924	71.1631	0	0
7923	71.1081	0	0
7922	71.0533	0	0
7921	70.9986	0	0
7920	70.944	0	0
7919	70.8895	0	0
7918	70.8352	0	0
7917	70.7809	0	0
7916	70.7268	0	0
7915	70.6728	0	0
7914	70.619	0	0
7913	70.5653	0	0
7912	70.5116	0	0
7911	70.4581	0	0
7910	70.4048	0	0
7909	70.3515	0	0
7908	70.2984	0	0
7907	70.2454	0	0
7906	70.1925	0	0
7905	70.1397	0	0
7904	70.087	0	0
7903	70.0345	0	0
7902	69.9821	0	0
7901	69.9297	0	0
7900	69.8775	0	0
7899	69.8255	0	0
7898	69.7735	0	0
7897	69.7217	0	0
7896	69.6699	0	0
7895	69.6183	0	0
7894	69.5668	0	0
7893	69.5154	0	0
7892	69.4641	0	0
7891	69.4129	0	0
7890	69.3619	0	0
7889	69.3109	0	0
7888	69.2601	0	0
7887	69.2094	0	0
7886	69.1588	0	0
7885	69.1083	0	0
7884	69.0579	0	0
7883	69.0076	0	0
7882	68.9574	0	0
7881	68.9073	0	0
7880	68.8574	0	0
7879	68.8075	0	0
7878	68.7578	0	0
7877	68.7081	0	0
7876	68.6586	0	0
7875	68.6092	0	0
7874	68.5599	0	0
7873	68.5106	0	0
7872	68.4615	0	0
7871	68.4125	0	0
7870	68.3636	0	0
7869	68.3148	0	0
7868	68.2661	0	0
7867	68.2176	0	0
7866	68.1691	0	0
7865	68.1207	0	0
7864	68.0724	0	0
7863	68.0242	0	0
7862	67.9761	0	0
7861	67.9282	0	0
7860	67.8803	0	0
7859	67.8325	0	0
7858	67.7848	0	0
7857	67.7373	0	0
7856	67.6898	0	0
7855	67.6424	0	0
7854	67.5951	0	0
7853	67.548	0	0
7852	67.5009	0	0
7851	67.4539	0	0
7850	67.407	0	0
7849	67.3602	0	0
7848	67.3135	0	0
7847	67.2669	0	0
7846	67.2204	0	0
7845	67.174	0	0
7844	67.1277	0	0
7843	67.0815	0	0
7842	67.0354	0	0
7841	66.9894	0	0
7840	66.9435	0	0
7839	66.8976	0	0
7838	66.8519	0	0
7837	66.8062	0	0
7836	66.7607	0	0
7835	66.7152	0	0
7834	66.6699	0	0
7833	66.6246	0	0
7832	66.5794	0	0
7831	66.5343	0	0
7830	66.4893	0	0
7829	66.4444	0	0
7828	66.3996	0	0
7827	66.3548	0	0
7826	66.3102	0	0
7825	66.2657	0	0
7824	66.2212	0	0
7823	66.1768	0	0
7822	66.1326	0	0
7821	66.0884	0	0
7820	66.0443	0	0
7819	66.0002	0	0
7818	65.9563	0	0
7817	65.9125	0	0
7816	65.8687	0	0
7815	65.8251	0	0
7814	65.7815	0	0
7813	65.738	0	0
7812	65.6946	0	0
7811	65.6513	0	0
7810	65.608	0	0
7809	65.5649	0	0
7808	65.5218	0	0
7807	65.4788	0	0
7806	65.4359	0	0
7805	65.3931	0	0
7804	65.3504	0	0
7803	65.3078	0	0
7802	65.2652	0	0
7801	65.2227	0	0
7800	65.1803	0	0
7799	65.138	0	0
7798	65.0958	0	0
7797	65.0537	0	0
7796	65.0116	0	0
7795	64.9696	0	0
7794	64.9277	0	0
7793	64.8859	0	0
7792	64.8442	0	0
7791	64.8025	0	0
7790	64.7609	0	0
7789	64.7194	0	0
7788	64.678	0	0
7787	64.6367	0	0
7786	64.5954	0	0
7785	64.5543	0	0
7784	64.5132	0	0
7783	64.4721	0	0
7782	64.4312	0	0
7781	64.3903	0	0
7780	64.3496	0	0
7779	64.3088	0	0
7778	64.2682	0	0
7777	64.2277	0	0
7776	64.1872	0	0
7775	64.1468	0	0
7774	64.1065	0	0
7773	64.0662	0	0
7772	64.0261	0	0
7771	63.986	0	0
7770	63.946	0	0
7769	63.906	0	0
7768	63.8661	0	0
7767	63.8264	0	0
7766	63.7866	0	0
7765	63.747	0	0
7764	63.7074	0	0
7763	63.6679	0	0
7762	63.6285	0	0
7761	63.5892	0	0
7760	63.5499	0	0
7759	63.5107	0	0
7758	63.4716	0	0
7757	63.4325	0	0
7756	63.3936	0	0
7755	63.3546	0	0
7754	63.3158	0	0
7753	63.277	0	0
7752	63.2384	0	0
7751	63.1997	0	0
7750	63.1612	0	0
7749	63.1227	0	0
7748	63.0843	0	0
7747	63.046	0	0
7746	63.0077	0	0
7745	62.9695	0	0
7744	62.9314	0	0
7743	62.8933	0	0
7742	62.8554	0	0
7741	62.8174	0	0
7740	62.7796	0	0
7739	62.7418	0	0
7738	62.7041	0	0
7737	62.6665	0	0
7736	62.6289	0	0
7735	62.5914	0	0
7734	62.554	0	0
7733	62.5166	0	0
7732	62.4793	0	0
7731	62.4421	0	0
7730	62.4049	0	0
7729	62.3678	0	0
7728	62.3308	0	0
7727	62.2938	0	0
7726	62.2569	0	0
7725	62.2201	0	0
7724	62.1833	0	0
7723	62.1466	0	0
7722	62.11	0	0
7721	62.0734	0	0
7720	62.0369	0	0
7719	62.0005	0	0
7718	61.9641	0	0
7717	61.9278	0	0
7716	61.8916	0	0
7715	61.8554	0	0
7714	61.8193	0	0
7713	61.7833	0	0
7712	61.7473	0	0
7711	61.7114	0	0
7710	61.6755	0	0
7709	61.6397	0	0
7708	61.604	0	0
7707	61.5683	0	0
7706	61.5327	0	0
7705	61.4972	0	0
7704	61.4617	0	0
7703	61.4263	0	0
7702	61.3909	0	0
7701	61.3556	0	0
7700	61.3204	0	0
7699	61.2852	0	0
7698	61.2501	0	0
7697	61.2151	0	0
7696	61.1801	0	0
7695	61.1452	0	0
7694	61.1103	0	0
7693	61.0755	0	0
7692	61.0408	0	0
7691	61.0061	0	0
7690	60.9715	0	0
7689	60.9369	0	0
7688	60.9024	0	0
7687	60.868	0	0
7686	60.8336	0	0
7685	60.7993	0	0
7684	60.765	0	0
7683	60.7308	0	0
7682	60.6967	0	0
7681	60.6626	0	0
7680	60.6286	0	0
7679	60.5946	0	0
7678	60.5607	0	0
7677	60.5268	0	0
7676	60.493	0	0
7675	60.4593	0	0
7674	60.4256	0	0
7673	60.392	0	0
7672	60.3584	0	0
7671	60.3249	0	0
7670	60.2915	0	0
7669	60.2581	0	0
7668	60.2247	0	0
7667	60.1915	0	0
7666	60.1582	0	0
7665	60.1251	0	0
7664	60.092	0	0
7663	60.0589	0	0
7662	60.0259	0	0
7661	59.993	0	0
7660	59.9601	0	0
7659	59.9272	0	0
7658	59.8945	0	0
7657	59.8617	0	0
7656	59.8291	0	0
7655	59.7965	0	0
7654	59.7639	0	0
7653	59.7314	0	0
7652	59.699	0	0
7651	59.6666	0	0
7650	59.6342	0	0
7649	59.6019	0	0
7648	59.5697	0	0
7647	59.5375	0	0
7646	59.5054	0	0
7645	59.4733	0	0
7644	59.4413	0	0
7643	59.4093	0	0
7642	59.3774	0	0
7641	59.3456	0	0
7640	59.3137	0	0
7639	59.282	0	0
7638	59.2503	0	0
7637	59.2186	0	0
7636	59.187	0	0
7635	59.1555	0	0
7634	59.124	0	0
7633	59.0926	0	0
7632	59.0612	0	0
7631	59.0298	0	0
7630	58.9985	0	0
7629	58.9673	0	0
7628	58.9361	0	0
7627	58.905	0	0
7626	58.8739	0	0
7625	58.8428	0	0
7624	58.8119	0	0
7623	58.7809	0	0
7622	58.75	0	0
7621	58.7192	0	0
7620	58.6884	0	0
7619	58.6577	0	0
7618	58.627	0	0
7617	58.5964	0	0
7616	58.5658	0	0
7615	58.5352	0	0
7614	58.5048	0	0
7613	58.4743	0	0
7612	58.4439	0	0
7611	58.4136	0	0
7610	58.3833	0	0
7609	58.3531	0	0
7608	58.3229	0	0
7607	58.2927	0	0
7606	58.2626	0	0
7605	58.2326	0	0
7604	58.2026	0	0
7603	58.1726	0	0
7602	58.1427	0	0
7601	58.1129	0	0
7600	58.083	0	0
7599	58.0533	0	0
7598	58.0236	0	0
7597	57.9939	0	0
7596	57.9643	0	0
7595	57.9347	0	0
7594	57.9052	0	0
7593	57.8757	0	0
7592	57.8463	0	0
7591	57.8169	0	0
7590	57.7875	0	0
7589	57.7582	0	0
7588	57.729	0	0
7587	57.6998	0	0
7586	57.6706	0	0
7585	57.6415	0	0
7584	57.6124	0	0
7583	57.5834	0	0
7582	57.5544	0	0
7581	57.5255	0	0
7580	57.4966	0	0
7579	57.4678	0	0
7578	57.439	0	0
7577	57.4102	0	0
7576	57.3815	0	0
7575	57.3529	0	0
7574	57.3243	0	0
7573	57.2957	0	0
7572	57.2672	0	0
7571	57.2387	0	0
7570	57.2102	0	0
7569	57.1818	0	0
7568	57.1535	0	0
7567	57.1252	0	0
7566	57.0969	0	0
7565	57.0687	0	0
7564	57.0405	0	0
7563	57.0124	0	0
7562	56.9843	0	0
7561	56.9562	0	0
7560	56.9282	0	0
7559	56.9003	0	0
7558	56.8724	0	0
7557	56.8445	0	0
7556	56.8166	0	0
7555	56.7889	0	0
7554	56.7611	0	0
7553	56.7334	0	0
7552	56.7057	0	0
7551	56.6781	0	0
7550	56.6505	0	0
7549	56.623	0	0
7548	56.5955	0	0
7547	56.568	0	0
7546	56.5406	0	0
7545	56.5133	0	0
7544	56.4859	0	0
7543	56.4586	0	0
7542	56.4314	0	0
7541	56.4042	0	0
7540	56.377	0	0
7539	56.3499	0	0
7538	56.3228	0	0
7537	56.2958	0	0
7536	56.2688	0	0
7535	56.2418	0	0
7534	56.2149	0	0
7533	56.188	0	0
7532	56.1611	0	0
7531	56.1343	0	0
7530	56.1076	0	0
7529	56.0809	0	0
7528	56.0542	0	0
7527	56.0275	0	0
7526	56.0009	0	0
7525	55.9744	0	0
7524	55.9479	0	0
7523	55.9214	0	0
7522	55.8949	0	0
7521	55.8685	0	0
7520	55.8422	0	0
7519	55.8158	0	0
7518	55.7895	0	0
7517	55.7633	0	0
7516	55.7371	0	0
7515	55.7109	0	0
7514	55.6848	0	0
7513	55.6587	0	0
7512	55.6326	0	0
7511	55.6066	0	0
7510	55.5806	0	0
7509	55.5547	0	0
7508	55.5288	0	0
7507	55.5029	0	0
7506	55.4771	0	0
7505	55.4513	0	0
7504	55.4255	0	0
7503	55.3998	0	0
7502	55.3741	0	0
7501	55.3485	0	0
7500	55.3229	0	0
7499	55.2973	0	0
7498	55.2718	0	0
7497	55.2463	0	0
7496	55.2208	0	0
7495	55.1954	0	0
7494	55.17	0	0
7493	55.1447	0	0
7492	55.1194	0	0
7491	55.0941	0	0
7490	55.0689	0	0
7489	55.0437	0	0
7488	55.0185	0	0
7487	54.9934	0	0
7486	54.9683	0	0
7485	54.9433	0	0
7484	54.9182	0	0
7483	54.8933	0	0
7482	54.8683	0	0
7481	54.8434	0	0
7480	54.8185	0	0
7479	54.7937	0	0
7478	54.7689	0	0
7477	54.7441	0	0
7476	54.7194	0	0
7475	54.6947	0	0
7474	54.67	0	0
7473	54.6454	0	0
7472	54.6208	0	0
7471	54.5962	0	0
7470	54.5717	0	0
7469	54.5472	0	0
7468	54.5228	0	0
7467	54.4983	0	0
7466	54.474	0	0
7465	54.4496	0	0
7464	54.4253	0	0
7463	54.401	0	0
7462	54.3768	0	0
7461	54.3525	0	0
7460	54.3284	0	0
7459	54.3042	0	0
7458	54.2801	0	0
7457	54.256	0	0
7456	54.232	0	0
7455	54.208	0	0
7454	54.184	0	0
7453	54.1601	0	0
7452	54.1361	0	0
7451	54.1123	0	0
7450	54.0884	0	0
7449	54.0646	0	0
7448	54.0408	0	0
7447	54.0171	0	0
7446	53.9934	0	0
7445	53.9697	0	0
7444	53.9461	0	0
7443	53.9224	0	0
7442	53.8989	0	0
7441	53.8753	0	0
7440	53.8518	0	0
7439	53.8283	0	0
7438	53.8049	0	0
7437	53.7815	0	0
7436	53.7581	0	0
7435	53.7347	0	0
7434	53.7114	0	0
7433	53.6881	0	0
7432	53.6648	0	0
7431	53.6416	0	0
7430	53.6184	0	0
7429	53.5953	0	0
7428	53.5721	0	0
7427	53.549	0	0
7426	53.526	0	0
7425	53.5029	0	0
7424	53.4799	0	0
7423	53.457	0	0
7422	53.434	0	0
7421	53.4111	0	0
7420	53.3882	0	0
7419	53.3654	0	0
7418	53.3426	0	0
7417	53.3198	0	0
7416	53.297	0	0
7415	53.2743	0	0
7414	53.2516	0	0
7413	53.229	0	0
7412	53.2063	0	0
7411	53.1837	0	0
7410	53.1611	0	0
7409	53.1386	0	0
7408	53.1161	0	0
7407	53.0936	0	0
7406	53.0712	0	0
7405	53.0487	0	0
7404	53.0264	0	0
7403	53.004	0	0
7402	52.9817	0	0
7401	52.9594	0	0
7400	52.9371	0	0
7399	52.9149	0	0
7398	52.8927	0	0
7397	52.8705	0	0
7396	52.8483	0	0
7395	52.8262	0	0
7394	52.8041	0	0
7393	52.782	0	0
7392	52.76	0	0
7391	52.738	0	0
7390	52.716	0	0
7389	52.6941	0	0
7388	52.6722	0	0
7387	52.6503	0	0
7386	52.6284	0	0
7385	52.6066	0	0
7384	52.5848	0	0
7383	52.563	0	0
7382	52.5413	0	0
7381	52.5196	0	0
7380	52.4979	0	0
7379	52.4762	0	0
7378	52.4546	0	0
7377	52.433	0	0
7376	52.4114	0	0
7375	52.3899	0	0
7374	52.3683	0	0
7373	52.3469	0	0
7372	52.3254	0	0
7371	52.304	0	0
7370	52.2826	0	0
7369	52.2612	0	0
7368	52.2398	0	0
7367	52.2185	0	0
7366	52.1972	0	0
7365	52.176	0	0
7364	52.1547	0	0
7363	52.1335	0	0
7362	52.1123	0	0
7361	52.0912	0	0
7360	52.07	0	0
7359	52.0489	0	0
7358	52.0279	0	0
7357	52.0068	0	0
7356	51.9858	0	0
7355	51.9648	0	0
7354	51.9439	0	0
7353	51.9229	0	0
7352	51.902	0	0
7351	51.8811	0	0
7350	51.8603	0	0
7349	51.8394	0	0
7348	51.8186	0	0
7347	51.7979	0	0
7346	51.7771	0	0
7345	51.7564	0	0
7344	51.7357	0	0
7343	51.715	0	0
7342	51.6944	0	0
7341	51.6738	0	0
7340	51.6532	0	0
7339	51.6326	0	0
7338	51.6121	0	0
7337	51.5915	0	0
7336	51.5711	0	0
7335	51.5506	0	0
7334	51.5302	0	0
7333	51.5097	0	0
7332	51.4894	0	0
7331	51.469	0	0
7330	51.4487	0	0
7329	51.4284	0	0
7328	51.4081	0	0
7327	51.3878	0	0
7326	51.3676	0	0
7325	51.3474	0	0
7324	51.3272	0	0
7323	51.3071	0	0
7322	51.2869	0	0
7321	51.2668	0	0
7320	51.2468	0	0
7319	51.2267	0	0
7318	51.2067	0	0
7317	51.1867	0	0
7316	51.1667	0	0
7315	51.1467	0	0
7314	51.1268	0	0
7313	51.1069	0	0
7312	51.087	0	0
7311	51.0672	0	0
7310	51.0474	0	0
7309	51.0276	0	0
7308	51.0078	0	0
7307	50.988	0	0
7306	50.9683	0	0
7305	50.9486	0	0
7304	50.9289	0	0
7303	50.9092	0	0
7302	50.8896	0	0
7301	50.87	0	0
7300	50.8504	0	0
7299	50.8309	0	0
7298	50.8113	0	0
7297	50.7918	0	0
7296	50.7723	0	0
7295	50.7529	0	0
7294	50.7334	0	0
7293	50.714	0	0
7292	50.6946	0	0
7291	50.6752	0	0
7290	50.6559	0	0
7289	50.6366	0	0
7288	50.6173	0	0
7287	50.598	0	0
7286	50.5787	0	0
7285	50.5595	0	0
7284	50.5403	0	0
7283	50.5211	0	0
7282	50.502	0	0
7281	50.4828	0	0
7280	50.4637	0	0
7279	50.4446	0	0
7278	50.4256	0	0
7277	50.4065	0	0
7276	50.3875	0	0
7275	50.3685	0	0
7274	50.3496	0	0
7273	50.3306	0	0
7272	50.3117	0	0
7271	50.2928	0	0
7270	50.2739	0	0
7269	50.255	0	0
7268	50.2362	0	0
7267	50.2174	0	0
7266	50.1986	0	0
7265	50.1798	0	0
7264	50.1611	0	0
7263	50.1424	0	0
7262	50.1237	0	0
7261	50.105	0	0
7260	50.0863	0	0
7259	50.0677	0	0
7258	50.0491	0	0
7257	50.0305	0	0
7256	50.0119	0	0
7255	49.9934	0	0
7254	49.9749	0	0
7253	49.9564	0	0
7252	49.9379	0	0
7251	49.9194	0	0
7250	49.901	0	0
7249	49.8826	0	0
7248	49.8642	0	0
7247	49.8458	0	0
7246	49.8275	0	0
7245	49.8091	0	0
7244	49.7908	0	0
7243	49.7726	0	0
7242	49.7543	0	0
7241	49.7361	0	0
7240	49.7178	0	0
7239	49.6996	0	0
7238	49.6815	0	0
7237	49.6633	0	0
7236	49.6452	0	0
7235	49.6271	0	0
7234	49.609	0	0
7233	49.5909	0	0
7232	49.5729	0	0
7231	49.5548	0	0
7230	49.5368	0	0
7229	49.5188	0	0
7228	49.5009	0	0
7227	49.4829	0	0
7226	49.465	0	0
7225	49.4471	0	0
7224	49.4292	0	0
7223	49.4114	0	0
7222	49.3935	0	0
7221	49.3757	0	0
7220	49.3579	0	0
7219	49.3401	0	0
7218	49.3224	0	0
7217	49.3046	0	0
7216	49.2869	0	0
7215	49.2692	0	0
7214	49.2516	0	0
7213	49.2339	0	0
7212	49.2163	0	0
7211	49.1987	0	0
7210	49.1811	0	0
7209	49.1635	0	0
7208	49.1459	0	0
7207	49.1284	0	0
7206	49.1109	0	0
7205	49.0934	0	0
7204	49.0759	0	0
7203	49.0585	0	0
7202	49.041	0	0
7201	49.0236	0	0
7200	49.0062	0	0
7199	48.9889	0	0
7198	48.9715	0	0
7197	48.9542	0	0
7196	48.9369	0	0
7195	48.9196	0	0
7194	48.9023	0	0
7193	48.885	0	0
7192	48.8678	0	0
7191	48.8506	0	0
7190	48.8334	0	0
7189	48.8162	0	0
7188	48.799	0	0
7187	48.7819	0	0
7186	48.7648	0	0
7185	48.7477	0	0
7184	48.7306	0	0
7183	48.7135	0	0
7182	48.6965	0	0
7181	48.6795	0	0
7180	48.6625	0	0
7179	48.6455	0	0
7178	48.6285	0	0
7177	48.6116	0	0
7176	48.5946	0	0
7175	48.5777	0	0
7174	48.5608	0	0
7173	48.544	0	0
7172	48.5271	0	0
7171	48.5103	0	0
7170	48.4935	0	0
7169	48.4767	0	0
7168	48.4599	0	0
7167	48.4431	0	0
7166	48.4264	0	0
7165	48.4097	0	0
7164	48.393	0	0
7163	48.3763	0	0
7162	48.3596	0	0
7161	48.343	0	0
7160	48.3263	0	0
7159	48.3097	0	0
7158	48.2931	0	0
7157	48.2766	0	0
7156	48.26	0	0
7155	48.2435	0	0
7154	48.2269	0	0
7153	48.2104	0	0
7152	48.194	0	0
7151	48.1775	0	0
7150	48.161	0	0
7149	48.1446	0	0
7148	48.1282	0	0
7147	48.1118	0	0
7146	48.0954	0	0
7145	48.0791	0	0
7144	48.0627	0	0
7143	48.0464	0	0
7142	48.0301	0	0
7141	48.0138	0	0
7140	47.9976	0	0
7139	47.9813	0	0
7138	47.9651	0	0
7137	47.9489	0	0
7136	47.9327	0	0
7135	47.9165	0	0
7134	47.9003	0	0
7133	47.8842	0	0
7132	47.868	0	0
7131	47.8519	0	0
7130	47.8358	0	0
7129	47.8198	0	0
7128	47.8037	0	0
7127	47.7877	0	0
7126	47.7716	0	0
7125	47.7556	0	0
7124	47.7396	0	0
7123	47.7237	0	0
7122	47.7077	0	0
7121	47.6918	0	0
7120	47.6758	0	0
7119	47.6599	0	0
7118	47.6441	0	0
7117	47.6282	0	0
7116	47.6123	0	0
7115	47.5965	0	0
7114	47.5807	0	0
7113	47.5649	0	0
7112	47.5491	0	0
7111	47.5333	0	0
7110	47.5176	0	0
7109	47.5018	0	0
7108	47.4861	0	0
7107	47.4704	0	0
7106	47.4547	0	0
7105	47.439	0	0
7104	47.4234	0	0
7103	47.4078	0	0
7102	47.3921	0	0
7101	47.3765	0	0
7100	47.3609	0	0
7099	47.3454	0	0
7098	47.3298	0	0
7097	47.3143	0	0
7096	47.2988	0	0
7095	47.2833	0	0
7094	47.2678	0	0
7093	47.2523	0	0
7092	47.2368	0	0
7091	47.2214	0	0
7090	47.206	0	0
7089	47.1906	0	0
7088	47.1752	0	0
7087	47.1598	0	0
7086	47.1444	0	0
7085	47.1291	0	0
7084	47.1138	0	0
7083	47.0984	0	0
7082	47.0832	0	0
7081	47.0679	0	0
7080	47.0526	0	0
7079	47.0374	0	0
7078	47.0221	0	0
7077	47.0069	0	0
7076	46.9917	0	0
7075	46.9765	0	0
7074	46.9614	0	0
7073	46.9462	0	0
7072	46.9311	0	0
7071	46.9159	0	0
7070	46.9008	0	0
7069	46.8857	0	0
7068	46.8707	0	0
7067	46.8556	0	0
7066	46.8406	0	0
7065	46.8255	0	0
7064	46.8105	0	0
7063	46.7955	0	0
7062	46.7805	0	0
7061	46.7656	0	0
7060	46.7506	0	0
7059	46.7357	0	0
7058	46.7207	0	0
7057	46.7058	0	0
7056	46.6909	0	0
7055	46.6761	0	0
7054	46.6612	0	0
7053	46.6464	0	0
7052	46.6315	0	0
7051	46.6167	0	0
7050	46.6019	0	0
7049	46.5871	0	0
7048	46.5723	0	0
7047	46.5576	0	0
7046	46.5428	0	0
7045	46.5281	0	0
7044	46.5134	0	0
7043	46.4987	0	0
7042	46.484	0	0
7041	46.4693	0	0
7040	46.4547	0	0
7039	46.4401	0	0
7038	46.4254	0	0
7037	46.4108	0	0
7036	46.3962	0	0
7035	46.3816	0	0
7034	46.3671	0	0
7033	46.3525	0	0
7032	46.338	0	0
7031	46.3235	0	0
7030	46.309	0	0
7029	46.2945	0	0
7028	46.28	0	0
7027	46.2655	0	0
7026	46.2511	0	0
7025	46.2366	0	0
7024	46.2222	0	0
7023	46.2078	0	0
7022	46.1934	0	0
7021	46.179	0	0
7020	46.1647	0	0
7019	46.1503	0	0
7018	46.136	0	0
7017	46.1217	0	0
7016	46.1074	0	0
7015	46.0931	0	0
7014	46.0788	0	0
7013	46.0645	0	0
7012	46.0503	0	0
7011	46.036	0	0
7010	46.0218	0	0
7009	46.0076	0	0
7008	45.9934	0	0
7007	45.9792	0	0
7006	45.965	0	0
7005	45.9509	0	0
7004	45.9367	0	0
7003	45.9226	0	0
7002	45.9085	0	0
7001	45.8944	0	0
7000	45.8803	0	0
6999	45.8662	0	0
6998	45.8522	0	0
6997	45.8381	0	0
6996	45.8241	0	0
6995	45.8101	0	0
6994	45.7961	0	0
6993	45.7821	0	0
6992	45.7681	0	0
6991	45.7542	0	0
6990	45.7402	0	0
6989	45.7263	0	0
6988	45.7123	0	0
6987	45.6984	0	0
6986	45.6845	0	0
6985	45.6707	0	0
6984	45.6568	0	0
6983	45.6429	0	0
6982	45.6291	0	0
6981	45.6153	0	0
6980	45.6014	0	0
6979	45.5876	0	0
6978	45.5738	0	0
6977	45.5601	0	0
6976	45.5463	0	0
6975	45.5326	0	0
6974	45.5188	0	0
6973	45.5051	0	0
6972	45.4914	0	0
6971	45.4777	0	0
6970	45.464	0	0
6969	45.4503	0	0
6968	45.4367	0	0
6967	45.423	0	0
6966	45.4094	0	0
6965	45.3958	0	0
6964	45.3822	0	0
6963	45.3686	0	0
6962	45.355	0	0
6961	45.3414	0	0
6960	45.3278	0	0
6959	45.3143	0	0
6958	45.3008	0	0
6957	45.2873	0	0
6956	45.2737	0	0
6955	45.2603	0	0
6954	45.2468	0	0
6953	45.2333	0	0
6952	45.2198	0	0
6951	45.2064	0	0
6950	45.193	0	0
6949	45.1796	0	0
6948	45.1662	0	0
6947	45.1528	0	0
6946	45.1394	0	0
6945	45.126	0	0
6944	45.1127	0	0
6943	45.0993	0	0
6942	45.086	0	0
6941	45.0727	0	0
6940	45.0594	0	0
6939	45.0461	0	0
6938	45.0328	0	0
6937	45.0195	0	0
6936	45.0062	0	0
6935	44.993	0	0
6934	44.9798	0	0
6933	44.9666	0	0
6932	44.9533	0	0
6931	44.9401	0	0
6930	44.927	0	0
6929	44.9138	0	0
6928	44.9006	0	0
6927	44.8875	0	0
6926	44.8743	0	0
6925	44.8612	0	0
6924	44.8481	0	0
6923	44.835	0	0
6922	44.8219	0	0
6921	44.8088	0	0
6920	44.7958	0	0
6919	44.7827	0	0
6918	44.7697	0	0
6917	44.7567	0	0
6916	44.7436	0	0
6915	44.7306	0	0
6914	44.7176	0	0
6913	44.7047	0	0
6912	44.6917	0	0
6911	44.6787	0	0
6910	44.6658	0	0
6909	44.6528	0	0
6908	44.6399	0	0
6907	44.627	0	0
6906	44.6141	0	0
6905	44.6012	0	0
6904	44.5883	0	0
6903	44.5755	0	0
6902	44.5626	0	0
6901	44.5498	0	0
6900	44.537	0	0
6899	44.5241	0	0
6898	44.5113	0	0
6897	44.4985	0	0
6896	44.4857	0	0
6895	44.473	0	0
6894	44.4602	0	0
6893	44.4475	0	0
6892	44.4347	0	0
6891	44.422	0	0
6890	44.4093	0	0
6889	44.3966	0	0
6888	44.3839	0	0
6887	44.3712	0	0
6886	44.3585	0	0
6885	44.3459	0	0
6884	44.3332	0	0
6883	44.3206	0	0
6882	44.3079	0	0
6881	44.2953	0	0
6880	44.2827	0	0
6879	44.2701	0	0
6878	44.2575	0	0
6877	44.245	0	0
6876	44.2324	0	0
6875	44.2198	0	0
6874	44.2073	0	0
6873	44.1948	0	0
6872	44.1823	0	0
6871	44.1698	0	0
6870	44.1573	0	0
6869	44.1448	0	0
6868	44.1323	0	0
6867	44.1198	0	0
6866	44.1074	0	0
6865	44.0949	0	0
6864	44.0825	0	0
6863	44.0701	0	0
6862	44.0577	0	0
6861	44.0453	0	0
6860	44.0329	0	0
6859	44.0205	0	0
6858	44.0082	0	0
6857	43.9958	0	0
6856	43.9835	0	0
6855	43.9711	0	0
6854	43.9588	0	0
6853	43.9465	0	0
6852	43.9342	0	0
6851	43.9219	0	0
6850	43.9096	0	0
6849	43.8973	0	0
6848	43.8851	0	0
6847	43.8728	0	0
6846	43.8606	0	0
6845	43.8484	0	0
6844	43.8361	0	0
6843	43.8239	0	0
6842	43.8117	0	0
6841	43.7995	0	0
6840	43.7874	0	0
6839	43.7752	0	0
6838	43.763	0	0
6837	43.7509	0	0
6836	43.7388	0	0
6835	43.7266	0	0
6834	43.7145	0	0
6833	43.7024	0	0
6832	43.6903	0	0
6831	43.6782	0	0
6830	43.6662	0	0
6829	43.6541	0	0
6828	43.642	0	0
6827	43.63	0	0
6826	43.618	0	0
6825	43.6059	0	0
6824	43.5939	0	0
6823	43.5819	0	0
6822	43.5699	0	0
6821	43.5579	0	0
6820	43.546	0	0
6819	43.534	0	0
6818	43.522	0	0
6817	43.5101	0	0
6816	43.4982	0	0
6815	43.4862	0	0
6814	43.4743	0	0
6813	43.4624	0	0
6812	43.4505	0	0
6811	43.4386	0	0
6810	43.4268	0	0
6809	43.4149	0	0
6808	43.403	0	0
6807	43.3912	0	0
6806	43.3794	0	0
6805	43.3675	0	0
6804	43.3557	0	0
6803	43.3439	0	0
6802	43.3321	0	0
6801	43.3203	0	0
6800	43.3085	0	0
6799	43.2968	0	0
6798	43.285	0	0
6797	43.2733	0	0
6796	43.2615	0	0
6795	43.2498	0	0
6794	43.2381	0	0
6793	43.2264	0	0
6792	43.2147	0	0
6791	43.203	0	0
6790	43.1913	0	0
6789	43.1796	0	0
6788	43.168	0	0
6787	43.1563	0	0
6786	43.1447	0	0
6785	43.133	0	0
6784	43.1214	0	0
6783	43.1098	0	0
6782	43.0982	0	0
6781	43.0866	0	0
6780	43.075	0	0
6779	43.0634	0	0
6778	43.0518	0	0
6777	43.0403	0	0
6776	43.0287	0	0
6775	43.0172	0	0
6774	43.0056	0	0
6773	42.9941	0	0
6772	42.9826	0	0
6771	42.9711	0	0
6770	42.9596	0	0
6769	42.9481	0	0
6768	42.9366	0	0
6767	42.9252	0	0
6766	42.9137	0	0
6765	42.9023	0	0
6764	42.8908	0	0
6763	42.8794	0	0
6762	42.868	0	0
6761	42.8565	0	0
6760	42.8451	0	0
6759	42.8337	0	0
6758	42.8224	0	0
6757	42.811	0	0
6756	42.7996	0	0
6755	42.7882	0	0
6754	42.7769	0	0
6753	42.7655	0	0
6752	42.7542	0	0
6751	42.7429	0	0
6750	42.7316	0	0
6749	42.7203	0	0
6748	42.709	0	0
6747	42.6977	0	0
6746	42.6864	0	0
6745	42.6751	0	0
6744	42.6639	0	0
6743	42.6526	0	0
6742	42.6414	0	0
6741	42.6301	0	0
6740	42.6189	0	0
6739	42.6077	0	0
6738	42.5965	0	0
6737	42.5852	0	0
6736	42.5741	0	0
6735	42.5629	0	0
6734	42.5517	0	0
6733	42.5405	0	0
6732	42.5294	0	0
6731	42.5182	0	0
6730	42.5071	0	0
6729	42.4959	0	0
6728	42.4848	0	0
6727	42.4737	0	0
6726	42.4626	0	0
6725	42.4515	0	0
6724	42.4404	0	0
6723	42.4293	0	0
6722	42.4182	0	0
6721	42.4072	0	0
6720	42.3961	0	0
6719	42.3851	0	0
6718	42.374	0	0
6717	42.363	0	0
6716	42.352	0	0
6715	42.3409	0	0
6714	42.3299	0	0
6713	42.3189	0	0
6712	42.3079	0	0
6711	42.297	0	0
6710	42.286	0	0
6709	42.275	0	0
6708	42.2641	0	0
6707	42.2531	0	0
6706	42.2422	0	0
6705	42.2312	0	0
6704	42.2203	0	0
6703	42.2094	0	0
6702	42.1985	0	0
6701	42.1876	0	0
6700	42.1767	0	0
6699	42.1658	0	0
6698	42.1549	0	0
6697	42.144	0	0
6696	42.1332	0	0
6695	42.1223	0	0
6694	42.1115	0	0
6693	42.1006	0	0
6692	42.0898	0	0
6691	42.079	0	0
6690	42.0682	0	0
6689	42.0574	0	0
6688	42.0466	0	0
6687	42.0358	0	0
6686	42.025	0	0
6685	42.0142	0	0
6684	42.0035	0	0
6683	41.9927	0	0
6682	41.982	0	0
6681	41.9712	0	0
6680	41.9605	0	0
6679	41.9498	0	0
6678	41.939	0	0
6677	41.9283	0	0
6676	41.9176	0	0
6675	41.9069	0	0
6674	41.8962	0	0
6673	41.8856	0	0
6672	41.8749	0	0
6671	41.8642	0	0
6670	41.8536	0	0
6669	41.8429	0	0
6668	41.8323	0	0
6667	41.8216	0	0
6666	41.811	0	0
6665	41.8004	0	0
6664	41.7898	0	0
6663	41.7792	0	0
6662	41.7686	0	0
6661	41.758	0	0
6660	41.7474	0	0
6659	41.7368	0	0
6658	41.7263	0	0
6657	41.7157	0	0
6656	41.7052	0	0
6655	41.6946	0	0
6654	41.6841	0	0
6653	41.6736	0	0
6652	41.663	0	0
6651	41.6525	0	0
6650	41.642	0	0
6649	41.6315	0	0
6648	41.621	0	0
6647	41.6105	0	0
6646	41.6001	0	0
6645	41.5896	0	0
6644	41.5791	0	0
6643	41.5687	0	0
6642	41.5582	0	0
6641	41.5478	0	0
6640	41.5374	0	0
6639	41.5269	0	0
6638	41.5165	0	0
6637	41.5061	0	0
6636	41.4957	0	0
6635	41.4853	0	0
6634	41.4749	0	0
6633	41.4645	0	0
6632	41.4542	0	0
6631	41.4438	0	0
6630	41.4334	0	0
6629	41.4231	0	0
6628	41.4127	0	0
6627	41.4024	0	0
6626	41.3921	0	0
6625	41.3817	0	0
6624	41.3714	0	0
6623	41.3611	0	0
6622	41.3508	0	0
6621	41.3405	0	0
6620	41.3302	0	0
6619	41.3199	0	0
6618	41.3097	0	0
6617	41.2994	0	0
6616	41.2891	0	0
6615	41.2789	0	0
6614	41.2686	0	0
6613	41.2584	0	0
6612	41.2482	0	0
6611	41.2379	0	0
6610	41.2277	0	0
6609	41.2175	0	0
6608	41.2073	0	0
6607	41.1971	0	0
6606	41.1869	0	0
6605	41.1767	0	0
6604	41.1665	0	0
6603	41.1564	0	0
6602	41.1462	0	0
6601	41.136	0	0
6600	41.1259	0	0
6599	41.1157	0	0
6598	41.1056	0	0
6597	41.0955	0	0
6596	41.0854	0	0
6595	41.0752	0	0
6594	41.0651	0	0
6593	41.055	0	0
6592	41.0449	0	0
6591	41.0348	0	0
6590	41.0248	0	0
6589	41.0147	0	0
6588	41.0046	0	0
6587	40.9945	0	0
6586	40.9845	0	0
6585	40.9744	0	0
6584	40.9644	0	0
6583	40.9544	0	0
6582	40.9443	0	0
6581	40.9343	0	0
6580	40.9243	0	0
6579	40.9143	0	0
6578	40.9043	0	0
6577	40.8943	0	0
6576	40.8843	0	0
6575	40.8743	0	0
6574	40.8643	0	0
6573	40.8543	0	0
6572	40.8444	0	0
6571	40.8344	0	0
6570	40.8245	0	0
6569	40.8145	0	0
6568	40.8046	0	0
6567	40.7946	0	0
6566	40.7847	0	0
6565	40.7748	0	0
6564	40.7649	0	0
6563	40.755	0	0
6562	40.7451	0	0
6561	40.7352	0	0
6560	40.7253	0	0
6559	40.7154	0	0
6558	40.7055	0	0
6557	40.6956	0	0
6556	40.6858	0	0
6555	40.6759	0	0
6554	40.6661	0	0
6553	40.6562	0	0
6552	40.6464	0	0
6551	40.6366	0	0
6550	40.6267	0	0
6549	40.6169	0	0
6548	40.6071	0	0
6547	40.5973	0	0
6546	40.5875	0	0
6545	40.5777	0	0
6544	40.5679	0	0
6543	40.5581	0	0
6542	40.5483	0	0
6541	40.5386	0	0
6540	40.5288	0	0
6539	40.519	0	0
6538	40.5093	0	0
6537	40.4995	0	0
6536	40.4898	0	0
6535	40.4801	0	0
6534	40.4703	0	0
6533	40.4606	0	0
6532	40.4509	0	0
6531	40.4412	0	0
6530	40.4315	0	0
6529	40.4218	0	0
6528	40.4121	0	0
6527	40.4024	0	0
6526	40.3927	0	0
6525	40.383	0	0
6524	40.3734	0	0
6523	40.3637	0	0
6522	40.3541	0	0
6521	40.3444	0	0
6520	40.3348	0	0
6519	40.3251	0	0
6518	40.3155	0	0
6517	40.3059	0	0
6516	40.2962	0	0
6515	40.2866	0	0
6514	40.277	0	0
6513	40.2674	0	0
6512	40.2578	0	0
6511	40.2482	0	0
6510	40.2386	0	0
6509	40.229	0	0
6508	40.2195	0	0
6507	40.2099	0	0
6506	40.2003	0	0
6505	40.1908	0	0
6504	40.1812	0	0
6503	40.1717	0	0
6502	40.1621	0	0
6501	40.1526	0	0
6500	40.1431	0	0
6499	40.1335	0	0
6498	40.124	0	0
6497	40.1145	0	0
6496	40.105	0	0
6495	40.0955	0	0
6494	40.086	0	0
6493	40.0765	0	0
6492	40.067	0	0
6491	40.0575	0	0
6490	40.0481	0	0
6489	40.0386	0	0
6488	40.0291	0	0
6487	40.0197	0	0
6486	40.0102	0	0
6485	40.0008	0	0
6484	39.9913	0	0
6483	39.9819	0	0
6482	39.9725	0	0
6481	39.963	0	0
6480	39.9536	0	0
6479	39.9442	0	0
6478	39.9348	0	0
6477	39.9254	0	0
6476	39.916	0	0
6475	39.9066	0	0
6474	39.8972	0	0
6473	39.8878	0	0
6472	39.8785	0	0
6471	39.8691	0	0
6470	39.8597	0	0
6469	39.8504	0	0
6468	39.841	0	0
6467	39.8317	0	0
6466	39.8223	0	0
6465	39.813	0	0
6464	39.8036	0	0
6463	39.7943	0	0
6462	39.785	0	0
6461	39.7757	0	0
6460	39.7664	0	0
6459	39.7571	0	0
6458	39.7478	0	0
6457	39.7385	0	0
6456	39.7292	0	0
6455	39.7199	0	0
6454	39.7106	0	0
6453	39.7013	0	0
6452	39.692	0	0
6451	39.6828	0	0
6450	39.6735	0	0
6449	39.6643	0	0
6448	39.655	0	0
6447	39.6458	0	0
6446	39.6365	0	0
6445	39.6273	0	0
6444	39.6181	0	0
6443	39.6088	0	0
6442	39.5996	0	0
6441	39.5904	0	0
6440	39.5812	0	0
6439	39.572	0	0
6438	39.5628	0	0
6437	39.5536	0	0
6436	39.5444	0	0
6435	39.5352	0	0
6434	39.526	0	0
6433	39.5169	0	0
6432	39.5077	0	0
6431	39.4985	0	0
6430	39.4894	0	0
6429	39.4802	0	0
6428	39.4711	0	0
6427	39.4619	0	0
6426	39.4528	0	0
6425	39.4437	0	0
6424	39.4345	0	0
6423	39.4254	0	0
6422	39.4163	0	0
6421	39.4072	0	0
6420	39.398	0	0
6419	39.3889	0	0
6418	39.3798	0	0
6417	39.3707	0	0
6416	39.3617	0	0
6415	39.3526	0	0
6414	39.3435	0	0
6413	39.3344	0	0
6412	39.3253	0	0
6411	39.3163	0	0
6410	39.3072	0	0
6409	39.2981	0	0
6408	39.2891	0	0
6407	39.28	0	0
6406	39.271	0	0
6405	39.262	0	0
6404	39.2529	0	0
6403	39.2439	0	0
6402	39.2349	0	0
6401	39.2259	0	0
6400	39.2168	0	0
6399	39.2078	0	0
6398	39.1988	0	0
6397	39.1898	0	0
6396	39.1808	0	0
6395	39.1718	0	0
6394	39.1628	0	0
6393	39.1539	0	0
6392	39.1449	0	0
6391	39.1359	0	0
6390	39.1269	0	0
6389	39.118	0	0
6388	39.109	0	0
6387	39.1001	0	0
6386	39.0911	0	0
6385	39.0822	0	0
6384	39.0732	0	0
6383	39.0643	0	0
6382	39.0553	0	0
6381	39.0464	0	0
6380	39.0375	0	0
6379	39.0286	0	0
6378	39.0197	0	0
6377	39.0108	0	0
6376	39.0018	0	0
6375	38.9929	0	0
6374	38.984	0	0
6373	38.9752	0	0
6372	38.9663	0	0
6371	38.9574	0	0
6370	38.9485	0	0
6369	38.9396	0	0
6368	38.9308	0	0
6367	38.9219	0	0
6366	38.913	0	0
6365	38.9042	0	0
6364	38.8953	0	0
6363	38.8865	0	0
6362	38.8776	0	0
6361	38.8688	0	0
6360	38.8599	0	0
6359	38.8511	0	0
6358	38.8423	0	0
6357	38.8335	0	0
6356	38.8246	0	0
6355	38.8158	0	0
6354	38.807	0	0
6353	38.7982	0	0
6352	38.7894	0	0
6351	38.7806	0	0
6350	38.7718	0	0
6349	38.763	0	0
6348	38.7542	0	0
6347	38.7455	0	0
6346	38.7367	0	0
6345	38.7279	0	0
6344	38.7191	0	0
6343	38.7104	0	0
6342	38.7016	0	0
6341	38.6929	0	0
6340	38.6841	0	0
6339	38.6754	0	0
6338	38.6666	0	0
6337	38.6579	0	0
6336	38.6491	0	0
6335	38.6404	0	0
6334	38.6317	0	0
6333	38.623	0	0
6332	38.6142	0	0
6331	38.6055	0	0
6330	38.5968	0	0
6329	38.5881	0	0
6328	38.5794	0	0
6327	38.5707	0	0
6326	38.562	0	0
6325	38.5533	0	0
6324	38.5446	0	0
6323	38.536	0	0
6322	38.5273	0	0
6321	38.5186	0	0
6320	38.5099	0	0
6319	38.5013	0	0
6318	38.4926	0	0
6317	38.4839	0	0
6316	38.4753	0	0
6315	38.4666	0	0
6314	38.458	0	0
6313	38.4493	0	0
6312	38.4407	0	0
6311	38.4321	0	0
6310	38.4234	0	0
6309	38.4148	0	0
6308	38.4062	0	0
6307	38.3976	0	0
6306	38.3889	0	0
6305	38.3803	0	0
6304	38.3717	0	0
6303	38.3631	0	0
6302	38.3545	0	0
6301	38.3459	0	0
6300	38.3373	0	0
6299	38.3287	0	0
6298	38.3201	0	0
6297	38.3116	0	0
6296	38.303	0	0
6295	38.2944	0	0
6294	38.2858	0	0
6293	38.2773	0	0
6292	38.2687	0	0
6291	38.2601	0	0
6290	38.2516	0	0
6289	38.243	0	0
6288	38.2345	0	0
6287	38.2259	0	0
6286	38.2174	0	0
6285	38.2089	0	0
6284	38.2003	0	0
6283	38.1918	0	0
6282	38.1833	0	0
6281	38.1748	0	0
6280	38.1662	0	0
6279	38.1577	0	0
6278	38.1492	0	0
6277	38.1407	0	0
6276	38.1322	0	0
6275	38.1237	0	0
6274	38.1152	0	0
6273	38.1067	0	0
6272	38.0982	0	0
6271	38.0897	0	0
6270	38.0812	0	0
6269	38.0728	0	0
6268	38.0643	0	0
6267	38.0558	0	0
6266	38.0473	0	0
6265	38.0389	0	0
6264	38.0304	0	0
6263	38.0219	0	0
6262	38.0135	0	0
6261	38.005	0	0
6260	37.9966	0	0
6259	37.9881	0	0
6258	37.9797	0	0
6257	37.9713	0	0
6256	37.9628	0	0
6255	37.9544	0	0
6254	37.946	0	0
6253	37.9375	0	0
6252	37.9291	0	0
6251	37.9207	0	0
6250	37.9123	0	0
6249	37.9039	0	0
6248	37.8955	0	0
6247	37.8871	0	0
6246	37.8787	0	0
6245	37.8703	0	0
6244	37.8619	0	0
6243	37.8535	0	0
6242	37.8451	0	0
6241	37.8367	0	0
6240	37.8283	0	0
6239	37.82	0	0
6238	37.8116	0	0
6237	37.8032	0	0
6236	37.7948	0	0
6235	37.7865	0	0
6234	37.7781	0	0
6233	37.7698	0	0
6232	37.7614	0	0
6231	37.7531	0	0
6230	37.7447	0	0
6229	37.7364	0	0
6228	37.728	0	0
6227	37.7197	0	0
6226	37.7113	0	0
6225	37.703	0	0
6224	37.6947	0	0
6223	37.6864	0	0
6222	37.678	0	0
6221	37.6697	0	0
6220	37.6614	0	0
6219	37.6531	0	0
6218	37.6448	0	0
6217	37.6365	0	0
6216	37.6282	0	0
6215	37.6199	0	0
6214	37.6116	0	0
6213	37.6033	0	0
6212	37.595	0	0
6211	37.5867	0	0
6210	37.5784	0	0
6209	37.5701	0	0
6208	37.5618	0	0
6207	37.5536	0	0
6206	37.5453	0	0
6205	37.537	0	0
6204	37.5288	0	0
6203	37.5205	0	0
6202	37.5122	0	0
6201	37.504	0	0
6200	37.4957	0	0
6199	37.4875	0	0
6198	37.4792	0	0
6197	37.471	0	0
6196	37.4627	0	0
6195	37.4545	0	0
6194	37.4463	0	0
6193	37.438	0	0
6192	37.4298	0	0
6191	37.4216	0	0
6190	37.4133	0	0
6189	37.4051	0	0
6188	37.3969	0	0
6187	37.3887	0	0
6186	37.3805	0	0
6185	37.3723	0	0
6184	37.3641	0	0
6183	37.3558	0	0
6182	37.3476	0	0
6181	37.3394	0	0
6180	37.3313	0	0
6179	37.3231	0	0
6178	37.3149	0	0
6177	37.3067	0	0
6176	37.2985	0	0
6175	37.2903	0	0
6174	37.2821	0	0
6173	37.274	0	0
6172	37.2658	0	0
6171	37.2576	0	0
6170	37.2494	0	0
6169	37.2413	0	0
6168	37.2331	0	0
6167	37.225	0	0
6166	37.2168	0	0
6165	37.2086	0	0
6164	37.2005	0	0
6163	37.1923	0	0
6162	37.1842	0	0
6161	37.1761	0	0
6160	37.1679	0	0
6159	37.1598	0	0
6158	37.1516	0	0
6157	37.1435	0	0
6156	37.1354	0	0
6155	37.1273	0	0
6154	37.1191	0	0
6153	37.111	0	0
6152	37.1029	0	0
6151	37.0948	0	0
6150	37.0867	0	0
6149	37.0785	0	0
6148	37.0704	0	0
6147	37.0623	0	0
6146	37.0542	0	0
6145	37.0461	0	0
6144	37.038	0	0
6143	37.0299	0	0
6142	37.0218	0	0
6141	37.0138	0	0
6140	37.0057	0	0
6139	36.9976	0	0
6138	36.9895	0	0
6137	36.9814	0	0
6136	36.9733	0	0
6135	36.9653	0	0
6134	36.9572	0	0
6133	36.9491	0	0
6132	36.9411	0	0
6131	36.933	0	0
6130	36.9249	0	0
6129	36.9169	0	0
6128	36.9088	0	0
6127	36.9008	0	0
6126	36.8927	0	0
6125	36.8846	0	0
6124	36.8766	0	0
6123	36.8686	0	0
6122	36.8605	0	0
6121	36.8525	0	0
6120	36.8444	0	0
6119	36.8364	0	0
6118	36.8284	0	0
6117	36.8203	0	0
6116	36.8123	0	0
6115	36.8043	0	0
6114	36.7963	0	0
6113	36.7882	0	0
6112	36.7802	0	0
6111	36.7722	0	0
6110	36.7642	0	0
6109	36.7562	0	0
6108	36.7482	0	0
6107	36.7402	0	0
6106	36.7322	0	0
6105	36.7242	0	0
6104	36.7162	0	0
6103	36.7082	0	0
6102	36.7002	0	0
6101	36.6922	0	0
6100	36.6842	0	0
6099	36.6762	0	0
6098	36.6682	0	0
6097	36.6602	0	0
6096	36.6522	0	0
6095	36.6443	0	0
6094	36.6363	0	0
6093	36.6283	0	0
6092	36.6203	0	0
6091	36.6124	0	0
6090	36.6044	0	0
6089	36.5964	0	0
6088	36.5885	0	0
6087	36.5805	0	0
6086	36.5725	0	0
6085	36.5646	0	0
6084	36.5566	0	0
6083	36.5487	0	0
6082	36.5407	0	0
6081	36.5328	0	0
6080	36.5248	0	0
6079	36.5169	0	0
6078	36.5089	0	0
6077	36.501	0	0
6076	36.4931	0	0
6075	36.4851	0	0
6074	36.4772	0	0
6073	36.4693	0	0
6072	36.4613	0	0
6071	36.4534	0	0
6070	36.4455	0	0
6069	36.4376	0	0
6068	36.4296	0	0
6067	36.4217	0	0
6066	36.4138	0	0
6065	36.4059	0	0
6064	36.398	0	0
6063	36.3901	0	0
6062	36.3822	0	0
6061	36.3742	0	0
6060	36.3663	0	0
6059	36.3584	0	0
6058	36.3505	0	0
6057	36.3426	0	0
6056	36.3347	0	0
6055	36.3268	0	0
6054	36.319	0	0
6053	36.3111	0	0
6052	36.3032	0	0
6051	36.2953	0	0
6050	36.2874	0	0
6049	36.2795	0	0
6048	36.2716	0	0
6047	36.2638	0	0
6046	36.2559	0	0
6045	36.248	0	0
6044	36.2401	0	0
6043	36.2323	0	0
6042	36.2244	0	0
6041	36.2165	0	0
6040	36.2087	0	0
6039	36.2008	0	0
6038	36.1929	0	0
6037	36.1851	0	0
6036	36.1772	0	0
6035	36.1694	0	0
6034	36.1615	0	0
6033	36.1537	0	0
6032	36.1458	0	0
6031	36.138	0	0
6030	36.1301	0	0
6029	36.1223	0	0
6028	36.1144	0	0
6027	36.1066	0	0
6026	36.0987	0	0
6025	36.0909	0	0
6024	36.0831	0	0
6023	36.0752	0	0
6022	36.0674	0	0
6021	36.0596	0	0
6020	36.0517	0	0
6019	36.0439	0	0
6018	36.0361	0	0
6017	36.0283	0	0
6016	36.0204	0	0
6015	36.0126	0	0
6014	36.0048	0	0
6013	35.997	0	0
6012	35.9892	0	0
6011	35.9813	0	0
6010	35.9735	0	0
6009	35.9657	0	0
6008	35.9579	0	0
6007	35.9501	0	0
6006	35.9423	0	0
6005	35.9345	0	0
6004	35.9267	0	0
6003	35.9189	0	0
6002	35.9111	0	0
6001	35.9033	0	0
6000	35.8955	0	0
5999	35.8877	0	0
5998	35.8799	0	0
5997	35.8721	0	0
5996	35.8643	0	0
5995	35.8566	0	0
5994	35.8488	0	0
5993	35.841	0	0
5992	35.8332	0	0
5991	35.8254	0	0
5990	35.8176	0	0
5989	35.8099	0	0
5988	35.8021	0	0
5987	35.7943	0	0
5986	35.7865	0	0
5985	35.7788	0	0
5984	35.771	0	0
5983	35.7632	0	0
5982	35.7555	0	0
5981	35.7477	0	0
5980	35.7399	0	0
5979	35.7322	0	0
5978	35.7244	0	0
5977	35.7166	0	0
5976	35.7089	0	0
5975	35.7011	0	0
5974	35.6934	0	0
5973	35.6856	0	0
5972	35.6779	0	0
5971	35.6701	0	0
5970	35.6624	0	0
5969	35.6546	0	0
5968	35.6469	0	0
5967	35.6391	0	0
5966	35.6314	0	0
5965	35.6236	0	0
5964	35.6159	0	0
5963	35.6082	0	0
5962	35.6004	0	0
5961	35.5927	0	0
5960	35.585	0	0
5959	35.5772	0	0
5958	35.5695	0	0
5957	35.5618	0	0
5956	35.554	0	0
5955	35.5463	0	0
5954	35.5386	0	0
5953	35.5308	0	0
5952	35.5231	0	0
5951	35.5154	0	0
5950	35.5077	0	0
5949	35.5	0	0
5948	35.4922	0	0
5947	35.4845	0	0
5946	35.4768	0	0
5945	35.4691	0	0
5944	35.4614	0	0
5943	35.4537	0	0
5942	35.4459	0	0
5941	35.4382	0	0
5940	35.4305	0	0
5939	35.4228	0	0
5938	35.4151	0	0
5937	35.4074	0	0
5936	35.3997	0	0
5935	35.392	0	0
5934	35.3843	0	0
5933	35.3766	0	0
5932	35.3689	0	0
5931	35.3612	0	0
5930	35.3535	0	0
5929	35.3458	0	0
5928	35.3381	0	0
5927	35.3304	0	0
5926	35.3227	0	0
5925	35.315	0	0
5924	35.3074	0	0
5923	35.2997	0	0
5922	35.292	0	0
5921	35.2843	0	0
5920	35.2766	0	0
5919	35.2689	0	0
5918	35.2612	0	0
5917	35.2536	0	0
5916	35.2459	0	0
5915	35.2382	0	0
5914	35.2305	0	0
5913	35.2228	0	0
5912	35.2152	0	0
5911	35.2075	0	0
5910	35.1998	0	0
5909	35.1921	0	0
5908	35.1845	0	0
5907	35.1768	0	0
5906	35.1691	0	0
5905	35.1615	0	0
5904	35.1538	0	0
5903	35.1461	0	0
5902	35.1385	0	0
5901	35.1308	0	0
5900	35.1231	0	0
5899	35.1155	0	0
5898	35.1078	0	0
5897	35.1002	0	0
5896	35.0925	0	0
5895	35.0848	0	0
5894	35.0772	0	0
5893	35.0695	0	0
5892	35.0619	0	0
5891	35.0542	0	0
5890	35.0466	0	0
5889	35.0389	0	0
5888	35.0313	0	0
5887	35.0236	0	0
5886	35.016	0	0
5885	35.0083	0	0
5884	35.0007	0	0
5883	34.993	0	0
5882	34.9854	0	0
5881	34.9777	0	0
5880	34.9701	0	0
5879	34.9624	0	0
5878	34.9548	0	0
5877	34.9471	0	0
5876	34.9395	0	0
5875	34.9319	0	0
5874	34.9242	0	0
5873	34.9166	0	0
5872	34.909	0	0
5871	34.9013	0	0
5870	34.8937	0	0
5869	34.886	0	0
5868	34.8784	0	0
5867	34.8708	0	0
5866	34.8631	0	0
5865	34.8555	0	0
5864	34.8479	0	0
5863	34.8403	0	0
5862	34.8326	0	0
5861	34.825	0	0
5860	34.8174	0	0
5859	34.8097	0	0
5858	34.8021	0	0
5857	34.7945	0	0
5856	34.7869	0	0
5855	34.7792	0	0
5854	34.7716	0	0
5853	34.764	0	0
5852	34.7564	0	0
5851	34.7488	0	0
5850	34.7411	0	0
5849	34.7335	0	0
5848	34.7259	0	0
5847	34.7183	0	0
5846	34.7107	0	0
5845	34.703	0	0
5844	34.6954	0	0
5843	34.6878	0	0
5842	34.6802	0	0
5841	34.6726	0	0
5840	34.665	0	0
5839	34.6574	0	0
5838	34.6498	0	0
5837	34.6421	0	0
5836	34.6345	0	0
5835	34.6269	0	0
5834	34.6193	0	0
5833	34.6117	0	0
5832	34.6041	0	0
5831	34.5965	0	0
5830	34.5889	0	0
5829	34.5813	0	0
5828	34.5737	0	0
5827	34.5661	0	0
5826	34.5585	0	0
5825	34.5509	0	0
5824	34.5433	0	0
5823	34.5357	0	0
5822	34.5281	0	0
5821	34.5205	0	0
5820	34.5129	0	0
5819	34.5053	0	0
5818	34.4977	0	0
5817	34.4901	0	0
5816	34.4825	0	0
5815	34.4749	0	0
5814	34.4673	0	0
5813	34.4597	0	0
5812	34.4521	0	0
5811	34.4445	0	0
5810	34.4369	0	0
5809	34.4293	0	0
5808	34.4217	0	0
5807	34.4141	0	0
5806	34.4065	0	0
5805	34.3989	0	0
5804	34.3913	0	0
5803	34.3837	0	0
5802	34.3761	0	0
5801	34.3685	0	0
5800	34.3609	0	0
5799	34.3534	0	0
5798	34.3458	0	0
5797	34.3382	0	0
5796	34.3306	0	0
5795	34.323	0	0
5794	34.3154	0	0
5793	34.3078	0	0
5792	34.3002	0	0
5791	34.2926	0	0
5790	34.2851	0	0
5789	34.2775	0	0
5788	34.2699	0	0
5787	34.2623	0	0
5786	34.2547	0	0
5785	34.2471	0	0
5784	34.2396	0	0
5783	34.232	0	0
5782	34.2244	0	0
5781	34.2168	0	0
5780	34.2092	0	0
5779	34.2016	0	0
5778	34.1941	0	0
5777	34.1865	0	0
5776	34.1789	0	0
5775	34.1713	0	0
5774	34.1637	0	0
5773	34.1561	0	0
5772	34.1486	0	0
5771	34.141	0	0
5770	34.1334	0	0
5769	34.1258	0	0
5768	34.1182	0	0
5767	34.1107	0	0
5766	34.1031	0	0
5765	34.0955	0	0
5764	34.0879	0	0
5763	34.0804	0	0
5762	34.0728	0	0
5761	34.0652	0	0
5760	34.0576	0	0
5759	34.05	0	0
5758	34.0425	0	0
5757	34.0349	0	0
5756	34.0273	0	0
5755	34.0197	0	0
5754	34.0122	0	0
5753	34.0046	0	0
5752	33.997	0	0
5751	33.9894	0	0
5750	33.9819	0	0
5749	33.9743	0	0
5748	33.9667	0	0
5747	33.9591	0	0
5746	33.9516	0	0
5745	33.944	0	0
5744	33.9364	0	0
5743	33.9288	0	0
5742	33.9213	0	0
5741	33.9137	0	0
5740	33.9061	0	0
5739	33.8985	0	0
5738	33.891	0	0
5737	33.8834	0	0
5736	33.8758	0	0
5735	33.8682	0	0
5734	33.8607	0	0
5733	33.8531	0	0
5732	33.8455	0	0
5731	33.838	0	0
5730	33.8304	0	0
5729	33.8228	0	0
5728	33.8152	0	0
5727	33.8077	0	0
5726	33.8001	0	0
5725	33.7925	0	0
5724	33.7849	0	0
5723	33.7774	0	0
5722	33.7698	0	0
5721	33.7622	0	0
5720	33.7546	0	0
5719	33.7471	0	0
5718	33.7395	0	0
5717	33.7319	0	0
5716	33.7244	0	0
5715	33.7168	0	0
5714	33.7092	0	0
5713	33.7016	0	0
5712	33.6941	0	0
5711	33.6865	0	0
5710	33.6789	0	0
5709	33.6713	0	0
5708	33.6638	0	0
5707	33.6562	0	0
5706	33.6486	0	0
5705	33.6411	0	0
5704	33.6335	0	0
5703	33.6259	0	0
5702	33.6183	0	0
5701	33.6108	0	0
5700	33.6032	0	0
5699	33.5956	0	0
5698	33.588	0	0
5697	33.5805	0	0
5696	33.5729	0	0
5695	33.5653	0	0
5694	33.5577	0	0
5693	33.5502	0	0
5692	33.5426	0	0
5691	33.535	0	0
5690	33.5274	0	0
5689	33.5199	0	0
5688	33.5123	0	0
5687	33.5047	0	0
5686	33.4971	0	0
5685	33.4896	0	0
5684	33.482	0	0
5683	33.4744	0	0
5682	33.4668	0	0
5681	33.4593	0	0
5680	33.4517	0	0
5679	33.4441	0	0
5678	33.4365	0	0
5677	33.4289	0	0
5676	33.4214	0	0
5675	33.4138	0	0
5674	33.4062	0	0
5673	33.3986	0	0
5672	33.3911	0	0
5671	33.3835	0	0
5670	33.3759	0	0
5669	33.3683	0	0
5668	33.3607	0	0
5667	33.3532	0	0
5666	33.3456	0	0
5665	33.338	0	0
5664	33.3304	0	0
5663	33.3228	0	0
5662	33.3153	0	0
5661	33.3077	0	0
5660	33.3001	0	0
5659	33.2925	0	0
5658	33.2849	0	0
5657	33.2773	0	0
5656	33.2698	0	0
5655	33.2622	0	0
5654	33.2546	0	0
5653	33.247	0	0
5652	33.2394	0	0
5651	33.2318	0	0
5650	33.2243	0	0
5649	33.2167	0	0
5648	33.2091	0	0
5647	33.2015	0	0
5646	33.1939	0	0
5645	33.1863	0	0
5644	33.1787	0	0
5643	33.1711	0	0
5642	33.1636	0	0
5641	33.156	0	0
5640	33.1484	0	0
5639	33.1408	0	0
5638	33.1332	0	0
5637	33.1256	0	0
5636	33.118	0	0
5635	33.1104	0	0
5634	33.1028	0	0
5633	33.0952	0	0
5632	33.0876	0	0
5631	33.0801	0	0
5630	33.0725	0	0
5629	33.0649	0	0
5628	33.0573	0	0
5627	33.0497	0	0
5626	33.0421	0	0
5625	33.0345	0	0
5624	33.0269	0	0
5623	33.0193	0	0
5622	33.0117	0	0
5621	33.0041	0	0
5620	32.9965	0	0
5619	32.9889	0	0
5618	32.9813	0	0
5617	32.9737	0	0
5616	32.9661	0	0
5615	32.9585	0	0
5614	32.9509	0	0
5613	32.9433	0	0
5612	32.9357	0	0
5611	32.9281	0	0
5610	32.9205	0	0
5609	32.9129	0	0
5608	32.9053	0	0
5607	32.8977	0	0
5606	32.8901	0	0
5605	32.8824	0	0
5604	32.8748	0	0
5603	32.8672	0	0
5602	32.8596	0	0
5601	32.852	0	0
5600	32.8444	0	0
5599	32.8368	0	0
5598	32.8292	0	0
5597	32.8216	0	0
5596	32.814	0	0
5595	32.8063	0	0
5594	32.7987	0	0
5593	32.7911	0	0
5592	32.7835	0	0
5591	32.7759	0	0
5590	32.7683	0	0
5589	32.7606	0	0
5588	32.753	0	0
5587	32.7454	0	0
5586	32.7378	0	0
5585	32.7302	0	0
5584	32.7226	0	0
5583	32.7149	0	0
5582	32.7073	0	0
5581	32.6997	0	0
5580	32.6921	0	0
5579	32.6844	0	0
5578	32.6768	0	0
5577	32.6692	0	0
5576	32.6616	0	0
5575	32.6539	0	0
5574	32.6463	0	0
5573	32.6387	0	0
5572	32.631	0	0
5571	32.6234	0	0
5570	32.6158	0	0
5569	32.6082	0	0
5568	32.6005	0	0
5567	32.5929	0	0
5566	32.5853	0	0
5565	32.5776	0	0
5564	32.57	0	0
5563	32.5623	0	0
5562	32.5547	0	0
5561	32.5471	0	0
5560	32.5394	0	0
5559	32.5318	0	0
5558	32.5242	0	0
5557	32.5165	0	0
5556	32.5089	0	0
5555	32.5012	0	0
5554	32.4936	0	0
5553	32.4859	0	0
5552	32.4783	0	0
5551	32.4706	0	0
5550	32.463	0	0
5549	32.4554	0	0
5548	32.4477	0	0
5547	32.4401	0	0
5546	32.4324	0	0
5545	32.4247	0	0
5544	32.4171	0	0
5543	32.4094	0	0
5542	32.4018	0	0
5541	32.3941	0	0
5540	32.3865	0	0
5539	32.3788	0	0
5538	32.3712	0	0
5537	32.3635	0	0
5536	32.3558	0	0
5535	32.3482	0	0
5534	32.3405	0	0
5533	32.3329	0	0
5532	32.3252	0	0
5531	32.3175	0	0
5530	32.3099	0	0
5529	32.3022	0	0
5528	32.2945	0	0
5527	32.2869	0	0
5526	32.2792	0	0
5525	32.2715	0	0
5524	32.2638	0	0
5523	32.2562	0	0
5522	32.2485	0	0
5521	32.2408	0	0
5520	32.2331	0	0
5519	32.2255	0	0
5518	32.2178	0	0
5517	32.2101	0	0
5516	32.2024	0	0
5515	32.1948	0	0
5514	32.1871	0	0
5513	32.1794	0	0
5512	32.1717	0	0
5511	32.164	0	0
5510	32.1563	0	0
5509	32.1486	0	0
5508	32.141	0	0
5507	32.1333	0	0
5506	32.1256	0	0
5505	32.1179	0	0
5504	32.1102	0	0
5503	32.1025	0	0
5502	32.0948	0	0
5501	32.0871	0	0
5500	32.0794	0	0
5499	32.0717	0	0
5498	32.064	0	0
5497	32.0563	0	0
5496	32.0486	0	0
5495	32.0409	0	0
5494	32.0332	0	0
5493	32.0255	0	0
5492	32.0178	0	0
5491	32.0101	0	0
5490	32.0024	0	0
5489	31.9947	0	0
5488	31.987	0	0
5487	31.9792	0	0
5486	31.9715	0	0
5485	31.9638	0	0
5484	31.9561	0	0
5483	31.9484	0	0
5482	31.9407	0	0
5481	31.9329	0	0
5480	31.9252	0	0
5479	31.9175	0	0
5478	31.9098	0	0
5477	31.9021	0	0
5476	31.8943	0	0
5475	31.8866	0	0
5474	31.8789	0	0
5473	31.8711	0	0
5472	31.8634	0	0
5471	31.8557	0	0
5470	31.8479	0	0
5469	31.8402	0	0
5468	31.8325	0	0
5467	31.8247	0	0
5466	31.817	0	0
5465	31.8093	0	0
5464	31.8015	0	0
5463	31.7938	0	0
5462	31.786	0	0
5461	31.7783	0	0
5460	31.7705	0	0
5459	31.7628	0	0
5458	31.7551	0	0
5457	31.7473	0	0
5456	31.7396	0	0
5455	31.7318	0	0
5454	31.724	0	0
5453	31.7163	0	0
5452	31.7085	0	0
5451	31.7008	0	0
5450	31.693	0	0
5449	31.6853	0	0
5448	31.6775	0	0
5447	31.6697	0	0
5446	31.662	0	0
5445	31.6542	0	0
5444	31.6464	0	0
5443	31.6387	0	0
5442	31.6309	0	0
5441	31.6231	0	0
5440	31.6154	0	0
5439	31.6076	0	0
5438	31.5998	0	0
5437	31.592	0	0
5436	31.5842	0	0
5435	31.5765	0	0
5434	31.5687	0	0
5433	31.5609	0	0
5432	31.5531	0	0
5431	31.5453	0	0
5430	31.5375	0	0
5429	31.5298	0	0
5428	31.522	0	0
5427	31.5142	0	0
5426	31.5064	0	0
5425	31.4986	0	0
5424	31.4908	0	0
5423	31.483	0	0
5422	31.4752	0	0
5421	31.4674	0	0
5420	31.4596	0	0
5419	31.4518	0	0
5418	31.444	0	0
5417	31.4362	0	0
5416	31.4284	0	0
5415	31.4206	0	0
5414	31.4127	0	0
5413	31.4049	0	0
5412	31.3971	0	0
5411	31.3893	0	0
5410	31.3815	0	0
5409	31.3737	0	0
5408	31.3658	0	0
5407	31.358	0	0
5406	31.3502	0	0
5405	31.3424	0	0
5404	31.3345	0	0
5403	31.3267	0	0
5402	31.3189	0	0
5401	31.3111	0	0
5400	31.3032	0	0
5399	31.2954	0	0
5398	31.2876	0	0
5397	31.2797	0	0
5396	31.2719	0	0
5395	31.264	0	0
5394	31.2562	0	0
5393	31.2483	0	0
5392	31.2405	0	0
5391	31.2327	0	0
5390	31.2248	0	0
5389	31.217	0	0
5388	31.2091	0	0
5387	31.2012	0	0
5386	31.1934	0	0
5385	31.1855	0	0
5384	31.1777	0	0
5383	31.1698	0	0
5382	31.1619	0	0
5381	31.1541	0	0
5380	31.1462	0	0
5379	31.1383	0	0
5378	31.1305	0	0
5377	31.1226	0	0
5376	31.1147	0	0
5375	31.1069	0	0
5374	31.099	0	0
5373	31.0911	0	0
5372	31.0832	0	0
5371	31.0753	0	0
5370	31.0675	0	0
5369	31.0596	0	0
5368	31.0517	0	0
5367	31.0438	0	0
5366	31.0359	0	0
5365	31.028	0	0
5364	31.0201	0	0
5363	31.0122	0	0
5362	31.0043	0	0
5361	30.9964	0	0
5360	30.9885	0	0
5359	30.9806	0	0
5358	30.9727	0	0
5357	30.9648	0	0
5356	30.9569	0	0
5355	30.949	0	0
5354	30.9411	0	0
5353	30.9332	0	0
5352	30.9253	0	0
5351	30.9173	0	0
5350	30.9094	0	0
5349	30.9015	0	0
5348	30.8936	0	0
5347	30.8857	0	0
5346	30.8777	0	0
5345	30.8698	0	0
5344	30.8619	0	0
5343	30.8539	0	0
5342	30.846	0	0
5341	30.8381	0	0
5340	30.8301	0	0
5339	30.8222	0	0
5338	30.8143	0	0
5337	30.8063	0	0
5336	30.7984	0	0
5335	30.7904	0	0
5334	30.7825	0	0
5333	30.7745	0	0
5332	30.7666	0	0
5331	30.7586	0	0
5330	30.7507	0	0
5329	30.7427	0	0
5328	30.7347	0	0
5327	30.7268	0	0
5326	30.7188	0	0
5325	30.7108	0	0
5324	30.7029	0	0
5323	30.6949	0	0
5322	30.6869	0	0
5321	30.679	0	0
5320	30.671	0	0
5319	30.663	0	0
5318	30.655	0	0
5317	30.6471	0	0
5316	30.6391	0	0
5315	30.6311	0	0
5314	30.6231	0	0
5313	30.6151	0	0
5312	30.6071	0	0
5311	30.5991	0	0
5310	30.5911	0	0
5309	30.5831	0	0
5308	30.5751	0	0
5307	30.5671	0	0
5306	30.5591	0	0
5305	30.5511	0	0
5304	30.5431	0	0
5303	30.5351	0	0
5302	30.5271	0	0
5301	30.5191	0	0
5300	30.5111	0	0
5299	30.503	0	0
5298	30.495	0	0
5297	30.487	0	0
5296	30.479	0	0
5295	30.4709	0	0
5294	30.4629	0	0
5293	30.4549	0	0
5292	30.4469	0	0
5291	30.4388	0	0
5290	30.4308	0	0
5289	30.4227	0	0
5288	30.4147	0	0
5287	30.4067	0	0
5286	30.3986	0	0
5285	30.3906	0	0
5284	30.3825	0	0
5283	30.3745	0	0
5282	30.3664	0	0
5281	30.3584	0	0
5280	30.3503	0	0
5279	30.3422	0	0
5278	30.3342	0	0
5277	30.3261	0	0
5276	30.318	0	0
5275	30.31	0	0
5274	30.3019	0	0
5273	30.2938	0	0
5272	30.2858	0	0
5271	30.2777	0	0
5270	30.2696	0	0
5269	30.2615	0	0
5268	30.2534	0	0
5267	30.2453	0	0
5266	30.2373	0	0
5265	30.2292	0	0
5264	30.2211	0	0
5263	30.213	0	0
5262	30.2049	0	0
5261	30.1968	0	0
5260	30.1887	0	0
5259	30.1806	0	0
5258	30.1725	0	0
5257	30.1644	0	0
5256	30.1562	0	0
5255	30.1481	0	0
5254	30.14	0	0
5253	30.1319	0	0
5252	30.1238	0	0
5251	30.1157	0	0
5250	30.1075	0	0
5249	30.0994	0	0
5248	30.0913	0	0
5247	30.0831	0	0
5246	30.075	0	0
5245	30.0669	0	0
5244	30.0587	0	0
5243	30.0506	0	0
5242	30.0425	0	0
5241	30.0343	0	0
5240	30.0262	0	0
5239	30.018	0	0
5238	30.0099	0	0
5237	30.0017	0	0
5236	29.9936	0	0
5235	29.9854	0	0
5234	29.9772	0	0
5233	29.9691	0	0
5232	29.9609	0	0
5231	29.9527	0	0
5230	29.9446	0	0
5229	29.9364	0	0
5228	29.9282	0	0
5227	29.92	0	0
5226	29.9119	0	0
5225	29.9037	0	0
5224	29.8955	0	0
5223	29.8873	0	0
5222	29.8791	0	0
5221	29.8709	0	0
5220	29.8627	0	0
5219	29.8545	0	0
5218	29.8463	0	0
5217	29.8381	0	0
5216	29.8299	0	0
5215	29.8217	0	0
5214	29.8135	0	0
5213	29.8053	0	0
5212	29.7971	0	0
5211	29.7889	0	0
5210	29.7806	0	0
5209	29.7724	0	0
5208	29.7642	0	0
5207	29.756	0	0
5206	29.7477	0	0
5205	29.7395	0	0
5204	29.7313	0	0
5203	29.723	0	0
5202	29.7148	0	0
5201	29.7066	0	0
5200	29.6983	0	0
5199	29.6901	0	0
5198	29.6818	0	0
5197	29.6736	0	0
5196	29.6653	0	0
5195	29.6571	0	0
5194	29.6488	0	0
5193	29.6405	0	0
5192	29.6323	0	0
5191	29.624	0	0
5190	29.6157	0	0
5189	29.6075	0	0
5188	29.5992	0	0
5187	29.5909	0	0
5186	29.5826	0	0
5185	29.5744	0	0
5184	29.5661	0	0
5183	29.5578	0	0
5182	29.5495	0	0
5181	29.5412	0	0
5180	29.5329	0	0
5179	29.5246	0	0
5178	29.5163	0	0
5177	29.508	0	0
5176	29.4997	0	0
5175	29.4914	0	0
5174	29.4831	0	0
5173	29.4748	0	0
5172	29.4665	0	0
5171	29.4581	0	0
5170	29.4498	0	0
5169	29.4415	0	0
5168	29.4332	0	0
5167	29.4248	0	0
5166	29.4165	0	0
5165	29.4082	0	0
5164	29.3998	0	0
5163	29.3915	0	0
5162	29.3832	0	0
5161	29.3748	0	0
5160	29.3665	0	0
5159	29.3581	0	0
5158	29.3498	0	0
5157	29.3414	0	0
5156	29.3331	0	0
5155	29.3247	0	0
5154	29.3163	0	0
5153	29.308	0	0
5152	29.2996	0	0
5151	29.2912	0	0
5150	29.2829	0	0
5149	29.2745	0	0
5148	29.2661	0	0
5147	29.2577	0	0
5146	29.2493	0	0
5145	29.2409	0	0
5144	29.2326	0	0
5143	29.2242	0	0
5142	29.2158	0	0
5141	29.2074	0	0
5140	29.199	0	0
5139	29.1906	0	0
5138	29.1822	0	0
5137	29.1737	0	0
5136	29.1653	0	0
5135	29.1569	0	0
5134	29.1485	0	0
5133	29.1401	0	0
5132	29.1317	0	0
5131	29.1232	0	0
5130	29.1148	0	0
5129	29.1064	0	0
5128	29.0979	0	0
5127	29.0895	0	0
5126	29.0811	0	0
5125	29.0726	0	0
5124	29.0642	0	0
5123	29.0557	0	0
5122	29.0473	0	0
5121	29.0388	0	0
5120	29.0304	0	0
5119	29.0219	0	0
5118	29.0134	0	0
5117	29.005	0	0
5116	28.9965	0	0
5115	28.988	0	0
5114	28.9796	0	0
5113	28.9711	0	0
5112	28.9626	0	0
5111	28.9541	0	0
5110	28.9456	0	0
5109	28.9371	0	0
5108	28.9287	0	0
5107	28.9202	0	0
5106	28.9117	0	0
5105	28.9032	0	0
5104	28.8947	0	0
5103	28.8862	0	0
5102	28.8776	0	0
5101	28.8691	0	0
5100	28.8606	0	0
5099	28.8521	0	0
5098	28.8436	0	0
5097	28.8351	0	0
5096	28.8265	0	0
5095	28.818	0	0
5094	28.8095	0	0
5093	28.8009	0	0
5092	28.7924	0	0
5091	28.7839	0	0
5090	28.7753	0	0
5089	28.7668	0	0
5088	28.7582	0	0
5087	28.7497	0	0
5086	28.7411	0	0
5085	28.7325	0	0
5084	28.724	0	0
5083	28.7154	0	0
5082	28.7069	0	0
5081	28.6983	0	0
5080	28.6897	0	0
5079	28.6811	0	0
5078	28.6726	0	0
5077	28.664	0	0
5076	28.6554	0	0
5075	28.6468	0	0
5074	28.6382	0	0
5073	28.6296	0	0
5072	28.621	0	0
5071	28.6124	0	0
5070	28.6038	0	0
5069	28.5952	0	0
5068	28.5866	0	0
5067	28.578	0	0
5066	28.5694	0	0
5065	28.5608	0	0
5064	28.5521	0	0
5063	28.5435	0	0
5062	28.5349	0	0
5061	28.5262	0	0
5060	28.5176	0	0
5059	28.509	0	0
5058	28.5003	0	0
5057	28.4917	0	0
5056	28.483	0	0
5055	28.4744	0	0
5054	28.4657	0	0
5053	28.4571	0	0
5052	28.4484	0	0
5051	28.4398	0	0
5050	28.4311	0	0
5049	28.4224	0	0
5048	28.4138	0	0
5047	28.4051	0	0
5046	28.3964	0	0
5045	28.3877	0	0
5044	28.379	0	0
5043	28.3704	0	0
5042	28.3617	0	0
5041	28.353	0	0
5040	28.3443	0	0
5039	28.3356	0	0
5038	28.3269	0	0
5037	28.3182	0	0
5036	28.3095	0	0
5035	28.3008	0	0
5034	28.292	0	0
5033	28.2833	0	0
5032	28.2746	0	0
5031	28.2659	0	0
5030	28.2571	0	0
5029	28.2484	0	0
5028	28.2397	0	0
5027	28.2309	0	0
5026	28.2222	0	0
5025	28.2135	0	0
5024	28.2047	0	0
5023	28.196	0	0
5022	28.1872	0	0
5021	28.1785	0	0
5020	28.1697	0	0
5019	28.1609	0	0
5018	28.1522	0	0
5017	28.1434	0	0
5016	28.1346	0	0
5015	28.1258	0	0
5014	28.1171	0	0
5013	28.1083	0	0
5012	28.0995	0	0
5011	28.0907	0	0
5010	28.0819	0	0
5009	28.0731	0	0
5008	28.0643	0	0
5007	28.0555	0	0
5006	28.0467	0	0
5005	28.0379	0	0
5004	28.0291	0	0
5003	28.0203	0	0
5002	28.0115	0	0
5001	28.0026	0	0
5000	27.9938	0	0
4999	27.985	0	0
4998	27.9762	0	0
4997	27.9673	0	0
4996	27.9585	0	0
4995	27.9496	0	0
4994	27.9408	0	0
4993	27.9319	0	0
4992	27.9231	0	0
4991	27.9142	0	0
4990	27.9054	0	0
4989	27.8965	0	0
4988	27.8877	0	0
4987	27.8788	0	0
4986	27.8699	0	0
4985	27.861	0	0
4984	27.8522	0	0
4983	27.8433	0	0
4982	27.8344	0	0
4981	27.8255	0	0
4980	27.8166	0	0
4979	27.8077	0	0
4978	27.7988	0	0
4977	27.7899	0	0
4976	27.781	0	0
4975	27.7721	0	0
4974	27.7632	0	0
4973	27.7543	0	0
4972	27.7454	0	0
4971	27.7364	0	0
4970	27.7275	0	0
4969	27.7186	0	0
4968	27.7097	0	0
4967	27.7007	0	0
4966	27.6918	0	0
4965	27.6828	0	0
4964	27.6739	0	0
4963	27.6649	0	0
4962	27.656	0	0
4961	27.647	0	0
4960	27.6381	0	0
4959	27.6291	0	0
4958	27.6201	0	0
4957	27.6112	0	0
4956	27.6022	0	0
4955	27.5932	0	0
4954	27.5842	0	0
4953	27.5753	0	0
4952	27.5663	0	0
4951	27.5573	0	0
4950	27.5483	0	0
4949	27.5393	0	0
4948	27.5303	0	0
4947	27.5213	0	0
4946	27.5123	0	0
4945	27.5033	0	0
4944	27.4942	0	0
4943	27.4852	0	0
4942	27.4762	0	0
4941	27.4672	0	0
4940	27.4582	0	0
4939	27.4491	0	0
4938	27.4401	0	0
4937	27.431	0	0
4936	27.422	0	0
4935	27.413	0	0
4934	27.4039	0	0
4933	27.3948	0	0
4932	27.3858	0	0
4931	27.3767	0	0
4930	27.3677	0	0
4929	27.3586	0	0
4928	27.3495	0	0
4927	27.3405	0	0
4926	27.3314	0	0
4925	27.3223	0	0
4924	27.3132	0	0
4923	27.3041	0	0
4922	27.295	0	0
4921	27.2859	0	0
4920	27.2768	0	0
4919	27.2677	0	0
4918	27.2586	0	0
4917	27.2495	0	0
4916	27.2404	0	0
4915	27.2313	0	0
4914	27.2222	0	0
4913	27.213	0	0
4912	27.2039	0	0
4911	27.1948	0	0
4910	27.1856	0	0
4909	27.1765	0	0
4908	27.1673	0	0
4907	27.1582	0	0
4906	27.1491	0	0
4905	27.1399	0	0
4904	27.1307	0	0
4903	27.1216	0	0
4902	27.1124	0	0
4901	27.1032	0	0
4900	27.0941	0	0
4899	27.0849	0	0
4898	27.0757	0	0
4897	27.0665	0	0
4896	27.0573	0	0
4895	27.0482	0	0
4894	27.039	0	0
4893	27.0298	0	0
4892	27.0206	0	0
4891	27.0114	0	0
4890	27.0022	0	0
4889	26.9929	0	0
4888	26.9837	0	0
4887	26.9745	0	0
4886	26.9653	0	0
4885	26.9561	0	0
4884	26.9468	0	0
4883	26.9376	0	0
4882	26.9283	0	0
4881	26.9191	0	0
4880	26.9099	0	0
4879	26.9006	0	0
4878	26.8914	0	0
4877	26.8821	0	0
4876	26.8728	0	0
4875	26.8636	0	0
4874	26.8543	0	0
4873	26.845	0	0
4872	26.8358	0	0
4871	26.8265	0	0
4870	26.8172	0	0
4869	26.8079	0	0
4868	26.7986	0	0
4867	26.7893	0	0
4866	26.78	0	0
4865	26.7707	0	0
4864	26.7614	0	0
4863	26.7521	0	0
4862	26.7428	0	0
4861	26.7335	0	0
4860	26.7242	0	0
4859	26.7148	0	0
4858	26.7055	0	0
4857	26.6962	0	0
4856	26.6869	0	0
4855	26.6775	0	0
4854	26.6682	0	0
4853	26.6588	0	0
4852	26.6495	0	0
4851	26.6401	0	0
4850	26.6308	0	0
4849	26.6214	0	0
4848	26.612	0	0
4847	26.6027	0	0
4846	26.5933	0	0
4845	26.5839	0	0
4844	26.5745	0	0
4843	26.5651	0	0
4842	26.5558	0	0
4841	26.5464	0	0
4840	26.537	0	0
4839	26.5276	0	0
4838	26.5182	0	0
4837	26.5088	0	0
4836	26.4993	0	0
4835	26.4899	0	0
4834	26.4805	0	0
4833	26.4711	0	0
4832	26.4617	0	0
4831	26.4522	0	0
4830	26.4428	0	0
4829	26.4334	0	0
4828	26.4239	0	0
4827	26.4145	0	0
4826	26.405	0	0
4825	26.3956	0	0
4824	26.3861	0	0
4823	26.3767	0	0
4822	26.3672	0	0
4821	26.3577	0	0
4820	26.3482	0	0
4819	26.3388	0	0
4818	26.3293	0	0
4817	26.3198	0	0
4816	26.3103	0	0
4815	26.3008	0	0
4814	26.2913	0	0
4813	26.2818	0	0
4812	26.2723	0	0
4811	26.2628	0	0
4810	26.2533	0	0
4809	26.2438	0	0
4808	26.2343	0	0
4807	26.2247	0	0
4806	26.2152	0	0
4805	26.2057	0	0
4804	26.1961	0	0
4803	26.1866	0	0
4802	26.1771	0	0
4801	26.1675	0	0
4800	26.158	0	0
4799	26.1484	0	0
4798	26.1389	0	0
4797	26.1293	0	0
4796	26.1197	0	0
4795	26.1102	0	0
4794	26.1006	0	0
4793	26.091	0	0
4792	26.0814	0	0
4791	26.0718	0	0
4790	26.0622	0	0
4789	26.0526	0	0
4788	26.043	0	0
4787	26.0334	0	0
4786	26.0238	0	0
4785	26.0142	0	0
4784	26.0046	0	0
4783	25.995	0	0
4782	25.9854	0	0
4781	25.9757	0	0
4780	25.9661	0	0
4779	25.9565	0	0
4778	25.9468	0	0
4777	25.9372	0	0
4776	25.9276	0	0
4775	25.9179	0	0
4774	25.9083	0	0
4773	25.8986	0	0
4772	25.8889	0	0
4771	25.8793	0	0
4770	25.8696	0	0
4769	25.8599	0	0
4768	25.8502	0	0
4767	25.8406	0	0
4766	25.8309	0	0
4765	25.8212	0	0
4764	25.8115	0	0
4763	25.8018	0	0
4762	25.7921	0	0
4761	25.7824	0	0
4760	25.7727	0	0
4759	25.763	0	0
4758	25.7532	0	0
4757	25.7435	0	0
4756	25.7338	0	0
4755	25.7241	0	0
4754	25.7143	0	0
4753	25.7046	0	0
4752	25.6949	0	0
4751	25.6851	0	0
4750	25.6754	0	0
4749	25.6656	0	0
4748	25.6558	0	0
4747	25.6461	0	0
4746	25.6363	0	0
4745	25.6265	0	0
4744	25.6168	0	0
4743	25.607	0	0
4742	25.5972	0	0
4741	25.5874	0	0
4740	25.5776	0	0
4739	25.5678	0	0
4738	25.558	0	0
4737	25.5482	0	0
4736	25.5384	0	0
4735	25.5286	0	0
4734	25.5188	0	0
4733	25.509	0	0
4732	25.4992	0	0
4731	25.4893	0	0
4730	25.4795	0	0
4729	25.4697	0	0
4728	25.4598	0	0
4727	25.45	0	0
4726	25.4401	0	0
4725	25.4303	0	0
4724	25.4204	0	0
4723	25.4106	0	0
4722	25.4007	0	0
4721	25.3908	0	0
4720	25.3809	0	0
4719	25.3711	0	0
4718	25.3612	0	0
4717	25.3513	0	0
4716	25.3414	0	0
4715	25.3315	0	0
4714	25.3216	0	0
4713	25.3117	0	0
4712	25.3018	0	0
4711	25.2919	0	0
4710	25.282	0	0
4709	25.2721	0	0
4708	25.2622	0	0
4707	25.2522	0	0
4706	25.2423	0	0
4705	25.2324	0	0
4704	25.2224	0	0
4703	25.2125	0	0
4702	25.2025	0	0
4701	25.1926	0	0
4700	25.1826	0	0
4699	25.1727	0	0
4698	25.1627	0	0
4697	25.1527	0	0
4696	25.1428	0	0
4695	25.1328	0	0
4694	25.1228	0	0
4693	25.1128	0	0
4692	25.1028	0	0
4691	25.0928	0	0
4690	25.0828	0	0
4689	25.0728	0	0
4688	25.0628	0	0
4687	25.0528	0	0
4686	25.0428	0	0
4685	25.0328	0	0
4684	25.0228	0	0
4683	25.0128	0	0
4682	25.0027	0	0
4681	24.9927	0	0
4680	24.9827	0	0
4679	24.9726	0	0
4678	24.9626	0	0
4677	24.9525	0	0
4676	24.9425	0	0
4675	24.9324	0	0
4674	24.9223	0	0
4673	24.9123	0	0
4672	24.9022	0	0
4671	24.8921	0	0
4670	24.882	0	0
4669	24.872	0	0
4668	24.8619	0	0
4667	24.8518	0	0
4666	24.8417	0	0
4665	24.8316	0	0
4664	24.8215	0	0
4663	24.8114	0	0
4662	24.8012	0	0
4661	24.7911	0	0
4660	24.781	0	0
4659	24.7709	0	0
4658	24.7607	0	0
4657	24.7506	0	0
4656	24.7405	0	0
4655	24.7303	0	0
4654	24.7202	0	0
4653	24.71	0	0
4652	24.6999	0	0
4651	24.6897	0	0
4650	24.6796	0	0
4649	24.6694	0	0
4648	24.6592	0	0
4647	24.649	0	0
4646	24.6389	0	0
4645	24.6287	0	0
4644	24.6185	0	0
4643	24.6083	0	0
4642	24.5981	0	0
4641	24.5879	0	0
4640	24.5777	0	0
4639	24.5675	0	0
4638	24.5573	0	0
4637	24.547	0	0
4636	24.5368	0	0
4635	24.5266	0	0
4634	24.5164	0	0
4633	24.5061	0	0
4632	24.4959	0	0
4631	24.4856	0	0
4630	24.4754	0	0
4629	24.4651	0	0
4628	24.4549	0	0
4627	24.4446	0	0
4626	24.4343	0	0
4625	24.4241	0	0
4624	24.4138	0	0
4623	24.4035	0	0
4622	24.3932	0	0
4621	24.383	0	0
4620	24.3727	0	0
4619	24.3624	0	0
4618	24.3521	0	0
4617	24.3418	0	0
4616	24.3315	0	0
4615	24.3212	0	0
4614	24.3108	0	0
4613	24.3005	0	0
4612	24.2902	0	0
4611	24.2799	0	0
4610	24.2695	0	0
4609	24.2592	0	0
4608	24.2488	0	0
4607	24.2385	0	0
4606	24.2282	0	0
4605	24.2178	0	0
4604	24.2074	0	0
4603	24.1971	0	0
4602	24.1867	0	0
4601	24.1763	0	0
4600	24.166	0	0
4599	24.1556	0	0
4598	24.1452	0	0
4597	24.1348	0	0
4596	24.1244	0	0
4595	24.114	0	0
4594	24.1036	0	0
4593	24.0932	0	0
4592	24.0828	0	0
4591	24.0724	0	0
4590	24.062	0	0
4589	24.0515	0	0
4588	24.0411	0	0
4587	24.0307	0	0
4586	24.0203	0	0
4585	24.0098	0	0
4584	23.9994	0	0
4583	23.9889	0	0
4582	23.9785	0	0
4581	23.968	0	0
4580	23.9576	0	0
4579	23.9471	0	0
4578	23.9366	0	0
4577	23.9261	0	0
4576	23.9157	0	0
4575	23.9052	0	0
4574	23.8947	0	0
4573	23.8842	0	0
4572	23.8737	0	0
4571	23.8632	0	0
4570	23.8527	0	0
4569	23.8422	0	0
4568	23.8317	0	0
4567	23.8212	0	0
4566	23.8107	0	0
4565	23.8001	0	0
4564	23.7896	0	0
4563	23.7791	0	0
4562	23.7685	0	0
4561	23.758	0	0
4560	23.7474	0	0
4559	23.7369	0	0
4558	23.7263	0	0
4557	23.7158	0	0
4556	23.7052	0	0
4555	23.6947	0	0
4554	23.6841	0	0
4553	23.6735	0	0
4552	23.6629	0	0
4551	23.6523	0	0
4550	23.6418	0	0
4549	23.6312	0	0
4548	23.6206	0	0
4547	23.61	0	0
4546	23.5994	0	0
4545	23.5887	0	0
4544	23.5781	0	0
4543	23.5675	0	0
4542	23.5569	0	0
4541	23.5463	0	0
4540	23.5356	0	0
4539	23.525	0	0
4538	23.5144	0	0
4537	23.5037	0	0
4536	23.4931	0	0
4535	23.4824	0	0
4534	23.4718	0	0
4533	23.4611	0	0
4532	23.4504	0	0
4531	23.4398	0	0
4530	23.4291	0	0
4529	23.4184	0	0
4528	23.4077	0	0
4527	23.397	0	0
4526	23.3864	0	0
4525	23.3757	0	0
4524	23.365	0	0
4523	23.3543	0	0
4522	23.3436	0	0
4521	23.3328	0	0
4520	23.3221	0	0
4519	23.3114	0	0
4518	23.3007	0	0
4517	23.29	0	0
4516	23.2792	0	0
4515	23.2685	0	0
4514	23.2577	0	0
4513	23.247	0	0
4512	23.2363	0	0
4511	23.2255	0	0
4510	23.2147	0	0
4509	23.204	0	0
4508	23.1932	0	0
4507	23.1824	0	0
4506	23.1717	0	0
4505	23.1609	0	0
4504	23.1501	0	0
4503	23.1393	0	0
4502	23.1285	0	0
4501	23.1177	0	0
4500	23.1069	0	0
4499	23.0961	0	0
4498	23.0853	0	0
4497	23.0745	0	0
4496	23.0637	0	0
4495	23.0529	0	0
4494	23.042	0	0
4493	23.0312	0	0
4492	23.0204	0	0
4491	23.0095	0	0
4490	22.9987	0	0
4489	22.9879	0	0
4488	22.977	0	0
4487	22.9661	0	0
4486	22.9553	0	0
4485	22.9444	0	0
4484	22.9336	0	0
4483	22.9227	0	0
4482	22.9118	0	0
4481	22.9009	0	0
4480	22.89	0	0
4479	22.8792	0	0
4478	22.8683	0	0
4477	22.8574	0	0
4476	22.8465	0	0
4475	22.8356	0	0
4474	22.8247	0	0
4473	22.8137	0	0
4472	22.8028	0	0
4471	22.7919	0	0
4470	22.781	0	0
4469	22.77	0	0
4468	22.7591	0	0
4467	22.7482	0	0
4466	22.7372	0	0
4465	22.7263	0	0
4464	22.7153	0	0
4463	22.7044	0	0
4462	22.6934	0	0
4461	22.6825	0	0
4460	22.6715	0	0
4459	22.6605	0	0
4458	22.6495	0	0
4457	22.6386	0	0
4456	22.6276	0	0
4455	22.6166	0	0
4454	22.6056	0	0
4453	22.5946	0	0
4452	22.5836	0	0
4451	22.5726	0	0
4450	22.5616	0	0
4449	22.5506	0	0
4448	22.5396	0	0
4447	22.5285	0	0
4446	22.5175	0	0
4445	22.5065	0	0
4444	22.4955	0	0
4443	22.4844	0	0
4442	22.4734	0	0
4441	22.4623	0	0
4440	22.4513	0	0
4439	22.4402	0	0
4438	22.4292	0	0
4437	22.4181	0	0
4436	22.407	0	0
4435	22.396	0	0
4434	22.3849	0	0
4433	22.3738	0	0
4432	22.3627	0	0
4431	22.3517	0	0
4430	22.3406	0	0
4429	22.3295	0	0
4428	22.3184	0	0
4427	22.3073	0	0
4426	22.2962	0	0
4425	22.2851	0	0
4424	22.2739	0	0
4423	22.2628	0	0
4422	22.2517	0	0
4421	22.2406	0	0
4420	22.2294	0	0
4419	22.2183	0	0
4418	22.2072	0	0
4417	22.196	0	0
4416	22.1849	0	0
4415	22.1737	0	0
4414	22.1626	0	0
4413	22.1514	0	0
4412	22.1402	0	0
4411	22.1291	0	0
4410	22.1179	0	0
4409	22.1067	0	0
4408	22.0956	0	0
4407	22.0844	0	0
4406	22.0732	0	0
4405	22.062	0	0
4404	22.0508	0	0
4403	22.0396	0	0
4402	22.0284	0	0
4401	22.0172	0	0
4400	22.006	0	0
4399	21.9948	0	0
4398	21.9835	0	0
4397	21.9723	0	0
4396	21.9611	0	0
4395	21.9499	0	0
4394	21.9386	0	0
4393	21.9274	0	0
4392	21.9161	0	0
4391	21.9049	0	0
4390	21.8937	0	0
4389	21.8824	0	0
4388	21.8711	0	0
4387	21.8599	0	0
4386	21.8486	0	0
4385	21.8373	0	0
4384	21.8261	0	0
4383	21.8148	0	0
4382	21.8035	0	0
4381	21.7922	0	0
4380	21.7809	0	0
4379	21.7696	0	0
4378	21.7583	0	0
4377	21.747	0	0
4376	21.7357	0	0
4375	21.7244	0	0
4374	21.7131	0	0
4373	21.7018	0	0
4372	21.6905	0	0
4371	21.6791	0	0
4370	21.6678	0	0
4369	21.6565	0	0
4368	21.6452	0	0
4367	21.6338	0	0
4366	21.6225	0	0
4365	21.6111	0	0
4364	21.5998	0	0
4363	21.5884	0	0
4362	21.5771	0	0
4361	21.5657	0	0
4360	21.5543	0	0
4359	21.543	0	0
4358	21.5316	0	0
4357	21.5202	0	0
4356	21.5088	0	0
4355	21.4974	0	0
4354	21.486	0	0
4353	21.4747	0	0
4352	21.4633	0	0
4351	21.4519	0	0
4350	21.4404	0	0
4349	21.429	0	0
4348	21.4176	0	0
4347	21.4062	0	0
4346	21.3948	0	0
4345	21.3834	0	0
4344	21.3719	0	0
4343	21.3605	0	0
4342	21.3491	0	0
4341	21.3376	0	0
4340	21.3262	0	0
4339	21.3148	0	0
4338	21.3033	0	0
4337	21.2918	0	0
4336	21.2804	0	0
4335	21.2689	0	0
4334	21.2575	0	0
4333	21.246	0	0
4332	21.2345	0	0
4331	21.2231	0	0
4330	21.2116	0	0
4329	21.2001	0	0
4328	21.1886	0	0
4327	21.1771	0	0
4326	21.1656	0	0
4325	21.1541	0	0
4324	21.1426	0	0
4323	21.1311	0	0
4322	21.1196	0	0
4321	21.1081	0	0
4320	21.0966	0	0
4319	21.0851	0	0
4318	21.0735	0	0
4317	21.062	0	0
4316	21.0505	0	0
4315	21.039	0	0
4314	21.0274	0	0
4313	21.0159	0	0
4312	21.0043	0	0
4311	20.9928	0	0
4310	20.9812	0	0
4309	20.9697	0	0
4308	20.9581	0	0
4307	20.9466	0	0
4306	20.935	0	0
4305	20.9234	0	0
4304	20.9119	0	0
4303	20.9003	0	0
4302	20.8887	0	0
4301	20.8771	0	0
4300	20.8655	0	0
4299	20.8539	0	0
4298	20.8424	0	0
4297	20.8308	0	0
4296	20.8192	0	0
4295	20.8076	0	0
4294	20.7959	0	0
4293	20.7843	0	0
4292	20.7727	0	0
4291	20.7611	0	0
4290	20.7495	0	0
4289	20.7379	0	0
4288	20.7262	0	0
4287	20.7146	0	0
4286	20.703	0	0
4285	20.6913	0	0
4284	20.6797	0	0
4283	20.668	0	0
4282	20.6564	0	0
4281	20.6447	0	0
4280	20.6331	0	0
4279	20.6214	0	0
4278	20.6098	0	0
4277	20.5981	0	0
4276	20.5864	0	0
4275	20.5748	0	0
4274	20.5631	0	0
4273	20.5514	0	0
4272	20.5397	0	0
4271	20.5281	0	0
4270	20.5164	0	0
4269	20.5047	0	0
4268	20.493	0	0
4267	20.4813	0	0
4266	20.4696	0	0
4265	20.4579	0	0
4264	20.4462	0	0
4263	20.4345	0	0
4262	20.4228	0	0
4261	20.411	0	0
4260	20.3993	0	0
4259	20.3876	0	0
4258	20.3759	0	0
4257	20.3641	0	0
4256	20.3524	0	0
4255	20.3407	0	0
4254	20.3289	0	0
4253	20.3172	0	0
4252	20.3054	0	0
4251	20.2937	0	0
4250	20.2819	0	0
4249	20.2702	0	0
4248	20.2584	0	0
4247	20.2467	0	0
4246	20.2349	0	0
4245	20.2231	0	0
4244	20.2114	0	0
4243	20.1996	0	0
4242	20.1878	0	0
4241	20.176	0	0
4240	20.1643	0	0
4239	20.1525	0	0
4238	20.1407	0	0
4237	20.1289	0	0
4236	20.1171	0	0
4235	20.1053	0	0
4234	20.0935	0	0
4233	20.0817	0	0
4232	20.0699	0	0
4231	20.0581	0	0
4230	20.0463	0	0
4229	20.0345	0	0
4228	20.0226	0	0
4227	20.0108	0	0
4226	19.999	0	0
4225	19.9872	0	0
4224	19.9753	0	0
4223	19.9635	0	0
4222	19.9517	0	0
4221	19.9398	0	0
4220	19.928	0	0
4219	19.9161	0	0
4218	19.9043	0	0
4217	19.8924	0	0
4216	19.8806	0	0
4215	19.8687	0	0
4214	19.8569	0	0
4213	19.845	0	0
4212	19.8332	0	0
4211	19.8213	0	0
4210	19.8094	0	0
4209	19.7975	0	0
4208	19.7857	0	0
4207	19.7738	0	0
4206	19.7619	0	0
4205	19.75	0	0
4204	19.7381	0	0
4203	19.7263	0	0
4202	19.7144	0	0
4201	19.7025	0	0
4200	19.6906	0	0
4199	19.6787	0	0
4198	19.6668	0	0
4197	19.6549	0	0
4196	19.643	0	0
4195	19.631	0	0
4194	19.6191	0	0
4193	19.6072	0	0
4192	19.5953	0	0
4191	19.5834	0	0
4190	19.5714	0	0
4189	19.5595	0	0
4188	19.5476	0	0
4187	19.5357	0	0
4186	19.5237	0	0
4185	19.5118	0	0
4184	19.4999	0	0
4183	19.4879	0	0
4182	19.476	0	0
4181	19.464	0	0
4180	19.4521	0	0
4179	19.4401	0	0
4178	19.4282	0	0
4177	19.4162	0	0
4176	19.4042	0	0
4175	19.3923	0	0
4174	19.3803	0	0
4173	19.3684	0	0
4172	19.3564	0	0
4171	19.3444	0	0
4170	19.3324	0	0
4169	19.3205	0	0
4168	19.3085	0	0
4167	19.2965	0	0
4166	19.2845	0	0
4165	19.2725	0	0
4164	19.2605	0	0
4163	19.2486	0	0
4162	19.2366	0	0
4161	19.2246	0	0
4160	19.2126	0	0
4159	19.2006	0	0
4158	19.1886	0	0
4157	19.1766	0	0
4156	19.1646	0	0
4155	19.1525	0	0
4154	19.1405	0	0
4153	19.1285	0	0
4152	19.1165	0	0
4151	19.1045	0	0
4150	19.0925	0	0
4149	19.0804	0	0
4148	19.0684	0	0
4147	19.0564	0	0
4146	19.0444	0	0
4145	19.0323	0	0
4144	19.0203	0	0
4143	19.0083	0	0
4142	18.9962	0	0
4141	18.9842	0	0
4140	18.9721	0	0
4139	18.9601	0	0
4138	18.948	0	0
4137	18.936	0	0
4136	18.9239	0	0
4135	18.9119	0	0
4134	18.8998	0	0
4133	18.8878	0	0
4132	18.8757	0	0
4131	18.8637	0	0
4130	18.8516	0	0
4129	18.8395	0	0
4128	18.8275	0	0
4127	18.8154	0	0
4126	18.8033	0	0
4125	18.7913	0	0
4124	18.7792	0	0
4123	18.7671	0	0
4122	18.755	0	0
4121	18.7429	0	0
4120	18.7309	0	0
4119	18.7188	0	0
4118	18.7067	0	0
4117	18.6946	0	0
4116	18.6825	0	0
4115	18.6704	0	0
4114	18.6583	0	0
4113	18.6462	0	0
4112	18.6341	0	0
4111	18.622	0	0
4110	18.6099	0	0
4109	18.5978	0	0
4108	18.5857	0	0
4107	18.5736	0	0
4106	18.5615	0	0
4105	18.5494	0	0
4104	18.5373	0	0
4103	18.5252	0	0
4102	18.5131	0	0
4101	18.5009	0	0
4100	18.4888	0	0
4099	18.4767	0	0
4098	18.4646	0	0
4097	18.4525	0	0
4096	18.4403	0	0
4095	18.4282	0	0
4094	18.4161	0	0
4093	18.4039	0	0
4092	18.3918	0	0
4091	18.3797	0	0
4090	18.3675	0	0
4089	18.3554	0	0
4088	18.3433	0	0
4087	18.3311	0	0
4086	18.319	0	0
4085	18.3068	0	0
4084	18.2947	0	0
4083	18.2825	0	0
4082	18.2704	0	0
4081	18.2582	0	0
4080	18.2461	0	0
4079	18.2339	0	0
4078	18.2218	0	0
4077	18.2096	0	0
4076	18.1975	0	0
4075	18.1853	0	0
4074	18.1732	0	0
4073	18.161	0	0
4072	18.1488	0	0
4071	18.1367	0	0
4070	18.1245	0	0
4069	18.1123	0	0
4068	18.1002	0	0
4067	18.088	0	0
4066	18.0758	0	0
4065	18.0636	0	0
4064	18.0515	0	0
4063	18.0393	0	0
4062	18.0271	0	0
4061	18.0149	0	0
4060	18.0028	0	0
4059	17.9906	0	0
4058	17.9784	0	0
4057	17.9662	0	0
4056	17.954	0	0
4055	17.9418	0	0
4054	17.9296	0	0
4053	17.9175	0	0
4052	17.9053	0	0
4051	17.8931	0	0
4050	17.8809	0	0
4049	17.8687	0	0
4048	17.8565	0	0
4047	17.8443	0	0
4046	17.8321	0	0
4045	17.8199	0	0
4044	17.8077	0	0
4043	17.7955	0	0
4042	17.7833	0	0
4041	17.7711	0	0
4040	17.7589	0	0
4039	17.7467	0	0
4038	17.7345	0	0
4037	17.7222	0	0
4036	17.71	0	0
4035	17.6978	0	0
4034	17.6856	0	0
4033	17.6734	0	0
4032	17.6612	0	0
4031	17.649	0	0
4030	17.6367	0	0
4029	17.6245	0	0
4028	17.6123	0	0
4027	17.6001	0	0
4026	17.5879	0	0
4025	17.5756	0	0
4024	17.5634	0	0
4023	17.5512	0	0
4022	17.539	0	0
4021	17.5267	0	0
4020	17.5145	0	0
4019	17.5023	0	0
4018	17.49	0	0
4017	17.4778	0	0
4016	17.4656	0	0
4015	17.4533	0	0
4014	17.4411	0	0
4013	17.4289	0	0
4012	17.4166	0	0
4011	17.4044	0	0
4010	17.3922	0	0
4009	17.3799	0	0
4008	17.3677	0	0
4007	17.3554	0	0
4006	17.3432	0	0
4005	17.3309	0	0
4004	17.3187	0	0
4003	17.3065	0	0
4002	17.2942	0	0
4001	17.282	0	0
4000	17.2697	0	0
3999	17.2575	0	0
3998	17.2452	0	0
3997	17.2329	0	0
3996	17.2207	0	0
3995	17.2084	0	0
3994	17.1962	0	0
3993	17.1839	0	0
3992	17.1717	0	0
3991	17.1594	0	0
3990	17.1471	0	0
3989	17.1349	0	0
3988	17.1226	0	0
3987	17.1104	0	0
3986	17.0981	0	0
3985	17.0858	0	0
3984	17.0736	0	0
3983	17.0613	0	0
3982	17.049	0	0
3981	17.0368	0	0
3980	17.0245	0	0
3979	17.0122	0	0
3978	16.9999	0	0
3977	16.9877	0	0
3976	16.9754	0	0
3975	16.9631	0	0
3974	16.9508	0	0
3973	16.9386	0	0
3972	16.9263	0	0
3971	16.914	0	0
3970	16.9017	0	0
3969	16.8895	0	0
3968	16.8772	0	0
3967	16.8649	0	0
3966	16.8526	0	0
3965	16.8403	0	0
3964	16.828	0	0
3963	16.8157	0	0
3962	16.8035	0	0
3961	16.7912	0	0
3960	16.7789	0	0
3959	16.7666	0	0
3958	16.7543	0	0
3957	16.742	0	0
3956	16.7297	0	0
3955	16.7174	0	0
3954	16.7051	0	0
3953	16.6928	0	0
3952	16.6805	0	0
3951	16.6682	0	0
3950	16.6559	0	0
3949	16.6436	0	0
3948	16.6313	0	0
3947	16.619	0	0
3946	16.6067	0	0
3945	16.5944	0	0
3944	16.5821	0	0
3943	16.5698	0	0
3942	16.5574	0	0
3941	16.5451	0	0
3940	16.5328	0	0
3939	16.5205	0	0
3938	16.5082	0	0
3937	16.4959	0	0
3936	16.4836	0	0
3935	16.4712	0	0
3934	16.4589	0	0
3933	16.4466	0	0
3932	16.4343	0	0
3931	16.4219	0	0
3930	16.4096	0	0
3929	16.3973	0	0
3928	16.385	0	0
3927	16.3726	0	0
3926	16.3603	0	0
3925	16.348	0	0
3924	16.3356	0	0
3923	16.3233	0	0
3922	16.311	0	0
3921	16.2986	0	0
3920	16.2863	0	0
3919	16.2739	0	0
3918	16.2616	0	0
3917	16.2493	0	0
3916	16.2369	0	0
3915	16.2246	0	0
3914	16.2122	0	0
3913	16.1999	0	0
3912	16.1875	0	0
3911	16.1752	0	0
3910	16.1628	0	0
3909	16.1504	0	0
3908	16.1381	0	0
3907	16.1257	0	0
3906	16.1134	0	0
3905	16.101	0	0
3904	16.0886	0	0
3903	16.0763	0	0
3902	16.0639	0	0
3901	16.0515	0	0
3900	16.0391	0	0
3899	16.0268	0	0
3898	16.0144	0	0
3897	16.002	0	0
3896	15.9896	0	0
3895	15.9772	0	0
3894	15.9649	0	0
3893	15.9525	0	0
3892	15.9401	0	0
3891	15.9277	0	0
3890	15.9153	0	0
3889	15.9029	0	0
3888	15.8905	0	0
3887	15.8781	0	0
3886	15.8657	0	0
3885	15.8533	0	0
3884	15.8409	0	0
3883	15.8285	0	0
3882	15.8161	0	0
3881	15.8037	0	0
3880	15.7912	0	0
3879	15.7788	0	0
3878	15.7664	0	0
3877	15.754	0	0
3876	15.7416	0	0
3875	15.7291	0	0
3874	15.7167	0	0
3873	15.7043	0	0
3872	15.6918	0	0
3871	15.6794	0	0
3870	15.6669	0	0
3869	15.6545	0	0
3868	15.6421	0	0
3867	15.6296	0	0
3866	15.6172	0	0
3865	15.6047	0	0
3864	15.5922	0	0
3863	15.5798	0	0
3862	15.5673	0	0
3861	15.5548	0	0
3860	15.5424	0	0
3859	15.5299	0	0
3858	15.5174	0	0
3857	15.5049	0	0
3856	15.4925	0	0
3855	15.48	0	0
3854	15.4675	0	0
3853	15.455	0	0
3852	15.4425	0	0
3851	15.43	0	0
3850	15.4175	0	0
3849	15.405	0	0
3848	15.3925	0	0
3847	15.3799	0	0
3846	15.3674	0	0
3845	15.3549	0	0
3844	15.3424	0	0
3843	15.3298	0	0
3842	15.3173	0	0
3841	15.3048	0	0
3840	15.2922	0	0
3839	15.2797	0	0
3838	15.2671	0	0
3837	15.2546	0	0
3836	15.242	0	0
3835	15.2295	0	0
3834	15.2169	0	0
3833	15.2043	0	0
3832	15.1918	0	0
3831	15.1792	0	0
3830	15.1666	0	0
3829	15.154	0	0
3828	15.1414	0	0
3827	15.1288	0	0
3826	15.1162	0	0
3825	15.1036	0	0
3824	15.091	0	0
3823	15.0784	0	0
3822	15.0657	0	0
3821	15.0531	0	0
3820	15.0405	0	0
3819	15.0278	0	0
3818	15.0152	0	0
3817	15.0026	0	0
3816	14.9899	0	0
3815	14.9772	0	0
3814	14.9646	0	0
3813	14.9519	0	0
3812	14.9392	0	0
3811	14.9266	0	0
3810	14.9139	0	0
3809	14.9012	0	0
3808	14.8885	0	0
3807	14.8758	0	0
3806	14.8631	0	0
3805	14.8504	0	0
3804	14.8376	0	0
3803	14.8249	0	0
3802	14.8122	0	0
3801	14.7994	0	0
3800	14.7867	0	0
3799	14.7739	0	0
3798	14.7612	0	0
3797	14.7484	0	0
3796	14.7356	0	0
3795	14.7229	0	0
3794	14.7101	0	0
3793	14.6973	0	0
3792	14.6845	0	0
3791	14.6717	0	0
3790	14.6589	0	0
3789	14.646	0	0
3788	14.6332	0	0
3787	14.6204	0	0
3786	14.6075	0	0
3785	14.5947	0	0
3784	14.5818	0	0
3783	14.569	0	0
3782	14.5561	0	0
3781	14.5432	0	0
3780	14.5303	0	0
3779	14.5174	0	0
3778	14.5045	0	0
3777	14.4916	0	0
3776	14.4787	0	0
3775	14.4658	0	0
3774	14.4528	0	0
3773	14.4399	0	0
3772	14.4269	0	0
3771	14.414	0	0
3770	14.401	0	0
3769	14.388	0	0
3768	14.3751	0	0
3767	14.3621	0	0
3766	14.3491	0	0
3765	14.336	0	0
3764	14.323	0	0
3763	14.31	0	0
3762	14.2969	0	0
3761	14.2839	0	0
3760	14.2708	0	0
3759	14.2578	0	0
3758	14.2447	0	0
3757	14.2316	0	0
3756	14.2185	0	0
3755	14.2054	0	0
3754	14.1923	0	0
3753	14.1792	0	0
3752	14.166	0	0
3751	14.1529	0	0
3750	14.1397	0	0
3749	14.1265	0	0
3748	14.1134	0	0
3747	14.1002	0	0
3746	14.087	0	0
3745	14.0738	0	0
3744	14.0605	0	0
3743	14.0473	0	0
3742	14.0341	0	0
3741	14.0208	0	0
3740	14.0075	0	0
3739	13.9943	0	0
3738	13.981	0	0
3737	13.9677	0	0
3736	13.9544	0	0
3735	13.9411	0	0
3734	13.9277	0	0
3733	13.9144	0	0
3732	13.901	0	0
3731	13.8876	0	0
3730	13.8743	0	0
3729	13.8609	0	0
3728	13.8475	0	0
3727	13.834	0	0
3726	13.8206	0	0
3725	13.8072	0	0
3724	13.7937	0	0
3723	13.7802	0	0
3722	13.7668	0	0
3721	13.7533	0	0
3720	13.7398	0	0
3719	13.7262	0	0
3718	13.7127	0	0
3717	13.6991	0	0
3716	13.6856	0	0
3715	13.672	0	0
3714	13.6584	0	0
3713	13.6448	0	0
3712	13.6312	0	0
3711	13.6176	0	0
3710	13.6039	0	0
3709	13.5903	0	0
3708	13.5766	0	0
3707	13.5629	0	0
3706	13.5492	0	0
3705	13.5355	0	0
3704	13.5218	0	0
3703	13.508	0	0
3702	13.4943	0	0
3701	13.4805	0	0
3700	13.4667	0	0
3699	13.4529	0	0
3698	13.4391	0	0
3697	13.4252	0	0
3696	13.4114	0	0
3695	13.3975	0	0
3694	13.3836	0	0
3693	13.3697	0	0
3692	13.3558	0	0
3691	13.3419	0	0
3690	13.3279	0	0
3689	13.314	0	0
3688	13.3	0	0
3687	13.286	0	0
3686	13.272	0	0
3685	13.258	0	0
3684	13.2439	0	0
3683	13.2299	0	0
3682	13.2158	0	0
3681	13.2017	0	0
3680	13.1876	0	0
3679	13.1735	0	0
3678	13.1593	0	0
3677	13.1452	0	0
3676	13.131	0	0
3675	13.1168	0	0
3674	13.1026	0	0
3673	13.0883	0	0
3672	13.0741	0	0
3671	13.0598	0	0
3670	13.0455	0	0
3669	13.0312	0	0
3668	13.0169	0	0
3667	13.0026	0	0
3666	12.9882	0	0
3665	12.9739	0	0
3664	12.9595	0	0
3663	12.945	0	0
3662	12.9306	0	0
3661	12.9162	0	0
3660	12.9017	0	0
3659	12.8872	0	0
3658	12.8727	0	0
3657	12.8582	0	0
3656	12.8437	0	0
3655	12.8291	0	0
3654	12.8145	0	0
3653	12.7999	0	0
3652	12.7853	0	0
3651	12.7707	0	0
3650	12.756	0	0
3649	12.7413	0	0
3648	12.7266	0	0
3647	12.7119	0	0
3646	12.6972	0	0
3645	12.6824	0	0
3644	12.6677	0	0
3643	12.6529	0	0
3642	12.6381	0	0
3641	12.6232	0	0
3640	12.6084	0	0
3639	12.5935	0	0
3638	12.5786	0	0
3637	12.5637	0	0
3636	12.5488	0	0
3635	12.5339	0	0
3634	12.5189	0	0
3633	12.5039	0	0
3632	12.4889	0	0
3631	12.4739	0	0
3630	12.4588	0	0
3629	12.4438	0	0
3628	12.4287	0	0
3627	12.4136	0	0
3626	12.3984	0	0
3625	12.3833	0	0
3624	12.3681	0	0
3623	12.3529	0	0
3622	12.3377	0	0
3621	12.3225	0	0
3620	12.3073	0	0
3619	12.292	0	0
3618	12.2767	0	0
3617	12.2614	0	0
3616	12.2461	0	0
3615	12.2307	0	0
3614	12.2154	0	0
3613	12.2	0	0
3612	12.1846	0	0
3611	12.1691	0	0
3610	12.1537	0	0
3609	12.1382	0	0
3608	12.1228	0	0
3607	12.1073	0	0
3606	12.0917	0	0
3605	12.0762	0	0
3604	12.0606	0	0
3603	12.0451	0	0
3602	12.0295	0	0
3601	12.0138	0	0
3600	11.9982	0	0
3599	11.9826	0	0
3598	11.9669	0	0
3597	11.9512	0	0
3596	11.9355	0	0
3595	11.9198	0	0
3594	11.904	0	0
3593	11.8882	0	0
3592	11.8725	0	0
3591	11.8567	0	0
3590	11.8409	0	0
3589	11.825	0	0
3588	11.8092	0	0
3587	11.7933	0	0
3586	11.7774	0	0
3585	11.7615	0	0
3584	11.7456	0	0
3583	11.7296	0	0
3582	11.7137	0	0
3581	11.6977	0	0
3580	11.6817	0	0
3579	11.6657	0	0
3578	11.6497	0	0
3577	11.6337	0	0
3576	11.6176	0	0
3575	11.6016	0	0
3574	11.5855	0	0
3573	11.5694	0	0
3572	11.5533	0	0
3571	11.5372	0	0
3570	11.521	0	0
3569	11.5049	0	0
3568	11.4887	0	0
3567	11.4725	0	0
3566	11.4563	0	0
3565	11.4401	0	0
3564	11.4239	0	0
3563	11.4077	0	0
3562	11.3914	0	0
3561	11.3752	0	0
3560	11.3589	0	0
3559	11.3426	0	0
3558	11.3264	0	0
3557	11.3101	0	0
3556	11.2937	0	0
3555	11.2774	0	0
3554	11.2611	0	0
3553	11.2448	0	0
3552	11.2284	0	0
3551	11.212	0	0
3550	11.1957	0	0
3549	11.1793	0	0
3548	11.1629	0	0
3547	11.1465	0	0
3546	11.1301	0	0
3545	11.1137	0	0
3544	11.0973	0	0
3543	11.0809	0	0
3542	11.0644	0	0
3541	11.048	0	0
3540	11.0316	0	0
3539	11.0151	0	0
3538	10.9987	0	0
3537	10.9822	0	0
3536	10.9657	0	0
3535	10.9493	0	0
3534	10.9328	0	0
3533	10.9163	0	0
3532	10.8999	0	0
3531	10.8834	0	0
3530	10.8669	0	0
3529	10.8504	0	0
3528	10.834	0	0
3527	10.8175	0	0
3526	10.801	0	0
3525	10.7845	0	0
3524	10.768	0	0
3523	10.7516	0	0
3522	10.7351	0	0
3521	10.7186	0	0
3520	10.7021	0	0
3519	10.6857	0	0
3518	10.6692	0	0
3517	10.6527	0	0
3516	10.6363	0	0
3515	10.6198	0	0
3514	10.6034	0	0
3513	10.5869	0	0
3512	10.5705	0	0
3511	10.554	0	0
3510	10.5376	0	0
3509	10.5212	0	0
3508	10.5048	0	0
3507	10.4884	0	0
3506	10.472	0	0
3505	10.4556	0	0
3504	10.4393	0	0
3503	10.4229	0	0
3502	10.4065	0	0
3501	10.3902	0	0
3500	10.3739	0	0
3499	10.3576	0	0
3498	10.3413	0	0
3497	10.325	0	0
3496	10.3087	0	0
3495	10.2925	0	0
3494	10.2762	0	0
3493	10.26	0	0
3492	10.2438	0	0
3491	10.2276	0	0
3490	10.2114	0	0
3489	10.1953	0	0
3488	10.1792	0	0
3487	10.1631	0	0
3486	10.147	0	0
3485	10.1309	0	0
3484	10.1149	0	0
3483	10.0989	0	0
3482	10.0829	0	0
3481	10.0669	0	0
3480	10.0509	0	0
3479	10.035	0	0
3478	10.0191	0	0
3477	10.0033	0	0
3476	9.98743	0	0
3475	9.97163	0	0
3474	9.95585	0	0
3473	9.94011	0	0
3472	9.9244	0	0
3471	9.90872	0	0
3470	9.89308	0	0
3469	9.87747	0	0
3468	9.86189	0	0
3467	9.84635	0	0
3466	9.83085	0	0
3465	9.81539	0	0
3464	9.79997	0	0
3463	9.78458	0	0
3462	9.76924	0	0
3461	9.75394	0	0
3460	9.73869	0	0
3459	9.72348	0	0
3458	9.70831	0	0
3457	9.6932	0	0
3456	9.67813	0	0
3455	9.6631	0	0
3454	9.64813	0	0
3453	9.63321	0	0
3452	9.61835	0	0
3451	9.60353	0	0
3450	9.58878	0	0
3449	9.57408	0	0
3448	9.55943	0	0
3447	9.54485	0	0
3446	9.53032	0	0
3445	9.51586	0	0
3444	9.50146	0	0
3443	9.48713	0	0
3442	9.47286	0	0
3441	9.45867	0	0
3440	9.44454	0	0
3439	9.43048	0	0
3438	9.41649	0	0
3437	9.40258	0	0
3436	9.38875	0	0
3435	9.37499	0	0
3434	9.36131	0	0
3433	9.34772	0	0
3432	9.3342	0	0
3431	9.32078	0	0
3430	9.30744	0	0
3429	9.29419	0	0
3428	9.28103	0	0
3427	9.26796	0	0
3426	9.25499	0	0
3425	9.24211	0	0
3424	9.22934	0	0
3423	9.21667	0	0
3422	9.2041	0	0
3421	9.19164	0	0
3420	9.17929	0	0
3419	9.16705	0	0
3418	9.15492	0	0
3417	9.14292	0	0
3416	9.13103	0	0
3415	9.11926	0	0
3414	9.10762	0	0
3413	9.0961	0	0
3412	9.08472	0	0
3411	9.07347	0	0
3410	9.06236	0	0
3409	9.05138	0	0
3408	9.04055	0	0
3407	9.02987	0	0
3406	9.01933	0	0
3405	9.00895	0	0
3404	8.99873	0	0
3403	8.98866	0	0
3402	8.97876	0	0
3401	8.96902	0	0
3400	8.95946	0	0
3399	8.95006	0	0
3398	8.94085	0	0
3397	8.93182	0	0
3396	8.92298	0	0
3395	8.91432	0	0
3394	8.90587	0	0
3393	8.89761	0	0
3392	8.88955	0	0
3391	8.8817	0	0
3390	8.87406	0	0
3389	8.86664	0	0
3388	8.85944	0	0
3387	8.85247	0	0
3386	8.84572	0	0
3385	8.83921	0	0
3384	8.83294	0	0
3383	8.82692	0	0
3382	8.82114	0	0
3381	8.81562	0	0
3380	8.81036	0	0
3379	8.80536	0	0
3378	8.80063	0	0
3377	8.79618	0	0
3376	8.792	0	0
3375	8.78811	0	0
3374	8.78451	0	0
3373	8.7812	0	0
3372	8.77818	0	0
3371	8.77548	0	0
3370	8.77308	0	0
3369	8.77099	0	0
3368	8.76922	0	0
3367	8.76776	0	0
3366	8.76664	0	0
3365	8.76584	0	0
3364	8.76537	0	0
3363	8.76524	0	0
3362	8.76544	0	0
3361	8.76599	0	0
3360	8.76688	0	0
3359	8.76812	0	0
3358	8.7697	0	0
3357	8.77163	0	0
3356	8.7739	0	0
3355	8.77653	0	0
3354	8.7795	0	0
3353	8.78282	0	0
3352	8.78648	0	0
3351	8.79048	0	0
3350	8.79482	0	0
3349	8.79949	0	0
3348	8.80449	0	0
3347	8.80981	0	0
3346	8.81544	0	0
3345	8.82137	0	0
3344	8.82761	0	0
3343	8.83412	0	0
3342	8.84091	0	0
3341	8.84795	0	0
3340	8.85524	0	0
3339	8.86276	0	0
3338	8.87048	0	0
3337	8.8784	0	0
3336	8.88649	0	0
3335	8.89472	0	0
3334	8.90308	0	0
3333	8.91154	0	0
3332	8.92008	0	0
3331	8.92866	0	0
3330	8.93725	0	0
3329	8.94584	0	0
3328	8.95437	0	0
3327	8.96283	0	0
3326	8.97118	0	0
3325	8.97938	0	0
3324	8.9874	0	0
3323	8.9952	0	0
3322	9.00275	0	0
3321	9.01	0	0
3320	9.01693	0	0
3319	9.02348	0	0
3318	9.02964	0	0
3317	9.03535	0	0
3316	9.04059	0	0
3315	9.04531	0	0
3314	9.0495	0	0
3313	9.0531	0	0
3312	9.0561	0	0
3311	9.05846	0	0
3310	9.06015	0	0
3309	9.06116	0	0
3308	9.06145	0	0
3307	9.061	0	0
3306	9.0598	0	0
3305	9.05783	0	0
3304	9.05506	0	0
3303	9.0515	0	0
3302	9.04713	0	0
3301	9.04193	0	0
3300	9.03591	0	0
3299	9.02906	0	0
3298	9.02137	0	0
3297	9.01284	0	0
3296	9.00347	0	0
3295	8.99326	0	0
3294	8.98221	0	0
3293	8.97032	0	0
3292	8.95758	0	0
3291	8.944	0	0
3290	8.92958	0	0
3289	8.91432	0	0
3288	8.8982	0	0
3287	8.88125	0	0
3286	8.86343	0	0
3285	8.84476	0	0
3284	8.82523	0	0
3283	8.80483	0	0
3282	8.78355	0	0
3281	8.76139	0	0
3280	8.73834	0	0
3279	8.71438	0	0
3278	8.68952	0	0
3277	8.66375	0	0
3276	8.63705	0	0
3275	8.60942	0	0
3274	8.58087	0	0
3273	8.55139	0	0
3272	8.52098	0	0
3271	8.48965	0	0
3270	8.4574	0	0
3269	8.42425	0	0
3268	8.39021	0	0
3267	8.35529	0	0
3266	8.31953	0	0
3265	8.28295	0	0
3264	8.24557	0	0
3263	8.20743	0	0
3262	8.16858	0	0
3261	8.12905	0	0
3260	8.08888	0	0
3259	8.04812	0	0
3258	8.00682	0	0
3257	7.96504	0	0
3256	7.92282	0	0
3255	7.88022	0	0
3254	7.83729	0	0
3253	7.79408	0	0
3252	7.75066	0	0
3251	7.70708	0	0
3250	7.66338	0	0
3249	7.61962	0	0
3248	7.57586	0	0
3247	7.53213	0	0
3246	7.48849	0	0
3245	7.44498	0	0
3244	7.40164	0	0
3243	7.35851	0	0
3242	7.31563	0	0
3241	7.27303	0	0
3240	7.23074	0	0
3239	7.18879	0	0
3238	7.14721	0	0
3237	7.10602	0	0
3236	7.06524	0	0
3235	7.0249	0	0
3234	6.985	0	0
3233	6.94557	0	0
3232	6.90661	0	0
3231	6.86814	0	0
3230	6.83016	0	0
3229	6.79269	0	0
3228	6.75572	0	0
3227	6.71926	0	0
3226	6.68332	0	0
3225	6.64789	0	0
3224	6.61298	0	0
3223	6.57858	0	0
3222	6.5447	0	0
3221	6.51133	0	0
3220	6.47847	0	0
3219	6.44611	0	0
3218	6.41425	0	0
3217	6.38289	0	0
3216	6.35202	0	0
3215	6.32164	0	0
3214	6.29173	0	0
3213	6.2623	0	0
3212	6.23334	0	0
3211	6.20484	0	0
3210	6.17679	0	0
3209	6.14919	0	0
3208	6.12203	0	0
3207	6.09531	0	0
3206	6.06902	0	0
3205	6.04315	0	0
3204	6.0177	0	0
3203	5.99266	0	0
3202	5.96802	0	0
3201	5.94377	0	0
3200	5.91992	0	0
3199	5.89646	0	0
3198	5.87337	0	0
3197	5.85066	0	0
3196	5.82832	0	0
3195	5.80635	0	0
3194	5.78473	0	0
3193	5.76346	0	0
3192	5.74255	0	0
3191	5.72198	0	0
3190	5.70175	0	0
3189	5.68186	0	0
3188	5.6623	0	0
3187	5.64307	0	0
3186	5.62416	0	0
3185	5.60558	0	0
3184	5.58731	0	0
3183	5.56937	0	0
3182	5.55173	0	0
3181	5.53441	0	0
3180	5.5174	0	0
3179	5.50069	0	0
3178	5.48429	0	0
3177	5.46819	0	0
3176	5.4524	0	0
3175	5.4369	0	0
3174	5.42171	0	0
3173	5.40681	0	0
3172	5.39221	0	0
3171	5.37791	0	0
3170	5.3639	0	0
3169	5.3502	0	0
3168	5.33678	0	0
3167	5.32367	0	0
3166	5.31086	0	0
3165	5.29834	0	0
3164	5.28612	0	0
3163	5.27421	0	0
3162	5.26259	0	0
3161	5.25128	0	0
3160	5.24027	0	0
3159	5.22957	0	0
3158	5.21918	0	0
3157	5.2091	0	0
3156	5.19934	0	0
3155	5.18989	0	0
3154	5.18076	0	0
3153	5.17196	0	0
3152	5.16347	0	0
3151	5.15532	0	0
3150	5.14751	0	0
3149	5.14003	0	0
3148	5.13289	0	0
3147	5.1261	0	0
3146	5.11965	0	0
3145	5.11357	0	0
3144	5.10784	0	0
3143	5.10248	0	0
3142	5.09749	0	0
3141	5.09288	0	0
3140	5.08865	0	0
3139	5.08481	0	0
3138	5.08137	0	0
3137	5.07833	0	0
3136	5.0757	0	0
3135	5.07348	0	0
3134	5.07169	0	0
3133	5.07033	0	0
3132	5.0694	0	0
3131	5.06892	0	0
3130	5.0689	0	0
3129	5.06934	0	0
3128	5.07025	0	0
3127	5.07163	0	0
3126	5.07351	0	0
3125	5.07588	0	0
3124	5.07875	0	0
3123	5.08214	0	0
3122	5.08605	0	0
3121	5.09048	0	0
3120	5.09546	0	0
3119	5.10099	0	0
3118	5.10707	0	0
3117	5.11371	0	0
3116	5.12093	0	0
3115	5.12872	0	0
3114	5.13711	0	0
3113	5.14608	0	0
3112	5.15566	0	0
3111	5.16584	0	0
3110	5.17663	0	0
3109	5.18804	0	0
3108	5.20006	0	0
3107	5.2127	0	0
3106	5.22597	0	0
3105	5.23985	0	0
3104	5.25436	0	0
3103	5.26948	0	0
3102	5.28521	0	0
3101	5.30154	0	0
3100	5.31847	0	0
3099	5.33598	0	0
3098	5.35406	0	0
3097	5.37269	0	0
3096	5.39185	0	0
3095	5.41151	0	0
3094	5.43166	0	0
3093	5.45226	0	0
3092	5.47328	0	0
3091	5.49467	0	0
3090	5.5164	0	0
3089	5.53842	0	0
3088	5.56068	0	0
3087	5.58311	0	0
3086	5.60566	0	0
3085	5.62827	0	0
3084	5.65085	0	0
3083	5.67333	0	0
3082	5.69564	0	0
3081	5.71767	0	0
3080	5.73935	0	0
3079	5.76057	0	0
3078	5.78123	0	0
3077	5.80123	0	0
3076	5.82045	0	0
3075	5.8388	0	0
3074	5.85615	0	0
3073	5.87239	0	0
3072	5.8874	0	0
3071	5.90108	0	0
3070	5.9133	0	0
3069	5.92396	0	0
3068	5.93295	0	0
3067	5.94016	0	0
3066	5.94551	0	0
3065	5.94889	0	0
3064	5.95023	0	0
3063	5.94945	0	0
3062	5.94649	0	0
3061	5.94129	0	0
3060	5.93383	0	0
3059	5.92406	0	0
3058	5.91197	0	0
3057	5.89755	0	0
3056	5.88083	0	0
3055	5.86181	0	0
3054	5.84053	0	0
3053	5.81704	0	0
3052	5.79141	0	0
3051	5.76369	0	0
3050	5.73398	0	0
3049	5.70236	0	0
3048	5.66894	0	0
3047	5.63382	0	0
3046	5.59713	0	0
3045	5.559	0	0
3044	5.51961	0	0
3043	5.47932	0	0
3042	5.43777	0	0
3041	5.39739	0	0
3040	5.35607	0	0
3039	5.31395	0	0
3038	5.27112	0	0
3037	5.22772	0	0
3036	5.18385	0	0
3035	5.13961	0	0
3034	5.0951	0	0
3033	5.05042	0	0
3032	5.00566	0	0
3031	4.96091	0	0
3030	4.91624	0	0
3029	4.87173	0	0
3028	4.82744	0	0
3027	4.78344	0	0
3026	4.73978	0	0
3025	4.69651	0	0
3024	4.65369	0	0
3023	4.61134	0	0
3022	4.56951	0	0
3021	4.52823	0	0
3020	4.48753	0	0
3019	4.44743	0	0
3018	4.40794	0	0
3017	4.36909	0	0
3016	4.33089	0	0
3015	4.29335	0	0
3014	4.25647	0	0
3013	4.22027	0	0
3012	4.18474	0	0
3011	4.14989	0	0
3010	4.1157	0	0
3009	4.08219	0	0
3008	4.04935	0	0
3007	4.01716	0	0
3006	3.98563	0	0
3005	3.95474	0	0
3004	3.92449	0	0
3003	3.89487	0	0
3002	3.86586	0	0
3001	3.83746	0	0
3000	3.80966	0	0
2999	3.78243	0	0
2998	3.75578	0	0
2997	3.72969	0	0
2996	3.70414	0	0
2995	3.67913	0	0
2994	3.65464	0	0
2993	3.63065	0	0
2992	3.60716	0	0
2991	3.58416	0	0
2990	3.56162	0	0
2989	3.53954	0	0
2988	3.51791	0	0
2987	3.49671	0	0
2986	3.47593	0	0
2985	3.45556	0	0
2984	3.43559	0	0
2983	3.41601	0	0
2982	3.3968	0	0
2981	3.37795	0	0
2980	3.35946	0	0
2979	3.34131	0	0
2978	3.32349	0	0
2977	3.30599	0	0
2976	3.2888	0	0
2975	3.27191	0	0
2974	3.25532	0	0
2973	3.23901	0	0
2972	3.22297	0	0
2971	3.2072	0	0
2970	3.19169	0	0
2969	3.17642	0	0
2968	3.16139	0	0
2967	3.14659	0	0
2966	3.13202	0	0
2965	3.11766	0	0
2964	3.10351	0	0
2963	3.08957	0	0
2962	3.07581	0	0
2961	3.06225	0	0
2960	3.04886	0	0
2959	3.03565	0	0
2958	3.02261	0	0
2957	3.00972	0	0
2956	2.997	0	0
2955	2.98442	0	0
2954	2.97199	0	0
2953	2.95969	0	0
2952	2.94753	0	0
2951	2.9355	0	0
2950	2.92358	0	0
2949	2.91179	0	0
2948	2.90011	0	0
2947	2.88854	0	0
2946	2.87707	0	0
2945	2.8657	0	0
2944	2.85442	0	0
2943	2.84324	0	0
2942	2.83214	0	0
2941	2.82113	0	0
2940	2.81019	0	0
2939	2.79933	0	0
2938	2.78854	0	0
2937	2.77782	0	0
2936	2.76717	0	0
2935	2.75657	0	0
2934	2.74604	0	0
2933	2.73556	0	0
2932	2.72513	0	0
2931	2.71476	0	0
2930	2.70443	0	0
2929	2.69414	0	0
2928	2.6839	0	0
2927	2.67369	0	0
2926	2.66353	0	0
2925	2.6534	0	0
2924	2.6433	0	0
2923	2.63323	0	0
2922	2.6232	0	0
2921	2.61319	0	0
2920	2.6032	0	0
2919	2.59324	0	0
2918	2.58331	0	0
2917	2.57339	0	0
2916	2.5635	0	0
2915	2.55362	0	0
2914	2.54377	0	0
2913	2.53393	0	0
2912	2.5241	0	0
2911	2.51429	0	0
2910	2.5045	0	0
2909	2.49472	0	0
2908	2.48495	0	0
2907	2.4752	0	0
2906	2.46546	0	0
2905	2.45574	0	0
2904	2.44602	0	0
2903	2.43632	0	0
2902	2.42663	0	0
2901	2.41696	0	0
2900	2.40729	0	0
2899	2.39765	0	0
2898	2.38801	0	0
2897	2.37839	0	0
2896	2.36879	0	0
2895	2.3592	0	0
2894	2.34963	0	0
2893	2.34008	0	0
2892	2.33054	0	0
2891	2.32103	0	0
2890	2.31154	0	0
2889	2.30207	0	0
2888	2.29262	0	0
2887	2.2832	0	0
2886	2.27381	0	0
2885	2.26445	0	0
2884	2.25512	0	0
2883	2.24582	0	0
2882	2.23656	0	0
2881	2.22733	0	0
2880	2.21815	0	0
2879	2.209	0	0
2878	2.1999	0	0
2877	2.19084	0	0
2876	2.18184	0	0
2875	2.17288	0	0
2874	2.16398	0	0
2873	2.15514	0	0
2872	2.14635	0	0
2871	2.13763	0	0
2870	2.12897	0	0
2869	2.12039	0	0
2868	2.11187	0	0
2867	2.10343	0	0
2866	2.09507	0	0
2865	2.08679	0	0
2864	2.0786	0	0
2863	2.0705	0	0
2862	2.06249	0	0
2861	2.05457	0	0
2860	2.04676	0	0
2859	2.03905	0	0
2858	2.03145	0	0
2857	2.02396	0	0
2856	2.01659	0	0
2855	2.00934	0	0
2854	2.00221	0	0
2853	1.99522	0	0
2852	1.98835	0	0
2851	1.98163	0	0
2850	1.97505	0	0
2849	1.96861	0	0
2848	1.96233	0	0
2847	1.9562	0	0
2846	1.95023	0	0
2845	1.94443	0	0
2844	1.9388	0	0
2843	1.93334	0	0
2842	1.92806	0	0
2841	1.92297	0	0
2840	1.91806	0	0
2839	1.91335	0	0
2838	1.90883	0	0
2837	1.90452	0	0
2836	1.90042	0	0
2835	1.89653	0	0
2834	1.89285	0	0
2833	1.8894	0	0
2832	1.88617	0	0
2831	1.88317	0	0
2830	1.88041	0	0
2829	1.87788	0	0
2828	1.87559	0	0
2827	1.87355	0	0
2826	1.87176	0	0
2825	1.87022	0	0
2824	1.86893	0	0
2823	1.8679	0	0
2822	1.86713	0	0
2821	1.86663	0	0
2820	1.86638	0	0
2819	1.8664	0	0
2818	1.86669	0	0
2817	1.86724	0	0
2816	1.86805	0	0
2815	1.86913	0	0
2814	1.87046	0	0
2813	1.87206	0	0
2812	1.87391	0	0
2811	1.87602	0	0
2810	1.87836	0	0
2809	1.88095	0	0
2808	1.88377	0	0
2807	1.88682	0	0
2806	1.89007	0	0
2805	1.89353	0	0
2804	1.89718	0	0
2803	1.90101	0	0
2802	1.905	0	0
2801	1.90913	0	0
2800	1.91339	0	0
2799	1.91775	0	0
2798	1.92219	0	0
2797	1.92669	0	0
2796	1.93122	0	0
2795	1.93575	0	0
2794	1.94026	0	0
2793	1.94471	0	0
2792	1.94906	0	0
2791	1.95328	0	0
2790	1.95733	0	0
2789	1.96117	0	0
2788	1.96476	0	0
2787	1.96805	0	0
2786	1.971	0	0
2785	1.97357	0	0
2784	1.97569	0	0
2783	1.97734	0	0
2782	1.97844	0	0
2781	1.97896	0	0
2780	1.97884	0	0
2779	1.97804	0	0
2778	1.9765	0	0
2777	1.97417	0	0
2776	1.97102	0	0
2775	1.96698	0	0
2774	1.96203	0	0
2773	1.95611	0	0
2772	1.9492	0	0
2771	1.94126	0	0
2770	1.93225	0	0
2769	1.92215	0	0
2768	1.91094	0	0
2767	1.89861	0	0
2766	1.88513	0	0
2765	1.87051	0	0
2764	1.85473	0	0
2763	1.83781	0	0
2762	1.81975	0	0
2761	1.80059	0	0
2760	1.78035	0	0
2759	1.75908	0	0
2758	1.7368	0	0
2757	1.71357	0	0
2756	1.68943	0	0
2755	1.66444	0	0
2754	1.63866	0	0
2753	1.61215	0	0
2752	1.58496	0	0
2751	1.55717	0	0
2750	1.52884	0	0
2749	1.50003	0	0
2748	1.47081	0	0
2747	1.44125	0	0
2746	1.41141	0	0
2745	1.38136	0	0
2744	1.35115	0	0
2743	1.32085	0	0
2742	1.29052	0	0
2741	1.2602	0	0
2740	1.22996	0	0
2739	1.19983	0	0
2738	1.16988	0	0
2737	1.14013	0	0
2736	1.11063	0	0
2735	1.08141	0	0
2734	1.05252	0	0
2733	1.02397	0	0
2732	0.995793	0	0
2731	0.968019	0	0
2730	0.940664	0	0
2729	0.913749	0	0
2728	0.887288	0	0
2727	0.861295	0	0
2726	0.83578	0	0
2725	0.810753	0	0
2724	0.786221	0	0
2723	0.762189	0	0
2722	0.738659	0	0
2721	0.715634	0	0
2720	0.693114	0	0
2719	0.671098	0	0
2718	0.649584	0	0
2717	0.628568	0	0
2716	0.608048	0	0
2715	0.588017	0	0
2714	0.56847	0	0
2713	0.549401	0	0
2712	0.530803	0	0
2711	0.512668	0	0
2710	0.494991	0	0
2709	0.477761	0	0
2708	0.460971	0	0
2707	0.444613	0	0
2706	0.428679	0	0
2705	0.413158	0	0
2704	0.398044	0	0
2703	0.383327	0	0
2702	0.368998	0	0
2701	0.355049	0	0
2700	0.341471	0	0
2699	0.328256	0	0
2698	0.315395	0	0
2697	0.302881	0	0
2696	0.290704	0	0
2695	0.278857	0	0
2694	0.267332	0	0
2693	0.256122	0	0
2692	0.245219	0	0
2691	0.234616	0	0
2690	0.224306	0	0
2689	0.214282	0	0
2688	0.204537	0	0
2687	0.195064	0	0
2686	0.185859	0	0
2685	0.176914	0	0
2684	0.168224	0	0
2683	0.159783	0	0
2682	0.151585	0	0
2681	0.143626	0	0
2680	0.135901	0	0
2679	0.128404	0	0
2678	0.121132	0	0
2677	0.114079	0	0
2676	0.107242	0	0
2675	0.100617	0	0
2674	0.0941997	0	0
2673	0.087987	0	0
2672	0.0819755	0	0
2671	0.0761622	0	0
2670	0.0705444	0	0
2669	0.0651194	0	0
2668	0.0598851	0	0
2667	0.0548395	0	0
2666	0.049981	0	0
2665	0.0453082	0	0
2664	0.0408204	0	0
2663	0.0365171	0	0
2662	0.0323985	0	0
2661	0.0284653	0	0
2660	0.0247192	0	0
2659	0.0211627	0	0
2658	0.0177996	0	0
2657	0.0146356	0	0
2656	0.0116786	0	0
2655	0.00894004	0	0
2654	0.00643694	0	0
2653	0.00419583	0	0
2652	0.00226334	0	0
2651	0.000778733	0	0
2650	0	0	0
2649	0	0	0
2648	0	0	0
2647	0	0	0
2646	0	0	0
2645	0	0	0
2644	0	0	0
2643	0	0	0
2642	0	0	0
2641	0	0	0
2640	0	0	0
2639	0	0	0
2638	0	0	0
2637	0	0	0
2636	0	0	0
2635	0	0	0
2634	0	0	0
2633	0	0	0
2632	0	0	0
2631	0	0	0
2630	0	0	0
2629	0	0	0
2628	0	0	0
2627	0	0	0
2626	0	0	0
2625	0	0	0
2624	0	0	0
2623	0	0	0
2622	0	0	0
2621	0	0	0
2620	0	0	0
2619	0	0	0
2618	0	0	0
2617	0	0	0
2616	0	0	0
2615	0	0	0
2614	0	0	0
2613	0	0	0
2612	0	0	0
2611	0	0	0
2610	0	0	0
2609	0	0	0
2608	0	0	0
2607	0	0	0
2606	0	0	0
2605	0	0	0
2604	0	0	0
2603	0	0	0
2602	0	0	0
2601	0	0	0
2600	0	0	0
2599	0	0	0
2598	0	0	0
2597	0	0	0
2596	0	0	0
2595	0	0	0
2594	0	0	0
2593	0	0	0
2592	0	0	0
2591	0	0	0
2590	0	0	0
2589	0	0	0
2588	0	0	0
2587	0	0	0
2586	0	0	0
2585	0	0	0
2584	0	0	0
2583	0	0	0
2582	0	0	0
2581	0	0	0
2580	0	0	0
2579	0	0	0
2578	0	0	0
2577	0	0	0
2576	0	0	0
2575	0	0	0
2574	0	0	0
2573	0	0	0
2572	0	0	0
2571	0	0	0
2570	0	0	0
2569	0	0	0
2568	0	0	0
2567	0	0	0
2566	0	0	0
2565	0	0	0
2564	0	0	0
2563	0	0	0
2562	0	0	0
2561	0	0	0
2560	0	0	0
2559	0	0	0
2558	0	0	0
2557	0	0	0
2556	0	0	0
2555	0	0	0
2554	0	0	0
2553	0	0	0
2552	0	0	0
2551	0	0	0
2550	0	0	0
