8379	-0.0268501	0	0
8378	-0.0270912	0	0
8377	-0.0273127	0	0
8376	-0.0275002	0	0
8375	-0.0276594	0	0
8374	-0.0277962	0	0
8373	-0.0279152	0	0
8372	-0.0280199	0	0
8371	-0.0281128	0	0
8370	-0.0281958	0	0
8369	-0.0282704	0	0
8368	-0.0283378	0	0
8367	-0.0283987	0	0
8366	-0.028454	0	0
8365	-0.0285043	0	0
8364	-0.02855	0	0
8363	-0.0285916	0	0
8362	-0.0286293	0	0
8361	-0.0286636	0	0
8360	-0.0286946	0	0
8359	-0.0287226	0	0
8358	-0.0287477	0	0
8357	-0.0287703	0	0
8356	-0.0287903	0	0
8355	-0.028808	0	0
8354	-0.0288235	0	0
8353	-0.0288368	0	0
8352	-0.0288483	0	0
8351	-0.0288578	0	0
8350	-0.0288655	0	0
8349	-0.0288716	0	0
8348	-0.0288761	0	0
8347	-0.028879	0	0
8346	-0.0288804	0	0
8345	-0.0288805	0	0
8344	-0.0288792	0	0
8343	-0.0288767	0	0
8342	-0.0288729	0	0
8341	-0.028868	0	0
8340	-0.0288619	0	0
8339	-0.0288548	0	0
8338	-0.0288467	0	0
8337	-0.0288376	0	0
8336	-0.0288276	0	0
8335	-0.0288166	0	0
8334	-0.0288048	0	0
8333	-0.0287922	0	0
8332	-0.0287788	0	0
8331	-0.0287646	0	0
8330	-0.0287497	0	0
8329	-0.0287341	0	0
8328	-0.0287178	0	0
8327	-0.0287008	0	0
8326	-0.0286832	0	0
8325	-0.0286651	0	0
8324	-0.0286463	0	0
8323	-0.028627	0	0
8322	-0.0286071	0	0
8321	-0.0285868	0	0
8320	-0.0285659	0	0
8319	-0.0285445	0	0
8318	-0.0285227	0	0
8317	-0.0285005	0	0
8316	-0.0284778	0	0
8315	-0.0284547	0	0
8314	-0.0284311	0	0
8313	-0.0284072	0	0
8312	-0.0283829	0	0
8311	-0.0283583	0	0
8310	-0.0283333	0	0
8309	-0.028308	0	0
8308	-0.0282823	0	0
8307	-0.0282563	0	0
8306	-0.0282301	0	0
8305	-0.0282035	0	0
8304	-0.0281766	0	0
8303	-0.0281495	0	0
8302	-0.0281221	0	0
8301	-0.0280944	0	0
8300	-0.0280665	0	0
8299	-0.0280383	0	0
8298	-0.0280099	0	0
8297	-0.0279813	0	0
8296	-0.0279524	0	0
8295	-0.0279234	0	0
8294	-0.0278941	0	0
8293	-0.0278647	0	0
8292	-0.027835	0	0
8291	-0.0278051	0	0
8290	-0.0277751	0	0
8289	-0.0277449	0	0
8288	-0.0277145	0	0
8287	-0.027684	0	0
8286	-0.0276533	0	0
8285	-0.0276224	0	0
8284	-0.0275914	0	0
8283	-0.0275602	0	0
8282	-0.0275289	0	0
8281	-0.0274974	0	0
8280	-0.0274658	0	0
8279	-0.0274341	0	0
8278	-0.0274023	0	0
8277	-0.0273703	0	0
8276	-0.0273382	0	0
8275	-0.027306	0	0
8274	-0.0272737	0	0
8273	-0.0272413	0	0
8272	-0.0272087	0	0
8271	-0.0271761	0	0
8270	-0.0271434	0	0
8269	-0.0271105	0	0
8268	-0.0270776	0	0
8267	-0.0270446	0	0
8266	-0.0270115	0	0
8265	-0.0269783	0	0
8264	-0.026945	0	0
8263	-0.0269116	0	0
8262	-0.0268781	0	0
8261	-0.0268446	0	0
8260	-0.026811	0	0
8259	-0.0267773	0	0
8258	-0.0267436	0	0
8257	-0.0267098	0	0
8256	-0.0266759	0	0
8255	-0.0266419	0	0
8254	-0.0266079	0	0
8253	-0.0265738	0	0
8252	-0.0265397	0	0
8251	-0.0265055	0	0
8250	-0.0264713	0	0
8249	-0.0264369	0	0
8248	-0.0264026	0	0
8247	-0.0263682	0	0
8246	-0.0263337	0	0
8245	-0.0262992	0	0
8244	-0.0262646	0	0
8243	-0.02623	0	0
8242	-0.0261953	0	0
8241	-0.0261606	0	0
8240	-0.0261259	0	0
8239	-0.0260911	0	0
8238	-0.0260562	0	0
8237	-0.0260214	0	0
8236	-0.0259865	0	0
8235	-0.0259515	0	0
8234	-0.0259165	0	0
8233	-0.0258815	0	0
8232	-0.0258464	0	0
8231	-0.0258113	0	0
8230	-0.0257762	0	0
8229	-0.025741	0	0
8228	-0.0257058	0	0
8227	-0.0256706	0	0
8226	-0.0256354	0	0
8225	-0.0256001	0	0
8224	-0.0255648	0	0
8223	-0.0255294	0	0
8222	-0.0254941	0	0
8221	-0.0254587	0	0
8220	-0.0254232	0	0
8219	-0.0253878	0	0
8218	-0.0253523	0	0
8217	-0.0253168	0	0
8216	-0.0252813	0	0
8215	-0.0252458	0	0
8214	-0.0252102	0	0
8213	-0.0251746	0	0
8212	-0.025139	0	0
8211	-0.0251034	0	0
8210	-0.0250677	0	0
8209	-0.025032	0	0
8208	-0.0249964	0	0
8207	-0.0249606	0	0
8206	-0.0249249	0	0
8205	-0.0248892	0	0
8204	-0.0248534	0	0
8203	-0.0248176	0	0
8202	-0.0247818	0	0
8201	-0.024746	0	0
8200	-0.0247102	0	0
8199	-0.0246743	0	0
8198	-0.0246385	0	0
8197	-0.0246026	0	0
8196	-0.0245667	0	0
8195	-0.0245308	0	0
8194	-0.0244949	0	0
8193	-0.024459	0	0
8192	-0.024423	0	0
8191	-0.0243871	0	0
8190	-0.0243511	0	0
8189	-0.0243151	0	0
8188	-0.0242791	0	0
8187	-0.0242431	0	0
8186	-0.0242071	0	0
8185	-0.024171	0	0
8184	-0.024135	0	0
8183	-0.0240989	0	0
8182	-0.0240629	0	0
8181	-0.0240268	0	0
8180	-0.0239907	0	0
8179	-0.0239546	0	0
8178	-0.0239185	0	0
8177	-0.0238824	0	0
8176	-0.0238462	0	0
8175	-0.0238101	0	0
8174	-0.0237739	0	0
8173	-0.0237378	0	0
8172	-0.0237016	0	0
8171	-0.0236654	0	0
8170	-0.0236293	0	0
8169	-0.0235931	0	0
8168	-0.0235569	0	0
8167	-0.0235207	0	0
8166	-0.0234844	0	0
8165	-0.0234482	0	0
8164	-0.023412	0	0
8163	-0.0233757	0	0
8162	-0.0233395	0	0
8161	-0.0233032	0	0
8160	-0.023267	0	0
8159	-0.0232307	0	0
8158	-0.0231944	0	0
8157	-0.0231581	0	0
8156	-0.0231218	0	0
8155	-0.0230855	0	0
8154	-0.0230492	0	0
8153	-0.0230129	0	0
8152	-0.0229766	0	0
8151	-0.0229403	0	0
8150	-0.0229039	0	0
8149	-0.0228676	0	0
8148	-0.0228312	0	0
8147	-0.0227949	0	0
8146	-0.0227585	0	0
8145	-0.0227222	0	0
8144	-0.0226858	0	0
8143	-0.0226494	0	0
8142	-0.0226131	0	0
8141	-0.0225767	0	0
8140	-0.0225403	0	0
8139	-0.0225039	0	0
8138	-0.0224675	0	0
8137	-0.0224311	0	0
8136	-0.0223947	0	0
8135	-0.0223583	0	0
8134	-0.0223218	0	0
8133	-0.0222854	0	0
8132	-0.022249	0	0
8131	-0.0222125	0	0
8130	-0.0221761	0	0
8129	-0.0221397	0	0
8128	-0.0221032	0	0
8127	-0.0220668	0	0
8126	-0.0220303	0	0
8125	-0.0219938	0	0
8124	-0.0219574	0	0
8123	-0.0219209	0	0
8122	-0.0218844	0	0
8121	-0.021848	0	0
8120	-0.0218115	0	0
8119	-0.021775	0	0
8118	-0.0217385	0	0
8117	-0.021702	0	0
8116	-0.0216655	0	0
8115	-0.021629	0	0
8114	-0.0215925	0	0
8113	-0.021556	0	0
8112	-0.0215195	0	0
8111	-0.021483	0	0
8110	-0.0214464	0	0
8109	-0.0214099	0	0
8108	-0.0213734	0	0
8107	-0.0213369	0	0
8106	-0.0213003	0	0
8105	-0.0212638	0	0
8104	-0.0212273	0	0
8103	-0.0211907	0	0
8102	-0.0211542	0	0
8101	-0.0211176	0	0
8100	-0.0210811	0	0
8099	-0.0210446	0	0
8098	-0.021008	0	0
8097	-0.0209714	0	0
8096	-0.0209349	0	0
8095	-0.0208983	0	0
8094	-0.0208618	0	0
8093	-0.0208252	0	0
8092	-0.0207886	0	0
8091	-0.0207521	0	0
8090	-0.0207155	0	0
8089	-0.0206789	0	0
8088	-0.0206423	0	0
8087	-0.0206058	0	0
8086	-0.0205692	0	0
8085	-0.0205326	0	0
8084	-0.020496	0	0
8083	-0.0204594	0	0
8082	-0.0204228	0	0
8081	-0.0203863	0	0
8080	-0.0203497	0	0
8079	-0.0203131	0	0
8078	-0.0202765	0	0
8077	-0.0202399	0	0
8076	-0.0202033	0	0
8075	-0.0201667	0	0
8074	-0.0201301	0	0
8073	-0.0200935	0	0
8072	-0.0200569	0	0
8071	-0.0200203	0	0
8070	-0.0199837	0	0
8069	-0.0199471	0	0
8068	-0.0199105	0	0
8067	-0.0198739	0	0
8066	-0.0198373	0	0
8065	-0.0198007	0	0
8064	-0.019764	0	0
8063	-0.0197274	0	0
8062	-0.0196908	0	0
8061	-0.0196542	0	0
8060	-0.0196176	0	0
8059	-0.019581	0	0
8058	-0.0195444	0	0
8057	-0.0195078	0	0
8056	-0.0194712	0	0
8055	-0.0194345	0	0
8054	-0.0193979	0	0
8053	-0.0193613	0	0
8052	-0.0193247	0	0
8051	-0.0192881	0	0
8050	-0.0192515	0	0
8049	-0.0192149	0	0
8048	-0.0191782	0	0
8047	-0.0191416	0	0
8046	-0.019105	0	0
8045	-0.0190684	0	0
8044	-0.0190318	0	0
8043	-0.0189952	0	0
8042	-0.0189586	0	0
8041	-0.018922	0	0
8040	-0.0188854	0	0
8039	-0.0188487	0	0
8038	-0.0188121	0	0
8037	-0.0187755	0	0
8036	-0.0187389	0	0
8035	-0.0187023	0	0
8034	-0.0186657	0	0
8033	-0.0186291	0	0
8032	-0.0185925	0	0
8031	-0.0185559	0	0
8030	-0.0185193	0	0
8029	-0.0184827	0	0
8028	-0.0184461	0	0
8027	-0.0184095	0	0
8026	-0.0183729	0	0
8025	-0.0183363	0	0
8024	-0.0182997	0	0
8023	-0.0182631	0	0
8022	-0.0182265	0	0
8021	-0.0181899	0	0
8020	-0.0181533	0	0
8019	-0.0181167	0	0
8018	-0.0180802	0	0
8017	-0.0180436	0	0
8016	-0.018007	0	0
8015	-0.0179704	0	0
8014	-0.0179338	0	0
8013	-0.0178973	0	0
8012	-0.0178607	0	0
8011	-0.0178241	0	0
8010	-0.0177875	0	0
8009	-0.017751	0	0
8008	-0.0177144	0	0
8007	-0.0176778	0	0
8006	-0.0176413	0	0
8005	-0.0176047	0	0
8004	-0.0175682	0	0
8003	-0.0175316	0	0
8002	-0.0174951	0	0
8001	-0.0174585	0	0
8000	-0.017422	0	0
7999	-0.0173854	0	0
7998	-0.0173489	0	0
7997	-0.0173123	0	0
7996	-0.0172758	0	0
7995	-0.0172393	0	0
7994	-0.0172027	0	0
7993	-0.0171662	0	0
7992	-0.0171297	0	0
7991	-0.0170932	0	0
7990	-0.0170567	0	0
7989	-0.0170201	0	0
7988	-0.0169836	0	0
7987	-0.0169471	0	0
7986	-0.0169106	0	0
7985	-0.0168741	0	0
7984	-0.0168376	0	0
7983	-0.0168011	0	0
7982	-0.0167646	0	0
7981	-0.0167281	0	0
7980	-0.0166917	0	0
7979	-0.0166552	0	0
7978	-0.0166187	0	0
7977	-0.0165822	0	0
7976	-0.0165458	0	0
7975	-0.0165093	0	0
7974	-0.0164728	0	0
7973	-0.0164364	0	0
7972	-0.0163999	0	0
7971	-0.0163635	0	0
7970	-0.016327	0	0
7969	-0.0162906	0	0
7968	-0.0162541	0	0
7967	-0.0162177	0	0
7966	-0.0161813	0	0
7965	-0.0161448	0	0
7964	-0.0161084	0	0
7963	-0.016072	0	0
7962	-0.0160356	0	0
7961	-0.0159992	0	0
7960	-0.0159628	0	0
7959	-0.0159264	0	0
7958	-0.01589	0	0
7957	-0.0158536	0	0
7956	-0.0158172	0	0
7955	-0.0157808	0	0
7954	-0.0157445	0	0
7953	-0.0157081	0	0
7952	-0.0156717	0	0
7951	-0.0156354	0	0
7950	-0.015599	0	0
7949	-0.0155627	0	0
7948	-0.0155263	0	0
7947	-0.01549	0	0
7946	-0.0154536	0	0
7945	-0.0154173	0	0
7944	-0.015381	0	0
7943	-0.0153447	0	0
7942	-0.0153083	0	0
7941	-0.015272	0	0
7940	-0.0152357	0	0
7939	-0.0151994	0	0
7938	-0.0151631	0	0
7937	-0.0151269	0	0
7936	-0.0150906	0	0
7935	-0.0150543	0	0
7934	-0.015018	0	0
7933	-0.0149818	0	0
7932	-0.0149455	0	0
7931	-0.0149093	0	0
7930	-0.014873	0	0
7929	-0.0148368	0	0
7928	-0.0148005	0	0
7927	-0.0147643	0	0
7926	-0.0147281	0	0
7925	-0.0146919	0	0
7924	-0.0146557	0	0
7923	-0.0146195	0	0
7922	-0.0145833	0	0
7921	-0.0145471	0	0
7920	-0.0145109	0	0
7919	-0.0144747	0	0
7918	-0.0144385	0	0
7917	-0.0144024	0	0
7916	-0.0143662	0	0
7915	-0.01433	0	0
7914	-0.0142939	0	0
7913	-0.0142578	0	0
7912	-0.0142216	0	0
7911	-0.0141855	0	0
7910	-0.0141494	0	0
7909	-0.0141133	0	0
7908	-0.0140772	0	0
7907	-0.0140411	0	0
7906	-0.014005	0	0
7905	-0.0139689	0	0
7904	-0.0139328	0	0
7903	-0.0138967	0	0
7902	-0.0138607	0	0
7901	-0.0138246	0	0
7900	-0.0137886	0	0
7899	-0.0137525	0	0
7898	-0.0137165	0	0
7897	-0.0136805	0	0
7896	-0.0136444	0	0
7895	-0.0136084	0	0
7894	-0.0135724	0	0
7893	-0.0135364	0	0
7892	-0.0135004	0	0
7891	-0.0134645	0	0
7890	-0.0134285	0	0
7889	-0.0133925	0	0
7888	-0.0133566	0	0
7887	-0.0133206	0	0
7886	-0.0132847	0	0
7885	-0.0132487	0	0
7884	-0.0132128	0	0
7883	-0.0131769	0	0
7882	-0.013141	0	0
7881	-0.0131051	0	0
7880	-0.0130692	0	0
7879	-0.0130333	0	0
7878	-0.0129974	0	0
7877	-0.0129615	0	0
7876	-0.0129257	0	0
7875	-0.0128898	0	0
7874	-0.012854	0	0
7873	-0.0128181	0	0
7872	-0.0127823	0	0
7871	-0.0127465	0	0
7870	-0.0127107	0	0
7869	-0.0126749	0	0
7868	-0.0126391	0	0
7867	-0.0126033	0	0
7866	-0.0125675	0	0
7865	-0.0125318	0	0
7864	-0.012496	0	0
7863	-0.0124602	0	0
7862	-0.0124245	0	0
7861	-0.0123888	0	0
7860	-0.0123531	0	0
7859	-0.0123173	0	0
7858	-0.0122816	0	0
7857	-0.0122459	0	0
7856	-0.0122102	0	0
7855	-0.0121746	0	0
7854	-0.0121389	0	0
7853	-0.0121032	0	0
7852	-0.0120676	0	0
7851	-0.012032	0	0
7850	-0.0119963	0	0
7849	-0.0119607	0	0
7848	-0.0119251	0	0
7847	-0.0118895	0	0
7846	-0.0118539	0	0
7845	-0.0118183	0	0
7844	-0.0117827	0	0
7843	-0.0117472	0	0
7842	-0.0117116	0	0
7841	-0.0116761	0	0
7840	-0.0116406	0	0
7839	-0.011605	0	0
7838	-0.0115695	0	0
7837	-0.011534	0	0
7836	-0.0114985	0	0
7835	-0.011463	0	0
7834	-0.0114276	0	0
7833	-0.0113921	0	0
7832	-0.0113567	0	0
7831	-0.0113212	0	0
7830	-0.0112858	0	0
7829	-0.0112504	0	0
7828	-0.0112149	0	0
7827	-0.0111795	0	0
7826	-0.0111442	0	0
7825	-0.0111088	0	0
7824	-0.0110734	0	0
7823	-0.0110381	0	0
7822	-0.0110027	0	0
7821	-0.0109674	0	0
7820	-0.010932	0	0
7819	-0.0108967	0	0
7818	-0.0108614	0	0
7817	-0.0108261	0	0
7816	-0.0107909	0	0
7815	-0.0107556	0	0
7814	-0.0107203	0	0
7813	-0.0106851	0	0
7812	-0.0106498	0	0
7811	-0.0106146	0	0
7810	-0.0105794	0	0
7809	-0.0105442	0	0
7808	-0.010509	0	0
7807	-0.0104738	0	0
7806	-0.0104387	0	0
7805	-0.0104035	0	0
7804	-0.0103684	0	0
7803	-0.0103332	0	0
7802	-0.0102981	0	0
7801	-0.010263	0	0
7800	-0.0102279	0	0
7799	-0.0101928	0	0
7798	-0.0101577	0	0
7797	-0.0101227	0	0
7796	-0.0100876	0	0
7795	-0.0100526	0	0
7794	-0.0100176	0	0
7793	-0.00998254	0	0
7792	-0.00994754	0	0
7791	-0.00991255	0	0
7790	-0.00987757	0	0
7789	-0.0098426	0	0
7788	-0.00980765	0	0
7787	-0.00977271	0	0
7786	-0.00973778	0	0
7785	-0.00970286	0	0
7784	-0.00966796	0	0
7783	-0.00963307	0	0
7782	-0.00959819	0	0
7781	-0.00956332	0	0
7780	-0.00952847	0	0
7779	-0.00949363	0	0
7778	-0.0094588	0	0
7777	-0.00942398	0	0
7776	-0.00938918	0	0
7775	-0.00935439	0	0
7774	-0.00931961	0	0
7773	-0.00928485	0	0
7772	-0.0092501	0	0
7771	-0.00921536	0	0
7770	-0.00918064	0	0
7769	-0.00914593	0	0
7768	-0.00911123	0	0
7767	-0.00907655	0	0
7766	-0.00904187	0	0
7765	-0.00900722	0	0
7764	-0.00897257	0	0
7763	-0.00893794	0	0
7762	-0.00890332	0	0
7761	-0.00886872	0	0
7760	-0.00883413	0	0
7759	-0.00879955	0	0
7758	-0.00876499	0	0
7757	-0.00873044	0	0
7756	-0.00869591	0	0
7755	-0.00866139	0	0
7754	-0.00862688	0	0
7753	-0.00859238	0	0
7752	-0.0085579	0	0
7751	-0.00852344	0	0
7750	-0.00848899	0	0
7749	-0.00845455	0	0
7748	-0.00842013	0	0
7747	-0.00838572	0	0
7746	-0.00835132	0	0
7745	-0.00831694	0	0
7744	-0.00828258	0	0
7743	-0.00824823	0	0
7742	-0.00821389	0	0
7741	-0.00817957	0	0
7740	-0.00814526	0	0
7739	-0.00811096	0	0
7738	-0.00807669	0	0
7737	-0.00804242	0	0
7736	-0.00800817	0	0
7735	-0.00797394	0	0
7734	-0.00793972	0	0
7733	-0.00790551	0	0
7732	-0.00787132	0	0
7731	-0.00783715	0	0
7730	-0.00780299	0	0
7729	-0.00776884	0	0
7728	-0.00773471	0	0
7727	-0.0077006	0	0
7726	-0.0076665	0	0
7725	-0.00763241	0	0
7724	-0.00759835	0	0
7723	-0.00756429	0	0
7722	-0.00753025	0	0
7721	-0.00749623	0	0
7720	-0.00746222	0	0
7719	-0.00742823	0	0
7718	-0.00739426	0	0
7717	-0.00736029	0	0
7716	-0.00732635	0	0
7715	-0.00729242	0	0
7714	-0.00725851	0	0
7713	-0.00722461	0	0
7712	-0.00719073	0	0
7711	-0.00715686	0	0
7710	-0.00712301	0	0
7709	-0.00708918	0	0
7708	-0.00705536	0	0
7707	-0.00702156	0	0
7706	-0.00698777	0	0
7705	-0.006954	0	0
7704	-0.00692025	0	0
7703	-0.00688651	0	0
7702	-0.00685279	0	0
7701	-0.00681909	0	0
7700	-0.0067854	0	0
7699	-0.00675173	0	0
7698	-0.00671807	0	0
7697	-0.00668443	0	0
7696	-0.00665081	0	0
7695	-0.00661721	0	0
7694	-0.00658362	0	0
7693	-0.00655004	0	0
7692	-0.00651649	0	0
7691	-0.00648295	0	0
7690	-0.00644943	0	0
7689	-0.00641593	0	0
7688	-0.00638244	0	0
7687	-0.00634897	0	0
7686	-0.00631551	0	0
7685	-0.00628208	0	0
7684	-0.00624866	0	0
7683	-0.00621526	0	0
7682	-0.00618187	0	0
7681	-0.0061485	0	0
7680	-0.00611515	0	0
7679	-0.00608182	0	0
7678	-0.0060485	0	0
7677	-0.00601521	0	0
7676	-0.00598193	0	0
7675	-0.00594866	0	0
7674	-0.00591542	0	0
7673	-0.00588219	0	0
7672	-0.00584898	0	0
7671	-0.00581579	0	0
7670	-0.00578261	0	0
7669	-0.00574946	0	0
7668	-0.00571632	0	0
7667	-0.0056832	0	0
7666	-0.0056501	0	0
7665	-0.00561701	0	0
7664	-0.00558394	0	0
7663	-0.0055509	0	0
7662	-0.00551787	0	0
7661	-0.00548485	0	0
7660	-0.00545186	0	0
7659	-0.00541888	0	0
7658	-0.00538593	0	0
7657	-0.00535299	0	0
7656	-0.00532007	0	0
7655	-0.00528717	0	0
7654	-0.00525428	0	0
7653	-0.00522142	0	0
7652	-0.00518857	0	0
7651	-0.00515574	0	0
7650	-0.00512293	0	0
7649	-0.00509014	0	0
7648	-0.00505737	0	0
7647	-0.00502462	0	0
7646	-0.00499189	0	0
7645	-0.00495917	0	0
7644	-0.00492648	0	0
7643	-0.0048938	0	0
7642	-0.00486114	0	0
7641	-0.0048285	0	0
7640	-0.00479588	0	0
7639	-0.00476328	0	0
7638	-0.0047307	0	0
7637	-0.00469814	0	0
7636	-0.0046656	0	0
7635	-0.00463308	0	0
7634	-0.00460057	0	0
7633	-0.00456809	0	0
7632	-0.00453562	0	0
7631	-0.00450318	0	0
7630	-0.00447075	0	0
7629	-0.00443835	0	0
7628	-0.00440596	0	0
7627	-0.0043736	0	0
7626	-0.00434125	0	0
7625	-0.00430892	0	0
7624	-0.00427662	0	0
7623	-0.00424433	0	0
7622	-0.00421206	0	0
7621	-0.00417982	0	0
7620	-0.00414759	0	0
7619	-0.00411538	0	0
7618	-0.0040832	0	0
7617	-0.00405103	0	0
7616	-0.00401888	0	0
7615	-0.00398676	0	0
7614	-0.00395465	0	0
7613	-0.00392257	0	0
7612	-0.0038905	0	0
7611	-0.00385846	0	0
7610	-0.00382644	0	0
7609	-0.00379443	0	0
7608	-0.00376245	0	0
7607	-0.00373049	0	0
7606	-0.00369855	0	0
7605	-0.00366663	0	0
7604	-0.00363473	0	0
7603	-0.00360285	0	0
7602	-0.00357099	0	0
7601	-0.00353915	0	0
7600	-0.00350734	0	0
7599	-0.00347554	0	0
7598	-0.00344377	0	0
7597	-0.00341202	0	0
7596	-0.00338028	0	0
7595	-0.00334857	0	0
7594	-0.00331688	0	0
7593	-0.00328521	0	0
7592	-0.00325357	0	0
7591	-0.00322194	0	0
7590	-0.00319034	0	0
7589	-0.00315875	0	0
7588	-0.00312719	0	0
7587	-0.00309565	0	0
7586	-0.00306414	0	0
7585	-0.00303264	0	0
7584	-0.00300116	0	0
7583	-0.00296971	0	0
7582	-0.00293828	0	0
7581	-0.00290687	0	0
7580	-0.00287548	0	0
7579	-0.00284411	0	0
7578	-0.00281277	0	0
7577	-0.00278145	0	0
7576	-0.00275015	0	0
7575	-0.00271887	0	0
7574	-0.00268761	0	0
7573	-0.00265638	0	0
7572	-0.00262517	0	0
7571	-0.00259398	0	0
7570	-0.00256281	0	0
7569	-0.00253166	0	0
7568	-0.00250054	0	0
7567	-0.00246944	0	0
7566	-0.00243836	0	0
7565	-0.00240731	0	0
7564	-0.00237627	0	0
7563	-0.00234526	0	0
7562	-0.00231428	0	0
7561	-0.00228331	0	0
7560	-0.00225237	0	0
7559	-0.00222145	0	0
7558	-0.00219055	0	0
7557	-0.00215968	0	0
7556	-0.00212883	0	0
7555	-0.002098	0	0
7554	-0.00206719	0	0
7553	-0.00203641	0	0
7552	-0.00200565	0	0
7551	-0.00197491	0	0
7550	-0.0019442	0	0
7549	-0.00191351	0	0
7548	-0.00188284	0	0
7547	-0.0018522	0	0
7546	-0.00182158	0	0
7545	-0.00179098	0	0
7544	-0.00176041	0	0
7543	-0.00172986	0	0
7542	-0.00169933	0	0
7541	-0.00166883	0	0
7540	-0.00163835	0	0
7539	-0.00160789	0	0
7538	-0.00157746	0	0
7537	-0.00154705	0	0
7536	-0.00151666	0	0
7535	-0.0014863	0	0
7534	-0.00145596	0	0
7533	-0.00142565	0	0
7532	-0.00139536	0	0
7531	-0.00136509	0	0
7530	-0.00133485	0	0
7529	-0.00130463	0	0
7528	-0.00127444	0	0
7527	-0.00124427	0	0
7526	-0.00121412	0	0
7525	-0.001184	0	0
7524	-0.0011539	0	0
7523	-0.00112383	0	0
7522	-0.00109378	0	0
7521	-0.00106375	0	0
7520	-0.00103375	0	0
7519	-0.00100377	0	0
7518	-0.000973821	0	0
7517	-0.000943894	0	0
7516	-0.000913991	0	0
7515	-0.000884113	0	0
7514	-0.000854259	0	0
7513	-0.00082443	0	0
7512	-0.000794625	0	0
7511	-0.000764846	0	0
7510	-0.000735091	0	0
7509	-0.000705361	0	0
7508	-0.000675655	0	0
7507	-0.000645975	0	0
7506	-0.000616319	0	0
7505	-0.000586689	0	0
7504	-0.000557083	0	0
7503	-0.000527503	0	0
7502	-0.000497947	0	0
7501	-0.000468417	0	0
7500	-0.000438912	0	0
7499	-0.000409432	0	0
7498	-0.000379978	0	0
7497	-0.000350548	0	0
7496	-0.000321144	0	0
7495	-0.000291766	0	0
7494	-0.000262412	0	0
7493	-0.000233085	0	0
7492	-0.000203782	0	0
7491	-0.000174506	0	0
7490	-0.000145254	0	0
7489	-0.000116029	0	0
7488	-8.68289e-05	0	0
7487	-5.76546e-05	0	0
7486	-2.85061e-05	0	0
7485	6.16636e-07	0	0
7484	2.97136e-05	0	0
7483	5.87847e-05	0	0
7482	8.78299e-05	0	0
7481	0.000116849	0	0
7480	0.000145842	0	0
7479	0.00017481	0	0
7478	0.000203751	0	0
7477	0.000232666	0	0
7476	0.000261555	0	0
7475	0.000290418	0	0
7474	0.000319255	0	0
7473	0.000348065	0	0
7472	0.000376849	0	0
7471	0.000405607	0	0
7470	0.000434339	0	0
7469	0.000463044	0	0
7468	0.000491723	0	0
7467	0.000520375	0	0
7466	0.000549	0	0
7465	0.0005776	0	0
7464	0.000606172	0	0
7463	0.000634718	0	0
7462	0.000663237	0	0
7461	0.00069173	0	0
7460	0.000720196	0	0
7459	0.000748635	0	0
7458	0.000777047	0	0
7457	0.000805432	0	0
7456	0.000833791	0	0
7455	0.000862122	0	0
7454	0.000890427	0	0
7453	0.000918704	0	0
7452	0.000946955	0	0
7451	0.000975178	0	0
7450	0.00100337	0	0
7449	0.00103154	0	0
7448	0.00105969	0	0
7447	0.0010878	0	0
7446	0.00111589	0	0
7445	0.00114395	0	0
7444	0.00117198	0	0
7443	0.00119999	0	0
7442	0.00122796	0	0
7441	0.00125591	0	0
7440	0.00128384	0	0
7439	0.00131173	0	0
7438	0.0013396	0	0
7437	0.00136744	0	0
7436	0.00139525	0	0
7435	0.00142304	0	0
7434	0.00145079	0	0
7433	0.00147852	0	0
7432	0.00150622	0	0
7431	0.0015339	0	0
7430	0.00156154	0	0
7429	0.00158916	0	0
7428	0.00161675	0	0
7427	0.00164431	0	0
7426	0.00167185	0	0
7425	0.00169935	0	0
7424	0.00172683	0	0
7423	0.00175428	0	0
7422	0.0017817	0	0
7421	0.0018091	0	0
7420	0.00183646	0	0
7419	0.0018638	0	0
7418	0.00189111	0	0
7417	0.00191839	0	0
7416	0.00194564	0	0
7415	0.00197286	0	0
7414	0.00200006	0	0
7413	0.00202722	0	0
7412	0.00205436	0	0
7411	0.00208147	0	0
7410	0.00210855	0	0
7409	0.0021356	0	0
7408	0.00216262	0	0
7407	0.00218962	0	0
7406	0.00221658	0	0
7405	0.00224352	0	0
7404	0.00227043	0	0
7403	0.00229731	0	0
7402	0.00232416	0	0
7401	0.00235098	0	0
7400	0.00237777	0	0
7399	0.00240453	0	0
7398	0.00243127	0	0
7397	0.00245797	0	0
7396	0.00248465	0	0
7395	0.0025113	0	0
7394	0.00253792	0	0
7393	0.0025645	0	0
7392	0.00259106	0	0
7391	0.00261759	0	0
7390	0.00264409	0	0
7389	0.00267057	0	0
7388	0.00269701	0	0
7387	0.00272342	0	0
7386	0.0027498	0	0
7385	0.00277616	0	0
7384	0.00280248	0	0
7383	0.00282877	0	0
7382	0.00285504	0	0
7381	0.00288127	0	0
7380	0.00290748	0	0
7379	0.00293366	0	0
7378	0.0029598	0	0
7377	0.00298592	0	0
7376	0.003012	0	0
7375	0.00303806	0	0
7374	0.00306409	0	0
7373	0.00309008	0	0
7372	0.00311605	0	0
7371	0.00314199	0	0
7370	0.00316789	0	0
7369	0.00319377	0	0
7368	0.00321962	0	0
7367	0.00324543	0	0
7366	0.00327122	0	0
7365	0.00329698	0	0
7364	0.0033227	0	0
7363	0.0033484	0	0
7362	0.00337406	0	0
7361	0.0033997	0	0
7360	0.0034253	0	0
7359	0.00345088	0	0
7358	0.00347642	0	0
7357	0.00350194	0	0
7356	0.00352742	0	0
7355	0.00355287	0	0
7354	0.00357829	0	0
7353	0.00360368	0	0
7352	0.00362904	0	0
7351	0.00365437	0	0
7350	0.00367967	0	0
7349	0.00370494	0	0
7348	0.00373018	0	0
7347	0.00375539	0	0
7346	0.00378056	0	0
7345	0.00380571	0	0
7344	0.00383082	0	0
7343	0.00385591	0	0
7342	0.00388096	0	0
7341	0.00390598	0	0
7340	0.00393097	0	0
7339	0.00395593	0	0
7338	0.00398086	0	0
7337	0.00400575	0	0
7336	0.00403062	0	0
7335	0.00405545	0	0
7334	0.00408026	0	0
7333	0.00410503	0	0
7332	0.00412977	0	0
7331	0.00415448	0	0
7330	0.00417916	0	0
7329	0.00420381	0	0
7328	0.00422842	0	0
7327	0.00425301	0	0
7326	0.00427756	0	0
7325	0.00430208	0	0
7324	0.00432657	0	0
7323	0.00435103	0	0
7322	0.00437545	0	0
7321	0.00439985	0	0
7320	0.00442421	0	0
7319	0.00444854	0	0
7318	0.00447284	0	0
7317	0.00449711	0	0
7316	0.00452134	0	0
7315	0.00454555	0	0
7314	0.00456972	0	0
7313	0.00459386	0	0
7312	0.00461797	0	0
7311	0.00464204	0	0
7310	0.00466609	0	0
7309	0.0046901	0	0
7308	0.00471408	0	0
7307	0.00473803	0	0
7306	0.00476195	0	0
7305	0.00478583	0	0
7304	0.00480968	0	0
7303	0.0048335	0	0
7302	0.00485729	0	0
7301	0.00488104	0	0
7300	0.00490477	0	0
7299	0.00492846	0	0
7298	0.00495211	0	0
7297	0.00497574	0	0
7296	0.00499933	0	0
7295	0.00502289	0	0
7294	0.00504642	0	0
7293	0.00506992	0	0
7292	0.00509338	0	0
7291	0.00511681	0	0
7290	0.00514021	0	0
7289	0.00516358	0	0
7288	0.00518691	0	0
7287	0.00521021	0	0
7286	0.00523348	0	0
7285	0.00525671	0	0
7284	0.00527991	0	0
7283	0.00530308	0	0
7282	0.00532622	0	0
7281	0.00534932	0	0
7280	0.00537239	0	0
7279	0.00539543	0	0
7278	0.00541843	0	0
7277	0.0054414	0	0
7276	0.00546434	0	0
7275	0.00548725	0	0
7274	0.00551012	0	0
7273	0.00553296	0	0
7272	0.00555576	0	0
7271	0.00557854	0	0
7270	0.00560128	0	0
7269	0.00562398	0	0
7268	0.00564665	0	0
7267	0.00566929	0	0
7266	0.0056919	0	0
7265	0.00571447	0	0
7264	0.00573701	0	0
7263	0.00575952	0	0
7262	0.00578199	0	0
7261	0.00580443	0	0
7260	0.00582684	0	0
7259	0.00584921	0	0
7258	0.00587155	0	0
7257	0.00589385	0	0
7256	0.00591613	0	0
7255	0.00593836	0	0
7254	0.00596057	0	0
7253	0.00598274	0	0
7252	0.00600487	0	0
7251	0.00602698	0	0
7250	0.00604905	0	0
7249	0.00607108	0	0
7248	0.00609308	0	0
7247	0.00611505	0	0
7246	0.00613699	0	0
7245	0.00615889	0	0
7244	0.00618075	0	0
7243	0.00620258	0	0
7242	0.00622438	0	0
7241	0.00624615	0	0
7240	0.00626788	0	0
7239	0.00628957	0	0
7238	0.00631123	0	0
7237	0.00633286	0	0
7236	0.00635445	0	0
7235	0.00637601	0	0
7234	0.00639754	0	0
7233	0.00641903	0	0
7232	0.00644049	0	0
7231	0.00646191	0	0
7230	0.0064833	0	0
7229	0.00650465	0	0
7228	0.00652597	0	0
7227	0.00654725	0	0
7226	0.0065685	0	0
7225	0.00658972	0	0
7224	0.0066109	0	0
7223	0.00663205	0	0
7222	0.00665316	0	0
7221	0.00667424	0	0
7220	0.00669528	0	0
7219	0.00671629	0	0
7218	0.00673726	0	0
7217	0.0067582	0	0
7216	0.0067791	0	0
7215	0.00679997	0	0
7214	0.00682081	0	0
7213	0.00684161	0	0
7212	0.00686237	0	0
7211	0.0068831	0	0
7210	0.0069038	0	0
7209	0.00692446	0	0
7208	0.00694509	0	0
7207	0.00696568	0	0
7206	0.00698623	0	0
7205	0.00700675	0	0
7204	0.00702724	0	0
7203	0.00704769	0	0
7202	0.00706811	0	0
7201	0.00708849	0	0
7200	0.00710883	0	0
7199	0.00712914	0	0
7198	0.00714942	0	0
7197	0.00716966	0	0
7196	0.00718986	0	0
7195	0.00721003	0	0
7194	0.00723017	0	0
7193	0.00725026	0	0
7192	0.00727033	0	0
7191	0.00729036	0	0
7190	0.00731035	0	0
7189	0.00733031	0	0
7188	0.00735023	0	0
7187	0.00737012	0	0
7186	0.00738997	0	0
7185	0.00740978	0	0
7184	0.00742956	0	0
7183	0.00744931	0	0
7182	0.00746902	0	0
7181	0.00748869	0	0
7180	0.00750833	0	0
7179	0.00752793	0	0
7178	0.0075475	0	0
7177	0.00756703	0	0
7176	0.00758652	0	0
7175	0.00760598	0	0
7174	0.0076254	0	0
7173	0.00764479	0	0
7172	0.00766414	0	0
7171	0.00768346	0	0
7170	0.00770274	0	0
7169	0.00772198	0	0
7168	0.00774119	0	0
7167	0.00776037	0	0
7166	0.0077795	0	0
7165	0.0077986	0	0
7164	0.00781767	0	0
7163	0.0078367	0	0
7162	0.00785569	0	0
7161	0.00787465	0	0
7160	0.00789357	0	0
7159	0.00791245	0	0
7158	0.0079313	0	0
7157	0.00795011	0	0
7156	0.00796889	0	0
7155	0.00798763	0	0
7154	0.00800633	0	0
7153	0.008025	0	0
7152	0.00804363	0	0
7151	0.00806222	0	0
7150	0.00808078	0	0
7149	0.0080993	0	0
7148	0.00811779	0	0
7147	0.00813624	0	0
7146	0.00815465	0	0
7145	0.00817303	0	0
7144	0.00819137	0	0
7143	0.00820967	0	0
7142	0.00822794	0	0
7141	0.00824617	0	0
7140	0.00826436	0	0
7139	0.00828252	0	0
7138	0.00830064	0	0
7137	0.00831872	0	0
7136	0.00833677	0	0
7135	0.00835478	0	0
7134	0.00837275	0	0
7133	0.00839069	0	0
7132	0.00840859	0	0
7131	0.00842646	0	0
7130	0.00844428	0	0
7129	0.00846207	0	0
7128	0.00847983	0	0
7127	0.00849754	0	0
7126	0.00851522	0	0
7125	0.00853287	0	0
7124	0.00855047	0	0
7123	0.00856804	0	0
7122	0.00858558	0	0
7121	0.00860307	0	0
7120	0.00862053	0	0
7119	0.00863795	0	0
7118	0.00865534	0	0
7117	0.00867268	0	0
7116	0.00868999	0	0
7115	0.00870727	0	0
7114	0.0087245	0	0
7113	0.0087417	0	0
7112	0.00875886	0	0
7111	0.00877599	0	0
7110	0.00879308	0	0
7109	0.00881013	0	0
7108	0.00882714	0	0
7107	0.00884412	0	0
7106	0.00886106	0	0
7105	0.00887796	0	0
7104	0.00889482	0	0
7103	0.00891165	0	0
7102	0.00892844	0	0
7101	0.00894519	0	0
7100	0.00896191	0	0
7099	0.00897858	0	0
7098	0.00899522	0	0
7097	0.00901183	0	0
7096	0.00902839	0	0
7095	0.00904492	0	0
7094	0.00906141	0	0
7093	0.00907786	0	0
7092	0.00909428	0	0
7091	0.00911066	0	0
7090	0.009127	0	0
7089	0.0091433	0	0
7088	0.00915956	0	0
7087	0.00917579	0	0
7086	0.00919198	0	0
7085	0.00920813	0	0
7084	0.00922425	0	0
7083	0.00924033	0	0
7082	0.00925637	0	0
7081	0.00927237	0	0
7080	0.00928833	0	0
7079	0.00930426	0	0
7078	0.00932014	0	0
7077	0.009336	0	0
7076	0.00935181	0	0
7075	0.00936758	0	0
7074	0.00938332	0	0
7073	0.00939902	0	0
7072	0.00941468	0	0
7071	0.0094303	0	0
7070	0.00944589	0	0
7069	0.00946144	0	0
7068	0.00947695	0	0
7067	0.00949242	0	0
7066	0.00950785	0	0
7065	0.00952325	0	0
7064	0.0095386	0	0
7063	0.00955392	0	0
7062	0.0095692	0	0
7061	0.00958445	0	0
7060	0.00959965	0	0
7059	0.00961482	0	0
7058	0.00962995	0	0
7057	0.00964504	0	0
7056	0.00966009	0	0
7055	0.00967511	0	0
7054	0.00969008	0	0
7053	0.00970502	0	0
7052	0.00971992	0	0
7051	0.00973478	0	0
7050	0.00974961	0	0
7049	0.00976439	0	0
7048	0.00977914	0	0
7047	0.00979385	0	0
7046	0.00980852	0	0
7045	0.00982315	0	0
7044	0.00983775	0	0
7043	0.0098523	0	0
7042	0.00986682	0	0
7041	0.0098813	0	0
7040	0.00989574	0	0
7039	0.00991014	0	0
7038	0.0099245	0	0
7037	0.00993883	0	0
7036	0.00995311	0	0
7035	0.00996736	0	0
7034	0.00998157	0	0
7033	0.00999574	0	0
7032	0.0100099	0	0
7031	0.010024	0	0
7030	0.010038	0	0
7029	0.010052	0	0
7028	0.010066	0	0
7027	0.01008	0	0
7026	0.0100939	0	0
7025	0.0101077	0	0
7024	0.0101215	0	0
7023	0.0101353	0	0
7022	0.0101491	0	0
7021	0.0101628	0	0
7020	0.0101765	0	0
7019	0.0101901	0	0
7018	0.0102037	0	0
7017	0.0102172	0	0
7016	0.0102307	0	0
7015	0.0102442	0	0
7014	0.0102577	0	0
7013	0.010271	0	0
7012	0.0102844	0	0
7011	0.0102977	0	0
7010	0.010311	0	0
7009	0.0103243	0	0
7008	0.0103375	0	0
7007	0.0103506	0	0
7006	0.0103637	0	0
7005	0.0103768	0	0
7004	0.0103899	0	0
7003	0.0104029	0	0
7002	0.0104159	0	0
7001	0.0104288	0	0
7000	0.0104417	0	0
6999	0.0104545	0	0
6998	0.0104674	0	0
6997	0.0104801	0	0
6996	0.0104929	0	0
6995	0.0105056	0	0
6994	0.0105182	0	0
6993	0.0105308	0	0
6992	0.0105434	0	0
6991	0.010556	0	0
6990	0.0105685	0	0
6989	0.0105809	0	0
6988	0.0105933	0	0
6987	0.0106057	0	0
6986	0.0106181	0	0
6985	0.0106304	0	0
6984	0.0106426	0	0
6983	0.0106549	0	0
6982	0.0106671	0	0
6981	0.0106792	0	0
6980	0.0106913	0	0
6979	0.0107034	0	0
6978	0.0107154	0	0
6977	0.0107274	0	0
6976	0.0107394	0	0
6975	0.0107513	0	0
6974	0.0107632	0	0
6973	0.010775	0	0
6972	0.0107868	0	0
6971	0.0107986	0	0
6970	0.0108103	0	0
6969	0.0108219	0	0
6968	0.0108336	0	0
6967	0.0108452	0	0
6966	0.0108567	0	0
6965	0.0108683	0	0
6964	0.0108798	0	0
6963	0.0108912	0	0
6962	0.0109026	0	0
6961	0.010914	0	0
6960	0.0109253	0	0
6959	0.0109366	0	0
6958	0.0109478	0	0
6957	0.010959	0	0
6956	0.0109702	0	0
6955	0.0109813	0	0
6954	0.0109924	0	0
6953	0.0110034	0	0
6952	0.0110145	0	0
6951	0.0110254	0	0
6950	0.0110364	0	0
6949	0.0110472	0	0
6948	0.0110581	0	0
6947	0.0110689	0	0
6946	0.0110797	0	0
6945	0.0110904	0	0
6944	0.0111011	0	0
6943	0.0111118	0	0
6942	0.0111224	0	0
6941	0.0111329	0	0
6940	0.0111435	0	0
6939	0.011154	0	0
6938	0.0111644	0	0
6937	0.0111748	0	0
6936	0.0111852	0	0
6935	0.0111956	0	0
6934	0.0112058	0	0
6933	0.0112161	0	0
6932	0.0112263	0	0
6931	0.0112365	0	0
6930	0.0112466	0	0
6929	0.0112567	0	0
6928	0.0112668	0	0
6927	0.0112768	0	0
6926	0.0112868	0	0
6925	0.0112967	0	0
6924	0.0113066	0	0
6923	0.0113165	0	0
6922	0.0113263	0	0
6921	0.0113361	0	0
6920	0.0113458	0	0
6919	0.0113555	0	0
6918	0.0113652	0	0
6917	0.0113748	0	0
6916	0.0113844	0	0
6915	0.0113939	0	0
6914	0.0114034	0	0
6913	0.0114129	0	0
6912	0.0114223	0	0
6911	0.0114317	0	0
6910	0.0114411	0	0
6909	0.0114504	0	0
6908	0.0114596	0	0
6907	0.0114688	0	0
6906	0.011478	0	0
6905	0.0114872	0	0
6904	0.0114963	0	0
6903	0.0115053	0	0
6902	0.0115144	0	0
6901	0.0115234	0	0
6900	0.0115323	0	0
6899	0.0115412	0	0
6898	0.0115501	0	0
6897	0.0115589	0	0
6896	0.0115677	0	0
6895	0.0115764	0	0
6894	0.0115851	0	0
6893	0.0115938	0	0
6892	0.0116024	0	0
6891	0.011611	0	0
6890	0.0116196	0	0
6889	0.0116281	0	0
6888	0.0116365	0	0
6887	0.011645	0	0
6886	0.0116533	0	0
6885	0.0116617	0	0
6884	0.01167	0	0
6883	0.0116783	0	0
6882	0.0116865	0	0
6881	0.0116947	0	0
6880	0.0117028	0	0
6879	0.0117109	0	0
6878	0.011719	0	0
6877	0.011727	0	0
6876	0.011735	0	0
6875	0.011743	0	0
6874	0.0117509	0	0
6873	0.0117587	0	0
6872	0.0117666	0	0
6871	0.0117743	0	0
6870	0.0117821	0	0
6869	0.0117898	0	0
6868	0.0117975	0	0
6867	0.0118051	0	0
6866	0.0118127	0	0
6865	0.0118202	0	0
6864	0.0118277	0	0
6863	0.0118352	0	0
6862	0.0118426	0	0
6861	0.01185	0	0
6860	0.0118574	0	0
6859	0.0118647	0	0
6858	0.0118719	0	0
6857	0.0118792	0	0
6856	0.0118864	0	0
6855	0.0118935	0	0
6854	0.0119006	0	0
6853	0.0119077	0	0
6852	0.0119147	0	0
6851	0.0119217	0	0
6850	0.0119286	0	0
6849	0.0119356	0	0
6848	0.0119424	0	0
6847	0.0119492	0	0
6846	0.011956	0	0
6845	0.0119628	0	0
6844	0.0119695	0	0
6843	0.0119762	0	0
6842	0.0119828	0	0
6841	0.0119894	0	0
6840	0.0119959	0	0
6839	0.0120024	0	0
6838	0.0120089	0	0
6837	0.0120153	0	0
6836	0.0120217	0	0
6835	0.0120281	0	0
6834	0.0120344	0	0
6833	0.0120406	0	0
6832	0.0120469	0	0
6831	0.0120531	0	0
6830	0.0120592	0	0
6829	0.0120653	0	0
6828	0.0120714	0	0
6827	0.0120774	0	0
6826	0.0120834	0	0
6825	0.0120893	0	0
6824	0.0120952	0	0
6823	0.0121011	0	0
6822	0.0121069	0	0
6821	0.0121127	0	0
6820	0.0121185	0	0
6819	0.0121242	0	0
6818	0.0121298	0	0
6817	0.0121355	0	0
6816	0.0121411	0	0
6815	0.0121466	0	0
6814	0.0121521	0	0
6813	0.0121576	0	0
6812	0.012163	0	0
6811	0.0121684	0	0
6810	0.0121737	0	0
6809	0.0121791	0	0
6808	0.0121843	0	0
6807	0.0121896	0	0
6806	0.0121947	0	0
6805	0.0121999	0	0
6804	0.012205	0	0
6803	0.0122101	0	0
6802	0.0122151	0	0
6801	0.0122201	0	0
6800	0.012225	0	0
6799	0.0122299	0	0
6798	0.0122348	0	0
6797	0.0122396	0	0
6796	0.0122444	0	0
6795	0.0122492	0	0
6794	0.0122539	0	0
6793	0.0122585	0	0
6792	0.0122632	0	0
6791	0.0122678	0	0
6790	0.0122723	0	0
6789	0.0122768	0	0
6788	0.0122813	0	0
6787	0.0122857	0	0
6786	0.0122901	0	0
6785	0.0122945	0	0
6784	0.0122988	0	0
6783	0.012303	0	0
6782	0.0123073	0	0
6781	0.0123114	0	0
6780	0.0123156	0	0
6779	0.0123197	0	0
6778	0.0123238	0	0
6777	0.0123278	0	0
6776	0.0123318	0	0
6775	0.0123357	0	0
6774	0.0123397	0	0
6773	0.0123435	0	0
6772	0.0123474	0	0
6771	0.0123512	0	0
6770	0.0123549	0	0
6769	0.0123586	0	0
6768	0.0123623	0	0
6767	0.0123659	0	0
6766	0.0123695	0	0
6765	0.0123731	0	0
6764	0.0123766	0	0
6763	0.01238	0	0
6762	0.0123835	0	0
6761	0.0123869	0	0
6760	0.0123902	0	0
6759	0.0123935	0	0
6758	0.0123968	0	0
6757	0.0124	0	0
6756	0.0124032	0	0
6755	0.0124064	0	0
6754	0.0124095	0	0
6753	0.0124126	0	0
6752	0.0124156	0	0
6751	0.0124186	0	0
6750	0.0124216	0	0
6749	0.0124245	0	0
6748	0.0124274	0	0
6747	0.0124302	0	0
6746	0.012433	0	0
6745	0.0124357	0	0
6744	0.0124385	0	0
6743	0.0124411	0	0
6742	0.0124438	0	0
6741	0.0124464	0	0
6740	0.0124489	0	0
6739	0.0124515	0	0
6738	0.0124539	0	0
6737	0.0124564	0	0
6736	0.0124588	0	0
6735	0.0124611	0	0
6734	0.0124635	0	0
6733	0.0124657	0	0
6732	0.012468	0	0
6731	0.0124702	0	0
6730	0.0124724	0	0
6729	0.0124745	0	0
6728	0.0124766	0	0
6727	0.0124786	0	0
6726	0.0124806	0	0
6725	0.0124826	0	0
6724	0.0124845	0	0
6723	0.0124864	0	0
6722	0.0124882	0	0
6721	0.01249	0	0
6720	0.0124918	0	0
6719	0.0124935	0	0
6718	0.0124952	0	0
6717	0.0124969	0	0
6716	0.0124985	0	0
6715	0.0125001	0	0
6714	0.0125016	0	0
6713	0.0125031	0	0
6712	0.0125045	0	0
6711	0.012506	0	0
6710	0.0125073	0	0
6709	0.0125087	0	0
6708	0.01251	0	0
6707	0.0125112	0	0
6706	0.0125124	0	0
6705	0.0125136	0	0
6704	0.0125147	0	0
6703	0.0125158	0	0
6702	0.0125169	0	0
6701	0.0125179	0	0
6700	0.0125189	0	0
6699	0.0125199	0	0
6698	0.0125208	0	0
6697	0.0125216	0	0
6696	0.0125224	0	0
6695	0.0125232	0	0
6694	0.012524	0	0
6693	0.0125247	0	0
6692	0.0125253	0	0
6691	0.012526	0	0
6690	0.0125266	0	0
6689	0.0125271	0	0
6688	0.0125276	0	0
6687	0.0125281	0	0
6686	0.0125285	0	0
6685	0.0125289	0	0
6684	0.0125293	0	0
6683	0.0125296	0	0
6682	0.0125299	0	0
6681	0.0125301	0	0
6680	0.0125303	0	0
6679	0.0125305	0	0
6678	0.0125306	0	0
6677	0.0125307	0	0
6676	0.0125307	0	0
6675	0.0125307	0	0
6674	0.0125307	0	0
6673	0.0125306	0	0
6672	0.0125305	0	0
6671	0.0125304	0	0
6670	0.0125302	0	0
6669	0.0125299	0	0
6668	0.0125297	0	0
6667	0.0125294	0	0
6666	0.012529	0	0
6665	0.0125286	0	0
6664	0.0125282	0	0
6663	0.0125277	0	0
6662	0.0125272	0	0
6661	0.0125267	0	0
6660	0.0125261	0	0
6659	0.0125255	0	0
6658	0.0125249	0	0
6657	0.0125242	0	0
6656	0.0125234	0	0
6655	0.0125227	0	0
6654	0.0125218	0	0
6653	0.012521	0	0
6652	0.0125201	0	0
6651	0.0125192	0	0
6650	0.0125182	0	0
6649	0.0125172	0	0
6648	0.0125162	0	0
6647	0.0125151	0	0
6646	0.012514	0	0
6645	0.0125128	0	0
6644	0.0125116	0	0
6643	0.0125104	0	0
6642	0.0125091	0	0
6641	0.0125078	0	0
6640	0.0125065	0	0
6639	0.0125051	0	0
6638	0.0125036	0	0
6637	0.0125022	0	0
6636	0.0125007	0	0
6635	0.0124991	0	0
6634	0.0124976	0	0
6633	0.0124959	0	0
6632	0.0124943	0	0
6631	0.0124926	0	0
6630	0.0124909	0	0
6629	0.0124891	0	0
6628	0.0124873	0	0
6627	0.0124854	0	0
6626	0.0124836	0	0
6625	0.0124816	0	0
6624	0.0124797	0	0
6623	0.0124777	0	0
6622	0.0124756	0	0
6621	0.0124736	0	0
6620	0.0124714	0	0
6619	0.0124693	0	0
6618	0.0124671	0	0
6617	0.0124649	0	0
6616	0.0124626	0	0
6615	0.0124603	0	0
6614	0.012458	0	0
6613	0.0124556	0	0
6612	0.0124532	0	0
6611	0.0124507	0	0
6610	0.0124482	0	0
6609	0.0124457	0	0
6608	0.0124431	0	0
6607	0.0124405	0	0
6606	0.0124379	0	0
6605	0.0124352	0	0
6604	0.0124325	0	0
6603	0.0124297	0	0
6602	0.0124269	0	0
6601	0.0124241	0	0
6600	0.0124212	0	0
6599	0.0124183	0	0
6598	0.0124154	0	0
6597	0.0124124	0	0
6596	0.0124094	0	0
6595	0.0124063	0	0
6594	0.0124032	0	0
6593	0.0124001	0	0
6592	0.0123969	0	0
6591	0.0123937	0	0
6590	0.0123905	0	0
6589	0.0123872	0	0
6588	0.0123838	0	0
6587	0.0123805	0	0
6586	0.0123771	0	0
6585	0.0123737	0	0
6584	0.0123702	0	0
6583	0.0123667	0	0
6582	0.0123631	0	0
6581	0.0123596	0	0
6580	0.0123559	0	0
6579	0.0123523	0	0
6578	0.0123486	0	0
6577	0.0123449	0	0
6576	0.0123411	0	0
6575	0.0123373	0	0
6574	0.0123335	0	0
6573	0.0123296	0	0
6572	0.0123257	0	0
6571	0.0123217	0	0
6570	0.0123177	0	0
6569	0.0123137	0	0
6568	0.0123096	0	0
6567	0.0123055	0	0
6566	0.0123014	0	0
6565	0.0122972	0	0
6564	0.012293	0	0
6563	0.0122888	0	0
6562	0.0122845	0	0
6561	0.0122801	0	0
6560	0.0122758	0	0
6559	0.0122714	0	0
6558	0.012267	0	0
6557	0.0122625	0	0
6556	0.012258	0	0
6555	0.0122534	0	0
6554	0.0122489	0	0
6553	0.0122443	0	0
6552	0.0122396	0	0
6551	0.0122349	0	0
6550	0.0122302	0	0
6549	0.0122254	0	0
6548	0.0122206	0	0
6547	0.0122158	0	0
6546	0.0122109	0	0
6545	0.012206	0	0
6544	0.0122011	0	0
6543	0.0121961	0	0
6542	0.0121911	0	0
6541	0.012186	0	0
6540	0.0121809	0	0
6539	0.0121758	0	0
6538	0.0121707	0	0
6537	0.0121655	0	0
6536	0.0121602	0	0
6535	0.012155	0	0
6534	0.0121497	0	0
6533	0.0121443	0	0
6532	0.0121389	0	0
6531	0.0121335	0	0
6530	0.0121281	0	0
6529	0.0121226	0	0
6528	0.0121171	0	0
6527	0.0121115	0	0
6526	0.0121059	0	0
6525	0.0121003	0	0
6524	0.0120946	0	0
6523	0.0120889	0	0
6522	0.0120832	0	0
6521	0.0120774	0	0
6520	0.0120716	0	0
6519	0.0120658	0	0
6518	0.0120599	0	0
6517	0.012054	0	0
6516	0.012048	0	0
6515	0.0120421	0	0
6514	0.012036	0	0
6513	0.01203	0	0
6512	0.0120239	0	0
6511	0.0120178	0	0
6510	0.0120116	0	0
6509	0.0120054	0	0
6508	0.0119992	0	0
6507	0.0119929	0	0
6506	0.0119866	0	0
6505	0.0119803	0	0
6504	0.0119739	0	0
6503	0.0119675	0	0
6502	0.011961	0	0
6501	0.0119546	0	0
6500	0.011948	0	0
6499	0.0119415	0	0
6498	0.0119349	0	0
6497	0.0119283	0	0
6496	0.0119216	0	0
6495	0.0119149	0	0
6494	0.0119082	0	0
6493	0.0119015	0	0
6492	0.0118947	0	0
6491	0.0118878	0	0
6490	0.011881	0	0
6489	0.0118741	0	0
6488	0.0118671	0	0
6487	0.0118602	0	0
6486	0.0118532	0	0
6485	0.0118461	0	0
6484	0.0118391	0	0
6483	0.011832	0	0
6482	0.0118248	0	0
6481	0.0118177	0	0
6480	0.0118104	0	0
6479	0.0118032	0	0
6478	0.0117959	0	0
6477	0.0117886	0	0
6476	0.0117813	0	0
6475	0.0117739	0	0
6474	0.0117665	0	0
6473	0.011759	0	0
6472	0.0117515	0	0
6471	0.011744	0	0
6470	0.0117365	0	0
6469	0.0117289	0	0
6468	0.0117213	0	0
6467	0.0117136	0	0
6466	0.0117059	0	0
6465	0.0116982	0	0
6464	0.0116904	0	0
6463	0.0116827	0	0
6462	0.0116748	0	0
6461	0.011667	0	0
6460	0.0116591	0	0
6459	0.0116512	0	0
6458	0.0116432	0	0
6457	0.0116352	0	0
6456	0.0116272	0	0
6455	0.0116191	0	0
6454	0.011611	0	0
6453	0.0116029	0	0
6452	0.0115948	0	0
6451	0.0115866	0	0
6450	0.0115783	0	0
6449	0.0115701	0	0
6448	0.0115618	0	0
6447	0.0115535	0	0
6446	0.0115451	0	0
6445	0.0115367	0	0
6444	0.0115283	0	0
6443	0.0115198	0	0
6442	0.0115114	0	0
6441	0.0115028	0	0
6440	0.0114943	0	0
6439	0.0114857	0	0
6438	0.0114771	0	0
6437	0.0114684	0	0
6436	0.0114597	0	0
6435	0.011451	0	0
6434	0.0114423	0	0
6433	0.0114335	0	0
6432	0.0114246	0	0
6431	0.0114158	0	0
6430	0.0114069	0	0
6429	0.011398	0	0
6428	0.011389	0	0
6427	0.0113801	0	0
6426	0.0113711	0	0
6425	0.011362	0	0
6424	0.0113529	0	0
6423	0.0113438	0	0
6422	0.0113347	0	0
6421	0.0113255	0	0
6420	0.0113163	0	0
6419	0.0113071	0	0
6418	0.0112978	0	0
6417	0.0112885	0	0
6416	0.0112792	0	0
6415	0.0112698	0	0
6414	0.0112604	0	0
6413	0.011251	0	0
6412	0.0112415	0	0
6411	0.011232	0	0
6410	0.0112225	0	0
6409	0.0112129	0	0
6408	0.0112033	0	0
6407	0.0111937	0	0
6406	0.0111841	0	0
6405	0.0111744	0	0
6404	0.0111647	0	0
6403	0.0111549	0	0
6402	0.0111451	0	0
6401	0.0111353	0	0
6400	0.0111255	0	0
6399	0.0111156	0	0
6398	0.0111057	0	0
6397	0.0110958	0	0
6396	0.0110858	0	0
6395	0.0110758	0	0
6394	0.0110658	0	0
6393	0.0110557	0	0
6392	0.0110457	0	0
6391	0.0110355	0	0
6390	0.0110254	0	0
6389	0.0110152	0	0
6388	0.011005	0	0
6387	0.0109948	0	0
6386	0.0109845	0	0
6385	0.0109742	0	0
6384	0.0109638	0	0
6383	0.0109535	0	0
6382	0.0109431	0	0
6381	0.0109327	0	0
6380	0.0109222	0	0
6379	0.0109117	0	0
6378	0.0109012	0	0
6377	0.0108907	0	0
6376	0.0108801	0	0
6375	0.0108695	0	0
6374	0.0108588	0	0
6373	0.0108482	0	0
6372	0.0108375	0	0
6371	0.0108268	0	0
6370	0.010816	0	0
6369	0.0108052	0	0
6368	0.0107944	0	0
6367	0.0107836	0	0
6366	0.0107727	0	0
6365	0.0107618	0	0
6364	0.0107508	0	0
6363	0.0107399	0	0
6362	0.0107289	0	0
6361	0.0107179	0	0
6360	0.0107068	0	0
6359	0.0106957	0	0
6358	0.0106846	0	0
6357	0.0106735	0	0
6356	0.0106623	0	0
6355	0.0106511	0	0
6354	0.0106399	0	0
6353	0.0106286	0	0
6352	0.0106174	0	0
6351	0.0106061	0	0
6350	0.0105947	0	0
6349	0.0105833	0	0
6348	0.0105719	0	0
6347	0.0105605	0	0
6346	0.0105491	0	0
6345	0.0105376	0	0
6344	0.0105261	0	0
6343	0.0105145	0	0
6342	0.010503	0	0
6341	0.0104914	0	0
6340	0.0104797	0	0
6339	0.0104681	0	0
6338	0.0104564	0	0
6337	0.0104447	0	0
6336	0.0104329	0	0
6335	0.0104212	0	0
6334	0.0104094	0	0
6333	0.0103976	0	0
6332	0.0103857	0	0
6331	0.0103738	0	0
6330	0.0103619	0	0
6329	0.01035	0	0
6328	0.010338	0	0
6327	0.0103261	0	0
6326	0.010314	0	0
6325	0.010302	0	0
6324	0.0102899	0	0
6323	0.0102778	0	0
6322	0.0102657	0	0
6321	0.0102536	0	0
6320	0.0102414	0	0
6319	0.0102292	0	0
6318	0.0102169	0	0
6317	0.0102047	0	0
6316	0.0101924	0	0
6315	0.0101801	0	0
6314	0.0101677	0	0
6313	0.0101554	0	0
6312	0.010143	0	0
6311	0.0101306	0	0
6310	0.0101181	0	0
6309	0.0101056	0	0
6308	0.0100931	0	0
6307	0.0100806	0	0
6306	0.0100681	0	0
6305	0.0100555	0	0
6304	0.0100429	0	0
6303	0.0100302	0	0
6302	0.0100176	0	0
6301	0.0100049	0	0
6300	0.00999219	0	0
6299	0.00997946	0	0
6298	0.0099667	0	0
6297	0.00995391	0	0
6296	0.0099411	0	0
6295	0.00992826	0	0
6294	0.0099154	0	0
6293	0.00990251	0	0
6292	0.0098896	0	0
6291	0.00987666	0	0
6290	0.00986369	0	0
6289	0.0098507	0	0
6288	0.00983769	0	0
6287	0.00982465	0	0
6286	0.00981158	0	0
6285	0.00979849	0	0
6284	0.00978537	0	0
6283	0.00977223	0	0
6282	0.00975907	0	0
6281	0.00974588	0	0
6280	0.00973266	0	0
6279	0.00971942	0	0
6278	0.00970616	0	0
6277	0.00969287	0	0
6276	0.00967956	0	0
6275	0.00966622	0	0
6274	0.00965286	0	0
6273	0.00963947	0	0
6272	0.00962606	0	0
6271	0.00961263	0	0
6270	0.00959917	0	0
6269	0.00958569	0	0
6268	0.00957218	0	0
6267	0.00955865	0	0
6266	0.0095451	0	0
6265	0.00953152	0	0
6264	0.00951792	0	0
6263	0.00950429	0	0
6262	0.00949064	0	0
6261	0.00947697	0	0
6260	0.00946327	0	0
6259	0.00944955	0	0
6258	0.00943581	0	0
6257	0.00942205	0	0
6256	0.00940826	0	0
6255	0.00939444	0	0
6254	0.00938061	0	0
6253	0.00936675	0	0
6252	0.00935287	0	0
6251	0.00933897	0	0
6250	0.00932504	0	0
6249	0.00931109	0	0
6248	0.00929712	0	0
6247	0.00928312	0	0
6246	0.00926911	0	0
6245	0.00925507	0	0
6244	0.009241	0	0
6243	0.00922692	0	0
6242	0.00921281	0	0
6241	0.00919868	0	0
6240	0.00918453	0	0
6239	0.00917036	0	0
6238	0.00915616	0	0
6237	0.00914195	0	0
6236	0.00912771	0	0
6235	0.00911345	0	0
6234	0.00909916	0	0
6233	0.00908486	0	0
6232	0.00907053	0	0
6231	0.00905618	0	0
6230	0.00904182	0	0
6229	0.00902742	0	0
6228	0.00901301	0	0
6227	0.00899858	0	0
6226	0.00898413	0	0
6225	0.00896965	0	0
6224	0.00895515	0	0
6223	0.00894064	0	0
6222	0.0089261	0	0
6221	0.00891154	0	0
6220	0.00889696	0	0
6219	0.00888236	0	0
6218	0.00886773	0	0
6217	0.00885309	0	0
6216	0.00883843	0	0
6215	0.00882375	0	0
6214	0.00880904	0	0
6213	0.00879432	0	0
6212	0.00877957	0	0
6211	0.00876481	0	0
6210	0.00875002	0	0
6209	0.00873522	0	0
6208	0.0087204	0	0
6207	0.00870555	0	0
6206	0.00869069	0	0
6205	0.0086758	0	0
6204	0.0086609	0	0
6203	0.00864597	0	0
6202	0.00863103	0	0
6201	0.00861607	0	0
6200	0.00860108	0	0
6199	0.00858608	0	0
6198	0.00857106	0	0
6197	0.00855602	0	0
6196	0.00854096	0	0
6195	0.00852588	0	0
6194	0.00851079	0	0
6193	0.00849567	0	0
6192	0.00848053	0	0
6191	0.00846538	0	0
6190	0.00845021	0	0
6189	0.00843501	0	0
6188	0.0084198	0	0
6187	0.00840457	0	0
6186	0.00838933	0	0
6185	0.00837406	0	0
6184	0.00835877	0	0
6183	0.00834347	0	0
6182	0.00832815	0	0
6181	0.00831281	0	0
6180	0.00829745	0	0
6179	0.00828208	0	0
6178	0.00826669	0	0
6177	0.00825127	0	0
6176	0.00823585	0	0
6175	0.0082204	0	0
6174	0.00820493	0	0
6173	0.00818945	0	0
6172	0.00817395	0	0
6171	0.00815843	0	0
6170	0.0081429	0	0
6169	0.00812735	0	0
6168	0.00811178	0	0
6167	0.00809619	0	0
6166	0.00808059	0	0
6165	0.00806497	0	0
6164	0.00804933	0	0
6163	0.00803368	0	0
6162	0.00801801	0	0
6161	0.00800232	0	0
6160	0.00798661	0	0
6159	0.00797089	0	0
6158	0.00795515	0	0
6157	0.0079394	0	0
6156	0.00792363	0	0
6155	0.00790784	0	0
6154	0.00789204	0	0
6153	0.00787622	0	0
6152	0.00786038	0	0
6151	0.00784453	0	0
6150	0.00782866	0	0
6149	0.00781278	0	0
6148	0.00779688	0	0
6147	0.00778096	0	0
6146	0.00776503	0	0
6145	0.00774908	0	0
6144	0.00773312	0	0
6143	0.00771714	0	0
6142	0.00770115	0	0
6141	0.00768514	0	0
6140	0.00766911	0	0
6139	0.00765307	0	0
6138	0.00763702	0	0
6137	0.00762095	0	0
6136	0.00760486	0	0
6135	0.00758876	0	0
6134	0.00757265	0	0
6133	0.00755652	0	0
6132	0.00754037	0	0
6131	0.00752422	0	0
6130	0.00750804	0	0
6129	0.00749185	0	0
6128	0.00747565	0	0
6127	0.00745943	0	0
6126	0.0074432	0	0
6125	0.00742696	0	0
6124	0.0074107	0	0
6123	0.00739442	0	0
6122	0.00737813	0	0
6121	0.00736183	0	0
6120	0.00734552	0	0
6119	0.00732919	0	0
6118	0.00731284	0	0
6117	0.00729648	0	0
6116	0.00728011	0	0
6115	0.00726373	0	0
6114	0.00724733	0	0
6113	0.00723092	0	0
6112	0.00721449	0	0
6111	0.00719806	0	0
6110	0.0071816	0	0
6109	0.00716514	0	0
6108	0.00714866	0	0
6107	0.00713217	0	0
6106	0.00711567	0	0
6105	0.00709915	0	0
6104	0.00708262	0	0
6103	0.00706608	0	0
6102	0.00704953	0	0
6101	0.00703296	0	0
6100	0.00701638	0	0
6099	0.00699979	0	0
6098	0.00698319	0	0
6097	0.00696657	0	0
6096	0.00694994	0	0
6095	0.0069333	0	0
6094	0.00691665	0	0
6093	0.00689998	0	0
6092	0.00688331	0	0
6091	0.00686662	0	0
6090	0.00684992	0	0
6089	0.00683321	0	0
6088	0.00681648	0	0
6087	0.00679975	0	0
6086	0.006783	0	0
6085	0.00676624	0	0
6084	0.00674947	0	0
6083	0.00673269	0	0
6082	0.0067159	0	0
6081	0.0066991	0	0
6080	0.00668229	0	0
6079	0.00666546	0	0
6078	0.00664863	0	0
6077	0.00663178	0	0
6076	0.00661492	0	0
6075	0.00659806	0	0
6074	0.00658118	0	0
6073	0.00656429	0	0
6072	0.00654739	0	0
6071	0.00653048	0	0
6070	0.00651356	0	0
6069	0.00649663	0	0
6068	0.00647969	0	0
6067	0.00646274	0	0
6066	0.00644578	0	0
6065	0.00642881	0	0
6064	0.00641183	0	0
6063	0.00639484	0	0
6062	0.00637784	0	0
6061	0.00636084	0	0
6060	0.00634382	0	0
6059	0.00632679	0	0
6058	0.00630975	0	0
6057	0.00629271	0	0
6056	0.00627565	0	0
6055	0.00625859	0	0
6054	0.00624151	0	0
6053	0.00622443	0	0
6052	0.00620734	0	0
6051	0.00619024	0	0
6050	0.00617313	0	0
6049	0.00615601	0	0
6048	0.00613889	0	0
6047	0.00612175	0	0
6046	0.00610461	0	0
6045	0.00608746	0	0
6044	0.0060703	0	0
6043	0.00605313	0	0
6042	0.00603596	0	0
6041	0.00601877	0	0
6040	0.00600158	0	0
6039	0.00598438	0	0
6038	0.00596717	0	0
6037	0.00594996	0	0
6036	0.00593273	0	0
6035	0.0059155	0	0
6034	0.00589827	0	0
6033	0.00588102	0	0
6032	0.00586377	0	0
6031	0.00584651	0	0
6030	0.00582924	0	0
6029	0.00581197	0	0
6028	0.00579469	0	0
6027	0.0057774	0	0
6026	0.00576011	0	0
6025	0.00574281	0	0
6024	0.0057255	0	0
6023	0.00570819	0	0
6022	0.00569087	0	0
6021	0.00567354	0	0
6020	0.00565621	0	0
6019	0.00563887	0	0
6018	0.00562152	0	0
6017	0.00560417	0	0
6016	0.00558681	0	0
6015	0.00556945	0	0
6014	0.00555208	0	0
6013	0.00553471	0	0
6012	0.00551733	0	0
6011	0.00549994	0	0
6010	0.00548255	0	0
6009	0.00546515	0	0
6008	0.00544775	0	0
6007	0.00543034	0	0
6006	0.00541293	0	0
6005	0.00539552	0	0
6004	0.00537809	0	0
6003	0.00536067	0	0
6002	0.00534324	0	0
6001	0.0053258	0	0
6000	0.00530836	0	0
5999	0.00529092	0	0
5998	0.00527347	0	0
5997	0.00525601	0	0
5996	0.00523856	0	0
5995	0.00522109	0	0
5994	0.00520363	0	0
5993	0.00518616	0	0
5992	0.00516869	0	0
5991	0.00515121	0	0
5990	0.00513373	0	0
5989	0.00511624	0	0
5988	0.00509876	0	0
5987	0.00508127	0	0
5986	0.00506377	0	0
5985	0.00504627	0	0
5984	0.00502877	0	0
5983	0.00501127	0	0
5982	0.00499377	0	0
5981	0.00497626	0	0
5980	0.00495875	0	0
5979	0.00494123	0	0
5978	0.00492371	0	0
5977	0.0049062	0	0
5976	0.00488867	0	0
5975	0.00487115	0	0
5974	0.00485363	0	0
5973	0.0048361	0	0
5972	0.00481857	0	0
5971	0.00480104	0	0
5970	0.00478351	0	0
5969	0.00476597	0	0
5968	0.00474843	0	0
5967	0.0047309	0	0
5966	0.00471336	0	0
5965	0.00469582	0	0
5964	0.00467828	0	0
5963	0.00466074	0	0
5962	0.00464319	0	0
5961	0.00462565	0	0
5960	0.0046081	0	0
5959	0.00459056	0	0
5958	0.00457301	0	0
5957	0.00455547	0	0
5956	0.00453792	0	0
5955	0.00452038	0	0
5954	0.00450283	0	0
5953	0.00448528	0	0
5952	0.00446774	0	0
5951	0.00445019	0	0
5950	0.00443264	0	0
5949	0.0044151	0	0
5948	0.00439755	0	0
5947	0.00438001	0	0
5946	0.00436246	0	0
5945	0.00434492	0	0
5944	0.00432738	0	0
5943	0.00430984	0	0
5942	0.0042923	0	0
5941	0.00427476	0	0
5940	0.00425722	0	0
5939	0.00423968	0	0
5938	0.00422215	0	0
5937	0.00420461	0	0
5936	0.00418708	0	0
5935	0.00416955	0	0
5934	0.00415203	0	0
5933	0.0041345	0	0
5932	0.00411698	0	0
5931	0.00409945	0	0
5930	0.00408194	0	0
5929	0.00406442	0	0
5928	0.0040469	0	0
5927	0.00402939	0	0
5926	0.00401188	0	0
5925	0.00399438	0	0
5924	0.00397688	0	0
5923	0.00395938	0	0
5922	0.00394188	0	0
5921	0.00392438	0	0
5920	0.00390689	0	0
5919	0.00388941	0	0
5918	0.00387192	0	0
5917	0.00385444	0	0
5916	0.00383697	0	0
5915	0.0038195	0	0
5914	0.00380203	0	0
5913	0.00378457	0	0
5912	0.00376711	0	0
5911	0.00374965	0	0
5910	0.0037322	0	0
5909	0.00371475	0	0
5908	0.00369731	0	0
5907	0.00367987	0	0
5906	0.00366244	0	0
5905	0.00364501	0	0
5904	0.00362759	0	0
5903	0.00361017	0	0
5902	0.00359276	0	0
5901	0.00357535	0	0
5900	0.00355795	0	0
5899	0.00354055	0	0
5898	0.00352316	0	0
5897	0.00350578	0	0
5896	0.0034884	0	0
5895	0.00347103	0	0
5894	0.00345366	0	0
5893	0.0034363	0	0
5892	0.00341894	0	0
5891	0.00340159	0	0
5890	0.00338425	0	0
5889	0.00336692	0	0
5888	0.00334959	0	0
5887	0.00333226	0	0
5886	0.00331495	0	0
5885	0.00329764	0	0
5884	0.00328034	0	0
5883	0.00326304	0	0
5882	0.00324576	0	0
5881	0.00322848	0	0
5880	0.0032112	0	0
5879	0.00319394	0	0
5878	0.00317668	0	0
5877	0.00315943	0	0
5876	0.00314219	0	0
5875	0.00312495	0	0
5874	0.00310773	0	0
5873	0.00309051	0	0
5872	0.0030733	0	0
5871	0.0030561	0	0
5870	0.0030389	0	0
5869	0.00302172	0	0
5868	0.00300454	0	0
5867	0.00298737	0	0
5866	0.00297021	0	0
5865	0.00295306	0	0
5864	0.00293592	0	0
5863	0.00291879	0	0
5862	0.00290167	0	0
5861	0.00288455	0	0
5860	0.00286745	0	0
5859	0.00285035	0	0
5858	0.00283327	0	0
5857	0.00281619	0	0
5856	0.00279913	0	0
5855	0.00278207	0	0
5854	0.00276502	0	0
5853	0.00274798	0	0
5852	0.00273096	0	0
5851	0.00271394	0	0
5850	0.00269694	0	0
5849	0.00267994	0	0
5848	0.00266295	0	0
5847	0.00264598	0	0
5846	0.00262901	0	0
5845	0.00261206	0	0
5844	0.00259512	0	0
5843	0.00257819	0	0
5842	0.00256127	0	0
5841	0.00254436	0	0
5840	0.00252746	0	0
5839	0.00251057	0	0
5838	0.00249369	0	0
5837	0.00247683	0	0
5836	0.00245998	0	0
5835	0.00244314	0	0
5834	0.00242631	0	0
5833	0.00240949	0	0
5832	0.00239268	0	0
5831	0.00237589	0	0
5830	0.00235911	0	0
5829	0.00234234	0	0
5828	0.00232558	0	0
5827	0.00230884	0	0
5826	0.0022921	0	0
5825	0.00227538	0	0
5824	0.00225868	0	0
5823	0.00224198	0	0
5822	0.0022253	0	0
5821	0.00220864	0	0
5820	0.00219198	0	0
5819	0.00217534	0	0
5818	0.00215871	0	0
5817	0.0021421	0	0
5816	0.00212549	0	0
5815	0.0021089	0	0
5814	0.00209233	0	0
5813	0.00207576	0	0
5812	0.00205922	0	0
5811	0.00204268	0	0
5810	0.00202616	0	0
5809	0.00200965	0	0
5808	0.00199316	0	0
5807	0.00197668	0	0
5806	0.00196022	0	0
5805	0.00194376	0	0
5804	0.00192733	0	0
5803	0.00191091	0	0
5802	0.0018945	0	0
5801	0.00187811	0	0
5800	0.00186173	0	0
5799	0.00184537	0	0
5798	0.00182902	0	0
5797	0.00181269	0	0
5796	0.00179637	0	0
5795	0.00178007	0	0
5794	0.00176378	0	0
5793	0.00174751	0	0
5792	0.00173126	0	0
5791	0.00171502	0	0
5790	0.00169879	0	0
5789	0.00168259	0	0
5788	0.00166639	0	0
5787	0.00165022	0	0
5786	0.00163406	0	0
5785	0.00161791	0	0
5784	0.00160178	0	0
5783	0.00158567	0	0
5782	0.00156958	0	0
5781	0.0015535	0	0
5780	0.00153744	0	0
5779	0.00152139	0	0
5778	0.00150536	0	0
5777	0.00148935	0	0
5776	0.00147336	0	0
5775	0.00145738	0	0
5774	0.00144142	0	0
5773	0.00142548	0	0
5772	0.00140955	0	0
5771	0.00139364	0	0
5770	0.00137775	0	0
5769	0.00136188	0	0
5768	0.00134603	0	0
5767	0.00133019	0	0
5766	0.00131437	0	0
5765	0.00129857	0	0
5764	0.00128279	0	0
5763	0.00126703	0	0
5762	0.00125128	0	0
5761	0.00123556	0	0
5760	0.00121985	0	0
5759	0.00120416	0	0
5758	0.00118849	0	0
5757	0.00117284	0	0
5756	0.00115721	0	0
5755	0.0011416	0	0
5754	0.001126	0	0
5753	0.00111043	0	0
5752	0.00109487	0	0
5751	0.00107934	0	0
5750	0.00106382	0	0
5749	0.00104833	0	0
5748	0.00103285	0	0
5747	0.0010174	0	0
5746	0.00100196	0	0
5745	0.000986547	0	0
5744	0.000971153	0	0
5743	0.000955779	0	0
5742	0.000940425	0	0
5741	0.000925092	0	0
5740	0.00090978	0	0
5739	0.000894489	0	0
5738	0.000879219	0	0
5737	0.00086397	0	0
5736	0.000848743	0	0
5735	0.000833537	0	0
5734	0.000818352	0	0
5733	0.000803189	0	0
5732	0.000788047	0	0
5731	0.000772928	0	0
5730	0.00075783	0	0
5729	0.000742754	0	0
5728	0.000727701	0	0
5727	0.000712669	0	0
5726	0.00069766	0	0
5725	0.000682674	0	0
5724	0.00066771	0	0
5723	0.000652769	0	0
5722	0.000637851	0	0
5721	0.000622955	0	0
5720	0.000608083	0	0
5719	0.000593234	0	0
5718	0.000578408	0	0
5717	0.000563606	0	0
5716	0.000548827	0	0
5715	0.000534072	0	0
5714	0.00051934	0	0
5713	0.000504633	0	0
5712	0.000489949	0	0
5711	0.000475289	0	0
5710	0.000460654	0	0
5709	0.000446043	0	0
5708	0.000431456	0	0
5707	0.000416894	0	0
5706	0.000402357	0	0
5705	0.000387844	0	0
5704	0.000373356	0	0
5703	0.000358893	0	0
5702	0.000344456	0	0
5701	0.000330043	0	0
5700	0.000315656	0	0
5699	0.000301294	0	0
5698	0.000286958	0	0
5697	0.000272647	0	0
5696	0.000258362	0	0
5695	0.000244103	0	0
5694	0.000229871	0	0
5693	0.000215664	0	0
5692	0.000201483	0	0
5691	0.000187329	0	0
5690	0.000173201	0	0
5689	0.000159099	0	0
5688	0.000145025	0	0
5687	0.000130977	0	0
5686	0.000116955	0	0
5685	0.000102961	0	0
5684	8.8994e-05	0	0
5683	7.5054e-05	0	0
5682	6.11413e-05	0	0
5681	4.7256e-05	0	0
5680	3.33981e-05	0	0
5679	1.95678e-05	0	0
5678	5.76526e-06	0	0
5677	-8.00952e-06	0	0
5676	-2.17564e-05	0	0
5675	-3.54753e-05	0	0
5674	-4.91661e-05	0	0
5673	-6.28287e-05	0	0
5672	-7.6463e-05	0	0
5671	-9.00689e-05	0	0
5670	-0.000103646	0	0
5669	-0.000117195	0	0
5668	-0.000130715	0	0
5667	-0.000144207	0	0
5666	-0.000157669	0	0
5665	-0.000171103	0	0
5664	-0.000184507	0	0
5663	-0.000197882	0	0
5662	-0.000211228	0	0
5661	-0.000224545	0	0
5660	-0.000237832	0	0
5659	-0.000251089	0	0
5658	-0.000264317	0	0
5657	-0.000277515	0	0
5656	-0.000290684	0	0
5655	-0.000303822	0	0
5654	-0.00031693	0	0
5653	-0.000330009	0	0
5652	-0.000343057	0	0
5651	-0.000356074	0	0
5650	-0.000369062	0	0
5649	-0.000382019	0	0
5648	-0.000394945	0	0
5647	-0.000407841	0	0
5646	-0.000420706	0	0
5645	-0.00043354	0	0
5644	-0.000446343	0	0
5643	-0.000459115	0	0
5642	-0.000471856	0	0
5641	-0.000484566	0	0
5640	-0.000497245	0	0
5639	-0.000509892	0	0
5638	-0.000522508	0	0
5637	-0.000535093	0	0
5636	-0.000547645	0	0
5635	-0.000560166	0	0
5634	-0.000572656	0	0
5633	-0.000585113	0	0
5632	-0.000597538	0	0
5631	-0.000609932	0	0
5630	-0.000622293	0	0
5629	-0.000634622	0	0
5628	-0.000646919	0	0
5627	-0.000659183	0	0
5626	-0.000671415	0	0
5625	-0.000683615	0	0
5624	-0.000695782	0	0
5623	-0.000707916	0	0
5622	-0.000720017	0	0
5621	-0.000732085	0	0
5620	-0.000744121	0	0
5619	-0.000756123	0	0
5618	-0.000768092	0	0
5617	-0.000780028	0	0
5616	-0.000791931	0	0
5615	-0.0008038	0	0
5614	-0.000815636	0	0
5613	-0.000827438	0	0
5612	-0.000839206	0	0
5611	-0.000850941	0	0
5610	-0.000862642	0	0
5609	-0.000874309	0	0
5608	-0.000885942	0	0
5607	-0.000897541	0	0
5606	-0.000909106	0	0
5605	-0.000920637	0	0
5604	-0.000932133	0	0
5603	-0.000943594	0	0
5602	-0.000955022	0	0
5601	-0.000966414	0	0
5600	-0.000977772	0	0
5599	-0.000989095	0	0
5598	-0.00100038	0	0
5597	-0.00101164	0	0
5596	-0.00102285	0	0
5595	-0.00103404	0	0
5594	-0.00104519	0	0
5593	-0.0010563	0	0
5592	-0.00106738	0	0
5591	-0.00107842	0	0
5590	-0.00108942	0	0
5589	-0.00110039	0	0
5588	-0.00111133	0	0
5587	-0.00112223	0	0
5586	-0.00113309	0	0
5585	-0.00114391	0	0
5584	-0.0011547	0	0
5583	-0.00116546	0	0
5582	-0.00117618	0	0
5581	-0.00118686	0	0
5580	-0.0011975	0	0
5579	-0.00120811	0	0
5578	-0.00121868	0	0
5577	-0.00122922	0	0
5576	-0.00123971	0	0
5575	-0.00125017	0	0
5574	-0.0012606	0	0
5573	-0.00127098	0	0
5572	-0.00128133	0	0
5571	-0.00129164	0	0
5570	-0.00130192	0	0
5569	-0.00131216	0	0
5568	-0.00132235	0	0
5567	-0.00133252	0	0
5566	-0.00134264	0	0
5565	-0.00135272	0	0
5564	-0.00136277	0	0
5563	-0.00137278	0	0
5562	-0.00138275	0	0
5561	-0.00139268	0	0
5560	-0.00140258	0	0
5559	-0.00141243	0	0
5558	-0.00142225	0	0
5557	-0.00143203	0	0
5556	-0.00144177	0	0
5555	-0.00145147	0	0
5554	-0.00146113	0	0
5553	-0.00147075	0	0
5552	-0.00148034	0	0
5551	-0.00148988	0	0
5550	-0.00149939	0	0
5549	-0.00150885	0	0
5548	-0.00151828	0	0
5547	-0.00152767	0	0
5546	-0.00153701	0	0
5545	-0.00154632	0	0
5544	-0.00155559	0	0
5543	-0.00156482	0	0
5542	-0.001574	0	0
5541	-0.00158315	0	0
5540	-0.00159226	0	0
5539	-0.00160133	0	0
5538	-0.00161035	0	0
5537	-0.00161934	0	0
5536	-0.00162829	0	0
5535	-0.0016372	0	0
5534	-0.00164606	0	0
5533	-0.00165489	0	0
5532	-0.00166367	0	0
5531	-0.00167241	0	0
5530	-0.00168112	0	0
5529	-0.00168978	0	0
5528	-0.0016984	0	0
5527	-0.00170698	0	0
5526	-0.00171552	0	0
5525	-0.00172402	0	0
5524	-0.00173248	0	0
5523	-0.00174089	0	0
5522	-0.00174927	0	0
5521	-0.0017576	0	0
5520	-0.00176589	0	0
5519	-0.00177414	0	0
5518	-0.00178235	0	0
5517	-0.00179052	0	0
5516	-0.00179865	0	0
5515	-0.00180673	0	0
5514	-0.00181478	0	0
5513	-0.00182278	0	0
5512	-0.00183074	0	0
5511	-0.00183865	0	0
5510	-0.00184653	0	0
5509	-0.00185436	0	0
5508	-0.00186216	0	0
5507	-0.00186991	0	0
5506	-0.00187762	0	0
5505	-0.00188528	0	0
5504	-0.00189291	0	0
5503	-0.00190049	0	0
5502	-0.00190803	0	0
5501	-0.00191553	0	0
5500	-0.00192299	0	0
5499	-0.0019304	0	0
5498	-0.00193777	0	0
5497	-0.0019451	0	0
5496	-0.00195239	0	0
5495	-0.00195963	0	0
5494	-0.00196684	0	0
5493	-0.001974	0	0
5492	-0.00198112	0	0
5491	-0.00198819	0	0
5490	-0.00199522	0	0
5489	-0.00200222	0	0
5488	-0.00200916	0	0
5487	-0.00201607	0	0
5486	-0.00202293	0	0
5485	-0.00202976	0	0
5484	-0.00203653	0	0
5483	-0.00204327	0	0
5482	-0.00204996	0	0
5481	-0.00205662	0	0
5480	-0.00206322	0	0
5479	-0.00206979	0	0
5478	-0.00207631	0	0
5477	-0.00208279	0	0
5476	-0.00208923	0	0
5475	-0.00209563	0	0
5474	-0.00210198	0	0
5473	-0.00210829	0	0
5472	-0.00211456	0	0
5471	-0.00212078	0	0
5470	-0.00212697	0	0
5469	-0.00213311	0	0
5468	-0.0021392	0	0
5467	-0.00214526	0	0
5466	-0.00215127	0	0
5465	-0.00215724	0	0
5464	-0.00216316	0	0
5463	-0.00216905	0	0
5462	-0.00217489	0	0
5461	-0.00218068	0	0
5460	-0.00218644	0	0
5459	-0.00219215	0	0
5458	-0.00219782	0	0
5457	-0.00220344	0	0
5456	-0.00220903	0	0
5455	-0.00221457	0	0
5454	-0.00222007	0	0
5453	-0.00222552	0	0
5452	-0.00223094	0	0
5451	-0.00223631	0	0
5450	-0.00224163	0	0
5449	-0.00224692	0	0
5448	-0.00225216	0	0
5447	-0.00225736	0	0
5446	-0.00226252	0	0
5445	-0.00226763	0	0
5444	-0.00227271	0	0
5443	-0.00227774	0	0
5442	-0.00228272	0	0
5441	-0.00228767	0	0
5440	-0.00229257	0	0
5439	-0.00229743	0	0
5438	-0.00230225	0	0
5437	-0.00230702	0	0
5436	-0.00231175	0	0
5435	-0.00231644	0	0
5434	-0.00232109	0	0
5433	-0.0023257	0	0
5432	-0.00233026	0	0
5431	-0.00233478	0	0
5430	-0.00233926	0	0
5429	-0.0023437	0	0
5428	-0.00234809	0	0
5427	-0.00235245	0	0
5426	-0.00235676	0	0
5425	-0.00236103	0	0
5424	-0.00236526	0	0
5423	-0.00236944	0	0
5422	-0.00237359	0	0
5421	-0.00237769	0	0
5420	-0.00238175	0	0
5419	-0.00238577	0	0
5418	-0.00238975	0	0
5417	-0.00239369	0	0
5416	-0.00239758	0	0
5415	-0.00240144	0	0
5414	-0.00240525	0	0
5413	-0.00240903	0	0
5412	-0.00241276	0	0
5411	-0.00241645	0	0
5410	-0.0024201	0	0
5409	-0.00242372	0	0
5408	-0.00242729	0	0
5407	-0.00243082	0	0
5406	-0.00243431	0	0
5405	-0.00243776	0	0
5404	-0.00244117	0	0
5403	-0.00244454	0	0
5402	-0.00244787	0	0
5401	-0.00245116	0	0
5400	-0.00245441	0	0
5399	-0.00245763	0	0
5398	-0.0024608	0	0
5397	-0.00246394	0	0
5396	-0.00246703	0	0
5395	-0.00247009	0	0
5394	-0.00247311	0	0
5393	-0.00247608	0	0
5392	-0.00247903	0	0
5391	-0.00248193	0	0
5390	-0.00248479	0	0
5389	-0.00248762	0	0
5388	-0.00249041	0	0
5387	-0.00249316	0	0
5386	-0.00249587	0	0
5385	-0.00249855	0	0
5384	-0.00250119	0	0
5383	-0.00250379	0	0
5382	-0.00250635	0	0
5381	-0.00250888	0	0
5380	-0.00251137	0	0
5379	-0.00251382	0	0
5378	-0.00251624	0	0
5377	-0.00251862	0	0
5376	-0.00252097	0	0
5375	-0.00252328	0	0
5374	-0.00252555	0	0
5373	-0.00252778	0	0
5372	-0.00252999	0	0
5371	-0.00253215	0	0
5370	-0.00253428	0	0
5369	-0.00253638	0	0
5368	-0.00253844	0	0
5367	-0.00254046	0	0
5366	-0.00254245	0	0
5365	-0.00254441	0	0
5364	-0.00254633	0	0
5363	-0.00254821	0	0
5362	-0.00255007	0	0
5361	-0.00255188	0	0
5360	-0.00255367	0	0
5359	-0.00255542	0	0
5358	-0.00255714	0	0
5357	-0.00255882	0	0
5356	-0.00256047	0	0
5355	-0.00256209	0	0
5354	-0.00256367	0	0
5353	-0.00256522	0	0
5352	-0.00256674	0	0
5351	-0.00256823	0	0
5350	-0.00256968	0	0
5349	-0.0025711	0	0
5348	-0.00257249	0	0
5347	-0.00257385	0	0
5346	-0.00257517	0	0
5345	-0.00257647	0	0
5344	-0.00257773	0	0
5343	-0.00257896	0	0
5342	-0.00258016	0	0
5341	-0.00258133	0	0
5340	-0.00258247	0	0
5339	-0.00258357	0	0
5338	-0.00258465	0	0
5337	-0.0025857	0	0
5336	-0.00258672	0	0
5335	-0.0025877	0	0
5334	-0.00258866	0	0
5333	-0.00258959	0	0
5332	-0.00259048	0	0
5331	-0.00259135	0	0
5330	-0.00259219	0	0
5329	-0.002593	0	0
5328	-0.00259378	0	0
5327	-0.00259454	0	0
5326	-0.00259526	0	0
5325	-0.00259596	0	0
5324	-0.00259662	0	0
5323	-0.00259726	0	0
5322	-0.00259787	0	0
5321	-0.00259845	0	0
5320	-0.00259901	0	0
5319	-0.00259954	0	0
5318	-0.00260004	0	0
5317	-0.00260051	0	0
5316	-0.00260095	0	0
5315	-0.00260137	0	0
5314	-0.00260176	0	0
5313	-0.00260212	0	0
5312	-0.00260246	0	0
5311	-0.00260277	0	0
5310	-0.00260305	0	0
5309	-0.00260331	0	0
5308	-0.00260354	0	0
5307	-0.00260374	0	0
5306	-0.00260392	0	0
5305	-0.00260407	0	0
5304	-0.00260419	0	0
5303	-0.00260429	0	0
5302	-0.00260436	0	0
5301	-0.0026044	0	0
5300	-0.00260442	0	0
5299	-0.00260441	0	0
5298	-0.00260437	0	0
5297	-0.00260431	0	0
5296	-0.00260422	0	0
5295	-0.00260411	0	0
5294	-0.00260397	0	0
5293	-0.00260381	0	0
5292	-0.00260361	0	0
5291	-0.0026034	0	0
5290	-0.00260315	0	0
5289	-0.00260288	0	0
5288	-0.00260259	0	0
5287	-0.00260226	0	0
5286	-0.00260192	0	0
5285	-0.00260154	0	0
5284	-0.00260114	0	0
5283	-0.00260071	0	0
5282	-0.00260026	0	0
5281	-0.00259978	0	0
5280	-0.00259928	0	0
5279	-0.00259875	0	0
5278	-0.00259819	0	0
5277	-0.00259761	0	0
5276	-0.00259699	0	0
5275	-0.00259636	0	0
5274	-0.0025957	0	0
5273	-0.00259501	0	0
5272	-0.0025943	0	0
5271	-0.00259356	0	0
5270	-0.00259279	0	0
5269	-0.002592	0	0
5268	-0.00259118	0	0
5267	-0.00259033	0	0
5266	-0.00258946	0	0
5265	-0.00258856	0	0
5264	-0.00258764	0	0
5263	-0.00258669	0	0
5262	-0.00258571	0	0
5261	-0.00258471	0	0
5260	-0.00258368	0	0
5259	-0.00258262	0	0
5258	-0.00258154	0	0
5257	-0.00258043	0	0
5256	-0.00257929	0	0
5255	-0.00257813	0	0
5254	-0.00257694	0	0
5253	-0.00257573	0	0
5252	-0.00257448	0	0
5251	-0.00257321	0	0
5250	-0.00257192	0	0
5249	-0.00257059	0	0
5248	-0.00256924	0	0
5247	-0.00256786	0	0
5246	-0.00256646	0	0
5245	-0.00256503	0	0
5244	-0.00256357	0	0
5243	-0.00256209	0	0
5242	-0.00256058	0	0
5241	-0.00255904	0	0
5240	-0.00255747	0	0
5239	-0.00255588	0	0
5238	-0.00255426	0	0
5237	-0.00255262	0	0
5236	-0.00255094	0	0
5235	-0.00254925	0	0
5234	-0.00254752	0	0
5233	-0.00254577	0	0
5232	-0.00254399	0	0
5231	-0.00254219	0	0
5230	-0.00254036	0	0
5229	-0.0025385	0	0
5228	-0.00253662	0	0
5227	-0.00253471	0	0
5226	-0.00253277	0	0
5225	-0.00253081	0	0
5224	-0.00252883	0	0
5223	-0.00252681	0	0
5222	-0.00252478	0	0
5221	-0.00252271	0	0
5220	-0.00252062	0	0
5219	-0.00251851	0	0
5218	-0.00251637	0	0
5217	-0.0025142	0	0
5216	-0.00251201	0	0
5215	-0.0025098	0	0
5214	-0.00250756	0	0
5213	-0.0025053	0	0
5212	-0.00250301	0	0
5211	-0.00250069	0	0
5210	-0.00249836	0	0
5209	-0.002496	0	0
5208	-0.00249361	0	0
5207	-0.0024912	0	0
5206	-0.00248877	0	0
5205	-0.00248631	0	0
5204	-0.00248383	0	0
5203	-0.00248132	0	0
5202	-0.00247879	0	0
5201	-0.00247624	0	0
5200	-0.00247367	0	0
5199	-0.00247107	0	0
5198	-0.00246845	0	0
5197	-0.00246581	0	0
5196	-0.00246314	0	0
5195	-0.00246045	0	0
5194	-0.00245774	0	0
5193	-0.00245501	0	0
5192	-0.00245225	0	0
5191	-0.00244948	0	0
5190	-0.00244668	0	0
5189	-0.00244386	0	0
5188	-0.00244102	0	0
5187	-0.00243816	0	0
5186	-0.00243527	0	0
5185	-0.00243237	0	0
5184	-0.00242944	0	0
5183	-0.0024265	0	0
5182	-0.00242353	0	0
5181	-0.00242055	0	0
5180	-0.00241754	0	0
5179	-0.00241451	0	0
5178	-0.00241146	0	0
5177	-0.0024084	0	0
5176	-0.00240531	0	0
5175	-0.0024022	0	0
5174	-0.00239908	0	0
5173	-0.00239593	0	0
5172	-0.00239277	0	0
5171	-0.00238958	0	0
5170	-0.00238638	0	0
5169	-0.00238316	0	0
5168	-0.00237992	0	0
5167	-0.00237666	0	0
5166	-0.00237338	0	0
5165	-0.00237009	0	0
5164	-0.00236678	0	0
5163	-0.00236345	0	0
5162	-0.0023601	0	0
5161	-0.00235674	0	0
5160	-0.00235336	0	0
5159	-0.00234996	0	0
5158	-0.00234655	0	0
5157	-0.00234312	0	0
5156	-0.00233967	0	0
5155	-0.00233621	0	0
5154	-0.00233273	0	0
5153	-0.00232923	0	0
5152	-0.00232572	0	0
5151	-0.0023222	0	0
5150	-0.00231866	0	0
5149	-0.0023151	0	0
5148	-0.00231153	0	0
5147	-0.00230795	0	0
5146	-0.00230435	0	0
5145	-0.00230074	0	0
5144	-0.00229712	0	0
5143	-0.00229348	0	0
5142	-0.00228983	0	0
5141	-0.00228617	0	0
5140	-0.0022825	0	0
5139	-0.00227881	0	0
5138	-0.00227512	0	0
5137	-0.00227141	0	0
5136	-0.0022677	0	0
5135	-0.00226397	0	0
5134	-0.00226024	0	0
5133	-0.00225649	0	0
5132	-0.00225274	0	0
5131	-0.00224898	0	0
5130	-0.00224521	0	0
5129	-0.00224144	0	0
5128	-0.00223766	0	0
5127	-0.00223388	0	0
5126	-0.00223009	0	0
5125	-0.0022263	0	0
5124	-0.00222251	0	0
5123	-0.00221872	0	0
5122	-0.00221492	0	0
5121	-0.00221113	0	0
5120	-0.00220734	0	0
5119	-0.00220355	0	0
5118	-0.00219976	0	0
5117	-0.00219598	0	0
5116	-0.00219221	0	0
5115	-0.00218844	0	0
5114	-0.00218469	0	0
5113	-0.00218094	0	0
5112	-0.00217721	0	0
5111	-0.0021735	0	0
5110	-0.0021698	0	0
5109	-0.00216612	0	0
5108	-0.00216246	0	0
5107	-0.00215883	0	0
5106	-0.00215523	0	0
5105	-0.00215165	0	0
5104	-0.00214811	0	0
5103	-0.00214461	0	0
5102	-0.00214115	0	0
5101	-0.00213773	0	0
5100	-0.00213436	0	0
5099	-0.00213104	0	0
5098	-0.00212779	0	0
5097	-0.00212459	0	0
5096	-0.00212147	0	0
5095	-0.00211842	0	0
5094	-0.00211545	0	0
5093	-0.00211257	0	0
5092	-0.00210979	0	0
5091	-0.00210711	0	0
5090	-0.00210454	0	0
5089	-0.0021021	0	0
5088	-0.00209978	0	0
5087	-0.00209761	0	0
5086	-0.00209559	0	0
5085	-0.00209373	0	0
5084	-0.00209204	0	0
5083	-0.00209055	0	0
5082	-0.00208925	0	0
5081	-0.00208817	0	0
5080	-0.00208732	0	0
5079	-0.00208671	0	0
5078	-0.00208635	0	0
5077	-0.00208628	0	0
5076	-0.00208649	0	0
5075	-0.002087	0	0
5074	-0.00208784	0	0
5073	-0.00208901	0	0
5072	-0.00209053	0	0
5071	-0.00209241	0	0
5070	-0.00209468	0	0
5069	-0.00209733	0	0
5068	-0.00210038	0	0
5067	-0.00210384	0	0
5066	-0.00210772	0	0
5065	-0.00211202	0	0
5064	-0.00211675	0	0
5063	-0.00212189	0	0
5062	-0.00212746	0	0
5061	-0.00213343	0	0
5060	-0.0021398	0	0
5059	-0.00214654	0	0
5058	-0.00215365	0	0
5057	-0.00216108	0	0
5056	-0.00216882	0	0
5055	-0.00217681	0	0
5054	-0.00218503	0	0
5053	-0.00219341	0	0
5052	-0.00220191	0	0
5051	-0.00221046	0	0
5050	-0.002219	0	0
5049	-0.00222745	0	0
5048	-0.00223575	0	0
5047	-0.0022438	0	0
5046	-0.00225153	0	0
5045	-0.00225885	0	0
5044	-0.00226568	0	0
5043	-0.00227193	0	0
5042	-0.00227751	0	0
5041	-0.00228236	0	0
5040	-0.00228639	0	0
5039	-0.00228955	0	0
5038	-0.00229177	0	0
5037	-0.00229301	0	0
5036	-0.00229325	0	0
5035	-0.00229246	0	0
5034	-0.00229063	0	0
5033	-0.00228778	0	0
5032	-0.00228393	0	0
5031	-0.00227911	0	0
5030	-0.00227336	0	0
5029	-0.00226675	0	0
5028	-0.00225933	0	0
5027	-0.00225118	0	0
5026	-0.00224238	0	0
5025	-0.00223301	0	0
5024	-0.00222314	0	0
5023	-0.00221285	0	0
5022	-0.00220224	0	0
5021	-0.00219137	0	0
5020	-0.00218032	0	0
5019	-0.00216916	0	0
5018	-0.00215796	0	0
5017	-0.00214676	0	0
5016	-0.00213563	0	0
5015	-0.00212462	0	0
5014	-0.00211377	0	0
5013	-0.00210312	0	0
5012	-0.00209269	0	0
5011	-0.00208253	0	0
5010	-0.00207266	0	0
5009	-0.00206309	0	0
5008	-0.00205384	0	0
5007	-0.00204494	0	0
5006	-0.00203639	0	0
5005	-0.00202821	0	0
5004	-0.0020204	0	0
5003	-0.00201297	0	0
5002	-0.00200592	0	0
5001	-0.00199926	0	0
5000	-0.001993	0	0
4999	-0.00198713	0	0
4998	-0.00198167	0	0
4997	-0.0019766	0	0
4996	-0.00197194	0	0
4995	-0.00196768	0	0
4994	-0.00196383	0	0
4993	-0.00196039	0	0
4992	-0.00195737	0	0
4991	-0.00195476	0	0
4990	-0.00195257	0	0
4989	-0.0019508	0	0
4988	-0.00194946	0	0
4987	-0.00194856	0	0
4986	-0.00194809	0	0
4985	-0.00194806	0	0
4984	-0.00194848	0	0
4983	-0.00194937	0	0
4982	-0.00195071	0	0
4981	-0.00195254	0	0
4980	-0.00195484	0	0
4979	-0.00195764	0	0
4978	-0.00196095	0	0
4977	-0.00196478	0	0
4976	-0.00196913	0	0
4975	-0.00197404	0	0
4974	-0.0019795	0	0
4973	-0.00198554	0	0
4972	-0.00199217	0	0
4971	-0.00199942	0	0
4970	-0.0020073	0	0
4969	-0.00201583	0	0
4968	-0.00202503	0	0
4967	-0.00203493	0	0
4966	-0.00204556	0	0
4965	-0.00205693	0	0
4964	-0.00206907	0	0
4963	-0.00208202	0	0
4962	-0.0020958	0	0
4961	-0.00211045	0	0
4960	-0.00212599	0	0
4959	-0.00214247	0	0
4958	-0.00215991	0	0
4957	-0.00217837	0	0
4956	-0.00219787	0	0
4955	-0.00221847	0	0
4954	-0.00224019	0	0
4953	-0.00226311	0	0
4952	-0.00228725	0	0
4951	-0.00231267	0	0
4950	-0.00233942	0	0
4949	-0.00236756	0	0
4948	-0.00239714	0	0
4947	-0.00242822	0	0
4946	-0.00246086	0	0
4945	-0.00249512	0	0
4944	-0.00253107	0	0
4943	-0.00256877	0	0
4942	-0.00260828	0	0
4941	-0.00264968	0	0
4940	-0.00269304	0	0
4939	-0.00273842	0	0
4938	-0.00278588	0	0
4937	-0.0028355	0	0
4936	-0.00288735	0	0
4935	-0.00294148	0	0
4934	-0.00299796	0	0
4933	-0.00305684	0	0
4932	-0.00311817	0	0
4931	-0.00318201	0	0
4930	-0.00324837	0	0
4929	-0.00331728	0	0
4928	-0.00338876	0	0
4927	-0.00346281	0	0
4926	-0.00353938	0	0
4925	-0.00361846	0	0
4924	-0.00369996	0	0
4923	-0.00378379	0	0
4922	-0.00386984	0	0
4921	-0.00395793	0	0
4920	-0.00404788	0	0
4919	-0.00413944	0	0
4918	-0.00423234	0	0
4917	-0.00432623	0	0
4916	-0.00442074	0	0
4915	-0.00451543	0	0
4914	-0.00460982	0	0
4913	-0.00470336	0	0
4912	-0.00479546	0	0
4911	-0.00488549	0	0
4910	-0.00497274	0	0
4909	-0.00505652	0	0
4908	-0.00513605	0	0
4907	-0.0052106	0	0
4906	-0.00527938	0	0
4905	-0.00534165	0	0
4904	-0.00539669	0	0
4903	-0.00544382	0	0
4902	-0.00548242	0	0
4901	-0.00551197	0	0
4900	-0.00553202	0	0
4899	-0.00554225	0	0
4898	-0.00554245	0	0
4897	-0.00553253	0	0
4896	-0.00551253	0	0
4895	-0.00548262	0	0
4894	-0.0054431	0	0
4893	-0.00539437	0	0
4892	-0.00533694	0	0
4891	-0.00527142	0	0
4890	-0.00519851	0	0
4889	-0.00511906	0	0
4888	-0.00503382	0	0
4887	-0.00494278	0	0
4886	-0.00484713	0	0
4885	-0.00474769	0	0
4884	-0.00464521	0	0
4883	-0.00454038	0	0
4882	-0.00443386	0	0
4881	-0.00432628	0	0
4880	-0.00421819	0	0
4879	-0.00411011	0	0
4878	-0.0040025	0	0
4877	-0.00389575	0	0
4876	-0.00379022	0	0
4875	-0.00368621	0	0
4874	-0.00358398	0	0
4873	-0.00348374	0	0
4872	-0.00338566	0	0
4871	-0.00328987	0	0
4870	-0.00319648	0	0
4869	-0.00310557	0	0
4868	-0.00301719	0	0
4867	-0.00293136	0	0
4866	-0.0028481	0	0
4865	-0.0027674	0	0
4864	-0.00268923	0	0
4863	-0.00261357	0	0
4862	-0.00254038	0	0
4861	-0.0024696	0	0
4860	-0.00240118	0	0
4859	-0.00233507	0	0
4858	-0.0022712	0	0
4857	-0.0022095	0	0
4856	-0.0021499	0	0
4855	-0.00209235	0	0
4854	-0.00203677	0	0
4853	-0.00198309	0	0
4852	-0.00193125	0	0
4851	-0.00188117	0	0
4850	-0.0018328	0	0
4849	-0.00178607	0	0
4848	-0.00174028	0	0
4847	-0.00169556	0	0
4846	-0.00165232	0	0
4845	-0.00161052	0	0
4844	-0.00157009	0	0
4843	-0.00153099	0	0
4842	-0.00149316	0	0
4841	-0.00145656	0	0
4840	-0.00142114	0	0
4839	-0.00138686	0	0
4838	-0.00135367	0	0
4837	-0.00132153	0	0
4836	-0.0012904	0	0
4835	-0.00126025	0	0
4834	-0.00123105	0	0
4833	-0.00120275	0	0
4832	-0.00117533	0	0
4831	-0.00114876	0	0
4830	-0.001123	0	0
4829	-0.00109803	0	0
4828	-0.00107383	0	0
4827	-0.00105037	0	0
4826	-0.00102762	0	0
4825	-0.00100557	0	0
4824	-0.000984195	0	0
4823	-0.00096347	0	0
4822	-0.000943378	0	0
4821	-0.000923903	0	0
4820	-0.000905026	0	0
4819	-0.000886731	0	0
4818	-0.000869004	0	0
4817	-0.000851829	0	0
4816	-0.000835193	0	0
4815	-0.000819082	0	0
4814	-0.000803484	0	0
4813	-0.000788387	0	0
4812	-0.00077378	0	0
4811	-0.000759653	0	0
4810	-0.000745995	0	0
4809	-0.000732796	0	0
4808	-0.000720047	0	0
4807	-0.000707741	0	0
4806	-0.000695868	0	0
4805	-0.000684421	0	0
4804	-0.000673393	0	0
4803	-0.000662776	0	0
4802	-0.000652564	0	0
4801	-0.000642751	0	0
4800	-0.00063333	0	0
4799	-0.000624297	0	0
4798	-0.000615644	0	0
4797	-0.000607369	0	0
4796	-0.000599465	0	0
4795	-0.000591927	0	0
4794	-0.000584753	0	0
4793	-0.000577937	0	0
4792	-0.000571477	0	0
4791	-0.000565367	0	0
4790	-0.000559605	0	0
4789	-0.000554187	0	0
4788	-0.000549111	0	0
4787	-0.000544374	0	0
4786	-0.000539973	0	0
4785	-0.000535906	0	0
4784	-0.00053217	0	0
4783	-0.000528764	0	0
4782	-0.000525686	0	0
4781	-0.000522934	0	0
4780	-0.000520506	0	0
4779	-0.000518403	0	0
4778	-0.000516622	0	0
4777	-0.000515163	0	0
4776	-0.000514025	0	0
4775	-0.000513208	0	0
4774	-0.000512712	0	0
4773	-0.000512537	0	0
4772	-0.000512683	0	0
4771	-0.000513151	0	0
4770	-0.000513941	0	0
4769	-0.000515055	0	0
4768	-0.000516494	0	0
4767	-0.000518259	0	0
4766	-0.000520352	0	0
4765	-0.000522775	0	0
4764	-0.00052553	0	0
4763	-0.00052862	0	0
4762	-0.000532047	0	0
4761	-0.000535814	0	0
4760	-0.000539924	0	0
4759	-0.000544381	0	0
4758	-0.000549188	0	0
4757	-0.000554348	0	0
4756	-0.000559865	0	0
4755	-0.000565744	0	0
4754	-0.000571988	0	0
4753	-0.000578601	0	0
4752	-0.000585587	0	0
4751	-0.000592949	0	0
4750	-0.000600692	0	0
4749	-0.000608819	0	0
4748	-0.000617333	0	0
4747	-0.000626236	0	0
4746	-0.000635531	0	0
4745	-0.000645219	0	0
4744	-0.000655301	0	0
4743	-0.000665775	0	0
4742	-0.000676641	0	0
4741	-0.000687894	0	0
4740	-0.00069953	0	0
4739	-0.000711541	0	0
4738	-0.000723919	0	0
4737	-0.00073665	0	0
4736	-0.000749721	0	0
4735	-0.000763112	0	0
4734	-0.000776801	0	0
4733	-0.000790761	0	0
4732	-0.00080496	0	0
4731	-0.000819362	0	0
4730	-0.000833925	0	0
4729	-0.000848598	0	0
4728	-0.000863328	0	0
4727	-0.000878051	0	0
4726	-0.000892698	0	0
4725	-0.00090719	0	0
4724	-0.000921442	0	0
4723	-0.000935361	0	0
4722	-0.000948846	0	0
4721	-0.000961786	0	0
4720	-0.000974068	0	0
4719	-0.00098557	0	0
4718	-0.000996166	0	0
4717	-0.00100573	0	0
4716	-0.00101412	0	0
4715	-0.00102122	0	0
4714	-0.00102689	0	0
4713	-0.00103102	0	0
4712	-0.0010335	0	0
4711	-0.00103421	0	0
4710	-0.00103309	0	0
4709	-0.00103005	0	0
4708	-0.00102505	0	0
4707	-0.00101807	0	0
4706	-0.0010091	0	0
4705	-0.000998181	0	0
4704	-0.000985338	0	0
4703	-0.000970636	0	0
4702	-0.000954157	0	0
4701	-0.000936002	0	0
4700	-0.000916293	0	0
4699	-0.000895163	0	0
4698	-0.000872762	0	0
4697	-0.000849245	0	0
4696	-0.000824774	0	0
4695	-0.000799514	0	0
4694	-0.000773628	0	0
4693	-0.000747275	0	0
4692	-0.000720611	0	0
4691	-0.000693781	0	0
4690	-0.000666921	0	0
4689	-0.000640158	0	0
4688	-0.000613605	0	0
4687	-0.000587365	0	0
4686	-0.000561526	0	0
4685	-0.000536168	0	0
4684	-0.000511356	0	0
4683	-0.000487145	0	0
4682	-0.000463581	0	0
4681	-0.000440698	0	0
4680	-0.000418524	0	0
4679	-0.000397078	0	0
4678	-0.00037637	0	0
4677	-0.000356408	0	0
4676	-0.000337192	0	0
4675	-0.000318718	0	0
4674	-0.000300977	0	0
4673	-0.000283959	0	0
4672	-0.000267651	0	0
4671	-0.000252036	0	0
4670	-0.000237097	0	0
4669	-0.000222816	0	0
4668	-0.000209172	0	0
4667	-0.000196146	0	0
4666	-0.000183716	0	0
4665	-0.000171863	0	0
4664	-0.000160566	0	0
4663	-0.000149805	0	0
4662	-0.000139558	0	0
4661	-0.000129808	0	0
4660	-0.000120534	0	0
4659	-0.000111718	0	0
4658	-0.000103343	0	0
4657	-9.53916e-05	0	0
4656	-8.78466e-05	0	0
4655	-8.06928e-05	0	0
4654	-7.39152e-05	0	0
4653	-6.74995e-05	0	0
4652	-6.14323e-05	0	0
4651	-5.57007e-05	0	0
4650	-5.02927e-05	0	0
4649	-4.51971e-05	0	0
4648	-4.04033e-05	0	0
4647	-3.59015e-05	0	0
4646	-3.16826e-05	0	0
4645	-2.77383e-05	0	0
4644	-2.4061e-05	0	0
4643	-2.06441e-05	0	0
4642	-1.74816e-05	0	0
4641	-1.45686e-05	0	0
4640	-1.19014e-05	0	0
4639	-9.47734e-06	0	0
4638	-7.29567e-06	0	0
4637	-5.35767e-06	0	0
4636	-3.66784e-06	0	0
4635	-2.23577e-06	0	0
4634	-1.08042e-06	0	0
4633	-2.42405e-07	0	0
4632	1.32548e-07	0	0
4631	0	0	0
4630	0	0	0
4629	0	0	0
4628	0	0	0
4627	0	0	0
4626	0	0	0
4625	0	0	0
4624	0	0	0
4623	0	0	0
4622	0	0	0
4621	0	0	0
4620	0	0	0
4619	0	0	0
4618	0	0	0
4617	0	0	0
4616	0	0	0
4615	0	0	0
4614	0	0	0
4613	0	0	0
4612	0	0	0
4611	0	0	0
4610	0	0	0
4609	0	0	0
4608	0	0	0
4607	0	0	0
4606	0	0	0
4605	0	0	0
4604	0	0	0
4603	0	0	0
4602	0	0	0
4601	0	0	0
4600	0	0	0
4599	0	0	0
4598	0	0	0
4597	0	0	0
4596	0	0	0
4595	0	0	0
4594	0	0	0
4593	0	0	0
4592	0	0	0
4591	0	0	0
4590	0	0	0
4589	0	0	0
4588	0	0	0
4587	0	0	0
4586	0	0	0
4585	0	0	0
4584	0	0	0
4583	0	0	0
4582	0	0	0
4581	0	0	0
4580	0	0	0
4579	0	0	0
4578	0	0	0
4577	0	0	0
4576	0	0	0
4575	0	0	0
4574	0	0	0
4573	0	0	0
4572	0	0	0
4571	0	0	0
4570	0	0	0
4569	0	0	0
4568	0	0	0
4567	0	0	0
4566	0	0	0
