8379	51.7235	0	0
8378	50.5234	0	0
8377	49.6204	0	0
8376	48.8704	0	0
8375	48.2172	0	0
8374	47.6323	0	0
8373	47.0985	0	0
8372	46.6049	0	0
8371	46.1439	0	0
8370	45.71	0	0
8369	45.299	0	0
8368	44.9079	0	0
8367	44.5342	0	0
8366	44.1758	0	0
8365	43.8311	0	0
8364	43.4987	0	0
8363	43.1776	0	0
8362	42.8666	0	0
8361	42.5651	0	0
8360	42.2723	0	0
8359	41.9875	0	0
8358	41.7101	0	0
8357	41.4398	0	0
8356	41.1761	0	0
8355	40.9185	0	0
8354	40.6667	0	0
8353	40.4205	0	0
8352	40.1795	0	0
8351	39.9434	0	0
8350	39.712	0	0
8349	39.4852	0	0
8348	39.2626	0	0
8347	39.0442	0	0
8346	38.8296	0	0
8345	38.6189	0	0
8344	38.4118	0	0
8343	38.2082	0	0
8342	38.0079	0	0
8341	37.8109	0	0
8340	37.617	0	0
8339	37.4262	0	0
8338	37.2382	0	0
8337	37.0531	0	0
8336	36.8707	0	0
8335	36.691	0	0
8334	36.5138	0	0
8333	36.3391	0	0
8332	36.1669	0	0
8331	35.997	0	0
8330	35.8294	0	0
8329	35.664	0	0
8328	35.5008	0	0
8327	35.3397	0	0
8326	35.1806	0	0
8325	35.0235	0	0
8324	34.8684	0	0
8323	34.7152	0	0
8322	34.5639	0	0
8321	34.4144	0	0
8320	34.2666	0	0
8319	34.1206	0	0
8318	33.9762	0	0
8317	33.8336	0	0
8316	33.6925	0	0
8315	33.553	0	0
8314	33.4151	0	0
8313	33.2787	0	0
8312	33.1438	0	0
8311	33.0103	0	0
8310	32.8783	0	0
8309	32.7477	0	0
8308	32.6184	0	0
8307	32.4905	0	0
8306	32.3639	0	0
8305	32.2386	0	0
8304	32.1145	0	0
8303	31.9917	0	0
8302	31.8702	0	0
8301	31.7498	0	0
8300	31.6306	0	0
8299	31.5126	0	0
8298	31.3957	0	0
8297	31.2799	0	0
8296	31.1652	0	0
8295	31.0516	0	0
8294	30.939	0	0
8293	30.8275	0	0
8292	30.7171	0	0
8291	30.6076	0	0
8290	30.4991	0	0
8289	30.3917	0	0
8288	30.2851	0	0
8287	30.1795	0	0
8286	30.0749	0	0
8285	29.9712	0	0
8284	29.8683	0	0
8283	29.7664	0	0
8282	29.6653	0	0
8281	29.5651	0	0
8280	29.4658	0	0
8279	29.3672	0	0
8278	29.2695	0	0
8277	29.1727	0	0
8276	29.0766	0	0
8275	28.9813	0	0
8274	28.8868	0	0
8273	28.793	0	0
8272	28.7	0	0
8271	28.6078	0	0
8270	28.5163	0	0
8269	28.4255	0	0
8268	28.3354	0	0
8267	28.2461	0	0
8266	28.1574	0	0
8265	28.0694	0	0
8264	27.9821	0	0
8263	27.8955	0	0
8262	27.8095	0	0
8261	27.7242	0	0
8260	27.6396	0	0
8259	27.5555	0	0
8258	27.4721	0	0
8257	27.3893	0	0
8256	27.3071	0	0
8255	27.2255	0	0
8254	27.1446	0	0
8253	27.0642	0	0
8252	26.9843	0	0
8251	26.9051	0	0
8250	26.8264	0	0
8249	26.7483	0	0
8248	26.6708	0	0
8247	26.5937	0	0
8246	26.5173	0	0
8245	26.4413	0	0
8244	26.3659	0	0
8243	26.291	0	0
8242	26.2167	0	0
8241	26.1428	0	0
8240	26.0694	0	0
8239	25.9966	0	0
8238	25.9242	0	0
8237	25.8523	0	0
8236	25.7809	0	0
8235	25.71	0	0
8234	25.6395	0	0
8233	25.5695	0	0
8232	25.5	0	0
8231	25.4309	0	0
8230	25.3623	0	0
8229	25.2941	0	0
8228	25.2264	0	0
8227	25.1591	0	0
8226	25.0922	0	0
8225	25.0258	0	0
8224	24.9597	0	0
8223	24.8941	0	0
8222	24.8289	0	0
8221	24.7642	0	0
8220	24.6998	0	0
8219	24.6358	0	0
8218	24.5722	0	0
8217	24.509	0	0
8216	24.4462	0	0
8215	24.3838	0	0
8214	24.3217	0	0
8213	24.2601	0	0
8212	24.1988	0	0
8211	24.1379	0	0
8210	24.0773	0	0
8209	24.0171	0	0
8208	23.9573	0	0
8207	23.8978	0	0
8206	23.8387	0	0
8205	23.7799	0	0
8204	23.7214	0	0
8203	23.6633	0	0
8202	23.6056	0	0
8201	23.5481	0	0
8200	23.491	0	0
8199	23.4343	0	0
8198	23.3778	0	0
8197	23.3217	0	0
8196	23.2659	0	0
8195	23.2104	0	0
8194	23.1552	0	0
8193	23.1004	0	0
8192	23.0458	0	0
8191	22.9916	0	0
8190	22.9376	0	0
8189	22.8839	0	0
8188	22.8306	0	0
8187	22.7775	0	0
8186	22.7247	0	0
8185	22.6723	0	0
8184	22.6201	0	0
8183	22.5681	0	0
8182	22.5165	0	0
8181	22.4651	0	0
8180	22.4141	0	0
8179	22.3632	0	0
8178	22.3127	0	0
8177	22.2624	0	0
8176	22.2124	0	0
8175	22.1627	0	0
8174	22.1132	0	0
8173	22.064	0	0
8172	22.015	0	0
8171	21.9663	0	0
8170	21.9178	0	0
8169	21.8696	0	0
8168	21.8217	0	0
8167	21.774	0	0
8166	21.7265	0	0
8165	21.6793	0	0
8164	21.6323	0	0
8163	21.5855	0	0
8162	21.539	0	0
8161	21.4927	0	0
8160	21.4467	0	0
8159	21.4008	0	0
8158	21.3553	0	0
8157	21.3099	0	0
8156	21.2647	0	0
8155	21.2198	0	0
8154	21.1751	0	0
8153	21.1307	0	0
8152	21.0864	0	0
8151	21.0423	0	0
8150	20.9985	0	0
8149	20.9549	0	0
8148	20.9115	0	0
8147	20.8683	0	0
8146	20.8253	0	0
8145	20.7825	0	0
8144	20.7399	0	0
8143	20.6975	0	0
8142	20.6554	0	0
8141	20.6134	0	0
8140	20.5716	0	0
8139	20.53	0	0
8138	20.4886	0	0
8137	20.4474	0	0
8136	20.4064	0	0
8135	20.3656	0	0
8134	20.325	0	0
8133	20.2845	0	0
8132	20.2443	0	0
8131	20.2042	0	0
8130	20.1643	0	0
8129	20.1246	0	0
8128	20.0851	0	0
8127	20.0457	0	0
8126	20.0066	0	0
8125	19.9676	0	0
8124	19.9288	0	0
8123	19.8901	0	0
8122	19.8517	0	0
8121	19.8134	0	0
8120	19.7752	0	0
8119	19.7373	0	0
8118	19.6995	0	0
8117	19.6618	0	0
8116	19.6244	0	0
8115	19.5871	0	0
8114	19.5499	0	0
8113	19.513	0	0
8112	19.4762	0	0
8111	19.4395	0	0
8110	19.403	0	0
8109	19.3667	0	0
8108	19.3305	0	0
8107	19.2945	0	0
8106	19.2586	0	0
8105	19.2229	0	0
8104	19.1873	0	0
8103	19.1519	0	0
8102	19.1166	0	0
8101	19.0815	0	0
8100	19.0465	0	0
8099	19.0117	0	0
8098	18.977	0	0
8097	18.9425	0	0
8096	18.9081	0	0
8095	18.8738	0	0
8094	18.8397	0	0
8093	18.8057	0	0
8092	18.7719	0	0
8091	18.7382	0	0
8090	18.7047	0	0
8089	18.6713	0	0
8088	18.638	0	0
8087	18.6048	0	0
8086	18.5718	0	0
8085	18.5389	0	0
8084	18.5062	0	0
8083	18.4736	0	0
8082	18.4411	0	0
8081	18.4087	0	0
8080	18.3765	0	0
8079	18.3444	0	0
8078	18.3124	0	0
8077	18.2806	0	0
8076	18.2489	0	0
8075	18.2173	0	0
8074	18.1858	0	0
8073	18.1545	0	0
8072	18.1232	0	0
8071	18.0921	0	0
8070	18.0611	0	0
8069	18.0303	0	0
8068	17.9995	0	0
8067	17.9689	0	0
8066	17.9384	0	0
8065	17.908	0	0
8064	17.8777	0	0
8063	17.8476	0	0
8062	17.8175	0	0
8061	17.7876	0	0
8060	17.7578	0	0
8059	17.7281	0	0
8058	17.6985	0	0
8057	17.669	0	0
8056	17.6396	0	0
8055	17.6104	0	0
8054	17.5812	0	0
8053	17.5522	0	0
8052	17.5232	0	0
8051	17.4944	0	0
8050	17.4657	0	0
8049	17.4371	0	0
8048	17.4085	0	0
8047	17.3801	0	0
8046	17.3518	0	0
8045	17.3236	0	0
8044	17.2955	0	0
8043	17.2675	0	0
8042	17.2396	0	0
8041	17.2119	0	0
8040	17.1842	0	0
8039	17.1566	0	0
8038	17.1291	0	0
8037	17.1017	0	0
8036	17.0744	0	0
8035	17.0472	0	0
8034	17.0201	0	0
8033	16.9931	0	0
8032	16.9661	0	0
8031	16.9393	0	0
8030	16.9126	0	0
8029	16.886	0	0
8028	16.8594	0	0
8027	16.833	0	0
8026	16.8066	0	0
8025	16.7804	0	0
8024	16.7542	0	0
8023	16.7281	0	0
8022	16.7021	0	0
8021	16.6762	0	0
8020	16.6504	0	0
8019	16.6247	0	0
8018	16.5991	0	0
8017	16.5735	0	0
8016	16.5481	0	0
8015	16.5227	0	0
8014	16.4974	0	0
8013	16.4722	0	0
8012	16.4471	0	0
8011	16.4221	0	0
8010	16.3971	0	0
8009	16.3723	0	0
8008	16.3475	0	0
8007	16.3228	0	0
8006	16.2982	0	0
8005	16.2736	0	0
8004	16.2492	0	0
8003	16.2248	0	0
8002	16.2005	0	0
8001	16.1763	0	0
8000	16.1522	0	0
7999	16.1281	0	0
7998	16.1042	0	0
7997	16.0803	0	0
7996	16.0565	0	0
7995	16.0327	0	0
7994	16.0091	0	0
7993	15.9855	0	0
7992	15.962	0	0
7991	15.9385	0	0
7990	15.9152	0	0
7989	15.8919	0	0
7988	15.8687	0	0
7987	15.8456	0	0
7986	15.8225	0	0
7985	15.7995	0	0
7984	15.7766	0	0
7983	15.7538	0	0
7982	15.731	0	0
7981	15.7083	0	0
7980	15.6857	0	0
7979	15.6631	0	0
7978	15.6406	0	0
7977	15.6182	0	0
7976	15.5959	0	0
7975	15.5736	0	0
7974	15.5514	0	0
7973	15.5293	0	0
7972	15.5072	0	0
7971	15.4852	0	0
7970	15.4633	0	0
7969	15.4414	0	0
7968	15.4196	0	0
7967	15.3979	0	0
7966	15.3762	0	0
7965	15.3546	0	0
7964	15.3331	0	0
7963	15.3116	0	0
7962	15.2902	0	0
7961	15.2689	0	0
7960	15.2476	0	0
7959	15.2264	0	0
7958	15.2053	0	0
7957	15.1842	0	0
7956	15.1632	0	0
7955	15.1422	0	0
7954	15.1213	0	0
7953	15.1005	0	0
7952	15.0797	0	0
7951	15.059	0	0
7950	15.0384	0	0
7949	15.0178	0	0
7948	14.9973	0	0
7947	14.9768	0	0
7946	14.9564	0	0
7945	14.936	0	0
7944	14.9158	0	0
7943	14.8955	0	0
7942	14.8754	0	0
7941	14.8553	0	0
7940	14.8352	0	0
7939	14.8152	0	0
7938	14.7953	0	0
7937	14.7754	0	0
7936	14.7556	0	0
7935	14.7358	0	0
7934	14.7161	0	0
7933	14.6965	0	0
7932	14.6769	0	0
7931	14.6573	0	0
7930	14.6379	0	0
7929	14.6184	0	0
7928	14.5991	0	0
7927	14.5797	0	0
7926	14.5605	0	0
7925	14.5413	0	0
7924	14.5221	0	0
7923	14.503	0	0
7922	14.484	0	0
7921	14.465	0	0
7920	14.446	0	0
7919	14.4271	0	0
7918	14.4083	0	0
7917	14.3895	0	0
7916	14.3708	0	0
7915	14.3521	0	0
7914	14.3335	0	0
7913	14.3149	0	0
7912	14.2964	0	0
7911	14.2779	0	0
7910	14.2595	0	0
7909	14.2411	0	0
7908	14.2227	0	0
7907	14.2045	0	0
7906	14.1862	0	0
7905	14.1681	0	0
7904	14.1499	0	0
7903	14.1319	0	0
7902	14.1138	0	0
7901	14.0958	0	0
7900	14.0779	0	0
7899	14.06	0	0
7898	14.0422	0	0
7897	14.0244	0	0
7896	14.0066	0	0
7895	13.9889	0	0
7894	13.9713	0	0
7893	13.9537	0	0
7892	13.9361	0	0
7891	13.9186	0	0
7890	13.9011	0	0
7889	13.8837	0	0
7888	13.8664	0	0
7887	13.849	0	0
7886	13.8317	0	0
7885	13.8145	0	0
7884	13.7973	0	0
7883	13.7802	0	0
7882	13.7631	0	0
7881	13.746	0	0
7880	13.729	0	0
7879	13.712	0	0
7878	13.6951	0	0
7877	13.6782	0	0
7876	13.6613	0	0
7875	13.6445	0	0
7874	13.6278	0	0
7873	13.6111	0	0
7872	13.5944	0	0
7871	13.5778	0	0
7870	13.5612	0	0
7869	13.5446	0	0
7868	13.5281	0	0
7867	13.5117	0	0
7866	13.4952	0	0
7865	13.4789	0	0
7864	13.4625	0	0
7863	13.4462	0	0
7862	13.43	0	0
7861	13.4138	0	0
7860	13.3976	0	0
7859	13.3814	0	0
7858	13.3653	0	0
7857	13.3493	0	0
7856	13.3333	0	0
7855	13.3173	0	0
7854	13.3013	0	0
7853	13.2854	0	0
7852	13.2696	0	0
7851	13.2538	0	0
7850	13.238	0	0
7849	13.2222	0	0
7848	13.2065	0	0
7847	13.1909	0	0
7846	13.1752	0	0
7845	13.1596	0	0
7844	13.1441	0	0
7843	13.1286	0	0
7842	13.1131	0	0
7841	13.0976	0	0
7840	13.0822	0	0
7839	13.0669	0	0
7838	13.0515	0	0
7837	13.0362	0	0
7836	13.021	0	0
7835	13.0058	0	0
7834	12.9906	0	0
7833	12.9754	0	0
7832	12.9603	0	0
7831	12.9452	0	0
7830	12.9302	0	0
7829	12.9152	0	0
7828	12.9002	0	0
7827	12.8852	0	0
7826	12.8703	0	0
7825	12.8555	0	0
7824	12.8406	0	0
7823	12.8258	0	0
7822	12.8111	0	0
7821	12.7963	0	0
7820	12.7816	0	0
7819	12.767	0	0
7818	12.7523	0	0
7817	12.7378	0	0
7816	12.7232	0	0
7815	12.7087	0	0
7814	12.6942	0	0
7813	12.6797	0	0
7812	12.6653	0	0
7811	12.6509	0	0
7810	12.6365	0	0
7809	12.6222	0	0
7808	12.6079	0	0
7807	12.5936	0	0
7806	12.5794	0	0
7805	12.5652	0	0
7804	12.551	0	0
7803	12.5369	0	0
7802	12.5227	0	0
7801	12.5087	0	0
7800	12.4946	0	0
7799	12.4806	0	0
7798	12.4666	0	0
7797	12.4527	0	0
7796	12.4388	0	0
7795	12.4249	0	0
7794	12.411	0	0
7793	12.3972	0	0
7792	12.3834	0	0
7791	12.3696	0	0
7790	12.3559	0	0
7789	12.3422	0	0
7788	12.3285	0	0
7787	12.3148	0	0
7786	12.3012	0	0
7785	12.2876	0	0
7784	12.2741	0	0
7783	12.2606	0	0
7782	12.2471	0	0
7781	12.2336	0	0
7780	12.2201	0	0
7779	12.2067	0	0
7778	12.1933	0	0
7777	12.18	0	0
7776	12.1667	0	0
7775	12.1534	0	0
7774	12.1401	0	0
7773	12.1269	0	0
7772	12.1136	0	0
7771	12.1005	0	0
7770	12.0873	0	0
7769	12.0742	0	0
7768	12.0611	0	0
7767	12.048	0	0
7766	12.035	0	0
7765	12.0219	0	0
7764	12.0089	0	0
7763	11.996	0	0
7762	11.983	0	0
7761	11.9701	0	0
7760	11.9572	0	0
7759	11.9444	0	0
7758	11.9316	0	0
7757	11.9188	0	0
7756	11.906	0	0
7755	11.8932	0	0
7754	11.8805	0	0
7753	11.8678	0	0
7752	11.8551	0	0
7751	11.8425	0	0
7750	11.8299	0	0
7749	11.8173	0	0
7748	11.8047	0	0
7747	11.7922	0	0
7746	11.7797	0	0
7745	11.7672	0	0
7744	11.7547	0	0
7743	11.7423	0	0
7742	11.7298	0	0
7741	11.7175	0	0
7740	11.7051	0	0
7739	11.6927	0	0
7738	11.6804	0	0
7737	11.6681	0	0
7736	11.6559	0	0
7735	11.6436	0	0
7734	11.6314	0	0
7733	11.6192	0	0
7732	11.6071	0	0
7731	11.5949	0	0
7730	11.5828	0	0
7729	11.5707	0	0
7728	11.5586	0	0
7727	11.5466	0	0
7726	11.5346	0	0
7725	11.5226	0	0
7724	11.5106	0	0
7723	11.4986	0	0
7722	11.4867	0	0
7721	11.4748	0	0
7720	11.4629	0	0
7719	11.451	0	0
7718	11.4392	0	0
7717	11.4274	0	0
7716	11.4156	0	0
7715	11.4038	0	0
7714	11.3921	0	0
7713	11.3804	0	0
7712	11.3687	0	0
7711	11.357	0	0
7710	11.3453	0	0
7709	11.3337	0	0
7708	11.3221	0	0
7707	11.3105	0	0
7706	11.2989	0	0
7705	11.2874	0	0
7704	11.2759	0	0
7703	11.2644	0	0
7702	11.2529	0	0
7701	11.2414	0	0
7700	11.23	0	0
7699	11.2186	0	0
7698	11.2072	0	0
7697	11.1958	0	0
7696	11.1845	0	0
7695	11.1731	0	0
7694	11.1618	0	0
7693	11.1505	0	0
7692	11.1393	0	0
7691	11.128	0	0
7690	11.1168	0	0
7689	11.1056	0	0
7688	11.0944	0	0
7687	11.0833	0	0
7686	11.0721	0	0
7685	11.061	0	0
7684	11.0499	0	0
7683	11.0388	0	0
7682	11.0278	0	0
7681	11.0167	0	0
7680	11.0057	0	0
7679	10.9947	0	0
7678	10.9837	0	0
7677	10.9728	0	0
7676	10.9618	0	0
7675	10.9509	0	0
7674	10.94	0	0
7673	10.9292	0	0
7672	10.9183	0	0
7671	10.9075	0	0
7670	10.8966	0	0
7669	10.8858	0	0
7668	10.8751	0	0
7667	10.8643	0	0
7666	10.8536	0	0
7665	10.8428	0	0
7664	10.8321	0	0
7663	10.8214	0	0
7662	10.8108	0	0
7661	10.8001	0	0
7660	10.7895	0	0
7659	10.7789	0	0
7658	10.7683	0	0
7657	10.7577	0	0
7656	10.7472	0	0
7655	10.7366	0	0
7654	10.7261	0	0
7653	10.7156	0	0
7652	10.7052	0	0
7651	10.6947	0	0
7650	10.6843	0	0
7649	10.6738	0	0
7648	10.6634	0	0
7647	10.653	0	0
7646	10.6427	0	0
7645	10.6323	0	0
7644	10.622	0	0
7643	10.6117	0	0
7642	10.6014	0	0
7641	10.5911	0	0
7640	10.5808	0	0
7639	10.5706	0	0
7638	10.5604	0	0
7637	10.5502	0	0
7636	10.54	0	0
7635	10.5298	0	0
7634	10.5196	0	0
7633	10.5095	0	0
7632	10.4994	0	0
7631	10.4893	0	0
7630	10.4792	0	0
7629	10.4691	0	0
7628	10.459	0	0
7627	10.449	0	0
7626	10.439	0	0
7625	10.429	0	0
7624	10.419	0	0
7623	10.409	0	0
7622	10.3991	0	0
7621	10.3891	0	0
7620	10.3792	0	0
7619	10.3693	0	0
7618	10.3594	0	0
7617	10.3496	0	0
7616	10.3397	0	0
7615	10.3299	0	0
7614	10.32	0	0
7613	10.3102	0	0
7612	10.3004	0	0
7611	10.2907	0	0
7610	10.2809	0	0
7609	10.2712	0	0
7608	10.2614	0	0
7607	10.2517	0	0
7606	10.242	0	0
7605	10.2324	0	0
7604	10.2227	0	0
7603	10.2131	0	0
7602	10.2034	0	0
7601	10.1938	0	0
7600	10.1842	0	0
7599	10.1746	0	0
7598	10.1651	0	0
7597	10.1555	0	0
7596	10.146	0	0
7595	10.1364	0	0
7594	10.1269	0	0
7593	10.1175	0	0
7592	10.108	0	0
7591	10.0985	0	0
7590	10.0891	0	0
7589	10.0796	0	0
7588	10.0702	0	0
7587	10.0608	0	0
7586	10.0514	0	0
7585	10.0421	0	0
7584	10.0327	0	0
7583	10.0234	0	0
7582	10.014	0	0
7581	10.0047	0	0
7580	9.99542	0	0
7579	9.98614	0	0
7578	9.97687	0	0
7577	9.96761	0	0
7576	9.95837	0	0
7575	9.94915	0	0
7574	9.93994	0	0
7573	9.93074	0	0
7572	9.92156	0	0
7571	9.91239	0	0
7570	9.90323	0	0
7569	9.89409	0	0
7568	9.88497	0	0
7567	9.87586	0	0
7566	9.86676	0	0
7565	9.85767	0	0
7564	9.8486	0	0
7563	9.83955	0	0
7562	9.83051	0	0
7561	9.82148	0	0
7560	9.81246	0	0
7559	9.80346	0	0
7558	9.79447	0	0
7557	9.7855	0	0
7556	9.77654	0	0
7555	9.76759	0	0
7554	9.75866	0	0
7553	9.74974	0	0
7552	9.74083	0	0
7551	9.73194	0	0
7550	9.72306	0	0
7549	9.7142	0	0
7548	9.70534	0	0
7547	9.6965	0	0
7546	9.68768	0	0
7545	9.67886	0	0
7544	9.67006	0	0
7543	9.66128	0	0
7542	9.6525	0	0
7541	9.64374	0	0
7540	9.63499	0	0
7539	9.62626	0	0
7538	9.61754	0	0
7537	9.60883	0	0
7536	9.60013	0	0
7535	9.59145	0	0
7534	9.58278	0	0
7533	9.57412	0	0
7532	9.56547	0	0
7531	9.55684	0	0
7530	9.54822	0	0
7529	9.53961	0	0
7528	9.53101	0	0
7527	9.52243	0	0
7526	9.51386	0	0
7525	9.5053	0	0
7524	9.49676	0	0
7523	9.48822	0	0
7522	9.4797	0	0
7521	9.47119	0	0
7520	9.4627	0	0
7519	9.45421	0	0
7518	9.44574	0	0
7517	9.43728	0	0
7516	9.42883	0	0
7515	9.4204	0	0
7514	9.41197	0	0
7513	9.40356	0	0
7512	9.39516	0	0
7511	9.38677	0	0
7510	9.3784	0	0
7509	9.37003	0	0
7508	9.36168	0	0
7507	9.35334	0	0
7506	9.34501	0	0
7505	9.33669	0	0
7504	9.32838	0	0
7503	9.32009	0	0
7502	9.31181	0	0
7501	9.30354	0	0
7500	9.29528	0	0
7499	9.28703	0	0
7498	9.27879	0	0
7497	9.27057	0	0
7496	9.26235	0	0
7495	9.25415	0	0
7494	9.24596	0	0
7493	9.23778	0	0
7492	9.22961	0	0
7491	9.22146	0	0
7490	9.21331	0	0
7489	9.20518	0	0
7488	9.19705	0	0
7487	9.18894	0	0
7486	9.18084	0	0
7485	9.17275	0	0
7484	9.16467	0	0
7483	9.1566	0	0
7482	9.14854	0	0
7481	9.1405	0	0
7480	9.13246	0	0
7479	9.12444	0	0
7478	9.11643	0	0
7477	9.10842	0	0
7476	9.10043	0	0
7475	9.09245	0	0
7474	9.08448	0	0
7473	9.07652	0	0
7472	9.06857	0	0
7471	9.06063	0	0
7470	9.0527	0	0
7469	9.04479	0	0
7468	9.03688	0	0
7467	9.02898	0	0
7466	9.0211	0	0
7465	9.01322	0	0
7464	9.00536	0	0
7463	8.9975	0	0
7462	8.98966	0	0
7461	8.98182	0	0
7460	8.974	0	0
7459	8.96619	0	0
7458	8.95838	0	0
7457	8.95059	0	0
7456	8.94281	0	0
7455	8.93504	0	0
7454	8.92727	0	0
7453	8.91952	0	0
7452	8.91178	0	0
7451	8.90405	0	0
7450	8.89633	0	0
7449	8.88861	0	0
7448	8.88091	0	0
7447	8.87322	0	0
7446	8.86554	0	0
7445	8.85787	0	0
7444	8.8502	0	0
7443	8.84255	0	0
7442	8.83491	0	0
7441	8.82728	0	0
7440	8.81965	0	0
7439	8.81204	0	0
7438	8.80444	0	0
7437	8.79684	0	0
7436	8.78926	0	0
7435	8.78168	0	0
7434	8.77412	0	0
7433	8.76656	0	0
7432	8.75902	0	0
7431	8.75148	0	0
7430	8.74396	0	0
7429	8.73644	0	0
7428	8.72893	0	0
7427	8.72143	0	0
7426	8.71394	0	0
7425	8.70646	0	0
7424	8.69899	0	0
7423	8.69153	0	0
7422	8.68408	0	0
7421	8.67664	0	0
7420	8.66921	0	0
7419	8.66178	0	0
7418	8.65437	0	0
7417	8.64696	0	0
7416	8.63957	0	0
7415	8.63218	0	0
7414	8.6248	0	0
7413	8.61743	0	0
7412	8.61007	0	0
7411	8.60272	0	0
7410	8.59538	0	0
7409	8.58805	0	0
7408	8.58072	0	0
7407	8.57341	0	0
7406	8.5661	0	0
7405	8.5588	0	0
7404	8.55152	0	0
7403	8.54424	0	0
7402	8.53697	0	0
7401	8.5297	0	0
7400	8.52245	0	0
7399	8.51521	0	0
7398	8.50797	0	0
7397	8.50074	0	0
7396	8.49353	0	0
7395	8.48632	0	0
7394	8.47912	0	0
7393	8.47192	0	0
7392	8.46474	0	0
7391	8.45757	0	0
7390	8.4504	0	0
7389	8.44324	0	0
7388	8.43609	0	0
7387	8.42895	0	0
7386	8.42182	0	0
7385	8.41469	0	0
7384	8.40758	0	0
7383	8.40047	0	0
7382	8.39337	0	0
7381	8.38628	0	0
7380	8.3792	0	0
7379	8.37213	0	0
7378	8.36506	0	0
7377	8.358	0	0
7376	8.35095	0	0
7375	8.34391	0	0
7374	8.33688	0	0
7373	8.32986	0	0
7372	8.32284	0	0
7371	8.31583	0	0
7370	8.30883	0	0
7369	8.30184	0	0
7368	8.29486	0	0
7367	8.28788	0	0
7366	8.28091	0	0
7365	8.27395	0	0
7364	8.267	0	0
7363	8.26006	0	0
7362	8.25312	0	0
7361	8.24619	0	0
7360	8.23927	0	0
7359	8.23236	0	0
7358	8.22546	0	0
7357	8.21856	0	0
7356	8.21167	0	0
7355	8.20479	0	0
7354	8.19792	0	0
7353	8.19105	0	0
7352	8.1842	0	0
7351	8.17735	0	0
7350	8.17051	0	0
7349	8.16367	0	0
7348	8.15685	0	0
7347	8.15003	0	0
7346	8.14322	0	0
7345	8.13641	0	0
7344	8.12962	0	0
7343	8.12283	0	0
7342	8.11605	0	0
7341	8.10927	0	0
7340	8.10251	0	0
7339	8.09575	0	0
7338	8.089	0	0
7337	8.08226	0	0
7336	8.07552	0	0
7335	8.06879	0	0
7334	8.06207	0	0
7333	8.05536	0	0
7332	8.04865	0	0
7331	8.04195	0	0
7330	8.03526	0	0
7329	8.02858	0	0
7328	8.0219	0	0
7327	8.01523	0	0
7326	8.00857	0	0
7325	8.00191	0	0
7324	7.99527	0	0
7323	7.98862	0	0
7322	7.98199	0	0
7321	7.97537	0	0
7320	7.96875	0	0
7319	7.96213	0	0
7318	7.95553	0	0
7317	7.94893	0	0
7316	7.94234	0	0
7315	7.93576	0	0
7314	7.92918	0	0
7313	7.92261	0	0
7312	7.91605	0	0
7311	7.90949	0	0
7310	7.90295	0	0
7309	7.8964	0	0
7308	7.88987	0	0
7307	7.88334	0	0
7306	7.87682	0	0
7305	7.87031	0	0
7304	7.8638	0	0
7303	7.8573	0	0
7302	7.85081	0	0
7301	7.84432	0	0
7300	7.83784	0	0
7299	7.83137	0	0
7298	7.8249	0	0
7297	7.81845	0	0
7296	7.81199	0	0
7295	7.80555	0	0
7294	7.79911	0	0
7293	7.79268	0	0
7292	7.78625	0	0
7291	7.77983	0	0
7290	7.77342	0	0
7289	7.76701	0	0
7288	7.76062	0	0
7287	7.75422	0	0
7286	7.74784	0	0
7285	7.74146	0	0
7284	7.73509	0	0
7283	7.72872	0	0
7282	7.72236	0	0
7281	7.71601	0	0
7280	7.70966	0	0
7279	7.70332	0	0
7278	7.69699	0	0
7277	7.69066	0	0
7276	7.68434	0	0
7275	7.67803	0	0
7274	7.67172	0	0
7273	7.66542	0	0
7272	7.65912	0	0
7271	7.65283	0	0
7270	7.64655	0	0
7269	7.64027	0	0
7268	7.634	0	0
7267	7.62774	0	0
7266	7.62148	0	0
7265	7.61523	0	0
7264	7.60899	0	0
7263	7.60275	0	0
7262	7.59652	0	0
7261	7.59029	0	0
7260	7.58407	0	0
7259	7.57786	0	0
7258	7.57165	0	0
7257	7.56545	0	0
7256	7.55926	0	0
7255	7.55307	0	0
7254	7.54688	0	0
7253	7.54071	0	0
7252	7.53454	0	0
7251	7.52837	0	0
7250	7.52221	0	0
7249	7.51606	0	0
7248	7.50991	0	0
7247	7.50377	0	0
7246	7.49764	0	0
7245	7.49151	0	0
7244	7.48539	0	0
7243	7.47927	0	0
7242	7.47316	0	0
7241	7.46706	0	0
7240	7.46096	0	0
7239	7.45486	0	0
7238	7.44878	0	0
7237	7.4427	0	0
7236	7.43662	0	0
7235	7.43055	0	0
7234	7.42449	0	0
7233	7.41843	0	0
7232	7.41238	0	0
7231	7.40633	0	0
7230	7.40029	0	0
7229	7.39426	0	0
7228	7.38823	0	0
7227	7.3822	0	0
7226	7.37619	0	0
7225	7.37017	0	0
7224	7.36417	0	0
7223	7.35817	0	0
7222	7.35217	0	0
7221	7.34618	0	0
7220	7.3402	0	0
7219	7.33422	0	0
7218	7.32825	0	0
7217	7.32228	0	0
7216	7.31632	0	0
7215	7.31037	0	0
7214	7.30442	0	0
7213	7.29847	0	0
7212	7.29253	0	0
7211	7.2866	0	0
7210	7.28067	0	0
7209	7.27475	0	0
7208	7.26884	0	0
7207	7.26292	0	0
7206	7.25702	0	0
7205	7.25112	0	0
7204	7.24522	0	0
7203	7.23933	0	0
7202	7.23345	0	0
7201	7.22757	0	0
7200	7.2217	0	0
7199	7.21583	0	0
7198	7.20997	0	0
7197	7.20411	0	0
7196	7.19826	0	0
7195	7.19241	0	0
7194	7.18657	0	0
7193	7.18073	0	0
7192	7.1749	0	0
7191	7.16908	0	0
7190	7.16326	0	0
7189	7.15744	0	0
7188	7.15163	0	0
7187	7.14583	0	0
7186	7.14003	0	0
7185	7.13424	0	0
7184	7.12845	0	0
7183	7.12267	0	0
7182	7.11689	0	0
7181	7.11111	0	0
7180	7.10535	0	0
7179	7.09958	0	0
7178	7.09383	0	0
7177	7.08807	0	0
7176	7.08233	0	0
7175	7.07658	0	0
7174	7.07085	0	0
7173	7.06511	0	0
7172	7.05939	0	0
7171	7.05366	0	0
7170	7.04795	0	0
7169	7.04224	0	0
7168	7.03653	0	0
7167	7.03083	0	0
7166	7.02513	0	0
7165	7.01944	0	0
7164	7.01375	0	0
7163	7.00807	0	0
7162	7.00239	0	0
7161	6.99672	0	0
7160	6.99105	0	0
7159	6.98539	0	0
7158	6.97973	0	0
7157	6.97408	0	0
7156	6.96843	0	0
7155	6.96279	0	0
7154	6.95715	0	0
7153	6.95152	0	0
7152	6.94589	0	0
7151	6.94027	0	0
7150	6.93465	0	0
7149	6.92904	0	0
7148	6.92343	0	0
7147	6.91782	0	0
7146	6.91222	0	0
7145	6.90663	0	0
7144	6.90104	0	0
7143	6.89545	0	0
7142	6.88987	0	0
7141	6.8843	0	0
7140	6.87873	0	0
7139	6.87316	0	0
7138	6.8676	0	0
7137	6.86204	0	0
7136	6.85649	0	0
7135	6.85094	0	0
7134	6.8454	0	0
7133	6.83986	0	0
7132	6.83433	0	0
7131	6.8288	0	0
7130	6.82328	0	0
7129	6.81776	0	0
7128	6.81224	0	0
7127	6.80673	0	0
7126	6.80122	0	0
7125	6.79572	0	0
7124	6.79023	0	0
7123	6.78473	0	0
7122	6.77925	0	0
7121	6.77376	0	0
7120	6.76829	0	0
7119	6.76281	0	0
7118	6.75734	0	0
7117	6.75188	0	0
7116	6.74642	0	0
7115	6.74096	0	0
7114	6.73551	0	0
7113	6.73006	0	0
7112	6.72462	0	0
7111	6.71918	0	0
7110	6.71375	0	0
7109	6.70832	0	0
7108	6.70289	0	0
7107	6.69747	0	0
7106	6.69205	0	0
7105	6.68664	0	0
7104	6.68123	0	0
7103	6.67583	0	0
7102	6.67043	0	0
7101	6.66504	0	0
7100	6.65965	0	0
7099	6.65426	0	0
7098	6.64888	0	0
7097	6.6435	0	0
7096	6.63813	0	0
7095	6.63276	0	0
7094	6.6274	0	0
7093	6.62204	0	0
7092	6.61668	0	0
7091	6.61133	0	0
7090	6.60598	0	0
7089	6.60064	0	0
7088	6.5953	0	0
7087	6.58996	0	0
7086	6.58463	0	0
7085	6.57931	0	0
7084	6.57399	0	0
7083	6.56867	0	0
7082	6.56335	0	0
7081	6.55804	0	0
7080	6.55274	0	0
7079	6.54744	0	0
7078	6.54214	0	0
7077	6.53685	0	0
7076	6.53156	0	0
7075	6.52627	0	0
7074	6.52099	0	0
7073	6.51572	0	0
7072	6.51044	0	0
7071	6.50517	0	0
7070	6.49991	0	0
7069	6.49465	0	0
7068	6.48939	0	0
7067	6.48414	0	0
7066	6.47889	0	0
7065	6.47365	0	0
7064	6.46841	0	0
7063	6.46317	0	0
7062	6.45794	0	0
7061	6.45271	0	0
7060	6.44749	0	0
7059	6.44227	0	0
7058	6.43705	0	0
7057	6.43184	0	0
7056	6.42663	0	0
7055	6.42143	0	0
7054	6.41623	0	0
7053	6.41103	0	0
7052	6.40584	0	0
7051	6.40065	0	0
7050	6.39546	0	0
7049	6.39028	0	0
7048	6.3851	0	0
7047	6.37993	0	0
7046	6.37476	0	0
7045	6.3696	0	0
7044	6.36444	0	0
7043	6.35928	0	0
7042	6.35412	0	0
7041	6.34897	0	0
7040	6.34383	0	0
7039	6.33868	0	0
7038	6.33355	0	0
7037	6.32841	0	0
7036	6.32328	0	0
7035	6.31815	0	0
7034	6.31303	0	0
7033	6.30791	0	0
7032	6.30279	0	0
7031	6.29768	0	0
7030	6.29257	0	0
7029	6.28747	0	0
7028	6.28237	0	0
7027	6.27727	0	0
7026	6.27218	0	0
7025	6.26709	0	0
7024	6.262	0	0
7023	6.25692	0	0
7022	6.25184	0	0
7021	6.24677	0	0
7020	6.24169	0	0
7019	6.23663	0	0
7018	6.23156	0	0
7017	6.2265	0	0
7016	6.22144	0	0
7015	6.21639	0	0
7014	6.21134	0	0
7013	6.2063	0	0
7012	6.20125	0	0
7011	6.19622	0	0
7010	6.19118	0	0
7009	6.18615	0	0
7008	6.18112	0	0
7007	6.1761	0	0
7006	6.17108	0	0
7005	6.16606	0	0
7004	6.16105	0	0
7003	6.15604	0	0
7002	6.15103	0	0
7001	6.14603	0	0
7000	6.14103	0	0
6999	6.13603	0	0
6998	6.13104	0	0
6997	6.12605	0	0
6996	6.12106	0	0
6995	6.11608	0	0
6994	6.1111	0	0
6993	6.10613	0	0
6992	6.10116	0	0
6991	6.09619	0	0
6990	6.09123	0	0
6989	6.08626	0	0
6988	6.08131	0	0
6987	6.07635	0	0
6986	6.0714	0	0
6985	6.06645	0	0
6984	6.06151	0	0
6983	6.05657	0	0
6982	6.05163	0	0
6981	6.0467	0	0
6980	6.04177	0	0
6979	6.03684	0	0
6978	6.03192	0	0
6977	6.027	0	0
6976	6.02208	0	0
6975	6.01717	0	0
6974	6.01226	0	0
6973	6.00735	0	0
6972	6.00245	0	0
6971	5.99755	0	0
6970	5.99265	0	0
6969	5.98776	0	0
6968	5.98287	0	0
6967	5.97798	0	0
6966	5.9731	0	0
6965	5.96822	0	0
6964	5.96334	0	0
6963	5.95847	0	0
6962	5.9536	0	0
6961	5.94873	0	0
6960	5.94387	0	0
6959	5.93901	0	0
6958	5.93415	0	0
6957	5.9293	0	0
6956	5.92445	0	0
6955	5.9196	0	0
6954	5.91475	0	0
6953	5.90991	0	0
6952	5.90508	0	0
6951	5.90024	0	0
6950	5.89541	0	0
6949	5.89058	0	0
6948	5.88576	0	0
6947	5.88093	0	0
6946	5.87612	0	0
6945	5.8713	0	0
6944	5.86649	0	0
6943	5.86168	0	0
6942	5.85687	0	0
6941	5.85207	0	0
6940	5.84727	0	0
6939	5.84247	0	0
6938	5.83768	0	0
6937	5.83289	0	0
6936	5.8281	0	0
6935	5.82332	0	0
6934	5.81854	0	0
6933	5.81376	0	0
6932	5.80899	0	0
6931	5.80421	0	0
6930	5.79945	0	0
6929	5.79468	0	0
6928	5.78992	0	0
6927	5.78516	0	0
6926	5.7804	0	0
6925	5.77565	0	0
6924	5.7709	0	0
6923	5.76615	0	0
6922	5.76141	0	0
6921	5.75667	0	0
6920	5.75193	0	0
6919	5.7472	0	0
6918	5.74246	0	0
6917	5.73773	0	0
6916	5.73301	0	0
6915	5.72829	0	0
6914	5.72357	0	0
6913	5.71885	0	0
6912	5.71414	0	0
6911	5.70942	0	0
6910	5.70472	0	0
6909	5.70001	0	0
6908	5.69531	0	0
6907	5.69061	0	0
6906	5.68591	0	0
6905	5.68122	0	0
6904	5.67653	0	0
6903	5.67184	0	0
6902	5.66716	0	0
6901	5.66248	0	0
6900	5.6578	0	0
6899	5.65312	0	0
6898	5.64845	0	0
6897	5.64378	0	0
6896	5.63911	0	0
6895	5.63445	0	0
6894	5.62979	0	0
6893	5.62513	0	0
6892	5.62048	0	0
6891	5.61582	0	0
6890	5.61117	0	0
6889	5.60653	0	0
6888	5.60188	0	0
6887	5.59724	0	0
6886	5.5926	0	0
6885	5.58797	0	0
6884	5.58334	0	0
6883	5.57871	0	0
6882	5.57408	0	0
6881	5.56946	0	0
6880	5.56484	0	0
6879	5.56022	0	0
6878	5.5556	0	0
6877	5.55099	0	0
6876	5.54638	0	0
6875	5.54177	0	0
6874	5.53717	0	0
6873	5.53257	0	0
6872	5.52797	0	0
6871	5.52337	0	0
6870	5.51878	0	0
6869	5.51419	0	0
6868	5.5096	0	0
6867	5.50501	0	0
6866	5.50043	0	0
6865	5.49585	0	0
6864	5.49128	0	0
6863	5.4867	0	0
6862	5.48213	0	0
6861	5.47756	0	0
6860	5.473	0	0
6859	5.46843	0	0
6858	5.46387	0	0
6857	5.45932	0	0
6856	5.45476	0	0
6855	5.45021	0	0
6854	5.44566	0	0
6853	5.44111	0	0
6852	5.43657	0	0
6851	5.43203	0	0
6850	5.42749	0	0
6849	5.42295	0	0
6848	5.41842	0	0
6847	5.41389	0	0
6846	5.40936	0	0
6845	5.40483	0	0
6844	5.40031	0	0
6843	5.39579	0	0
6842	5.39127	0	0
6841	5.38676	0	0
6840	5.38224	0	0
6839	5.37774	0	0
6838	5.37323	0	0
6837	5.36872	0	0
6836	5.36422	0	0
6835	5.35972	0	0
6834	5.35523	0	0
6833	5.35073	0	0
6832	5.34624	0	0
6831	5.34175	0	0
6830	5.33726	0	0
6829	5.33278	0	0
6828	5.3283	0	0
6827	5.32382	0	0
6826	5.31935	0	0
6825	5.31487	0	0
6824	5.3104	0	0
6823	5.30593	0	0
6822	5.30147	0	0
6821	5.297	0	0
6820	5.29254	0	0
6819	5.28808	0	0
6818	5.28363	0	0
6817	5.27918	0	0
6816	5.27472	0	0
6815	5.27028	0	0
6814	5.26583	0	0
6813	5.26139	0	0
6812	5.25695	0	0
6811	5.25251	0	0
6810	5.24807	0	0
6809	5.24364	0	0
6808	5.23921	0	0
6807	5.23478	0	0
6806	5.23036	0	0
6805	5.22593	0	0
6804	5.22151	0	0
6803	5.21709	0	0
6802	5.21268	0	0
6801	5.20827	0	0
6800	5.20385	0	0
6799	5.19945	0	0
6798	5.19504	0	0
6797	5.19064	0	0
6796	5.18624	0	0
6795	5.18184	0	0
6794	5.17744	0	0
6793	5.17305	0	0
6792	5.16866	0	0
6791	5.16427	0	0
6790	5.15988	0	0
6789	5.1555	0	0
6788	5.15111	0	0
6787	5.14674	0	0
6786	5.14236	0	0
6785	5.13798	0	0
6784	5.13361	0	0
6783	5.12924	0	0
6782	5.12488	0	0
6781	5.12051	0	0
6780	5.11615	0	0
6779	5.11179	0	0
6778	5.10743	0	0
6777	5.10307	0	0
6776	5.09872	0	0
6775	5.09437	0	0
6774	5.09002	0	0
6773	5.08568	0	0
6772	5.08133	0	0
6771	5.07699	0	0
6770	5.07265	0	0
6769	5.06832	0	0
6768	5.06398	0	0
6767	5.05965	0	0
6766	5.05532	0	0
6765	5.05099	0	0
6764	5.04667	0	0
6763	5.04235	0	0
6762	5.03803	0	0
6761	5.03371	0	0
6760	5.02939	0	0
6759	5.02508	0	0
6758	5.02077	0	0
6757	5.01646	0	0
6756	5.01215	0	0
6755	5.00785	0	0
6754	5.00355	0	0
6753	4.99925	0	0
6752	4.99495	0	0
6751	4.99065	0	0
6750	4.98636	0	0
6749	4.98207	0	0
6748	4.97778	0	0
6747	4.97349	0	0
6746	4.96921	0	0
6745	4.96493	0	0
6744	4.96065	0	0
6743	4.95637	0	0
6742	4.9521	0	0
6741	4.94783	0	0
6740	4.94356	0	0
6739	4.93929	0	0
6738	4.93502	0	0
6737	4.93076	0	0
6736	4.9265	0	0
6735	4.92224	0	0
6734	4.91798	0	0
6733	4.91372	0	0
6732	4.90947	0	0
6731	4.90522	0	0
6730	4.90097	0	0
6729	4.89673	0	0
6728	4.89248	0	0
6727	4.88824	0	0
6726	4.884	0	0
6725	4.87977	0	0
6724	4.87553	0	0
6723	4.8713	0	0
6722	4.86707	0	0
6721	4.86284	0	0
6720	4.85861	0	0
6719	4.85439	0	0
6718	4.85016	0	0
6717	4.84595	0	0
6716	4.84173	0	0
6715	4.83751	0	0
6714	4.8333	0	0
6713	4.82909	0	0
6712	4.82488	0	0
6711	4.82067	0	0
6710	4.81647	0	0
6709	4.81226	0	0
6708	4.80806	0	0
6707	4.80386	0	0
6706	4.79967	0	0
6705	4.79547	0	0
6704	4.79128	0	0
6703	4.78709	0	0
6702	4.7829	0	0
6701	4.77872	0	0
6700	4.77453	0	0
6699	4.77035	0	0
6698	4.76617	0	0
6697	4.76199	0	0
6696	4.75782	0	0
6695	4.75365	0	0
6694	4.74947	0	0
6693	4.74531	0	0
6692	4.74114	0	0
6691	4.73697	0	0
6690	4.73281	0	0
6689	4.72865	0	0
6688	4.72449	0	0
6687	4.72033	0	0
6686	4.71618	0	0
6685	4.71203	0	0
6684	4.70788	0	0
6683	4.70373	0	0
6682	4.69958	0	0
6681	4.69544	0	0
6680	4.6913	0	0
6679	4.68716	0	0
6678	4.68302	0	0
6677	4.67888	0	0
6676	4.67475	0	0
6675	4.67062	0	0
6674	4.66649	0	0
6673	4.66236	0	0
6672	4.65823	0	0
6671	4.65411	0	0
6670	4.64999	0	0
6669	4.64587	0	0
6668	4.64175	0	0
6667	4.63763	0	0
6666	4.63352	0	0
6665	4.62941	0	0
6664	4.6253	0	0
6663	4.62119	0	0
6662	4.61708	0	0
6661	4.61298	0	0
6660	4.60888	0	0
6659	4.60478	0	0
6658	4.60068	0	0
6657	4.59658	0	0
6656	4.59249	0	0
6655	4.5884	0	0
6654	4.58431	0	0
6653	4.58022	0	0
6652	4.57613	0	0
6651	4.57205	0	0
6650	4.56797	0	0
6649	4.56388	0	0
6648	4.55981	0	0
6647	4.55573	0	0
6646	4.55166	0	0
6645	4.54758	0	0
6644	4.54351	0	0
6643	4.53944	0	0
6642	4.53538	0	0
6641	4.53131	0	0
6640	4.52725	0	0
6639	4.52319	0	0
6638	4.51913	0	0
6637	4.51507	0	0
6636	4.51102	0	0
6635	4.50697	0	0
6634	4.50291	0	0
6633	4.49887	0	0
6632	4.49482	0	0
6631	4.49077	0	0
6630	4.48673	0	0
6629	4.48269	0	0
6628	4.47865	0	0
6627	4.47461	0	0
6626	4.47057	0	0
6625	4.46654	0	0
6624	4.46251	0	0
6623	4.45848	0	0
6622	4.45445	0	0
6621	4.45042	0	0
6620	4.4464	0	0
6619	4.44238	0	0
6618	4.43836	0	0
6617	4.43434	0	0
6616	4.43032	0	0
6615	4.42631	0	0
6614	4.42229	0	0
6613	4.41828	0	0
6612	4.41427	0	0
6611	4.41026	0	0
6610	4.40626	0	0
6609	4.40225	0	0
6608	4.39825	0	0
6607	4.39425	0	0
6606	4.39025	0	0
6605	4.38626	0	0
6604	4.38226	0	0
6603	4.37827	0	0
6602	4.37428	0	0
6601	4.37029	0	0
6600	4.3663	0	0
6599	4.36232	0	0
6598	4.35833	0	0
6597	4.35435	0	0
6596	4.35037	0	0
6595	4.34639	0	0
6594	4.34242	0	0
6593	4.33844	0	0
6592	4.33447	0	0
6591	4.3305	0	0
6590	4.32653	0	0
6589	4.32256	0	0
6588	4.3186	0	0
6587	4.31464	0	0
6586	4.31067	0	0
6585	4.30671	0	0
6584	4.30276	0	0
6583	4.2988	0	0
6582	4.29485	0	0
6581	4.29089	0	0
6580	4.28694	0	0
6579	4.28299	0	0
6578	4.27905	0	0
6577	4.2751	0	0
6576	4.27116	0	0
6575	4.26721	0	0
6574	4.26327	0	0
6573	4.25934	0	0
6572	4.2554	0	0
6571	4.25147	0	0
6570	4.24753	0	0
6569	4.2436	0	0
6568	4.23967	0	0
6567	4.23574	0	0
6566	4.23182	0	0
6565	4.22789	0	0
6564	4.22397	0	0
6563	4.22005	0	0
6562	4.21613	0	0
6561	4.21222	0	0
6560	4.2083	0	0
6559	4.20439	0	0
6558	4.20047	0	0
6557	4.19656	0	0
6556	4.19266	0	0
6555	4.18875	0	0
6554	4.18485	0	0
6553	4.18094	0	0
6552	4.17704	0	0
6551	4.17314	0	0
6550	4.16924	0	0
6549	4.16535	0	0
6548	4.16145	0	0
6547	4.15756	0	0
6546	4.15367	0	0
6545	4.14978	0	0
6544	4.14589	0	0
6543	4.14201	0	0
6542	4.13812	0	0
6541	4.13424	0	0
6540	4.13036	0	0
6539	4.12648	0	0
6538	4.1226	0	0
6537	4.11873	0	0
6536	4.11486	0	0
6535	4.11098	0	0
6534	4.10711	0	0
6533	4.10324	0	0
6532	4.09938	0	0
6531	4.09551	0	0
6530	4.09165	0	0
6529	4.08779	0	0
6528	4.08393	0	0
6527	4.08007	0	0
6526	4.07621	0	0
6525	4.07236	0	0
6524	4.0685	0	0
6523	4.06465	0	0
6522	4.0608	0	0
6521	4.05696	0	0
6520	4.05311	0	0
6519	4.04926	0	0
6518	4.04542	0	0
6517	4.04158	0	0
6516	4.03774	0	0
6515	4.0339	0	0
6514	4.03007	0	0
6513	4.02623	0	0
6512	4.0224	0	0
6511	4.01857	0	0
6510	4.01474	0	0
6509	4.01091	0	0
6508	4.00708	0	0
6507	4.00326	0	0
6506	3.99943	0	0
6505	3.99561	0	0
6504	3.99179	0	0
6503	3.98797	0	0
6502	3.98416	0	0
6501	3.98034	0	0
6500	3.97653	0	0
6499	3.97272	0	0
6498	3.96891	0	0
6497	3.9651	0	0
6496	3.96129	0	0
6495	3.95749	0	0
6494	3.95369	0	0
6493	3.94988	0	0
6492	3.94608	0	0
6491	3.94229	0	0
6490	3.93849	0	0
6489	3.93469	0	0
6488	3.9309	0	0
6487	3.92711	0	0
6486	3.92332	0	0
6485	3.91953	0	0
6484	3.91574	0	0
6483	3.91196	0	0
6482	3.90817	0	0
6481	3.90439	0	0
6480	3.90061	0	0
6479	3.89683	0	0
6478	3.89306	0	0
6477	3.88928	0	0
6476	3.88551	0	0
6475	3.88173	0	0
6474	3.87796	0	0
6473	3.8742	0	0
6472	3.87043	0	0
6471	3.86666	0	0
6470	3.8629	0	0
6469	3.85913	0	0
6468	3.85537	0	0
6467	3.85161	0	0
6466	3.84786	0	0
6465	3.8441	0	0
6464	3.84035	0	0
6463	3.83659	0	0
6462	3.83284	0	0
6461	3.82909	0	0
6460	3.82534	0	0
6459	3.8216	0	0
6458	3.81785	0	0
6457	3.81411	0	0
6456	3.81037	0	0
6455	3.80663	0	0
6454	3.80289	0	0
6453	3.79915	0	0
6452	3.79541	0	0
6451	3.79168	0	0
6450	3.78795	0	0
6449	3.78422	0	0
6448	3.78049	0	0
6447	3.77676	0	0
6446	3.77304	0	0
6445	3.76931	0	0
6444	3.76559	0	0
6443	3.76187	0	0
6442	3.75815	0	0
6441	3.75443	0	0
6440	3.75071	0	0
6439	3.747	0	0
6438	3.74328	0	0
6437	3.73957	0	0
6436	3.73586	0	0
6435	3.73215	0	0
6434	3.72845	0	0
6433	3.72474	0	0
6432	3.72104	0	0
6431	3.71733	0	0
6430	3.71363	0	0
6429	3.70993	0	0
6428	3.70624	0	0
6427	3.70254	0	0
6426	3.69884	0	0
6425	3.69515	0	0
6424	3.69146	0	0
6423	3.68777	0	0
6422	3.68408	0	0
6421	3.68039	0	0
6420	3.67671	0	0
6419	3.67302	0	0
6418	3.66934	0	0
6417	3.66566	0	0
6416	3.66198	0	0
6415	3.6583	0	0
6414	3.65463	0	0
6413	3.65095	0	0
6412	3.64728	0	0
6411	3.64361	0	0
6410	3.63994	0	0
6409	3.63627	0	0
6408	3.6326	0	0
6407	3.62894	0	0
6406	3.62527	0	0
6405	3.62161	0	0
6404	3.61795	0	0
6403	3.61429	0	0
6402	3.61063	0	0
6401	3.60698	0	0
6400	3.60332	0	0
6399	3.59967	0	0
6398	3.59602	0	0
6397	3.59237	0	0
6396	3.58872	0	0
6395	3.58507	0	0
6394	3.58143	0	0
6393	3.57778	0	0
6392	3.57414	0	0
6391	3.5705	0	0
6390	3.56686	0	0
6389	3.56322	0	0
6388	3.55959	0	0
6387	3.55595	0	0
6386	3.55232	0	0
6385	3.54869	0	0
6384	3.54505	0	0
6383	3.54143	0	0
6382	3.5378	0	0
6381	3.53417	0	0
6380	3.53055	0	0
6379	3.52693	0	0
6378	3.5233	0	0
6377	3.51968	0	0
6376	3.51607	0	0
6375	3.51245	0	0
6374	3.50883	0	0
6373	3.50522	0	0
6372	3.50161	0	0
6371	3.498	0	0
6370	3.49439	0	0
6369	3.49078	0	0
6368	3.48717	0	0
6367	3.48357	0	0
6366	3.47997	0	0
6365	3.47636	0	0
6364	3.47276	0	0
6363	3.46916	0	0
6362	3.46557	0	0
6361	3.46197	0	0
6360	3.45838	0	0
6359	3.45478	0	0
6358	3.45119	0	0
6357	3.4476	0	0
6356	3.44401	0	0
6355	3.44043	0	0
6354	3.43684	0	0
6353	3.43326	0	0
6352	3.42968	0	0
6351	3.42609	0	0
6350	3.42251	0	0
6349	3.41894	0	0
6348	3.41536	0	0
6347	3.41178	0	0
6346	3.40821	0	0
6345	3.40464	0	0
6344	3.40107	0	0
6343	3.3975	0	0
6342	3.39393	0	0
6341	3.39037	0	0
6340	3.3868	0	0
6339	3.38324	0	0
6338	3.37968	0	0
6337	3.37612	0	0
6336	3.37256	0	0
6335	3.369	0	0
6334	3.36544	0	0
6333	3.36189	0	0
6332	3.35834	0	0
6331	3.35479	0	0
6330	3.35124	0	0
6329	3.34769	0	0
6328	3.34414	0	0
6327	3.34059	0	0
6326	3.33705	0	0
6325	3.33351	0	0
6324	3.32997	0	0
6323	3.32643	0	0
6322	3.32289	0	0
6321	3.31935	0	0
6320	3.31582	0	0
6319	3.31228	0	0
6318	3.30875	0	0
6317	3.30522	0	0
6316	3.30169	0	0
6315	3.29816	0	0
6314	3.29464	0	0
6313	3.29111	0	0
6312	3.28759	0	0
6311	3.28406	0	0
6310	3.28054	0	0
6309	3.27703	0	0
6308	3.27351	0	0
6307	3.26999	0	0
6306	3.26648	0	0
6305	3.26296	0	0
6304	3.25945	0	0
6303	3.25594	0	0
6302	3.25243	0	0
6301	3.24892	0	0
6300	3.24542	0	0
6299	3.24191	0	0
6298	3.23841	0	0
6297	3.23491	0	0
6296	3.23141	0	0
6295	3.22791	0	0
6294	3.22441	0	0
6293	3.22092	0	0
6292	3.21742	0	0
6291	3.21393	0	0
6290	3.21044	0	0
6289	3.20695	0	0
6288	3.20346	0	0
6287	3.19997	0	0
6286	3.19649	0	0
6285	3.193	0	0
6284	3.18952	0	0
6283	3.18604	0	0
6282	3.18256	0	0
6281	3.17908	0	0
6280	3.1756	0	0
6279	3.17213	0	0
6278	3.16865	0	0
6277	3.16518	0	0
6276	3.16171	0	0
6275	3.15824	0	0
6274	3.15477	0	0
6273	3.1513	0	0
6272	3.14784	0	0
6271	3.14437	0	0
6270	3.14091	0	0
6269	3.13745	0	0
6268	3.13399	0	0
6267	3.13053	0	0
6266	3.12707	0	0
6265	3.12362	0	0
6264	3.12017	0	0
6263	3.11671	0	0
6262	3.11326	0	0
6261	3.10981	0	0
6260	3.10636	0	0
6259	3.10292	0	0
6258	3.09947	0	0
6257	3.09603	0	0
6256	3.09259	0	0
6255	3.08914	0	0
6254	3.08571	0	0
6253	3.08227	0	0
6252	3.07883	0	0
6251	3.0754	0	0
6250	3.07196	0	0
6249	3.06853	0	0
6248	3.0651	0	0
6247	3.06167	0	0
6246	3.05824	0	0
6245	3.05481	0	0
6244	3.05139	0	0
6243	3.04797	0	0
6242	3.04454	0	0
6241	3.04112	0	0
6240	3.0377	0	0
6239	3.03428	0	0
6238	3.03087	0	0
6237	3.02745	0	0
6236	3.02404	0	0
6235	3.02063	0	0
6234	3.01722	0	0
6233	3.01381	0	0
6232	3.0104	0	0
6231	3.00699	0	0
6230	3.00359	0	0
6229	3.00018	0	0
6228	2.99678	0	0
6227	2.99338	0	0
6226	2.98998	0	0
6225	2.98658	0	0
6224	2.98319	0	0
6223	2.97979	0	0
6222	2.9764	0	0
6221	2.97301	0	0
6220	2.96962	0	0
6219	2.96623	0	0
6218	2.96284	0	0
6217	2.95945	0	0
6216	2.95607	0	0
6215	2.95268	0	0
6214	2.9493	0	0
6213	2.94592	0	0
6212	2.94254	0	0
6211	2.93916	0	0
6210	2.93579	0	0
6209	2.93241	0	0
6208	2.92904	0	0
6207	2.92567	0	0
6206	2.9223	0	0
6205	2.91893	0	0
6204	2.91556	0	0
6203	2.91219	0	0
6202	2.90883	0	0
6201	2.90547	0	0
6200	2.9021	0	0
6199	2.89874	0	0
6198	2.89538	0	0
6197	2.89203	0	0
6196	2.88867	0	0
6195	2.88532	0	0
6194	2.88196	0	0
6193	2.87861	0	0
6192	2.87526	0	0
6191	2.87191	0	0
6190	2.86856	0	0
6189	2.86522	0	0
6188	2.86187	0	0
6187	2.85853	0	0
6186	2.85519	0	0
6185	2.85185	0	0
6184	2.84851	0	0
6183	2.84517	0	0
6182	2.84183	0	0
6181	2.8385	0	0
6180	2.83517	0	0
6179	2.83183	0	0
6178	2.8285	0	0
6177	2.82517	0	0
6176	2.82185	0	0
6175	2.81852	0	0
6174	2.8152	0	0
6173	2.81187	0	0
6172	2.80855	0	0
6171	2.80523	0	0
6170	2.80191	0	0
6169	2.79859	0	0
6168	2.79528	0	0
6167	2.79196	0	0
6166	2.78865	0	0
6165	2.78534	0	0
6164	2.78203	0	0
6163	2.77872	0	0
6162	2.77541	0	0
6161	2.77211	0	0
6160	2.7688	0	0
6159	2.7655	0	0
6158	2.7622	0	0
6157	2.7589	0	0
6156	2.7556	0	0
6155	2.7523	0	0
6154	2.749	0	0
6153	2.74571	0	0
6152	2.74242	0	0
6151	2.73912	0	0
6150	2.73583	0	0
6149	2.73255	0	0
6148	2.72926	0	0
6147	2.72597	0	0
6146	2.72269	0	0
6145	2.71941	0	0
6144	2.71612	0	0
6143	2.71284	0	0
6142	2.70957	0	0
6141	2.70629	0	0
6140	2.70301	0	0
6139	2.69974	0	0
6138	2.69647	0	0
6137	2.69319	0	0
6136	2.68992	0	0
6135	2.68666	0	0
6134	2.68339	0	0
6133	2.68012	0	0
6132	2.67686	0	0
6131	2.6736	0	0
6130	2.67033	0	0
6129	2.66707	0	0
6128	2.66382	0	0
6127	2.66056	0	0
6126	2.6573	0	0
6125	2.65405	0	0
6124	2.6508	0	0
6123	2.64755	0	0
6122	2.6443	0	0
6121	2.64105	0	0
6120	2.6378	0	0
6119	2.63456	0	0
6118	2.63131	0	0
6117	2.62807	0	0
6116	2.62483	0	0
6115	2.62159	0	0
6114	2.61835	0	0
6113	2.61512	0	0
6112	2.61188	0	0
6111	2.60865	0	0
6110	2.60541	0	0
6109	2.60218	0	0
6108	2.59895	0	0
6107	2.59573	0	0
6106	2.5925	0	0
6105	2.58928	0	0
6104	2.58605	0	0
6103	2.58283	0	0
6102	2.57961	0	0
6101	2.57639	0	0
6100	2.57317	0	0
6099	2.56996	0	0
6098	2.56674	0	0
6097	2.56353	0	0
6096	2.56032	0	0
6095	2.55711	0	0
6094	2.5539	0	0
6093	2.55069	0	0
6092	2.54748	0	0
6091	2.54428	0	0
6090	2.54108	0	0
6089	2.53787	0	0
6088	2.53467	0	0
6087	2.53148	0	0
6086	2.52828	0	0
6085	2.52508	0	0
6084	2.52189	0	0
6083	2.5187	0	0
6082	2.51551	0	0
6081	2.51232	0	0
6080	2.50913	0	0
6079	2.50594	0	0
6078	2.50276	0	0
6077	2.49957	0	0
6076	2.49639	0	0
6075	2.49321	0	0
6074	2.49003	0	0
6073	2.48685	0	0
6072	2.48367	0	0
6071	2.4805	0	0
6070	2.47733	0	0
6069	2.47415	0	0
6068	2.47098	0	0
6067	2.46781	0	0
6066	2.46465	0	0
6065	2.46148	0	0
6064	2.45832	0	0
6063	2.45515	0	0
6062	2.45199	0	0
6061	2.44883	0	0
6060	2.44567	0	0
6059	2.44251	0	0
6058	2.43936	0	0
6057	2.4362	0	0
6056	2.43305	0	0
6055	2.4299	0	0
6054	2.42675	0	0
6053	2.4236	0	0
6052	2.42045	0	0
6051	2.41731	0	0
6050	2.41417	0	0
6049	2.41102	0	0
6048	2.40788	0	0
6047	2.40474	0	0
6046	2.4016	0	0
6045	2.39847	0	0
6044	2.39533	0	0
6043	2.3922	0	0
6042	2.38907	0	0
6041	2.38594	0	0
6040	2.38281	0	0
6039	2.37968	0	0
6038	2.37656	0	0
6037	2.37343	0	0
6036	2.37031	0	0
6035	2.36719	0	0
6034	2.36407	0	0
6033	2.36095	0	0
6032	2.35783	0	0
6031	2.35472	0	0
6030	2.3516	0	0
6029	2.34849	0	0
6028	2.34538	0	0
6027	2.34227	0	0
6026	2.33916	0	0
6025	2.33606	0	0
6024	2.33295	0	0
6023	2.32985	0	0
6022	2.32675	0	0
6021	2.32365	0	0
6020	2.32055	0	0
6019	2.31745	0	0
6018	2.31435	0	0
6017	2.31126	0	0
6016	2.30817	0	0
6015	2.30508	0	0
6014	2.30199	0	0
6013	2.2989	0	0
6012	2.29581	0	0
6011	2.29273	0	0
6010	2.28964	0	0
6009	2.28656	0	0
6008	2.28348	0	0
6007	2.2804	0	0
6006	2.27732	0	0
6005	2.27425	0	0
6004	2.27117	0	0
6003	2.2681	0	0
6002	2.26503	0	0
6001	2.26196	0	0
6000	2.25889	0	0
5999	2.25582	0	0
5998	2.25276	0	0
5997	2.2497	0	0
5996	2.24663	0	0
5995	2.24357	0	0
5994	2.24051	0	0
5993	2.23746	0	0
5992	2.2344	0	0
5991	2.23135	0	0
5990	2.22829	0	0
5989	2.22524	0	0
5988	2.22219	0	0
5987	2.21914	0	0
5986	2.2161	0	0
5985	2.21305	0	0
5984	2.21001	0	0
5983	2.20697	0	0
5982	2.20393	0	0
5981	2.20089	0	0
5980	2.19785	0	0
5979	2.19481	0	0
5978	2.19178	0	0
5977	2.18875	0	0
5976	2.18572	0	0
5975	2.18269	0	0
5974	2.17966	0	0
5973	2.17663	0	0
5972	2.17361	0	0
5971	2.17058	0	0
5970	2.16756	0	0
5969	2.16454	0	0
5968	2.16152	0	0
5967	2.15851	0	0
5966	2.15549	0	0
5965	2.15248	0	0
5964	2.14946	0	0
5963	2.14645	0	0
5962	2.14344	0	0
5961	2.14044	0	0
5960	2.13743	0	0
5959	2.13443	0	0
5958	2.13142	0	0
5957	2.12842	0	0
5956	2.12542	0	0
5955	2.12242	0	0
5954	2.11943	0	0
5953	2.11643	0	0
5952	2.11344	0	0
5951	2.11045	0	0
5950	2.10746	0	0
5949	2.10447	0	0
5948	2.10148	0	0
5947	2.0985	0	0
5946	2.09551	0	0
5945	2.09253	0	0
5944	2.08955	0	0
5943	2.08657	0	0
5942	2.08359	0	0
5941	2.08062	0	0
5940	2.07764	0	0
5939	2.07467	0	0
5938	2.0717	0	0
5937	2.06873	0	0
5936	2.06576	0	0
5935	2.0628	0	0
5934	2.05983	0	0
5933	2.05687	0	0
5932	2.05391	0	0
5931	2.05095	0	0
5930	2.04799	0	0
5929	2.04503	0	0
5928	2.04208	0	0
5927	2.03912	0	0
5926	2.03617	0	0
5925	2.03322	0	0
5924	2.03027	0	0
5923	2.02733	0	0
5922	2.02438	0	0
5921	2.02144	0	0
5920	2.0185	0	0
5919	2.01556	0	0
5918	2.01262	0	0
5917	2.00968	0	0
5916	2.00675	0	0
5915	2.00381	0	0
5914	2.00088	0	0
5913	1.99795	0	0
5912	1.99502	0	0
5911	1.99209	0	0
5910	1.98917	0	0
5909	1.98624	0	0
5908	1.98332	0	0
5907	1.9804	0	0
5906	1.97748	0	0
5905	1.97456	0	0
5904	1.97165	0	0
5903	1.96873	0	0
5902	1.96582	0	0
5901	1.96291	0	0
5900	1.96	0	0
5899	1.95709	0	0
5898	1.95419	0	0
5897	1.95128	0	0
5896	1.94838	0	0
5895	1.94548	0	0
5894	1.94258	0	0
5893	1.93969	0	0
5892	1.93679	0	0
5891	1.9339	0	0
5890	1.931	0	0
5889	1.92811	0	0
5888	1.92522	0	0
5887	1.92234	0	0
5886	1.91945	0	0
5885	1.91657	0	0
5884	1.91368	0	0
5883	1.9108	0	0
5882	1.90792	0	0
5881	1.90505	0	0
5880	1.90217	0	0
5879	1.8993	0	0
5878	1.89642	0	0
5877	1.89355	0	0
5876	1.89069	0	0
5875	1.88782	0	0
5874	1.88495	0	0
5873	1.88209	0	0
5872	1.87923	0	0
5871	1.87637	0	0
5870	1.87351	0	0
5869	1.87065	0	0
5868	1.8678	0	0
5867	1.86494	0	0
5866	1.86209	0	0
5865	1.85924	0	0
5864	1.85639	0	0
5863	1.85355	0	0
5862	1.8507	0	0
5861	1.84786	0	0
5860	1.84502	0	0
5859	1.84218	0	0
5858	1.83934	0	0
5857	1.8365	0	0
5856	1.83367	0	0
5855	1.83083	0	0
5854	1.828	0	0
5853	1.82517	0	0
5852	1.82235	0	0
5851	1.81952	0	0
5850	1.8167	0	0
5849	1.81387	0	0
5848	1.81105	0	0
5847	1.80823	0	0
5846	1.80542	0	0
5845	1.8026	0	0
5844	1.79979	0	0
5843	1.79697	0	0
5842	1.79416	0	0
5841	1.79136	0	0
5840	1.78855	0	0
5839	1.78574	0	0
5838	1.78294	0	0
5837	1.78014	0	0
5836	1.77734	0	0
5835	1.77454	0	0
5834	1.77175	0	0
5833	1.76895	0	0
5832	1.76616	0	0
5831	1.76337	0	0
5830	1.76058	0	0
5829	1.75779	0	0
5828	1.75501	0	0
5827	1.75222	0	0
5826	1.74944	0	0
5825	1.74666	0	0
5824	1.74388	0	0
5823	1.74111	0	0
5822	1.73833	0	0
5821	1.73556	0	0
5820	1.73279	0	0
5819	1.73002	0	0
5818	1.72725	0	0
5817	1.72448	0	0
5816	1.72172	0	0
5815	1.71896	0	0
5814	1.7162	0	0
5813	1.71344	0	0
5812	1.71068	0	0
5811	1.70793	0	0
5810	1.70517	0	0
5809	1.70242	0	0
5808	1.69967	0	0
5807	1.69692	0	0
5806	1.69418	0	0
5805	1.69144	0	0
5804	1.68869	0	0
5803	1.68595	0	0
5802	1.68321	0	0
5801	1.68048	0	0
5800	1.67774	0	0
5799	1.67501	0	0
5798	1.67228	0	0
5797	1.66955	0	0
5796	1.66682	0	0
5795	1.6641	0	0
5794	1.66137	0	0
5793	1.65865	0	0
5792	1.65593	0	0
5791	1.65321	0	0
5790	1.65049	0	0
5789	1.64778	0	0
5788	1.64507	0	0
5787	1.64236	0	0
5786	1.63965	0	0
5785	1.63694	0	0
5784	1.63423	0	0
5783	1.63153	0	0
5782	1.62883	0	0
5781	1.62613	0	0
5780	1.62343	0	0
5779	1.62074	0	0
5778	1.61804	0	0
5777	1.61535	0	0
5776	1.61266	0	0
5775	1.60997	0	0
5774	1.60729	0	0
5773	1.6046	0	0
5772	1.60192	0	0
5771	1.59924	0	0
5770	1.59656	0	0
5769	1.59388	0	0
5768	1.59121	0	0
5767	1.58853	0	0
5766	1.58586	0	0
5765	1.58319	0	0
5764	1.58052	0	0
5763	1.57786	0	0
5762	1.5752	0	0
5761	1.57253	0	0
5760	1.56987	0	0
5759	1.56722	0	0
5758	1.56456	0	0
5757	1.56191	0	0
5756	1.55925	0	0
5755	1.5566	0	0
5754	1.55396	0	0
5753	1.55131	0	0
5752	1.54867	0	0
5751	1.54602	0	0
5750	1.54338	0	0
5749	1.54074	0	0
5748	1.53811	0	0
5747	1.53547	0	0
5746	1.53284	0	0
5745	1.53021	0	0
5744	1.52758	0	0
5743	1.52495	0	0
5742	1.52233	0	0
5741	1.51971	0	0
5740	1.51709	0	0
5739	1.51447	0	0
5738	1.51185	0	0
5737	1.50924	0	0
5736	1.50662	0	0
5735	1.50401	0	0
5734	1.5014	0	0
5733	1.4988	0	0
5732	1.49619	0	0
5731	1.49359	0	0
5730	1.49099	0	0
5729	1.48839	0	0
5728	1.48579	0	0
5727	1.4832	0	0
5726	1.4806	0	0
5725	1.47801	0	0
5724	1.47542	0	0
5723	1.47284	0	0
5722	1.47025	0	0
5721	1.46767	0	0
5720	1.46509	0	0
5719	1.46251	0	0
5718	1.45993	0	0
5717	1.45736	0	0
5716	1.45478	0	0
5715	1.45221	0	0
5714	1.44964	0	0
5713	1.44708	0	0
5712	1.44451	0	0
5711	1.44195	0	0
5710	1.43939	0	0
5709	1.43683	0	0
5708	1.43427	0	0
5707	1.43172	0	0
5706	1.42917	0	0
5705	1.42662	0	0
5704	1.42407	0	0
5703	1.42152	0	0
5702	1.41898	0	0
5701	1.41644	0	0
5700	1.4139	0	0
5699	1.41136	0	0
5698	1.40882	0	0
5697	1.40629	0	0
5696	1.40376	0	0
5695	1.40123	0	0
5694	1.3987	0	0
5693	1.39618	0	0
5692	1.39365	0	0
5691	1.39113	0	0
5690	1.38861	0	0
5689	1.38609	0	0
5688	1.38358	0	0
5687	1.38107	0	0
5686	1.37856	0	0
5685	1.37605	0	0
5684	1.37354	0	0
5683	1.37104	0	0
5682	1.36853	0	0
5681	1.36603	0	0
5680	1.36354	0	0
5679	1.36104	0	0
5678	1.35855	0	0
5677	1.35606	0	0
5676	1.35357	0	0
5675	1.35108	0	0
5674	1.34859	0	0
5673	1.34611	0	0
5672	1.34363	0	0
5671	1.34115	0	0
5670	1.33867	0	0
5669	1.3362	0	0
5668	1.33373	0	0
5667	1.33126	0	0
5666	1.32879	0	0
5665	1.32632	0	0
5664	1.32386	0	0
5663	1.3214	0	0
5662	1.31894	0	0
5661	1.31648	0	0
5660	1.31403	0	0
5659	1.31158	0	0
5658	1.30912	0	0
5657	1.30668	0	0
5656	1.30423	0	0
5655	1.30179	0	0
5654	1.29934	0	0
5653	1.29691	0	0
5652	1.29447	0	0
5651	1.29203	0	0
5650	1.2896	0	0
5649	1.28717	0	0
5648	1.28474	0	0
5647	1.28232	0	0
5646	1.27989	0	0
5645	1.27747	0	0
5644	1.27505	0	0
5643	1.27263	0	0
5642	1.27022	0	0
5641	1.2678	0	0
5640	1.26539	0	0
5639	1.26299	0	0
5638	1.26058	0	0
5637	1.25818	0	0
5636	1.25577	0	0
5635	1.25337	0	0
5634	1.25098	0	0
5633	1.24858	0	0
5632	1.24619	0	0
5631	1.2438	0	0
5630	1.24141	0	0
5629	1.23903	0	0
5628	1.23664	0	0
5627	1.23426	0	0
5626	1.23188	0	0
5625	1.22951	0	0
5624	1.22713	0	0
5623	1.22476	0	0
5622	1.22239	0	0
5621	1.22002	0	0
5620	1.21766	0	0
5619	1.21529	0	0
5618	1.21293	0	0
5617	1.21058	0	0
5616	1.20822	0	0
5615	1.20587	0	0
5614	1.20351	0	0
5613	1.20117	0	0
5612	1.19882	0	0
5611	1.19647	0	0
5610	1.19413	0	0
5609	1.19179	0	0
5608	1.18946	0	0
5607	1.18712	0	0
5606	1.18479	0	0
5605	1.18246	0	0
5604	1.18013	0	0
5603	1.1778	0	0
5602	1.17548	0	0
5601	1.17316	0	0
5600	1.17084	0	0
5599	1.16852	0	0
5598	1.16621	0	0
5597	1.1639	0	0
5596	1.16159	0	0
5595	1.15928	0	0
5594	1.15698	0	0
5593	1.15468	0	0
5592	1.15238	0	0
5591	1.15008	0	0
5590	1.14778	0	0
5589	1.14549	0	0
5588	1.1432	0	0
5587	1.14091	0	0
5586	1.13863	0	0
5585	1.13635	0	0
5584	1.13406	0	0
5583	1.13179	0	0
5582	1.12951	0	0
5581	1.12724	0	0
5580	1.12497	0	0
5579	1.1227	0	0
5578	1.12043	0	0
5577	1.11817	0	0
5576	1.11591	0	0
5575	1.11365	0	0
5574	1.11139	0	0
5573	1.10914	0	0
5572	1.10689	0	0
5571	1.10464	0	0
5570	1.10239	0	0
5569	1.10015	0	0
5568	1.0979	0	0
5567	1.09566	0	0
5566	1.09343	0	0
5565	1.09119	0	0
5564	1.08896	0	0
5563	1.08673	0	0
5562	1.0845	0	0
5561	1.08228	0	0
5560	1.08006	0	0
5559	1.07784	0	0
5558	1.07562	0	0
5557	1.07341	0	0
5556	1.07119	0	0
5555	1.06898	0	0
5554	1.06678	0	0
5553	1.06457	0	0
5552	1.06237	0	0
5551	1.06017	0	0
5550	1.05797	0	0
5549	1.05578	0	0
5548	1.05358	0	0
5547	1.05139	0	0
5546	1.04921	0	0
5545	1.04702	0	0
5544	1.04484	0	0
5543	1.04266	0	0
5542	1.04048	0	0
5541	1.03831	0	0
5540	1.03613	0	0
5539	1.03396	0	0
5538	1.0318	0	0
5537	1.02963	0	0
5536	1.02747	0	0
5535	1.02531	0	0
5534	1.02315	0	0
5533	1.021	0	0
5532	1.01884	0	0
5531	1.01669	0	0
5530	1.01455	0	0
5529	1.0124	0	0
5528	1.01026	0	0
5527	1.00812	0	0
5526	1.00598	0	0
5525	1.00385	0	0
5524	1.00171	0	0
5523	0.999583	0	0
5522	0.997456	0	0
5521	0.995331	0	0
5520	0.993209	0	0
5519	0.991089	0	0
5518	0.988972	0	0
5517	0.986857	0	0
5516	0.984745	0	0
5515	0.982636	0	0
5514	0.980529	0	0
5513	0.978424	0	0
5512	0.976322	0	0
5511	0.974223	0	0
5510	0.972126	0	0
5509	0.970032	0	0
5508	0.96794	0	0
5507	0.965851	0	0
5506	0.963764	0	0
5505	0.96168	0	0
5504	0.959598	0	0
5503	0.957519	0	0
5502	0.955443	0	0
5501	0.953369	0	0
5500	0.951297	0	0
5499	0.949228	0	0
5498	0.947162	0	0
5497	0.945098	0	0
5496	0.943037	0	0
5495	0.940978	0	0
5494	0.938922	0	0
5493	0.936868	0	0
5492	0.934817	0	0
5491	0.932769	0	0
5490	0.930723	0	0
5489	0.928679	0	0
5488	0.926638	0	0
5487	0.9246	0	0
5486	0.922564	0	0
5485	0.920531	0	0
5484	0.9185	0	0
5483	0.916472	0	0
5482	0.914446	0	0
5481	0.912423	0	0
5480	0.910402	0	0
5479	0.908384	0	0
5478	0.906369	0	0
5477	0.904356	0	0
5476	0.902345	0	0
5475	0.900337	0	0
5474	0.898332	0	0
5473	0.896329	0	0
5472	0.894329	0	0
5471	0.892331	0	0
5470	0.890336	0	0
5469	0.888343	0	0
5468	0.886353	0	0
5467	0.884365	0	0
5466	0.88238	0	0
5465	0.880397	0	0
5464	0.878417	0	0
5463	0.876439	0	0
5462	0.874464	0	0
5461	0.872491	0	0
5460	0.870521	0	0
5459	0.868553	0	0
5458	0.866588	0	0
5457	0.864625	0	0
5456	0.862665	0	0
5455	0.860707	0	0
5454	0.858752	0	0
5453	0.856799	0	0
5452	0.854848	0	0
5451	0.852901	0	0
5450	0.850955	0	0
5449	0.849012	0	0
5448	0.847072	0	0
5447	0.845134	0	0
5446	0.843198	0	0
5445	0.841265	0	0
5444	0.839334	0	0
5443	0.837406	0	0
5442	0.83548	0	0
5441	0.833557	0	0
5440	0.831636	0	0
5439	0.829717	0	0
5438	0.827801	0	0
5437	0.825887	0	0
5436	0.823976	0	0
5435	0.822067	0	0
5434	0.820161	0	0
5433	0.818257	0	0
5432	0.816355	0	0
5431	0.814456	0	0
5430	0.812559	0	0
5429	0.810664	0	0
5428	0.808772	0	0
5427	0.806882	0	0
5426	0.804994	0	0
5425	0.803109	0	0
5424	0.801226	0	0
5423	0.799346	0	0
5422	0.797468	0	0
5421	0.795592	0	0
5420	0.793718	0	0
5419	0.791847	0	0
5418	0.789978	0	0
5417	0.788111	0	0
5416	0.786247	0	0
5415	0.784385	0	0
5414	0.782525	0	0
5413	0.780668	0	0
5412	0.778812	0	0
5411	0.776959	0	0
5410	0.775108	0	0
5409	0.77326	0	0
5408	0.771414	0	0
5407	0.769569	0	0
5406	0.767728	0	0
5405	0.765888	0	0
5404	0.76405	0	0
5403	0.762215	0	0
5402	0.760382	0	0
5401	0.758551	0	0
5400	0.756722	0	0
5399	0.754895	0	0
5398	0.753071	0	0
5397	0.751248	0	0
5396	0.749428	0	0
5395	0.74761	0	0
5394	0.745794	0	0
5393	0.74398	0	0
5392	0.742168	0	0
5391	0.740358	0	0
5390	0.738551	0	0
5389	0.736745	0	0
5388	0.734941	0	0
5387	0.73314	0	0
5386	0.73134	0	0
5385	0.729543	0	0
5384	0.727747	0	0
5383	0.725954	0	0
5382	0.724162	0	0
5381	0.722372	0	0
5380	0.720585	0	0
5379	0.718799	0	0
5378	0.717015	0	0
5377	0.715234	0	0
5376	0.713454	0	0
5375	0.711676	0	0
5374	0.7099	0	0
5373	0.708126	0	0
5372	0.706353	0	0
5371	0.704583	0	0
5370	0.702815	0	0
5369	0.701048	0	0
5368	0.699283	0	0
5367	0.69752	0	0
5366	0.695759	0	0
5365	0.693999	0	0
5364	0.692242	0	0
5363	0.690486	0	0
5362	0.688732	0	0
5361	0.68698	0	0
5360	0.685229	0	0
5359	0.68348	0	0
5358	0.681733	0	0
5357	0.679988	0	0
5356	0.678244	0	0
5355	0.676502	0	0
5354	0.674762	0	0
5353	0.673023	0	0
5352	0.671286	0	0
5351	0.669551	0	0
5350	0.667817	0	0
5349	0.666085	0	0
5348	0.664354	0	0
5347	0.662625	0	0
5346	0.660898	0	0
5345	0.659172	0	0
5344	0.657448	0	0
5343	0.655725	0	0
5342	0.654004	0	0
5341	0.652285	0	0
5340	0.650567	0	0
5339	0.64885	0	0
5338	0.647135	0	0
5337	0.645421	0	0
5336	0.643709	0	0
5335	0.641999	0	0
5334	0.640289	0	0
5333	0.638582	0	0
5332	0.636875	0	0
5331	0.63517	0	0
5330	0.633467	0	0
5329	0.631765	0	0
5328	0.630064	0	0
5327	0.628365	0	0
5326	0.626667	0	0
5325	0.62497	0	0
5324	0.623275	0	0
5323	0.621581	0	0
5322	0.619888	0	0
5321	0.618197	0	0
5320	0.616507	0	0
5319	0.614818	0	0
5318	0.613131	0	0
5317	0.611445	0	0
5316	0.60976	0	0
5315	0.608077	0	0
5314	0.606394	0	0
5313	0.604713	0	0
5312	0.603033	0	0
5311	0.601355	0	0
5310	0.599678	0	0
5309	0.598001	0	0
5308	0.596326	0	0
5307	0.594653	0	0
5306	0.59298	0	0
5305	0.591309	0	0
5304	0.589639	0	0
5303	0.58797	0	0
5302	0.586302	0	0
5301	0.584636	0	0
5300	0.58297	0	0
5299	0.581306	0	0
5298	0.579643	0	0
5297	0.577981	0	0
5296	0.57632	0	0
5295	0.57466	0	0
5294	0.573002	0	0
5293	0.571344	0	0
5292	0.569688	0	0
5291	0.568033	0	0
5290	0.566379	0	0
5289	0.564726	0	0
5288	0.563074	0	0
5287	0.561424	0	0
5286	0.559774	0	0
5285	0.558126	0	0
5284	0.556479	0	0
5283	0.554833	0	0
5282	0.553188	0	0
5281	0.551544	0	0
5280	0.549901	0	0
5279	0.54826	0	0
5278	0.546619	0	0
5277	0.54498	0	0
5276	0.543342	0	0
5275	0.541705	0	0
5274	0.540069	0	0
5273	0.538434	0	0
5272	0.536801	0	0
5271	0.535168	0	0
5270	0.533537	0	0
5269	0.531907	0	0
5268	0.530278	0	0
5267	0.528651	0	0
5266	0.527024	0	0
5265	0.525399	0	0
5264	0.523775	0	0
5263	0.522152	0	0
5262	0.520531	0	0
5261	0.518911	0	0
5260	0.517292	0	0
5259	0.515674	0	0
5258	0.514057	0	0
5257	0.512442	0	0
5256	0.510828	0	0
5255	0.509216	0	0
5254	0.507605	0	0
5253	0.505995	0	0
5252	0.504386	0	0
5251	0.502779	0	0
5250	0.501174	0	0
5249	0.499569	0	0
5248	0.497967	0	0
5247	0.496365	0	0
5246	0.494766	0	0
5245	0.493167	0	0
5244	0.49157	0	0
5243	0.489975	0	0
5242	0.488381	0	0
5241	0.486789	0	0
5240	0.485199	0	0
5239	0.48361	0	0
5238	0.482023	0	0
5237	0.480437	0	0
5236	0.478853	0	0
5235	0.477271	0	0
5234	0.475691	0	0
5233	0.474112	0	0
5232	0.472536	0	0
5231	0.470961	0	0
5230	0.469388	0	0
5229	0.467817	0	0
5228	0.466248	0	0
5227	0.46468	0	0
5226	0.463115	0	0
5225	0.461552	0	0
5224	0.459991	0	0
5223	0.458432	0	0
5222	0.456875	0	0
5221	0.455321	0	0
5220	0.453768	0	0
5219	0.452218	0	0
5218	0.45067	0	0
5217	0.449125	0	0
5216	0.447582	0	0
5215	0.446041	0	0
5214	0.444503	0	0
5213	0.442967	0	0
5212	0.441434	0	0
5211	0.439903	0	0
5210	0.438375	0	0
5209	0.43685	0	0
5208	0.435327	0	0
5207	0.433807	0	0
5206	0.43229	0	0
5205	0.430776	0	0
5204	0.429265	0	0
5203	0.427757	0	0
5202	0.426252	0	0
5201	0.42475	0	0
5200	0.423251	0	0
5199	0.421755	0	0
5198	0.420263	0	0
5197	0.418774	0	0
5196	0.417288	0	0
5195	0.415806	0	0
5194	0.414327	0	0
5193	0.412852	0	0
5192	0.41138	0	0
5191	0.409912	0	0
5190	0.408448	0	0
5189	0.406988	0	0
5188	0.405531	0	0
5187	0.404079	0	0
5186	0.402631	0	0
5185	0.401187	0	0
5184	0.399747	0	0
5183	0.398311	0	0
5182	0.39688	0	0
5181	0.395453	0	0
5180	0.39403	0	0
5179	0.392613	0	0
5178	0.3912	0	0
5177	0.389792	0	0
5176	0.388389	0	0
5175	0.38699	0	0
5174	0.385597	0	0
5173	0.384209	0	0
5172	0.382827	0	0
5171	0.38145	0	0
5170	0.380078	0	0
5169	0.378712	0	0
5168	0.377352	0	0
5167	0.375997	0	0
5166	0.374649	0	0
5165	0.373307	0	0
5164	0.371971	0	0
5163	0.370641	0	0
5162	0.369318	0	0
5161	0.368002	0	0
5160	0.366692	0	0
5159	0.36539	0	0
5158	0.364094	0	0
5157	0.362806	0	0
5156	0.361525	0	0
5155	0.360252	0	0
5154	0.358987	0	0
5153	0.35773	0	0
5152	0.35648	0	0
5151	0.35524	0	0
5150	0.354007	0	0
5149	0.352784	0	0
5148	0.351569	0	0
5147	0.350364	0	0
5146	0.349168	0	0
5145	0.347982	0	0
5144	0.346805	0	0
5143	0.345639	0	0
5142	0.344483	0	0
5141	0.343338	0	0
5140	0.342204	0	0
5139	0.341081	0	0
5138	0.339969	0	0
5137	0.338869	0	0
5136	0.337782	0	0
5135	0.336707	0	0
5134	0.335645	0	0
5133	0.334595	0	0
5132	0.33356	0	0
5131	0.332538	0	0
5130	0.331531	0	0
5129	0.330538	0	0
5128	0.329561	0	0
5127	0.328598	0	0
5126	0.327652	0	0
5125	0.326723	0	0
5124	0.32581	0	0
5123	0.324914	0	0
5122	0.324037	0	0
5121	0.323177	0	0
5120	0.322337	0	0
5119	0.321516	0	0
5118	0.320715	0	0
5117	0.319934	0	0
5116	0.319175	0	0
5115	0.318437	0	0
5114	0.317722	0	0
5113	0.317029	0	0
5112	0.31636	0	0
5111	0.315715	0	0
5110	0.315095	0	0
5109	0.3145	0	0
5108	0.313931	0	0
5107	0.313389	0	0
5106	0.312874	0	0
5105	0.312387	0	0
5104	0.311928	0	0
5103	0.311498	0	0
5102	0.311098	0	0
5101	0.310727	0	0
5100	0.310387	0	0
5099	0.310078	0	0
5098	0.3098	0	0
5097	0.309553	0	0
5096	0.309338	0	0
5095	0.309154	0	0
5094	0.309002	0	0
5093	0.308881	0	0
5092	0.308792	0	0
5091	0.308733	0	0
5090	0.308704	0	0
5089	0.308705	0	0
5088	0.308733	0	0
5087	0.308788	0	0
5086	0.308868	0	0
5085	0.308972	0	0
5084	0.309097	0	0
5083	0.309241	0	0
5082	0.309401	0	0
5081	0.309574	0	0
5080	0.309756	0	0
5079	0.309945	0	0
5078	0.310135	0	0
5077	0.310322	0	0
5076	0.310501	0	0
5075	0.310668	0	0
5074	0.310817	0	0
5073	0.310942	0	0
5072	0.311038	0	0
5071	0.311098	0	0
5070	0.311118	0	0
5069	0.311089	0	0
5068	0.311008	0	0
5067	0.310868	0	0
5066	0.310664	0	0
5065	0.310391	0	0
5064	0.310044	0	0
5063	0.309619	0	0
5062	0.309112	0	0
5061	0.308521	0	0
5060	0.307842	0	0
5059	0.307076	0	0
5058	0.30622	0	0
5057	0.305275	0	0
5056	0.304241	0	0
5055	0.303118	0	0
5054	0.30191	0	0
5053	0.300618	0	0
5052	0.299244	0	0
5051	0.297791	0	0
5050	0.296263	0	0
5049	0.294662	0	0
5048	0.292992	0	0
5047	0.291257	0	0
5046	0.289459	0	0
5045	0.287601	0	0
5044	0.285688	0	0
5043	0.28372	0	0
5042	0.281703	0	0
5041	0.279637	0	0
5040	0.277526	0	0
5039	0.275372	0	0
5038	0.273179	0	0
5037	0.270948	0	0
5036	0.268683	0	0
5035	0.266387	0	0
5034	0.264063	0	0
5033	0.261716	0	0
5032	0.259347	0	0
5031	0.256962	0	0
5030	0.254565	0	0
5029	0.25216	0	0
5028	0.24975	0	0
5027	0.247341	0	0
5026	0.244937	0	0
5025	0.242541	0	0
5024	0.240158	0	0
5023	0.237792	0	0
5022	0.235446	0	0
5021	0.233124	0	0
5020	0.230828	0	0
5019	0.22856	0	0
5018	0.226325	0	0
5017	0.224122	0	0
5016	0.221955	0	0
5015	0.219825	0	0
5014	0.217732	0	0
5013	0.215677	0	0
5012	0.213662	0	0
5011	0.211687	0	0
5010	0.209751	0	0
5009	0.207855	0	0
5008	0.205999	0	0
5007	0.204182	0	0
5006	0.202404	0	0
5005	0.200666	0	0
5004	0.198965	0	0
5003	0.197302	0	0
5002	0.195676	0	0
5001	0.194087	0	0
5000	0.192533	0	0
4999	0.191014	0	0
4998	0.18953	0	0
4997	0.188079	0	0
4996	0.186661	0	0
4995	0.185275	0	0
4994	0.183921	0	0
4993	0.182598	0	0
4992	0.181305	0	0
4991	0.180042	0	0
4990	0.178808	0	0
4989	0.177603	0	0
4988	0.176425	0	0
4987	0.175275	0	0
4986	0.174153	0	0
4985	0.173057	0	0
4984	0.171987	0	0
4983	0.170943	0	0
4982	0.169925	0	0
4981	0.168933	0	0
4980	0.167965	0	0
4979	0.167022	0	0
4978	0.166104	0	0
4977	0.16521	0	0
4976	0.164341	0	0
4975	0.163496	0	0
4974	0.162675	0	0
4973	0.161879	0	0
4972	0.161106	0	0
4971	0.160358	0	0
4970	0.159634	0	0
4969	0.158934	0	0
4968	0.158259	0	0
4967	0.157609	0	0
4966	0.156983	0	0
4965	0.156382	0	0
4964	0.155807	0	0
4963	0.155258	0	0
4962	0.154734	0	0
4961	0.154237	0	0
4960	0.153767	0	0
4959	0.153324	0	0
4958	0.152908	0	0
4957	0.152521	0	0
4956	0.152163	0	0
4955	0.151834	0	0
4954	0.151535	0	0
4953	0.151267	0	0
4952	0.15103	0	0
4951	0.150826	0	0
4950	0.150654	0	0
4949	0.150516	0	0
4948	0.150413	0	0
4947	0.150346	0	0
4946	0.150315	0	0
4945	0.150321	0	0
4944	0.150366	0	0
4943	0.150451	0	0
4942	0.150576	0	0
4941	0.150742	0	0
4940	0.150951	0	0
4939	0.151204	0	0
4938	0.151501	0	0
4937	0.151844	0	0
4936	0.152233	0	0
4935	0.15267	0	0
4934	0.153155	0	0
4933	0.153689	0	0
4932	0.154273	0	0
4931	0.154907	0	0
4930	0.155591	0	0
4929	0.156325	0	0
4928	0.15711	0	0
4927	0.157944	0	0
4926	0.158826	0	0
4925	0.159756	0	0
4924	0.160732	0	0
4923	0.161751	0	0
4922	0.16281	0	0
4921	0.163906	0	0
4920	0.165034	0	0
4919	0.16619	0	0
4918	0.167368	0	0
4917	0.16856	0	0
4916	0.16976	0	0
4915	0.170958	0	0
4914	0.172145	0	0
4913	0.17331	0	0
4912	0.174442	0	0
4911	0.17553	0	0
4910	0.176558	0	0
4909	0.177516	0	0
4908	0.178387	0	0
4907	0.17916	0	0
4906	0.179818	0	0
4905	0.18035	0	0
4904	0.180743	0	0
4903	0.180984	0	0
4902	0.181063	0	0
4901	0.180973	0	0
4900	0.180705	0	0
4899	0.180255	0	0
4898	0.179621	0	0
4897	0.178802	0	0
4896	0.177802	0	0
4895	0.176625	0	0
4894	0.175278	0	0
4893	0.17377	0	0
4892	0.172112	0	0
4891	0.170317	0	0
4890	0.168398	0	0
4889	0.166371	0	0
4888	0.164252	0	0
4887	0.162065	0	0
4886	0.159814	0	0
4885	0.157508	0	0
4884	0.15516	0	0
4883	0.152783	0	0
4882	0.150391	0	0
4881	0.147993	0	0
4880	0.1456	0	0
4879	0.143222	0	0
4878	0.140866	0	0
4877	0.13854	0	0
4876	0.136248	0	0
4875	0.133998	0	0
4874	0.131791	0	0
4873	0.129633	0	0
4872	0.127525	0	0
4871	0.125469	0	0
4870	0.123467	0	0
4869	0.12152	0	0
4868	0.119628	0	0
4867	0.117792	0	0
4866	0.116009	0	0
4865	0.114281	0	0
4864	0.112607	0	0
4863	0.110984	0	0
4862	0.109413	0	0
4861	0.107891	0	0
4860	0.106418	0	0
4859	0.104992	0	0
4858	0.103611	0	0
4857	0.102274	0	0
4856	0.100979	0	0
4855	0.0997245	0	0
4854	0.0985095	0	0
4853	0.097332	0	0
4852	0.0961905	0	0
4851	0.0950836	0	0
4850	0.0940098	0	0
4849	0.0929677	0	0
4848	0.0919558	0	0
4847	0.0909729	0	0
4846	0.0900177	0	0
4845	0.0890888	0	0
4844	0.0881851	0	0
4843	0.0873054	0	0
4842	0.0864486	0	0
4841	0.0856135	0	0
4840	0.0847992	0	0
4839	0.0840046	0	0
4838	0.0832288	0	0
4837	0.0824708	0	0
4836	0.0817297	0	0
4835	0.0810048	0	0
4834	0.0802951	0	0
4833	0.0795999	0	0
4832	0.0789184	0	0
4831	0.0782499	0	0
4830	0.0775937	0	0
4829	0.0769492	0	0
4828	0.0763156	0	0
4827	0.0756925	0	0
4826	0.0750791	0	0
4825	0.074475	0	0
4824	0.0738796	0	0
4823	0.0732924	0	0
4822	0.0727129	0	0
4821	0.0721406	0	0
4820	0.0715751	0	0
4819	0.071016	0	0
4818	0.0704628	0	0
4817	0.0699152	0	0
4816	0.0693728	0	0
4815	0.0688352	0	0
4814	0.0683021	0	0
4813	0.0677733	0	0
4812	0.0672483	0	0
4811	0.066727	0	0
4810	0.066209	0	0
4809	0.0656942	0	0
4808	0.0651822	0	0
4807	0.0646729	0	0
4806	0.0641661	0	0
4805	0.0636616	0	0
4804	0.0631593	0	0
4803	0.0626589	0	0
4802	0.0621604	0	0
4801	0.0616636	0	0
4800	0.0611684	0	0
4799	0.0606748	0	0
4798	0.0601827	0	0
4797	0.0596919	0	0
4796	0.0592025	0	0
4795	0.0587145	0	0
4794	0.0582277	0	0
4793	0.0577423	0	0
4792	0.0572582	0	0
4791	0.0567754	0	0
4790	0.0562941	0	0
4789	0.0558141	0	0
4788	0.0553357	0	0
4787	0.0548588	0	0
4786	0.0543836	0	0
4785	0.0539102	0	0
4784	0.0534387	0	0
4783	0.0529691	0	0
4782	0.0525018	0	0
4781	0.0520367	0	0
4780	0.0515741	0	0
4779	0.0511142	0	0
4778	0.0506571	0	0
4777	0.050203	0	0
4776	0.0497521	0	0
4775	0.0493047	0	0
4774	0.048861	0	0
4773	0.0484211	0	0
4772	0.0479855	0	0
4771	0.0475542	0	0
4770	0.0471276	0	0
4769	0.046706	0	0
4768	0.0462895	0	0
4767	0.0458786	0	0
4766	0.0454735	0	0
4765	0.0450745	0	0
4764	0.0446819	0	0
4763	0.0442961	0	0
4762	0.0439173	0	0
4761	0.0435459	0	0
4760	0.0431822	0	0
4759	0.0428265	0	0
4758	0.0424792	0	0
4757	0.0421406	0	0
4756	0.0418111	0	0
4755	0.041491	0	0
4754	0.0411806	0	0
4753	0.0408803	0	0
4752	0.0405903	0	0
4751	0.0403111	0	0
4750	0.0400429	0	0
4749	0.0397861	0	0
4748	0.0395409	0	0
4747	0.0393076	0	0
4746	0.0390865	0	0
4745	0.0388778	0	0
4744	0.0386816	0	0
4743	0.0384983	0	0
4742	0.0383278	0	0
4741	0.0381703	0	0
4740	0.0380259	0	0
4739	0.0378945	0	0
4738	0.037776	0	0
4737	0.0376702	0	0
4736	0.037577	0	0
4735	0.0374959	0	0
4734	0.0374266	0	0
4733	0.0373684	0	0
4732	0.0373208	0	0
4731	0.0372827	0	0
4730	0.0372534	0	0
4729	0.0372317	0	0
4728	0.0372161	0	0
4727	0.0372053	0	0
4726	0.0371976	0	0
4725	0.0371911	0	0
4724	0.0371837	0	0
4723	0.0371732	0	0
4722	0.0371571	0	0
4721	0.0371327	0	0
4720	0.0370974	0	0
4719	0.037048	0	0
4718	0.0369816	0	0
4717	0.0368951	0	0
4716	0.0367852	0	0
4715	0.0366489	0	0
4714	0.0364831	0	0
4713	0.0362848	0	0
4712	0.0360513	0	0
4711	0.0357801	0	0
4710	0.035469	0	0
4709	0.0351161	0	0
4708	0.0347199	0	0
4707	0.0342793	0	0
4706	0.0337935	0	0
4705	0.0332625	0	0
4704	0.0326873	0	0
4703	0.0320698	0	0
4702	0.0314123	0	0
4701	0.0307177	0	0
4700	0.029989	0	0
4699	0.0292299	0	0
4698	0.0284443	0	0
4697	0.0276362	0	0
4696	0.0268098	0	0
4695	0.0259691	0	0
4694	0.0251183	0	0
4693	0.0242614	0	0
4692	0.0234021	0	0
4691	0.0225441	0	0
4690	0.0216907	0	0
4689	0.0208449	0	0
4688	0.0200095	0	0
4687	0.0191868	0	0
4686	0.0183789	0	0
4685	0.0175877	0	0
4684	0.0168147	0	0
4683	0.016061	0	0
4682	0.0153277	0	0
4681	0.0146155	0	0
4680	0.0139249	0	0
4679	0.0132563	0	0
4678	0.0126098	0	0
4677	0.0119854	0	0
4676	0.011383	0	0
4675	0.0108025	0	0
4674	0.0102435	0	0
4673	0.00970561	0	0
4672	0.00918844	0	0
4671	0.0086915	0	0
4670	0.00821426	0	0
4669	0.00775619	0	0
4668	0.00731671	0	0
4667	0.00689527	0	0
4666	0.00649129	0	0
4665	0.00610419	0	0
4664	0.00573341	0	0
4663	0.00537838	0	0
4662	0.00503857	0	0
4661	0.00471344	0	0
4660	0.00440249	0	0
4659	0.0041052	0	0
4658	0.0038211	0	0
4657	0.00354974	0	0
4656	0.00329067	0	0
4655	0.00304348	0	0
4654	0.00280777	0	0
4653	0.00258316	0	0
4652	0.0023693	0	0
4651	0.00216584	0	0
4650	0.00197247	0	0
4649	0.0017889	0	0
4648	0.00161485	0	0
4647	0.00145007	0	0
4646	0.00129432	0	0
4645	0.0011474	0	0
4644	0.0010091	0	0
4643	0.000879272	0	0
4642	0.000757773	0	0
4641	0.000644494	0	0
4640	0.000539362	0	0
4639	0.000442344	0	0
4638	0.000353462	0	0
4637	0.000272805	0	0
4636	0.000200565	0	0
4635	0.000137082	0	0
4634	8.2956e-05	0	0
4633	3.93046e-05	0	0
4632	8.83763e-06	0	0
4631	0	0	0
4630	0	0	0
4629	0	0	0
4628	0	0	0
4627	0	0	0
4626	0	0	0
4625	0	0	0
4624	0	0	0
4623	0	0	0
4622	0	0	0
4621	0	0	0
4620	0	0	0
4619	0	0	0
4618	0	0	0
4617	0	0	0
4616	0	0	0
4615	0	0	0
4614	0	0	0
4613	0	0	0
4612	0	0	0
4611	0	0	0
4610	0	0	0
4609	0	0	0
4608	0	0	0
4607	0	0	0
4606	0	0	0
4605	0	0	0
4604	0	0	0
4603	0	0	0
4602	0	0	0
4601	0	0	0
4600	0	0	0
4599	0	0	0
4598	0	0	0
4597	0	0	0
4596	0	0	0
4595	0	0	0
4594	0	0	0
4593	0	0	0
4592	0	0	0
4591	0	0	0
4590	0	0	0
4589	0	0	0
4588	0	0	0
4587	0	0	0
4586	0	0	0
4585	0	0	0
4584	0	0	0
4583	0	0	0
4582	0	0	0
4581	0	0	0
4580	0	0	0
4579	0	0	0
4578	0	0	0
4577	0	0	0
4576	0	0	0
4575	0	0	0
4574	0	0	0
4573	0	0	0
4572	0	0	0
4571	0	0	0
4570	0	0	0
4569	0	0	0
4568	0	0	0
4567	0	0	0
4566	0	0	0
