2379	-nan	0	0
2378	-nan	0	0
2377	-nan	0	0
2376	-nan	0	0
2375	-nan	0	0
2374	-nan	0	0
2373	-nan	0	0
2372	-nan	0	0
2371	-nan	0	0
2370	-nan	0	0
2369	-nan	0	0
2368	-nan	0	0
2367	-nan	0	0
2366	-nan	0	0
2365	-nan	0	0
2364	-nan	0	0
2363	-nan	0	0
2362	-nan	0	0
2361	-nan	0	0
2360	-nan	0	0
2359	-nan	0	0
2358	-nan	0	0
2357	-nan	0	0
2356	-nan	0	0
2355	-nan	0	0
2354	-nan	0	0
2353	-nan	0	0
2352	-nan	0	0
2351	-nan	0	0
2350	-nan	0	0
2349	-nan	0	0
2348	-nan	0	0
2347	-nan	0	0
2346	-nan	0	0
2345	-nan	0	0
2344	-nan	0	0
2343	-nan	0	0
2342	-nan	0	0
2341	-nan	0	0
2340	-nan	0	0
2339	-nan	0	0
2338	-nan	0	0
2337	-nan	0	0
2336	-nan	0	0
2335	-nan	0	0
2334	-nan	0	0
2333	-nan	0	0
2332	-nan	0	0
2331	-nan	0	0
2330	-nan	0	0
2329	-nan	0	0
2328	-nan	0	0
2327	-nan	0	0
2326	-nan	0	0
2325	-nan	0	0
2324	-nan	0	0
2323	-nan	0	0
2322	-nan	0	0
2321	-nan	0	0
2320	-nan	0	0
2319	-nan	0	0
2318	-nan	0	0
2317	-nan	0	0
2316	-nan	0	0
2315	-nan	0	0
2314	-nan	0	0
2313	-nan	0	0
2312	-nan	0	0
2311	-nan	0	0
2310	-nan	0	0
2309	-nan	0	0
2308	-nan	0	0
2307	-nan	0	0
2306	-nan	0	0
2305	-nan	0	0
2304	-nan	0	0
2303	-nan	0	0
2302	-nan	0	0
2301	-nan	0	0
2300	-nan	0	0
2299	-nan	0	0
2298	-nan	0	0
2297	-nan	0	0
2296	-nan	0	0
2295	-nan	0	0
2294	-nan	0	0
2293	-nan	0	0
2292	-nan	0	0
2291	-nan	0	0
2290	-nan	0	0
2289	-nan	0	0
2288	-nan	0	0
2287	-nan	0	0
2286	-nan	0	0
2285	-nan	0	0
2284	-nan	0	0
2283	-nan	0	0
2282	-nan	0	0
2281	-nan	0	0
2280	-nan	0	0
2279	-nan	0	0
2278	-nan	0	0
2277	-nan	0	0
2276	-nan	0	0
2275	-nan	0	0
2274	-nan	0	0
2273	-nan	0	0
2272	-nan	0	0
2271	-nan	0	0
2270	-nan	0	0
2269	-nan	0	0
2268	-nan	0	0
2267	-nan	0	0
2266	-nan	0	0
2265	-nan	0	0
2264	-nan	0	0
2263	-nan	0	0
2262	-nan	0	0
2261	-nan	0	0
2260	-nan	0	0
2259	-nan	0	0
2258	-nan	0	0
2257	-nan	0	0
2256	-nan	0	0
2255	-nan	0	0
2254	-nan	0	0
2253	-nan	0	0
2252	-nan	0	0
2251	-nan	0	0
2250	-nan	0	0
2249	-nan	0	0
2248	-nan	0	0
2247	-nan	0	0
2246	-nan	0	0
2245	-nan	0	0
2244	-nan	0	0
2243	-nan	0	0
2242	-nan	0	0
2241	-nan	0	0
2240	-nan	0	0
2239	-nan	0	0
2238	-nan	0	0
2237	-nan	0	0
2236	-nan	0	0
2235	-nan	0	0
2234	-nan	0	0
2233	-nan	0	0
2232	-nan	0	0
2231	-nan	0	0
2230	-nan	0	0
2229	-nan	0	0
2228	-nan	0	0
2227	-nan	0	0
2226	-nan	0	0
2225	-nan	0	0
2224	-nan	0	0
2223	-nan	0	0
2222	-nan	0	0
2221	-nan	0	0
2220	-nan	0	0
2219	-nan	0	0
2218	-nan	0	0
2217	-nan	0	0
2216	-nan	0	0
2215	-nan	0	0
2214	-nan	0	0
2213	-nan	0	0
2212	-nan	0	0
2211	-nan	0	0
2210	-nan	0	0
2209	-nan	0	0
2208	-nan	0	0
2207	-nan	0	0
2206	-nan	0	0
2205	-nan	0	0
2204	-nan	0	0
2203	-nan	0	0
2202	-nan	0	0
2201	-nan	0	0
2200	-nan	0	0
2199	-nan	0	0
2198	-nan	0	0
2197	-nan	0	0
2196	-nan	0	0
2195	-nan	0	0
2194	-nan	0	0
2193	-nan	0	0
2192	-nan	0	0
2191	-nan	0	0
2190	-nan	0	0
2189	-nan	0	0
2188	-nan	0	0
2187	-nan	0	0
2186	-nan	0	0
2185	-nan	0	0
2184	-nan	0	0
2183	-nan	0	0
2182	-nan	0	0
2181	-nan	0	0
2180	-nan	0	0
2179	-nan	0	0
2178	-nan	0	0
2177	-nan	0	0
2176	-nan	0	0
2175	-nan	0	0
2174	-nan	0	0
2173	-nan	0	0
2172	-nan	0	0
2171	-nan	0	0
2170	-nan	0	0
2169	-nan	0	0
2168	-nan	0	0
2167	-nan	0	0
2166	-nan	0	0
2165	-nan	0	0
2164	-nan	0	0
2163	-nan	0	0
2162	-nan	0	0
2161	-nan	0	0
2160	-nan	0	0
2159	-nan	0	0
2158	-nan	0	0
2157	-nan	0	0
2156	-nan	0	0
2155	-nan	0	0
2154	-nan	0	0
2153	-nan	0	0
2152	-nan	0	0
2151	-nan	0	0
2150	-nan	0	0
2149	-nan	0	0
2148	-nan	0	0
2147	-nan	0	0
2146	-nan	0	0
2145	-nan	0	0
2144	-nan	0	0
2143	-nan	0	0
2142	-nan	0	0
2141	-nan	0	0
2140	-nan	0	0
2139	-nan	0	0
2138	-nan	0	0
2137	-nan	0	0
2136	-nan	0	0
2135	-nan	0	0
2134	-nan	0	0
2133	-nan	0	0
2132	-nan	0	0
2131	-nan	0	0
2130	-nan	0	0
2129	-nan	0	0
2128	-nan	0	0
2127	-nan	0	0
2126	-nan	0	0
2125	-nan	0	0
2124	-nan	0	0
2123	-nan	0	0
2122	-nan	0	0
2121	-nan	0	0
2120	-nan	0	0
2119	-nan	0	0
2118	-nan	0	0
2117	-nan	0	0
2116	-nan	0	0
2115	-nan	0	0
2114	-nan	0	0
2113	-nan	0	0
2112	-nan	0	0
2111	-nan	0	0
2110	-nan	0	0
2109	-nan	0	0
2108	-nan	0	0
2107	-nan	0	0
2106	-nan	0	0
2105	-nan	0	0
2104	-nan	0	0
2103	-nan	0	0
2102	-nan	0	0
2101	-nan	0	0
2100	-nan	0	0
2099	-nan	0	0
2098	-nan	0	0
2097	-nan	0	0
2096	-nan	0	0
2095	-nan	0	0
2094	-nan	0	0
2093	-nan	0	0
2092	-nan	0	0
2091	-nan	0	0
2090	-nan	0	0
2089	-nan	0	0
2088	-nan	0	0
2087	-nan	0	0
2086	-nan	0	0
2085	-nan	0	0
2084	-nan	0	0
2083	-nan	0	0
2082	-nan	0	0
2081	-nan	0	0
2080	-nan	0	0
2079	-nan	0	0
2078	-nan	0	0
2077	-nan	0	0
2076	-nan	0	0
2075	-nan	0	0
2074	-nan	0	0
2073	-nan	0	0
2072	-nan	0	0
2071	-nan	0	0
2070	-nan	0	0
2069	-nan	0	0
2068	-nan	0	0
2067	-nan	0	0
2066	-nan	0	0
2065	-nan	0	0
2064	-nan	0	0
2063	-nan	0	0
2062	-nan	0	0
2061	-nan	0	0
2060	-nan	0	0
2059	-nan	0	0
2058	-nan	0	0
2057	-nan	0	0
2056	-nan	0	0
2055	-nan	0	0
2054	-nan	0	0
2053	-nan	0	0
2052	-nan	0	0
2051	-nan	0	0
2050	-nan	0	0
2049	-nan	0	0
2048	-nan	0	0
2047	-nan	0	0
2046	-nan	0	0
2045	-nan	0	0
2044	-nan	0	0
2043	-nan	0	0
2042	-nan	0	0
2041	-nan	0	0
2040	-nan	0	0
2039	-nan	0	0
2038	-nan	0	0
2037	-nan	0	0
2036	-nan	0	0
2035	-nan	0	0
2034	-nan	0	0
2033	-nan	0	0
2032	-nan	0	0
2031	-nan	0	0
2030	-nan	0	0
2029	-nan	0	0
2028	-nan	0	0
2027	-nan	0	0
2026	-nan	0	0
2025	-nan	0	0
2024	-nan	0	0
2023	-nan	0	0
2022	-nan	0	0
2021	-nan	0	0
2020	-nan	0	0
2019	-nan	0	0
2018	-nan	0	0
2017	-nan	0	0
2016	-nan	0	0
2015	-nan	0	0
2014	-nan	0	0
2013	-nan	0	0
2012	-nan	0	0
2011	-nan	0	0
2010	-nan	0	0
2009	-nan	0	0
2008	-nan	0	0
2007	-nan	0	0
2006	-nan	0	0
2005	-nan	0	0
2004	-nan	0	0
2003	-nan	0	0
2002	-nan	0	0
2001	-nan	0	0
2000	-nan	0	0
1999	-nan	0	0
1998	-nan	0	0
1997	-nan	0	0
1996	-nan	0	0
1995	-nan	0	0
1994	-nan	0	0
1993	-nan	0	0
1992	-nan	0	0
1991	-nan	0	0
1990	-nan	0	0
1989	-nan	0	0
1988	-nan	0	0
1987	-nan	0	0
1986	-nan	0	0
1985	-nan	0	0
1984	-nan	0	0
1983	-nan	0	0
1982	-nan	0	0
1981	-nan	0	0
1980	-nan	0	0
1979	-nan	0	0
1978	-nan	0	0
1977	-nan	0	0
1976	-nan	0	0
1975	-nan	0	0
1974	-nan	0	0
1973	-nan	0	0
1972	-nan	0	0
1971	-nan	0	0
1970	-nan	0	0
1969	-nan	0	0
1968	-nan	0	0
1967	-nan	0	0
1966	-nan	0	0
1965	-nan	0	0
1964	-nan	0	0
1963	-nan	0	0
1962	-nan	0	0
1961	-nan	0	0
1960	-nan	0	0
1959	-nan	0	0
1958	-nan	0	0
1957	-nan	0	0
1956	-nan	0	0
1955	-nan	0	0
1954	-nan	0	0
1953	-nan	0	0
1952	-nan	0	0
1951	-nan	0	0
1950	897.272	0	0
1949	898.615	0	0
1948	899.96	0	0
1947	901.306	0	0
1946	902.653	0	0
1945	904.002	0	0
1944	905.352	0	0
1943	906.703	0	0
1942	879.31	0	0
1941	880.585	0	0
1940	881.862	0	0
1939	883.14	0	0
1938	884.419	0	0
1937	885.699	0	0
1936	886.981	0	0
1935	888.264	0	0
1934	889.548	0	0
1933	890.833	0	0
1932	892.12	0	0
1931	893.407	0	0
1930	894.696	0	0
1929	869.162	0	0
1928	870.382	0	0
1927	871.603	0	0
1926	872.826	0	0
1925	874.05	0	0
1924	875.274	0	0
1923	876.5	0	0
1922	877.728	0	0
1921	878.956	0	0
1920	880.186	0	0
1919	881.416	0	0
1918	882.648	0	0
1917	883.881	0	0
1916	860.062	0	0
1915	861.228	0	0
1914	862.396	0	0
1913	863.564	0	0
1912	864.733	0	0
1911	865.904	0	0
1910	867.076	0	0
1909	868.249	0	0
1908	869.423	0	0
1907	870.598	0	0
1906	871.774	0	0
1905	872.952	0	0
1904	850.788	0	0
1903	851.904	0	0
1902	853.021	0	0
1901	854.14	0	0
1900	855.259	0	0
1899	856.38	0	0
1898	857.502	0	0
1897	858.624	0	0
1896	859.748	0	0
1895	860.873	0	0
1894	861.999	0	0
1893	863.126	0	0
1892	842.469	0	0
1891	843.538	0	0
1890	844.609	0	0
1889	845.681	0	0
1888	846.754	0	0
1887	847.828	0	0
1886	848.902	0	0
1885	849.978	0	0
1884	851.055	0	0
1883	852.133	0	0
1882	853.212	0	0
1881	854.293	0	0
1880	835.003	0	0
1879	836.032	0	0
1878	837.061	0	0
1877	838.091	0	0
1876	839.122	0	0
1875	840.154	0	0
1874	841.187	0	0
1873	842.221	0	0
1872	843.256	0	0
1871	844.292	0	0
1870	845.329	0	0
1869	846.368	0	0
1868	828.356	0	0
1867	829.342	0	0
1866	830.329	0	0
1865	831.317	0	0
1864	832.306	0	0
1863	833.296	0	0
1862	834.287	0	0
1861	835.279	0	0
1860	836.272	0	0
1859	837.266	0	0
1858	838.261	0	0
1857	839.257	0	0
1856	822.465	0	0
1855	823.412	0	0
1854	824.36	0	0
1853	825.308	0	0
1852	826.257	0	0
1851	827.208	0	0
1850	828.159	0	0
1849	829.111	0	0
1848	830.064	0	0
1847	831.018	0	0
1846	831.973	0	0
1845	816.355	0	0
1844	817.264	0	0
1843	818.174	0	0
1842	819.085	0	0
1841	819.998	0	0
1840	820.911	0	0
1839	821.824	0	0
1838	822.739	0	0
1837	823.655	0	0
1836	824.571	0	0
1835	825.489	0	0
1834	826.407	0	0
1833	811.823	0	0
1832	812.698	0	0
1831	813.574	0	0
1830	814.451	0	0
1829	815.329	0	0
1828	816.208	0	0
1827	817.088	0	0
1826	817.968	0	0
1825	818.85	0	0
1824	819.732	0	0
1823	820.615	0	0
1822	807.077	0	0
1821	807.915	0	0
1820	808.755	0	0
1819	809.595	0	0
1818	810.436	0	0
1817	811.278	0	0
1816	812.121	0	0
1815	812.964	0	0
1814	813.809	0	0
1813	814.654	0	0
1812	815.5	0	0
1811	802.969	0	0
1810	803.774	0	0
1809	804.579	0	0
1808	805.386	0	0
1807	806.193	0	0
1806	807.001	0	0
1805	807.809	0	0
1804	808.619	0	0
1803	809.429	0	0
1802	810.24	0	0
1801	811.051	0	0
1800	799.458	0	0
1799	800.23	0	0
1798	801.003	0	0
1797	801.777	0	0
1796	802.551	0	0
1795	803.326	0	0
1794	804.102	0	0
1793	804.879	0	0
1792	805.656	0	0
1791	806.435	0	0
1790	807.213	0	0
1789	796.513	0	0
1788	797.253	0	0
1787	797.994	0	0
1786	798.736	0	0
1785	799.478	0	0
1784	800.221	0	0
1783	800.965	0	0
1782	801.709	0	0
1781	802.454	0	0
1780	803.2	0	0
1779	803.946	0	0
1778	794.117	0	0
1777	794.825	0	0
1776	795.533	0	0
1775	796.242	0	0
1774	796.952	0	0
1773	797.662	0	0
1772	798.373	0	0
1771	799.084	0	0
1770	799.796	0	0
1769	800.509	0	0
1768	801.223	0	0
1767	792.218	0	0
1766	792.896	0	0
1765	793.574	0	0
1764	794.254	0	0
1763	794.933	0	0
1762	795.614	0	0
1761	796.295	0	0
1760	796.977	0	0
1759	797.659	0	0
1758	798.342	0	0
1757	790.098	0	0
1756	790.751	0	0
1755	791.404	0	0
1754	792.057	0	0
1753	792.712	0	0
1752	793.366	0	0
1751	794.022	0	0
1750	794.678	0	0
1749	795.334	0	0
1748	795.992	0	0
1747	796.649	0	0
1746	789.094	0	0
1745	789.719	0	0
1744	790.344	0	0
1743	790.97	0	0
1742	791.597	0	0
1741	792.224	0	0
1740	792.851	0	0
1739	793.48	0	0
1738	794.108	0	0
1737	794.737	0	0
1736	787.904	0	0
1735	788.502	0	0
1734	789.1	0	0
1733	789.698	0	0
1732	790.297	0	0
1731	790.897	0	0
1730	791.497	0	0
1729	792.098	0	0
1728	792.699	0	0
1727	793.3	0	0
1726	787.142	0	0
1725	787.715	0	0
1724	788.287	0	0
1723	788.861	0	0
1722	789.434	0	0
1721	790.009	0	0
1720	790.583	0	0
1719	791.158	0	0
1718	791.734	0	0
1717	792.31	0	0
1716	786.765	0	0
1715	787.314	0	0
1714	787.865	0	0
1713	788.415	0	0
1712	788.966	0	0
1711	789.518	0	0
1710	790.07	0	0
1709	790.622	0	0
1708	791.175	0	0
1707	791.728	0	0
1706	786.714	0	0
1705	787.245	0	0
1704	787.777	0	0
1703	788.31	0	0
1702	788.843	0	0
1701	789.376	0	0
1700	789.91	0	0
1699	790.445	0	0
1698	790.979	0	0
1697	791.514	0	0
1696	786.979	0	0
1695	787.492	0	0
1694	788.006	0	0
1693	788.52	0	0
1692	789.034	0	0
1691	789.549	0	0
1690	790.064	0	0
1689	790.58	0	0
1688	791.096	0	0
1687	787.021	0	0
1686	787.519	0	0
1685	788.018	0	0
1684	788.516	0	0
1683	789.015	0	0
1682	789.515	0	0
1681	790.015	0	0
1680	790.515	0	0
1679	791.015	0	0
1678	791.516	0	0
1677	787.819	0	0
1676	788.305	0	0
1675	788.79	0	0
1674	789.276	0	0
1673	789.762	0	0
1672	790.249	0	0
1671	790.736	0	0
1670	791.223	0	0
1669	791.711	0	0
1668	788.287	0	0
1667	788.769	0	0
1666	789.251	0	0
1665	789.734	0	0
1664	790.218	0	0
1663	790.701	0	0
1662	791.185	0	0
1661	791.67	0	0
1660	792.154	0	0
1659	792.639	0	0
1658	789.443	0	0
1657	789.916	0	0
1656	790.389	0	0
1655	790.863	0	0
1654	791.337	0	0
1653	791.811	0	0
1652	792.285	0	0
1651	792.76	0	0
1650	793.235	0	0
1649	790.276	0	0
1648	790.746	0	0
1647	791.215	0	0
1646	791.686	0	0
1645	792.156	0	0
1644	792.627	0	0
1643	793.098	0	0
1642	793.57	0	0
1641	794.041	0	0
1640	791.224	0	0
1639	791.694	0	0
1638	792.164	0	0
1637	792.635	0	0
1636	793.106	0	0
1635	793.577	0	0
1634	794.049	0	0
1633	794.521	0	0
1632	794.993	0	0
1631	792.21	0	0
1630	792.689	0	0
1629	793.168	0	0
1628	793.647	0	0
1627	794.127	0	0
1626	794.607	0	0
1625	795.087	0	0
1624	795.568	0	0
1623	796.049	0	0
1622	793.251	0	0
1621	793.736	0	0
1620	794.222	0	0
1619	794.708	0	0
1618	795.194	0	0
1617	795.681	0	0
1616	796.168	0	0
1615	796.655	0	0
1614	797.143	0	0
1613	794.348	0	0
1612	794.839	0	0
1611	795.332	0	0
1610	795.824	0	0
1609	796.318	0	0
1608	796.811	0	0
1607	797.305	0	0
1606	797.799	0	0
1605	798.294	0	0
1604	795.474	0	0
1603	795.976	0	0
1602	796.478	0	0
1601	796.981	0	0
1600	797.484	0	0
1599	797.988	0	0
1598	798.492	0	0
1597	798.996	0	0
1596	796.108	0	0
1595	796.621	0	0
1594	797.134	0	0
1593	797.648	0	0
1592	798.162	0	0
1591	798.677	0	0
1590	799.192	0	0
1589	799.707	0	0
1588	800.223	0	0
1587	797.196	0	0
1586	797.729	0	0
1585	798.263	0	0
1584	798.797	0	0
1583	799.331	0	0
1582	799.866	0	0
1581	800.401	0	0
1580	800.937	0	0
1579	801.474	0	0
1578	798.373	0	0
1577	798.909	0	0
1576	799.446	0	0
1575	799.983	0	0
1574	800.521	0	0
1573	801.059	0	0
1572	801.597	0	0
1571	802.137	0	0
1570	799.038	0	0
1569	799.585	0	0
1568	800.132	0	0
1567	800.68	0	0
1566	801.228	0	0
1565	801.777	0	0
1564	802.326	0	0
1563	802.876	0	0
1562	799.744	0	0
1561	800.297	0	0
1560	800.852	0	0
1559	801.407	0	0
1558	801.962	0	0
1557	802.518	0	0
1556	803.075	0	0
1555	803.632	0	0
1554	800.534	0	0
1553	801.09	0	0
1552	801.647	0	0
1551	802.204	0	0
1550	802.761	0	0
1549	803.319	0	0
1548	803.878	0	0
1547	804.437	0	0
1546	804.997	0	0
1545	801.922	0	0
1544	802.487	0	0
1543	803.053	0	0
1542	803.619	0	0
1541	804.187	0	0
1540	804.754	0	0
1539	805.322	0	0
1538	805.891	0	0
1537	802.954	0	0
1536	803.504	0	0
1535	804.055	0	0
1534	804.607	0	0
1533	805.159	0	0
1532	805.712	0	0
1531	806.265	0	0
1530	806.819	0	0
1529	804.194	0	0
1528	804.731	0	0
1527	805.269	0	0
1526	805.807	0	0
1525	806.346	0	0
1524	806.885	0	0
1523	807.425	0	0
1522	805.198	0	0
1521	940.309	0	0
1520	940.925	0	0
1519	941.543	0	0
1518	942.16	0	0
1517	942.779	0	0
1516	943.398	0	0
1515	944.017	0	0
1514	941.678	0	0
1513	942.285	0	0
1512	942.894	0	0
1511	943.502	0	0
1510	944.111	0	0
1509	944.721	0	0
1508	945.332	0	0
1507	945.943	0	0
1506	943.824	0	0
1505	944.425	0	0
1504	945.026	0	0
1503	945.628	0	0
1502	946.23	0	0
1501	946.833	0	0
1500	947.437	0	0
1499	948.041	0	0
1498	946.115	0	0
1497	946.711	0	0
1496	947.307	0	0
1495	947.904	0	0
1494	948.501	0	0
1493	949.099	0	0
1492	949.698	0	0
1491	947.995	0	0
1490	948.58	0	0
1489	949.165	0	0
1488	949.752	0	0
1487	950.338	0	0
1486	950.925	0	0
1485	951.513	0	0
1484	952.101	0	0
1483	950.606	0	0
1482	951.186	0	0
1481	951.767	0	0
1480	952.348	0	0
1479	952.93	0	0
1478	953.512	0	0
1477	954.095	0	0
1476	952.767	0	0
1475	953.343	0	0
1474	953.92	0	0
1473	954.497	0	0
1472	955.075	0	0
1471	955.653	0	0
1470	956.232	0	0
1469	955.051	0	0
1468	955.624	0	0
1467	956.198	0	0
1466	956.772	0	0
1465	957.347	0	0
1464	957.922	0	0
1463	958.498	0	0
1462	959.074	0	0
1461	958.016	0	0
1460	958.589	0	0
1459	959.162	0	0
1458	959.735	0	0
1457	960.309	0	0
1456	960.883	0	0
1455	961.458	0	0
1454	960.469	0	0
1453	961.047	0	0
1452	961.626	0	0
1451	962.205	0	0
1450	962.784	0	0
1449	963.364	0	0
1448	963.945	0	0
1447	963.035	0	0
1446	963.61	0	0
1445	964.185	0	0
1444	964.761	0	0
1443	965.337	0	0
1442	965.914	0	0
1441	966.491	0	0
1440	965.667	0	0
1439	966.246	0	0
1438	966.826	0	0
1437	967.407	0	0
1436	967.987	0	0
1435	968.569	0	0
1434	969.15	0	0
1433	968.341	0	0
1432	968.928	0	0
1431	969.516	0	0
1430	970.103	0	0
1429	970.692	0	0
1428	971.281	0	0
1427	971.87	0	0
1426	971.038	0	0
1425	971.635	0	0
1424	972.233	0	0
1423	972.832	0	0
1422	973.431	0	0
1421	974.031	0	0
1420	974.631	0	0
1419	973.737	0	0
1418	974.349	0	0
1417	974.96	0	0
1416	975.573	0	0
1415	976.186	0	0
1414	976.8	0	0
1413	977.414	0	0
1412	976.415	0	0
1411	977.045	0	0
1410	977.675	0	0
1409	978.306	0	0
1408	978.938	0	0
1407	979.57	0	0
1406	978.423	0	0
1405	979.071	0	0
1404	979.72	0	0
1403	980.369	0	0
1402	981.019	0	0
1401	981.669	0	0
1400	982.32	0	0
1399	981.09	0	0
1398	981.749	0	0
1397	982.408	0	0
1396	983.068	0	0
1395	983.729	0	0
1394	984.391	0	0
1393	985.053	0	0
1392	983.761	0	0
1391	984.436	0	0
1390	985.111	0	0
1389	985.787	0	0
1388	986.463	0	0
1387	987.141	0	0
1386	985.715	0	0
1385	986.41	0	0
1384	987.106	0	0
1383	987.802	0	0
1382	988.499	0	0
1381	989.197	0	0
1380	989.896	0	0
1379	988.354	0	0
1378	989.064	0	0
1377	989.775	0	0
1376	990.487	0	0
1375	991.2	0	0
1374	991.914	0	0
1373	990.268	0	0
1372	990.996	0	0
1371	991.724	0	0
1370	992.453	0	0
1369	993.183	0	0
1368	993.913	0	0
1367	992.126	0	0
1366	992.875	0	0
1365	993.624	0	0
1364	994.375	0	0
1363	995.126	0	0
1362	995.878	0	0
1361	996.632	0	0
1360	994.738	0	0
1359	995.501	0	0
1358	996.266	0	0
1357	997.031	0	0
1356	997.797	0	0
1355	998.565	0	0
1354	996.629	0	0
1353	997.401	0	0
1352	998.174	0	0
1351	998.948	0	0
1350	999.723	0	0
1349	1000.5	0	0
1348	998.529	0	0
1347	999.314	0	0
1346	1000.1	0	0
1345	1000.89	0	0
1344	1001.68	0	0
1343	1002.46	0	0
1342	1000.45	0	0
1341	1001.24	0	0
1340	1002.04	0	0
1339	1002.84	0	0
1338	1003.64	0	0
1337	1004.44	0	0
1336	1002.41	0	0
1335	1003.21	0	0
1334	1004.02	0	0
1333	1004.82	0	0
1332	1005.63	0	0
1331	1006.44	0	0
1330	1004.46	0	0
1329	1005.26	0	0
1328	1006.07	0	0
1327	1006.87	0	0
1326	1007.68	0	0
1325	1008.49	0	0
1324	1006.58	0	0
1323	1007.38	0	0
1322	1008.19	0	0
1321	1009	0	0
1320	1009.81	0	0
1319	1010.62	0	0
1318	1008.83	0	0
1317	1009.63	0	0
1316	1010.43	0	0
1315	1011.23	0	0
1314	1012.03	0	0
1313	1012.83	0	0
1312	1011.26	0	0
1311	1012.04	0	0
1310	1012.83	0	0
1309	1013.61	0	0
1308	1014.39	0	0
1307	1015.18	0	0
1306	1013.89	0	0
1305	1014.65	0	0
1304	1015.42	0	0
1303	1016.18	0	0
1302	1016.94	0	0
1301	1017.71	0	0
1300	1016.75	0	0
1299	1017.48	0	0
1298	1018.21	0	0
1297	1018.95	0	0
1296	1019.69	0	0
1295	1019.16	0	0
1294	1019.85	0	0
1293	1020.55	0	0
1292	1021.25	0	0
1291	1021.95	0	0
1290	1022.66	0	0
1289	1022.55	0	0
1288	1023.21	0	0
1287	1023.88	0	0
1286	1024.54	0	0
1285	1025.21	0	0
1284	1025.57	0	0
1283	1026.2	0	0
1282	1026.82	0	0
1281	1027.45	0	0
1280	1028.08	0	0
1279	1028.71	0	0
1278	1029.52	0	0
1277	1030.11	0	0
1276	1030.69	0	0
1275	1031.28	0	0
1274	1031.87	0	0
1273	1032.45	0	0
1272	1033.84	0	0
1271	1034.36	0	0
1270	1034.88	0	0
1269	1035.4	0	0
1268	1035.92	0	0
1267	1038.06	0	0
1266	1038.51	0	0
1265	1038.97	0	0
1264	1039.42	0	0
1263	1039.87	0	0
1262	1042.8	0	0
1261	1043.18	0	0
1260	1043.56	0	0
1259	1043.94	0	0
1258	1044.31	0	0
1257	1044.69	0	0
1256	1048.35	0	0
1255	1048.66	0	0
1254	1048.96	0	0
1253	1049.26	0	0
1252	1049.57	0	0
1251	1054.02	0	0
1250	1054.25	0	0
1249	1054.48	0	0
1248	1054.71	0	0
1247	1054.94	0	0
1246	1060.16	0	0
1245	1060.32	0	0
1244	1060.48	0	0
1243	1060.63	0	0
1242	1060.79	0	0
1241	1060.94	0	0
1240	1066.82	0	0
1239	1066.91	0	0
1238	1067	0	0
1237	1067.09	0	0
1236	1067.18	0	0
1235	1073.91	0	0
1234	1073.9	0	0
1233	1073.88	0	0
1232	1073.86	0	0
1231	1073.84	0	0
1230	1081.56	0	0
1229	1081.45	0	0
1228	1081.34	0	0
1227	1081.23	0	0
1226	1081.11	0	0
1225	1089.65	0	0
1224	1089.47	0	0
1223	1089.28	0	0
1222	1089.09	0	0
1221	1088.9	0	0
1220	1098.09	0	0
1219	1097.85	0	0
1218	1097.6	0	0
1217	1097.35	0	0
1216	1097.09	0	0
1215	1106.82	0	0
1214	1106.52	0	0
1213	1106.22	0	0
1212	1105.92	0	0
1211	1105.62	0	0
1210	1115.82	0	0
1209	1115.47	0	0
1208	1115.12	0	0
1207	1114.76	0	0
1206	1114.41	0	0
1205	1124.93	0	0
1204	1124.56	0	0
1203	1124.19	0	0
1202	1123.82	0	0
1201	1123.44	0	0
1200	1134.13	0	0
1199	1133.75	0	0
1198	1133.36	0	0
1197	1132.97	0	0
1196	1132.58	0	0
1195	1143.29	0	0
1194	1142.92	0	0
1193	1142.55	0	0
1192	1142.18	0	0
1191	1141.8	0	0
1190	1152.27	0	0
1189	1151.95	0	0
1188	1151.63	0	0
1187	1151.3	0	0
1186	1161.16	0	0
1185	1160.92	0	0
1184	1160.69	0	0
1183	1160.45	0	0
1182	1160.21	0	0
1181	1169.35	0	0
1180	1169.2	0	0
1179	1169.06	0	0
1178	1168.92	0	0
1177	1168.77	0	0
1176	1177.13	0	0
1175	1177.09	0	0
1174	1177.05	0	0
1173	1177.01	0	0
1172	1176.97	0	0
1171	1184.42	0	0
1170	1184.52	0	0
1169	1184.61	0	0
1168	1184.7	0	0
1167	1190.65	0	0
1166	1190.96	0	0
1165	1191.27	0	0
1164	1191.58	0	0
1163	1191.89	0	0
1162	1196.33	0	0
1161	1196.82	0	0
1160	1197.32	0	0
1159	1197.81	0	0
1158	1200.64	0	0
1157	1201.33	0	0
1156	1202.02	0	0
1155	1202.72	0	0
1154	1203.41	0	0
1153	1204.74	0	0
1152	1205.64	0	0
1151	1206.55	0	0
1150	1207.45	0	0
1149	1207.18	0	0
1148	1208.27	0	0
1147	1209.36	0	0
1146	1210.44	0	0
1145	1211.53	0	0
1144	1210.04	0	0
1143	1211.3	0	0
1142	1212.55	0	0
1141	1213.81	0	0
1140	1211.02	0	0
1139	1212.44	0	0
1138	1213.86	0	0
1137	1215.29	0	0
1136	1216.72	0	0
1135	1212.72	0	0
1134	1214.33	0	0
1133	1215.95	0	0
1132	1217.58	0	0
1131	1212.01	0	0
1130	1213.84	0	0
1129	1215.68	0	0
1128	1217.52	0	0
1127	1210.92	0	0
1126	1212.82	0	0
1125	1214.73	0	0
1124	1216.64	0	0
1123	1209.68	0	0
1122	1211.63	0	0
1121	1213.58	0	0
1120	1215.54	0	0
1119	1217.5	0	0
1118	1210.33	0	0
1117	1212.32	0	0
1116	1214.32	0	0
1115	1216.33	0	0
1114	1209.09	0	0
1113	1211.09	0	0
1112	1213.09	0	0
1111	1215.09	0	0
1110	1207.89	0	0
1109	1209.9	0	0
1108	1211.92	0	0
1107	1213.94	0	0
1106	1207.01	0	0
1105	1208.97	0	0
1104	1210.92	0	0
1103	1212.89	0	0
1102	1206.16	0	0
1101	1208.13	0	0
1100	1210.11	0	0
1099	1212.1	0	0
1098	1214.09	0	0
1097	1207.27	0	0
1096	1209.28	0	0
1095	1211.3	0	0
1094	1213.33	0	0
1093	1207.12	0	0
1092	1262.46	0	0
1091	1262.81	0	0
1090	1263.15	0	0
1089	1268.84	0	0
1088	1269.11	0	0
1087	1269.39	0	0
1086	1269.66	0	0
1085	1275.85	0	0
1084	1276.06	0	0
1083	1276.28	0	0
1082	1276.49	0	0
1081	1283.14	0	0
1080	1283.29	0	0
1079	1283.45	0	0
1078	1283.6	0	0
1077	1290.65	0	0
1076	1290.76	0	0
1075	1290.86	0	0
1074	1298.35	0	0
1073	1298.4	0	0
1072	1298.45	0	0
1071	1298.5	0	0
1070	1306.51	0	0
1069	1306.48	0	0
1068	1306.44	0	0
1067	1306.4	0	0
1066	1314.84	0	0
1065	1314.77	0	0
1064	1314.69	0	0
1063	1314.61	0	0
1062	1323.27	0	0
1061	1323.18	0	0
1060	1323.08	0	0
1059	1322.98	0	0
1058	1331.72	0	0
1057	1331.63	0	0
1056	1331.54	0	0
1055	1331.45	0	0
1054	1340.1	0	0
1053	1340.04	0	0
1052	1339.98	0	0
1051	1348.4	0	0
1050	1348.39	0	0
1049	1348.37	0	0
1048	1348.35	0	0
1047	1356.53	0	0
1046	1356.56	0	0
1045	1356.59	0	0
1044	1356.61	0	0
1043	1364.52	0	0
1042	1364.6	0	0
1041	1364.68	0	0
1040	1372.01	0	0
1039	1372.21	0	0
1038	1372.41	0	0
1037	1372.61	0	0
1036	1379.45	0	0
1035	1379.71	0	0
1034	1379.97	0	0
1033	1380.24	0	0
1032	1386.53	0	0
1031	1386.93	0	0
1030	1387.33	0	0
1029	1392.67	0	0
1028	1393.23	0	0
1027	1393.78	0	0
1026	1394.34	0	0
1025	1398.73	0	0
1024	1399.48	0	0
1023	1400.22	0	0
1022	1403.39	0	0
1021	1404.33	0	0
1020	1405.27	0	0
1019	1406.21	0	0
1018	1408.38	0	0
1017	1409.5	0	0
1016	1410.63	0	0
1015	1411.68	0	0
1014	1412.98	0	0
1013	1414.28	0	0
1012	1415.58	0	0
1011	1415.74	0	0
1010	1417.22	0	0
1009	1418.7	0	0
1008	1417.79	0	0
1007	1419.44	0	0
1006	1421.1	0	0
1005	1422.77	0	0
1004	1420.68	0	0
1003	1422.62	0	0
1002	1424.57	0	0
1001	1421.25	0	0
1000	1423.33	0	0
999	1425.42	0	0
998	1427.51	0	0
997	1423.49	0	0
996	1425.73	0	0
995	1427.98	0	0
994	1423.01	0	0
993	1425.44	0	0
992	1427.87	0	0
991	1422.02	0	0
990	1424.59	0	0
989	1427.16	0	0
988	1429.74	0	0
987	1423.35	0	0
986	1426.03	0	0
985	1428.71	0	0
984	1421.87	0	0
983	1424.62	0	0
982	1427.38	0	0
981	1420.24	0	0
980	1423.05	0	0
979	1425.87	0	0
978	1418.51	0	0
977	1421.37	0	0
976	1424.24	0	0
975	1427.12	0	0
974	1419.63	0	0
973	1422.54	0	0
972	1425.45	0	0
971	1417.47	0	0
970	1420.56	0	0
969	1423.66	0	0
968	1415.41	0	0
967	1418.44	0	0
966	1421.48	0	0
965	1413.96	0	0
964	1416.82	0	0
963	1419.7	0	0
962	1412.74	0	0
961	1415.58	0	0
960	1418.43	0	0
959	1411.87	0	0
958	1414.63	0	0
957	1417.4	0	0
956	1420.17	0	0
955	1414.06	0	0
954	1416.73	0	0
953	1419.41	0	0
952	1413.85	0	0
951	1416.44	0	0
950	1419.04	0	0
949	1414.03	0	0
948	1416.52	0	0
947	1419.02	0	0
946	1414.62	0	0
945	1417	0	0
944	1419.39	0	0
943	1415.66	0	0
942	1417.92	0	0
941	1420.18	0	0
940	1416.63	0	0
939	1418.99	0	0
938	1421.36	0	0
937	1417.52	0	0
936	1419.91	0	0
935	1422.32	0	0
934	1419.78	0	0
933	1421.57	0	0
932	1423.37	0	0
931	1422.68	0	0
930	1424.41	0	0
929	1426.15	0	0
928	1425.99	0	0
927	1427.57	0	0
926	1429.15	0	0
925	1429.72	0	0
924	1431.18	0	0
923	1432.48	0	0
922	1433.82	0	0
921	1435.16	0	0
920	1437.03	0	0
919	1438.26	0	0
918	1439.5	0	0
917	1441.87	0	0
916	1443.01	0	0
915	1444.16	0	0
914	1446.94	0	0
913	1448.01	0	0
912	1449.09	0	0
911	1451.99	0	0
910	1453.11	0	0
909	1454.22	0	0
908	1455.49	0	0
907	1457.44	0	0
906	1459.13	0	0
905	1460.1	0	0
904	1461.07	0	0
903	1465.3	0	0
902	1466.01	0	0
901	1466.71	0	0
900	1471.46	0	0
899	1472.2	0	0
898	1472.94	0	0
897	1477.75	0	0
896	1478.44	0	0
895	1483.43	0	0
894	1484.12	0	0
893	1484.8	0	0
892	1489.82	0	0
891	1490.51	0	0
890	1491.2	0	0
889	1496.19	0	0
888	1496.91	0	0
887	1501.51	0	0
886	1502.37	0	0
885	1503.23	0	0
884	1507.65	0	0
883	1508.5	0	0
882	1509.34	0	0
881	1511.18	0	0
880	1513.46	0	0
879	1510.7	0	0
878	1513.47	0	0
877	1516.24	0	0
876	1516.5	0	0
875	1517.4	0	0
874	1518.3	0	0
873	1521.86	0	0
872	1523.24	0	0
871	1525.48	0	0
870	1526.93	0	0
869	1528.38	0	0
868	1530.22	0	0
867	1531.85	0	0
866	1532.88	0	0
865	1534.7	0	0
864	1536.53	0	0
863	1536.9	0	0
862	1538.92	0	0
861	1538.24	0	0
860	1540.55	0	0
859	1542.87	0	0
858	1541.19	0	0
857	1543.81	0	0
856	1540.39	0	0
855	1543.51	0	0
854	1546.64	0	0
853	1536.76	0	0
852	1543.22	0	0
851	1530.01	0	0
850	1534.59	0	0
849	1539.2	0	0
848	1531.77	0	0
847	1534.83	0	0
846	1529.36	0	0
845	1533.25	0	0
844	1526.17	0	0
843	1530.11	0	0
842	1534.07	0	0
841	1526.46	0	0
840	1530.7	0	0
839	1522.04	0	0
838	1526.53	0	0
837	1531.04	0	0
836	1521.7	0	0
835	1526.43	0	0
834	1515.89	0	0
833	1521.03	0	0
832	1509.68	0	0
831	1514.89	0	0
830	1520.11	0	0
829	1506.27	0	0
828	1513.1	0	0
827	1490.51	0	0
826	1500.28	0	0
825	1480.17	0	0
824	1486.39	0	0
823	1492.63	0	0
822	1478.69	0	0
821	1484.31	0	0
820	1470.8	0	0
819	1477.01	0	0
818	1462.65	0	0
817	1468.77	0	0
816	1454.33	0	0
815	1460.59	0	0
814	1466.88	0	0
813	1452.09	0	0
812	1458.54	0	0
811	1443.45	0	0
810	1449.93	0	0
809	1434.53	0	0
808	1441.2	0	0
807	1425.85	0	0
806	1432.4	0	0
805	1438.97	0	0
804	1421.62	0	0
803	1429.97	0	0
802	1407.37	0	0
801	1416.82	0	0
800	1396.89	0	0
799	1403.4	0	0
798	1388.92	0	0
797	1395.3	0	0
796	1380.74	0	0
795	1387.32	0	0
794	1372.96	0	0
793	1379.35	0	0
792	1385.76	0	0
791	1371.73	0	0
790	1378.12	0	0
789	1364.34	0	0
788	1370.64	0	0
787	1357.18	0	0
786	1363.43	0	0
785	1350.2	0	0
784	1356.41	0	0
783	1343.54	0	0
782	1349.62	0	0
781	1335.32	0	0
780	1342.52	0	0
779	1326.39	0	0
778	1333.68	0	0
777	1320.38	0	0
776	1325.91	0	0
775	1315.4	0	0
774	1320.85	0	0
773	1310.56	0	0
772	1315.99	0	0
771	1306.15	0	0
770	1311.37	0	0
769	1302.09	0	0
768	1307.19	0	0
767	1298.39	0	0
766	1303.34	0	0
765	1295	0	0
764	1299.83	0	0
763	1291.94	0	0
762	1296.63	0	0
761	1289.18	0	0
760	1293.76	0	0
759	1285.7	0	0
758	1290.82	0	0
757	1282.35	0	0
756	1287.28	0	0
755	1280.31	0	0
754	1284.41	0	0
753	1279.01	0	0
752	1282.89	0	0
751	1277.99	0	0
750	1281.78	0	0
749	1277.29	0	0
748	1280.89	0	0
747	1276.93	0	0
746	1273.6	0	0
745	1276.88	0	0
744	1273.98	0	0
743	1277.11	0	0
742	1274.66	0	0
741	1277.64	0	0
740	1275.57	0	0
739	1278.44	0	0
738	1276.3	0	0
737	1279.37	0	0
736	1277.2	0	0
735	1280.07	0	0
734	1278.78	0	0
733	1278.76	0	0
732	1280.92	0	0
731	1281.23	0	0
730	1283.28	0	0
729	1283.99	0	0
728	1285.85	0	0
727	1286.99	0	0
726	1288.71	0	0
725	1290.24	0	0
724	1292.29	0	0
723	1293.7	0	0
722	1296.14	0	0
721	1297.4	0	0
720	1300.17	0	0
719	1301.31	0	0
718	1304.23	0	0
717	1307.42	0	0
716	1308.41	0	0
715	1312.29	0	0
714	1312.91	0	0
713	1317.36	0	0
712	1317.83	0	0
711	1322.6	0	0
710	1327.84	0	0
709	1328.03	0	0
708	1333.59	0	0
707	1333.63	0	0
706	1339.53	0	0
705	1345.84	0	0
704	1345.62	0	0
703	1351.99	0	0
702	1351.79	0	0
701	1358.42	0	0
700	1365.54	0	0
699	1365	0	0
698	1372.37	0	0
697	1371.67	0	0
696	1379.44	0	0
695	1387.81	0	0
694	1386.7	0	0
693	1395.31	0	0
692	1394.08	0	0
691	1402.93	0	0
690	1412.17	0	0
689	1410.67	0	0
688	1420.16	0	0
687	1430.01	0	0
686	1428.25	0	0
685	1438.33	0	0
684	1436.43	0	0
683	1446.74	0	0
682	1457.28	0	0
681	1455.21	0	0
680	1465.93	0	0
679	1477.08	0	0
678	1474.68	0	0
677	1486.1	0	0
676	1497.83	0	0
675	1495.18	0	0
674	1507.12	0	0
673	1504.32	0	0
672	1516.49	0	0
671	1528.98	0	0
670	1525.92	0	0
669	1538.6	0	0
668	1551.54	0	0
667	1548.25	0	0
666	1561.35	0	0
665	1574.64	0	0
664	1571.2	0	0
663	1389.53	0	0
662	1387.88	0	0
661	1391.58	0	0
660	1390.19	0	0
659	1388.86	0	0
658	1392.61	0	0
657	1391.13	0	0
656	1390.27	0	0
655	1390.54	0	0
654	1393.31	0	0
653	1393.87	0	0
652	1394.78	0	0
651	1397.29	0	0
650	1398.45	0	0
649	1400.01	0	0
648	1402.2	0	0
647	1403.97	0	0
646	1406.09	0	0
645	1408.57	0	0
644	1410.32	0	0
643	1412.99	0	0
642	1416.03	0	0
641	1417.48	0	0
640	1420.63	0	0
639	1423.85	0	0
638	1427.66	0	0
637	1428.65	0	0
636	1432.83	0	0
635	1437.4	0	0
634	1438.04	0	0
633	1442.74	0	0
632	1447.77	0	0
631	1453.12	0	0
630	1453.31	0	0
629	1458.84	0	0
628	1464.68	0	0
627	1470.82	0	0
626	1470.57	0	0
625	1476.86	0	0
624	1483.44	0	0
623	1490.2	0	0
622	1489.62	0	0
621	1496.44	0	0
620	1503.51	0	0
619	1511.05	0	0
618	1518.9	0	0
617	1517.65	0	0
616	1525.61	0	0
615	1533.81	0	0
614	1542.22	0	0
613	1540.6	0	0
612	1549.12	0	0
611	1557.92	0	0
610	1566.85	0	0
609	1575.92	0	0
608	1573.87	0	0
607	1583.09	0	0
606	1592.59	0	0
605	1602.19	0	0
604	1612.02	0	0
603	1609.45	0	0
602	1619.4	0	0
601	1629.6	0	0
600	1639.96	0	0
599	1650.49	0	0
598	1661.17	0	0
597	1658.03	0	0
596	1668.78	0	0
595	1679.67	0	0
594	1690.7	0	0
593	1701.85	0	0
592	1713.12	0	0
591	1709.54	0	0
590	1720.85	0	0
589	1732.22	0	0
588	1743.68	0	0
587	1755.3	0	0
586	1767.04	0	0
585	1778.83	0	0
584	1774.84	0	0
583	1786.65	0	0
582	1798.5	0	0
581	1810.39	0	0
580	1822.31	0	0
579	1834.27	0	0
578	1846.24	0	0
577	1858.2	0	0
576	1854.05	0	0
575	1866	0	0
574	1877.91	0	0
573	1889.79	0	0
572	1901.67	0	0
571	1913.55	0	0
570	1925.4	0	0
569	1937.01	0	0
568	1948.43	0	0
567	1959.99	0	0
566	1971.55	0	0
565	1967.69	0	0
564	1979.22	0	0
563	1990.63	0	0
562	2001.93	0	0
561	2013.1	0	0
560	2024.13	0	0
559	2035.02	0	0
558	2045.81	0	0
557	2056.46	0	0
556	2066.95	0	0
555	2077.26	0	0
554	2087.39	0	0
553	2097.33	0	0
552	2107.07	0	0
551	2116.6	0	0
550	2125.92	0	0
549	2135.01	0	0
548	2143.84	0	0
547	2152.43	0	0
546	2160.78	0	0
545	2168.9	0	0
544	2176.77	0	0
543	2184.38	0	0
542	2191.73	0	0
541	2198.82	0	0
540	2205.63	0	0
539	2212.17	0	0
538	2218.43	0	0
537	2224.42	0	0
536	2230.11	0	0
535	2235.5	0	0
534	2240.66	0	0
533	2245.54	0	0
532	2249.85	0	0
531	2253.69	0	0
530	2257.45	0	0
529	2261.13	0	0
528	2264.51	0	0
527	2267.54	0	0
526	2270.3	0	0
525	2272.77	0	0
524	2274.96	0	0
523	2276.87	0	0
522	2271.95	0	0
521	2272.57	0	0
520	2272.91	0	0
519	2272.98	0	0
518	2272.78	0	0
517	2272.31	0	0
516	2271.58	0	0
515	2270.59	0	0
514	2269.34	0	0
513	2267.84	0	0
512	2251.63	0	0
511	2249.03	0	0
510	2246.23	0	0
509	2243.22	0	0
508	2240	0	0
507	2236.59	0	0
506	2232.98	0	0
505	2209.31	0	0
504	2204.74	0	0
503	2200.01	0	0
502	2195.09	0	0
501	2190.04	0	0
500	2184.93	0	0
499	2154.47	0	0
498	2148.04	0	0
497	2141.88	0	0
496	2135.76	0	0
495	2129.49	0	0
494	2095.87	0	0
493	2088.94	0	0
492	2081.94	0	0
491	2074.88	0	0
490	2067.77	0	0
489	2030.95	0	0
488	2023.42	0	0
487	2015.86	0	0
486	2008.28	0	0
485	1969.39	0	0
484	1961.5	0	0
483	1953.6	0	0
482	1913.34	0	0
481	1905.22	0	0
480	1897.11	0	0
479	1889.02	0	0
478	1847.5	0	0
477	1839.33	0	0
476	1831.21	0	0
475	1789.29	0	0
474	1781.21	0	0
473	1773.18	0	0
472	1731.33	0	0
471	1723.6	0	0
470	1715.49	0	0
469	1669.84	0	0
468	1662.18	0	0
467	1654.56	0	0
466	1612.61	0	0
465	1605.02	0	0
464	1597.52	0	0
463	1556.04	0	0
462	1548.74	0	0
461	1541.52	0	0
460	1500.74	0	0
459	1493.77	0	0
458	1453.67	0	0
457	1446.97	0	0
456	1440.35	0	0
455	1401.17	0	0
454	1394.83	0	0
453	1356.46	0	0
452	1350.42	0	0
451	1312.95	0	0
450	1307.22	0	0
449	1270.7	0	0
448	1265.28	0	0
447	1229.77	0	0
446	1224.6	0	0
445	1219.5	0	0
444	1185.85	0	0
443	1180.57	0	0
442	1141.23	0	0
441	1109.06	0	0
440	1104.73	0	0
439	1073.01	0	0
438	1069.04	0	0
437	1038.35	0	0
436	1034.66	0	0
435	1004.97	0	0
434	1001.55	0	0
433	972.848	0	0
432	969.696	0	0
431	941.966	0	0
430	915.001	0	0
429	912.295	0	0
428	886.286	0	0
427	883.816	0	0
426	858.755	0	0
425	834.433	0	0
424	832.37	0	0
423	809.102	0	0
422	786.458	0	0
421	785.02	0	0
420	762.368	0	0
419	732.27	0	0
418	730.577	0	0
417	711.269	0	0
416	691.128	0	0
415	671.884	0	0
414	670.919	0	0
413	652.342	0	0
412	634.373	0	0
411	633.677	0	0
410	616.389	0	0
409	599.639	0	0
408	583.42	0	0
407	567.726	0	0
406	7435.01	0	0
405	-nan	0	0
404	-nan	0	0
403	-nan	0	0
402	-nan	0	0
401	-nan	0	0
400	-nan	0	0
399	-nan	0	0
398	-nan	0	0
397	-nan	0	0
396	-nan	0	0
395	-nan	0	0
394	-nan	0	0
393	-nan	0	0
392	-nan	0	0
391	-nan	0	0
390	-nan	0	0
389	-nan	0	0
388	-nan	0	0
387	-nan	0	0
386	-nan	0	0
385	-nan	0	0
384	-nan	0	0
383	-nan	0	0
382	-nan	0	0
381	-nan	0	0
380	-nan	0	0
379	-2.60891e+06	0	0
378	-2.59969e+06	0	0
377	-2.59039e+06	0	0
376	-2.58103e+06	0	0
375	-2.57159e+06	0	0
374	-2.56207e+06	0	0
373	-2.55248e+06	0	0
372	-2.54282e+06	0	0
371	-2.53308e+06	0	0
370	-2.52326e+06	0	0
369	-2.51337e+06	0	0
368	-2.50339e+06	0	0
367	-2.49334e+06	0	0
366	-2.4832e+06	0	0
365	-2.47299e+06	0	0
364	-2.4627e+06	0	0
363	-2.45232e+06	0	0
362	-2.44186e+06	0	0
361	-2.43132e+06	0	0
360	-2.42069e+06	0	0
359	-2.40998e+06	0	0
358	-2.39918e+06	0	0
357	-2.3883e+06	0	0
356	-2.37732e+06	0	0
355	-2.36626e+06	0	0
354	-2.35511e+06	0	0
353	-2.34387e+06	0	0
352	-2.33255e+06	0	0
351	-2.32112e+06	0	0
350	-2.30961e+06	0	0
349	-2.298e+06	0	0
348	-2.2863e+06	0	0
347	-2.2745e+06	0	0
346	-2.26261e+06	0	0
345	-2.25062e+06	0	0
344	-2.23854e+06	0	0
343	-2.22635e+06	0	0
342	-2.21406e+06	0	0
341	-2.20168e+06	0	0
340	-2.18919e+06	0	0
339	-2.1766e+06	0	0
338	-2.1639e+06	0	0
337	-2.1511e+06	0	0
336	-2.1382e+06	0	0
335	-2.12519e+06	0	0
334	-2.11207e+06	0	0
333	-2.09884e+06	0	0
332	-2.0855e+06	0	0
331	-2.07205e+06	0	0
330	-2.05849e+06	0	0
329	-2.04481e+06	0	0
328	-2.03102e+06	0	0
327	-2.01712e+06	0	0
326	-2.0031e+06	0	0
325	-1.98896e+06	0	0
324	-1.9747e+06	0	0
323	-1.96032e+06	0	0
322	-1.94581e+06	0	0
321	-1.93119e+06	0	0
320	-1.91644e+06	0	0
319	-1.90156e+06	0	0
318	-1.88656e+06	0	0
317	-1.87143e+06	0	0
316	-1.85617e+06	0	0
315	-1.84078e+06	0	0
314	-1.82526e+06	0	0
313	-1.8096e+06	0	0
312	-1.79381e+06	0	0
311	-1.77788e+06	0	0
310	-1.76182e+06	0	0
309	-1.74561e+06	0	0
308	-1.72927e+06	0	0
307	-1.71278e+06	0	0
306	-1.69614e+06	0	0
305	-1.67936e+06	0	0
304	-1.66244e+06	0	0
303	-1.64536e+06	0	0
302	-1.62814e+06	0	0
301	-1.61076e+06	0	0
300	-1.59323e+06	0	0
299	-1.57554e+06	0	0
298	-1.55769e+06	0	0
297	-1.53969e+06	0	0
296	-1.52152e+06	0	0
295	-1.50319e+06	0	0
294	-1.4847e+06	0	0
293	-1.46604e+06	0	0
292	-1.44721e+06	0	0
291	-1.42821e+06	0	0
290	-1.40904e+06	0	0
289	-1.3897e+06	0	0
288	-1.37018e+06	0	0
287	-1.35048e+06	0	0
286	-1.3306e+06	0	0
285	-1.31053e+06	0	0
284	-1.29029e+06	0	0
283	-1.26985e+06	0	0
282	-1.24923e+06	0	0
281	-1.22841e+06	0	0
280	-1.2074e+06	0	0
279	-1.1862e+06	0	0
278	-1.1648e+06	0	0
277	-1.14319e+06	0	0
276	-1.12138e+06	0	0
275	-1.09937e+06	0	0
274	-1.07715e+06	0	0
273	-1.05471e+06	0	0
272	-1.03207e+06	0	0
271	-1.00921e+06	0	0
270	-986125	0	0
269	-962823	0	0
268	-939296	0	0
267	-915542	0	0
266	-891558	0	0
265	-867341	0	0
264	-842888	0	0
263	-818196	0	0
