6379	69.8361	0	0
6378	68.5379	0	0
6377	67.5616	0	0
6376	66.7488	0	0
6375	66.0392	0	0
6374	65.4021	0	0
6373	64.8196	0	0
6372	64.2797	0	0
6371	63.7745	0	0
6370	63.2982	0	0
6369	62.8462	0	0
6368	62.4153	0	0
6367	62.0028	0	0
6366	61.6066	0	0
6365	61.2249	0	0
6364	60.8563	0	0
6363	60.4995	0	0
6362	60.1535	0	0
6361	59.8174	0	0
6360	59.4905	0	0
6359	59.172	0	0
6358	58.8614	0	0
6357	58.5581	0	0
6356	58.2618	0	0
6355	57.972	0	0
6354	57.6882	0	0
6353	57.4102	0	0
6352	57.1377	0	0
6351	56.8704	0	0
6350	56.6081	0	0
6349	56.3504	0	0
6348	56.0973	0	0
6347	55.8484	0	0
6346	55.6037	0	0
6345	55.3629	0	0
6344	55.126	0	0
6343	54.8926	0	0
6342	54.6628	0	0
6341	54.4364	0	0
6340	54.2133	0	0
6339	53.9933	0	0
6338	53.7764	0	0
6337	53.5624	0	0
6336	53.3514	0	0
6335	53.143	0	0
6334	52.9374	0	0
6333	52.7344	0	0
6332	52.534	0	0
6331	52.336	0	0
6330	52.1404	0	0
6329	51.9472	0	0
6328	51.7562	0	0
6327	51.5675	0	0
6326	51.3809	0	0
6325	51.1964	0	0
6324	51.014	0	0
6323	50.8336	0	0
6322	50.6552	0	0
6321	50.4787	0	0
6320	50.304	0	0
6319	50.1312	0	0
6318	49.9602	0	0
6317	49.7909	0	0
6316	49.6234	0	0
6315	49.4575	0	0
6314	49.2933	0	0
6313	49.1307	0	0
6312	48.9697	0	0
6311	48.8102	0	0
6310	48.6523	0	0
6309	48.4959	0	0
6308	48.3409	0	0
6307	48.1873	0	0
6306	48.0352	0	0
6305	47.8844	0	0
6304	47.735	0	0
6303	47.587	0	0
6302	47.4402	0	0
6301	47.2948	0	0
6300	47.1506	0	0
6299	47.0076	0	0
6298	46.8659	0	0
6297	46.7254	0	0
6296	46.5861	0	0
6295	46.4479	0	0
6294	46.3109	0	0
6293	46.175	0	0
6292	46.0403	0	0
6291	45.9066	0	0
6290	45.774	0	0
6289	45.6425	0	0
6288	45.512	0	0
6287	45.3825	0	0
6286	45.2541	0	0
6285	45.1266	0	0
6284	45.0002	0	0
6283	44.8747	0	0
6282	44.7502	0	0
6281	44.6266	0	0
6280	44.5039	0	0
6279	44.3822	0	0
6278	44.2613	0	0
6277	44.1414	0	0
6276	44.0223	0	0
6275	43.9041	0	0
6274	43.7868	0	0
6273	43.6703	0	0
6272	43.5547	0	0
6271	43.4398	0	0
6270	43.3258	0	0
6269	43.2126	0	0
6268	43.1002	0	0
6267	42.9885	0	0
6266	42.8776	0	0
6265	42.7675	0	0
6264	42.6582	0	0
6263	42.5496	0	0
6262	42.4417	0	0
6261	42.3345	0	0
6260	42.2281	0	0
6259	42.1224	0	0
6258	42.0174	0	0
6257	41.913	0	0
6256	41.8094	0	0
6255	41.7064	0	0
6254	41.6041	0	0
6253	41.5025	0	0
6252	41.4015	0	0
6251	41.3011	0	0
6250	41.2014	0	0
6249	41.1023	0	0
6248	41.0039	0	0
6247	40.906	0	0
6246	40.8088	0	0
6245	40.7122	0	0
6244	40.6162	0	0
6243	40.5207	0	0
6242	40.4259	0	0
6241	40.3316	0	0
6240	40.2379	0	0
6239	40.1447	0	0
6238	40.0522	0	0
6237	39.9601	0	0
6236	39.8687	0	0
6235	39.7777	0	0
6234	39.6873	0	0
6233	39.5974	0	0
6232	39.5081	0	0
6231	39.4193	0	0
6230	39.331	0	0
6229	39.2432	0	0
6228	39.1559	0	0
6227	39.0691	0	0
6226	38.9828	0	0
6225	38.8969	0	0
6224	38.8116	0	0
6223	38.7268	0	0
6222	38.6424	0	0
6221	38.5585	0	0
6220	38.4751	0	0
6219	38.3921	0	0
6218	38.3096	0	0
6217	38.2275	0	0
6216	38.1459	0	0
6215	38.0647	0	0
6214	37.984	0	0
6213	37.9037	0	0
6212	37.8238	0	0
6211	37.7444	0	0
6210	37.6654	0	0
6209	37.5868	0	0
6208	37.5086	0	0
6207	37.4308	0	0
6206	37.3535	0	0
6205	37.2765	0	0
6204	37.2	0	0
6203	37.1238	0	0
6202	37.0481	0	0
6201	36.9727	0	0
6200	36.8977	0	0
6199	36.8231	0	0
6198	36.7489	0	0
6197	36.6751	0	0
6196	36.6016	0	0
6195	36.5285	0	0
6194	36.4558	0	0
6193	36.3835	0	0
6192	36.3115	0	0
6191	36.2398	0	0
6190	36.1686	0	0
6189	36.0976	0	0
6188	36.027	0	0
6187	35.9568	0	0
6186	35.8869	0	0
6185	35.8174	0	0
6184	35.7482	0	0
6183	35.6793	0	0
6182	35.6107	0	0
6181	35.5425	0	0
6180	35.4746	0	0
6179	35.4071	0	0
6178	35.3398	0	0
6177	35.2729	0	0
6176	35.2063	0	0
6175	35.14	0	0
6174	35.074	0	0
6173	35.0083	0	0
6172	34.943	0	0
6171	34.8779	0	0
6170	34.8131	0	0
6169	34.7487	0	0
6168	34.6845	0	0
6167	34.6206	0	0
6166	34.557	0	0
6165	34.4938	0	0
6164	34.4308	0	0
6163	34.368	0	0
6162	34.3056	0	0
6161	34.2435	0	0
6160	34.1816	0	0
6159	34.12	0	0
6158	34.0587	0	0
6157	33.9976	0	0
6156	33.9368	0	0
6155	33.8763	0	0
6154	33.8161	0	0
6153	33.7561	0	0
6152	33.6964	0	0
6151	33.6369	0	0
6150	33.5777	0	0
6149	33.5188	0	0
6148	33.4601	0	0
6147	33.4017	0	0
6146	33.3435	0	0
6145	33.2856	0	0
6144	33.2279	0	0
6143	33.1704	0	0
6142	33.1133	0	0
6141	33.0563	0	0
6140	32.9996	0	0
6139	32.9431	0	0
6138	32.8869	0	0
6137	32.8309	0	0
6136	32.7751	0	0
6135	32.7196	0	0
6134	32.6643	0	0
6133	32.6092	0	0
6132	32.5544	0	0
6131	32.4998	0	0
6130	32.4454	0	0
6129	32.3912	0	0
6128	32.3372	0	0
6127	32.2835	0	0
6126	32.23	0	0
6125	32.1767	0	0
6124	32.1236	0	0
6123	32.0707	0	0
6122	32.0181	0	0
6121	31.9656	0	0
6120	31.9134	0	0
6119	31.8614	0	0
6118	31.8096	0	0
6117	31.7579	0	0
6116	31.7065	0	0
6115	31.6553	0	0
6114	31.6043	0	0
6113	31.5535	0	0
6112	31.5029	0	0
6111	31.4525	0	0
6110	31.4023	0	0
6109	31.3522	0	0
6108	31.3024	0	0
6107	31.2528	0	0
6106	31.2033	0	0
6105	31.1541	0	0
6104	31.105	0	0
6103	31.0561	0	0
6102	31.0074	0	0
6101	30.9589	0	0
6100	30.9106	0	0
6099	30.8624	0	0
6098	30.8145	0	0
6097	30.7667	0	0
6096	30.7191	0	0
6095	30.6716	0	0
6094	30.6244	0	0
6093	30.5773	0	0
6092	30.5304	0	0
6091	30.4837	0	0
6090	30.4371	0	0
6089	30.3907	0	0
6088	30.3445	0	0
6087	30.2985	0	0
6086	30.2526	0	0
6085	30.2069	0	0
6084	30.1613	0	0
6083	30.116	0	0
6082	30.0708	0	0
6081	30.0257	0	0
6080	29.9808	0	0
6079	29.9361	0	0
6078	29.8915	0	0
6077	29.8471	0	0
6076	29.8028	0	0
6075	29.7587	0	0
6074	29.7148	0	0
6073	29.671	0	0
6072	29.6274	0	0
6071	29.5839	0	0
6070	29.5406	0	0
6069	29.4974	0	0
6068	29.4544	0	0
6067	29.4115	0	0
6066	29.3688	0	0
6065	29.3262	0	0
6064	29.2838	0	0
6063	29.2415	0	0
6062	29.1994	0	0
6061	29.1574	0	0
6060	29.1155	0	0
6059	29.0738	0	0
6058	29.0323	0	0
6057	28.9908	0	0
6056	28.9496	0	0
6055	28.9084	0	0
6054	28.8674	0	0
6053	28.8265	0	0
6052	28.7858	0	0
6051	28.7452	0	0
6050	28.7048	0	0
6049	28.6644	0	0
6048	28.6243	0	0
6047	28.5842	0	0
6046	28.5443	0	0
6045	28.5045	0	0
6044	28.4648	0	0
6043	28.4253	0	0
6042	28.3859	0	0
6041	28.3466	0	0
6040	28.3075	0	0
6039	28.2685	0	0
6038	28.2296	0	0
6037	28.1908	0	0
6036	28.1522	0	0
6035	28.1137	0	0
6034	28.0753	0	0
6033	28.037	0	0
6032	27.9989	0	0
6031	27.9609	0	0
6030	27.923	0	0
6029	27.8852	0	0
6028	27.8476	0	0
6027	27.81	0	0
6026	27.7726	0	0
6025	27.7353	0	0
6024	27.6981	0	0
6023	27.6611	0	0
6022	27.6241	0	0
6021	27.5873	0	0
6020	27.5506	0	0
6019	27.5139	0	0
6018	27.4775	0	0
6017	27.4411	0	0
6016	27.4048	0	0
6015	27.3687	0	0
6014	27.3326	0	0
6013	27.2967	0	0
6012	27.2609	0	0
6011	27.2252	0	0
6010	27.1896	0	0
6009	27.1541	0	0
6008	27.1187	0	0
6007	27.0834	0	0
6006	27.0482	0	0
6005	27.0132	0	0
6004	26.9782	0	0
6003	26.9433	0	0
6002	26.9086	0	0
6001	26.8739	0	0
6000	26.8394	0	0
5999	26.805	0	0
5998	26.7706	0	0
5997	26.7364	0	0
5996	26.7023	0	0
5995	26.6682	0	0
5994	26.6343	0	0
5993	26.6005	0	0
5992	26.5667	0	0
5991	26.5331	0	0
5990	26.4995	0	0
5989	26.4661	0	0
5988	26.4328	0	0
5987	26.3995	0	0
5986	26.3664	0	0
5985	26.3333	0	0
5984	26.3004	0	0
5983	26.2675	0	0
5982	26.2347	0	0
5981	26.2021	0	0
5980	26.1695	0	0
5979	26.137	0	0
5978	26.1046	0	0
5977	26.0723	0	0
5976	26.0401	0	0
5975	26.008	0	0
5974	25.9759	0	0
5973	25.944	0	0
5972	25.9122	0	0
5971	25.8804	0	0
5970	25.8487	0	0
5969	25.8171	0	0
5968	25.7856	0	0
5967	25.7542	0	0
5966	25.7229	0	0
5965	25.6917	0	0
5964	25.6606	0	0
5963	25.6295	0	0
5962	25.5985	0	0
5961	25.5676	0	0
5960	25.5368	0	0
5959	25.5061	0	0
5958	25.4755	0	0
5957	25.4449	0	0
5956	25.4145	0	0
5955	25.3841	0	0
5954	25.3538	0	0
5953	25.3236	0	0
5952	25.2934	0	0
5951	25.2634	0	0
5950	25.2334	0	0
5949	25.2035	0	0
5948	25.1737	0	0
5947	25.1439	0	0
5946	25.1143	0	0
5945	25.0847	0	0
5944	25.0552	0	0
5943	25.0258	0	0
5942	24.9964	0	0
5941	24.9672	0	0
5940	24.938	0	0
5939	24.9089	0	0
5938	24.8798	0	0
5937	24.8509	0	0
5936	24.822	0	0
5935	24.7932	0	0
5934	24.7645	0	0
5933	24.7358	0	0
5932	24.7072	0	0
5931	24.6787	0	0
5930	24.6503	0	0
5929	24.6219	0	0
5928	24.5936	0	0
5927	24.5654	0	0
5926	24.5373	0	0
5925	24.5092	0	0
5924	24.4812	0	0
5923	24.4533	0	0
5922	24.4254	0	0
5921	24.3976	0	0
5920	24.3699	0	0
5919	24.3423	0	0
5918	24.3147	0	0
5917	24.2872	0	0
5916	24.2597	0	0
5915	24.2324	0	0
5914	24.2051	0	0
5913	24.1778	0	0
5912	24.1507	0	0
5911	24.1236	0	0
5910	24.0966	0	0
5909	24.0696	0	0
5908	24.0427	0	0
5907	24.0159	0	0
5906	23.9891	0	0
5905	23.9624	0	0
5904	23.9358	0	0
5903	23.9092	0	0
5902	23.8827	0	0
5901	23.8563	0	0
5900	23.8299	0	0
5899	23.8036	0	0
5898	23.7774	0	0
5897	23.7512	0	0
5896	23.7251	0	0
5895	23.699	0	0
5894	23.673	0	0
5893	23.6471	0	0
5892	23.6212	0	0
5891	23.5954	0	0
5890	23.5697	0	0
5889	23.544	0	0
5888	23.5184	0	0
5887	23.4928	0	0
5886	23.4674	0	0
5885	23.4419	0	0
5884	23.4165	0	0
5883	23.3912	0	0
5882	23.366	0	0
5881	23.3408	0	0
5880	23.3156	0	0
5879	23.2906	0	0
5878	23.2655	0	0
5877	23.2406	0	0
5876	23.2157	0	0
5875	23.1908	0	0
5874	23.166	0	0
5873	23.1413	0	0
5872	23.1166	0	0
5871	23.092	0	0
5870	23.0675	0	0
5869	23.043	0	0
5868	23.0185	0	0
5867	22.9941	0	0
5866	22.9698	0	0
5865	22.9455	0	0
5864	22.9213	0	0
5863	22.8971	0	0
5862	22.873	0	0
5861	22.8489	0	0
5860	22.8249	0	0
5859	22.801	0	0
5858	22.7771	0	0
5857	22.7533	0	0
5856	22.7295	0	0
5855	22.7057	0	0
5854	22.682	0	0
5853	22.6584	0	0
5852	22.6348	0	0
5851	22.6113	0	0
5850	22.5878	0	0
5849	22.5644	0	0
5848	22.5411	0	0
5847	22.5177	0	0
5846	22.4945	0	0
5845	22.4713	0	0
5844	22.4481	0	0
5843	22.425	0	0
5842	22.4019	0	0
5841	22.3789	0	0
5840	22.3559	0	0
5839	22.333	0	0
5838	22.3102	0	0
5837	22.2874	0	0
5836	22.2646	0	0
5835	22.2419	0	0
5834	22.2192	0	0
5833	22.1966	0	0
5832	22.174	0	0
5831	22.1515	0	0
5830	22.129	0	0
5829	22.1066	0	0
5828	22.0843	0	0
5827	22.0619	0	0
5826	22.0396	0	0
5825	22.0174	0	0
5824	21.9952	0	0
5823	21.9731	0	0
5822	21.951	0	0
5821	21.929	0	0
5820	21.907	0	0
5819	21.885	0	0
5818	21.8631	0	0
5817	21.8412	0	0
5816	21.8194	0	0
5815	21.7977	0	0
5814	21.7759	0	0
5813	21.7543	0	0
5812	21.7326	0	0
5811	21.711	0	0
5810	21.6895	0	0
5809	21.668	0	0
5808	21.6465	0	0
5807	21.6251	0	0
5806	21.6037	0	0
5805	21.5824	0	0
5804	21.5611	0	0
5803	21.5399	0	0
5802	21.5187	0	0
5801	21.4976	0	0
5800	21.4765	0	0
5799	21.4554	0	0
5798	21.4344	0	0
5797	21.4134	0	0
5796	21.3924	0	0
5795	21.3716	0	0
5794	21.3507	0	0
5793	21.3299	0	0
5792	21.3091	0	0
5791	21.2884	0	0
5790	21.2677	0	0
5789	21.2471	0	0
5788	21.2264	0	0
5787	21.2059	0	0
5786	21.1854	0	0
5785	21.1649	0	0
5784	21.1444	0	0
5783	21.124	0	0
5782	21.1037	0	0
5781	21.0833	0	0
5780	21.0631	0	0
5779	21.0428	0	0
5778	21.0226	0	0
5777	21.0024	0	0
5776	20.9823	0	0
5775	20.9622	0	0
5774	20.9422	0	0
5773	20.9222	0	0
5772	20.9022	0	0
5771	20.8823	0	0
5770	20.8624	0	0
5769	20.8425	0	0
5768	20.8227	0	0
5767	20.8029	0	0
5766	20.7832	0	0
5765	20.7635	0	0
5764	20.7438	0	0
5763	20.7242	0	0
5762	20.7046	0	0
5761	20.6851	0	0
5760	20.6655	0	0
5759	20.6461	0	0
5758	20.6266	0	0
5757	20.6072	0	0
5756	20.5878	0	0
5755	20.5685	0	0
5754	20.5492	0	0
5753	20.5299	0	0
5752	20.5107	0	0
5751	20.4915	0	0
5750	20.4724	0	0
5749	20.4532	0	0
5748	20.4342	0	0
5747	20.4151	0	0
5746	20.3961	0	0
5745	20.3771	0	0
5744	20.3582	0	0
5743	20.3393	0	0
5742	20.3204	0	0
5741	20.3016	0	0
5740	20.2827	0	0
5739	20.264	0	0
5738	20.2452	0	0
5737	20.2265	0	0
5736	20.2079	0	0
5735	20.1892	0	0
5734	20.1706	0	0
5733	20.1521	0	0
5732	20.1335	0	0
5731	20.115	0	0
5730	20.0966	0	0
5729	20.0781	0	0
5728	20.0597	0	0
5727	20.0414	0	0
5726	20.023	0	0
5725	20.0047	0	0
5724	19.9864	0	0
5723	19.9682	0	0
5722	19.95	0	0
5721	19.9318	0	0
5720	19.9137	0	0
5719	19.8956	0	0
5718	19.8775	0	0
5717	19.8594	0	0
5716	19.8414	0	0
5715	19.8234	0	0
5714	19.8055	0	0
5713	19.7876	0	0
5712	19.7697	0	0
5711	19.7518	0	0
5710	19.734	0	0
5709	19.7162	0	0
5708	19.6984	0	0
5707	19.6807	0	0
5706	19.663	0	0
5705	19.6453	0	0
5704	19.6277	0	0
5703	19.61	0	0
5702	19.5925	0	0
5701	19.5749	0	0
5700	19.5574	0	0
5699	19.5399	0	0
5698	19.5224	0	0
5697	19.505	0	0
5696	19.4876	0	0
5695	19.4702	0	0
5694	19.4529	0	0
5693	19.4355	0	0
5692	19.4182	0	0
5691	19.401	0	0
5690	19.3838	0	0
5689	19.3666	0	0
5688	19.3494	0	0
5687	19.3322	0	0
5686	19.3151	0	0
5685	19.298	0	0
5684	19.281	0	0
5683	19.2639	0	0
5682	19.2469	0	0
5681	19.23	0	0
5680	19.213	0	0
5679	19.1961	0	0
5678	19.1792	0	0
5677	19.1623	0	0
5676	19.1455	0	0
5675	19.1287	0	0
5674	19.1119	0	0
5673	19.0951	0	0
5672	19.0784	0	0
5671	19.0617	0	0
5670	19.045	0	0
5669	19.0284	0	0
5668	19.0118	0	0
5667	18.9952	0	0
5666	18.9786	0	0
5665	18.9621	0	0
5664	18.9456	0	0
5663	18.9291	0	0
5662	18.9126	0	0
5661	18.8962	0	0
5660	18.8798	0	0
5659	18.8634	0	0
5658	18.847	0	0
5657	18.8307	0	0
5656	18.8144	0	0
5655	18.7981	0	0
5654	18.7819	0	0
5653	18.7656	0	0
5652	18.7494	0	0
5651	18.7333	0	0
5650	18.7171	0	0
5649	18.701	0	0
5648	18.6849	0	0
5647	18.6688	0	0
5646	18.6528	0	0
5645	18.6367	0	0
5644	18.6207	0	0
5643	18.6048	0	0
5642	18.5888	0	0
5641	18.5729	0	0
5640	18.557	0	0
5639	18.5411	0	0
5638	18.5252	0	0
5637	18.5094	0	0
5636	18.4936	0	0
5635	18.4778	0	0
5634	18.4621	0	0
5633	18.4463	0	0
5632	18.4306	0	0
5631	18.4149	0	0
5630	18.3993	0	0
5629	18.3836	0	0
5628	18.368	0	0
5627	18.3524	0	0
5626	18.3368	0	0
5625	18.3213	0	0
5624	18.3058	0	0
5623	18.2903	0	0
5622	18.2748	0	0
5621	18.2594	0	0
5620	18.2439	0	0
5619	18.2285	0	0
5618	18.2131	0	0
5617	18.1978	0	0
5616	18.1824	0	0
5615	18.1671	0	0
5614	18.1518	0	0
5613	18.1365	0	0
5612	18.1213	0	0
5611	18.1061	0	0
5610	18.0909	0	0
5609	18.0757	0	0
5608	18.0605	0	0
5607	18.0454	0	0
5606	18.0303	0	0
5605	18.0152	0	0
5604	18.0001	0	0
5603	17.985	0	0
5602	17.97	0	0
5601	17.955	0	0
5600	17.94	0	0
5599	17.9251	0	0
5598	17.9101	0	0
5597	17.8952	0	0
5596	17.8803	0	0
5595	17.8654	0	0
5594	17.8506	0	0
5593	17.8357	0	0
5592	17.8209	0	0
5591	17.8061	0	0
5590	17.7913	0	0
5589	17.7766	0	0
5588	17.7618	0	0
5587	17.7471	0	0
5586	17.7324	0	0
5585	17.7178	0	0
5584	17.7031	0	0
5583	17.6885	0	0
5582	17.6739	0	0
5581	17.6593	0	0
5580	17.6447	0	0
5579	17.6302	0	0
5578	17.6156	0	0
5577	17.6011	0	0
5576	17.5866	0	0
5575	17.5722	0	0
5574	17.5577	0	0
5573	17.5433	0	0
5572	17.5289	0	0
5571	17.5145	0	0
5570	17.5001	0	0
5569	17.4858	0	0
5568	17.4714	0	0
5567	17.4571	0	0
5566	17.4428	0	0
5565	17.4286	0	0
5564	17.4143	0	0
5563	17.4001	0	0
5562	17.3859	0	0
5561	17.3717	0	0
5560	17.3575	0	0
5559	17.3433	0	0
5558	17.3292	0	0
5557	17.3151	0	0
5556	17.301	0	0
5555	17.2869	0	0
5554	17.2728	0	0
5553	17.2588	0	0
5552	17.2447	0	0
5551	17.2307	0	0
5550	17.2167	0	0
5549	17.2028	0	0
5548	17.1888	0	0
5547	17.1749	0	0
5546	17.161	0	0
5545	17.1471	0	0
5544	17.1332	0	0
5543	17.1193	0	0
5542	17.1055	0	0
5541	17.0916	0	0
5540	17.0778	0	0
5539	17.064	0	0
5538	17.0503	0	0
5537	17.0365	0	0
5536	17.0228	0	0
5535	17.009	0	0
5534	16.9953	0	0
5533	16.9817	0	0
5532	16.968	0	0
5531	16.9543	0	0
5530	16.9407	0	0
5529	16.9271	0	0
5528	16.9135	0	0
5527	16.8999	0	0
5526	16.8863	0	0
5525	16.8728	0	0
5524	16.8593	0	0
5523	16.8458	0	0
5522	16.8323	0	0
5521	16.8188	0	0
5520	16.8053	0	0
5519	16.7919	0	0
5518	16.7784	0	0
5517	16.765	0	0
5516	16.7516	0	0
5515	16.7382	0	0
5514	16.7249	0	0
5513	16.7115	0	0
5512	16.6982	0	0
5511	16.6849	0	0
5510	16.6716	0	0
5509	16.6583	0	0
5508	16.6451	0	0
5507	16.6318	0	0
5506	16.6186	0	0
5505	16.6054	0	0
5504	16.5922	0	0
5503	16.579	0	0
5502	16.5658	0	0
5501	16.5527	0	0
5500	16.5395	0	0
5499	16.5264	0	0
5498	16.5133	0	0
5497	16.5002	0	0
5496	16.4871	0	0
5495	16.4741	0	0
5494	16.461	0	0
5493	16.448	0	0
5492	16.435	0	0
5491	16.422	0	0
5490	16.409	0	0
5489	16.3961	0	0
5488	16.3831	0	0
5487	16.3702	0	0
5486	16.3573	0	0
5485	16.3444	0	0
5484	16.3315	0	0
5483	16.3186	0	0
5482	16.3057	0	0
5481	16.2929	0	0
5480	16.2801	0	0
5479	16.2673	0	0
5478	16.2545	0	0
5477	16.2417	0	0
5476	16.2289	0	0
5475	16.2162	0	0
5474	16.2034	0	0
5473	16.1907	0	0
5472	16.178	0	0
5471	16.1653	0	0
5470	16.1526	0	0
5469	16.1399	0	0
5468	16.1273	0	0
5467	16.1147	0	0
5466	16.102	0	0
5465	16.0894	0	0
5464	16.0768	0	0
5463	16.0643	0	0
5462	16.0517	0	0
5461	16.0391	0	0
5460	16.0266	0	0
5459	16.0141	0	0
5458	16.0016	0	0
5457	15.9891	0	0
5456	15.9766	0	0
5455	15.9641	0	0
5454	15.9517	0	0
5453	15.9392	0	0
5452	15.9268	0	0
5451	15.9144	0	0
5450	15.902	0	0
5449	15.8896	0	0
5448	15.8772	0	0
5447	15.8649	0	0
5446	15.8525	0	0
5445	15.8402	0	0
5444	15.8279	0	0
5443	15.8156	0	0
5442	15.8033	0	0
5441	15.791	0	0
5440	15.7788	0	0
5439	15.7665	0	0
5438	15.7543	0	0
5437	15.7421	0	0
5436	15.7298	0	0
5435	15.7176	0	0
5434	15.7055	0	0
5433	15.6933	0	0
5432	15.6811	0	0
5431	15.669	0	0
5430	15.6569	0	0
5429	15.6447	0	0
5428	15.6326	0	0
5427	15.6205	0	0
5426	15.6085	0	0
5425	15.5964	0	0
5424	15.5843	0	0
5423	15.5723	0	0
5422	15.5603	0	0
5421	15.5483	0	0
5420	15.5363	0	0
5419	15.5243	0	0
5418	15.5123	0	0
5417	15.5003	0	0
5416	15.4884	0	0
5415	15.4764	0	0
5414	15.4645	0	0
5413	15.4526	0	0
5412	15.4407	0	0
5411	15.4288	0	0
5410	15.4169	0	0
5409	15.405	0	0
5408	15.3932	0	0
5407	15.3813	0	0
5406	15.3695	0	0
5405	15.3577	0	0
5404	15.3459	0	0
5403	15.3341	0	0
5402	15.3223	0	0
5401	15.3105	0	0
5400	15.2988	0	0
5399	15.287	0	0
5398	15.2753	0	0
5397	15.2636	0	0
5396	15.2519	0	0
5395	15.2402	0	0
5394	15.2285	0	0
5393	15.2168	0	0
5392	15.2051	0	0
5391	15.1935	0	0
5390	15.1818	0	0
5389	15.1702	0	0
5388	15.1586	0	0
5387	15.147	0	0
5386	15.1354	0	0
5385	15.1238	0	0
5384	15.1122	0	0
5383	15.1007	0	0
5382	15.0891	0	0
5381	15.0776	0	0
5380	15.0661	0	0
5379	15.0545	0	0
5378	15.043	0	0
5377	15.0315	0	0
5376	15.0201	0	0
5375	15.0086	0	0
5374	14.9971	0	0
5373	14.9857	0	0
5372	14.9742	0	0
5371	14.9628	0	0
5370	14.9514	0	0
5369	14.94	0	0
5368	14.9286	0	0
5367	14.9172	0	0
5366	14.9058	0	0
5365	14.8945	0	0
5364	14.8831	0	0
5363	14.8718	0	0
5362	14.8605	0	0
5361	14.8491	0	0
5360	14.8378	0	0
5359	14.8265	0	0
5358	14.8153	0	0
5357	14.804	0	0
5356	14.7927	0	0
5355	14.7815	0	0
5354	14.7702	0	0
5353	14.759	0	0
5352	14.7478	0	0
5351	14.7365	0	0
5350	14.7253	0	0
5349	14.7141	0	0
5348	14.703	0	0
5347	14.6918	0	0
5346	14.6806	0	0
5345	14.6695	0	0
5344	14.6583	0	0
5343	14.6472	0	0
5342	14.6361	0	0
5341	14.625	0	0
5340	14.6139	0	0
5339	14.6028	0	0
5338	14.5917	0	0
5337	14.5806	0	0
5336	14.5696	0	0
5335	14.5585	0	0
5334	14.5475	0	0
5333	14.5364	0	0
5332	14.5254	0	0
5331	14.5144	0	0
5330	14.5034	0	0
5329	14.4924	0	0
5328	14.4814	0	0
5327	14.4705	0	0
5326	14.4595	0	0
5325	14.4486	0	0
5324	14.4376	0	0
5323	14.4267	0	0
5322	14.4158	0	0
5321	14.4048	0	0
5320	14.3939	0	0
5319	14.383	0	0
5318	14.3722	0	0
5317	14.3613	0	0
5316	14.3504	0	0
5315	14.3396	0	0
5314	14.3287	0	0
5313	14.3179	0	0
5312	14.307	0	0
5311	14.2962	0	0
5310	14.2854	0	0
5309	14.2746	0	0
5308	14.2638	0	0
5307	14.253	0	0
5306	14.2423	0	0
5305	14.2315	0	0
5304	14.2207	0	0
5303	14.21	0	0
5302	14.1993	0	0
5301	14.1885	0	0
5300	14.1778	0	0
5299	14.1671	0	0
5298	14.1564	0	0
5297	14.1457	0	0
5296	14.135	0	0
5295	14.1244	0	0
5294	14.1137	0	0
5293	14.103	0	0
5292	14.0924	0	0
5291	14.0817	0	0
5290	14.0711	0	0
5289	14.0605	0	0
5288	14.0499	0	0
5287	14.0393	0	0
5286	14.0287	0	0
5285	14.0181	0	0
5284	14.0075	0	0
5283	13.997	0	0
5282	13.9864	0	0
5281	13.9758	0	0
5280	13.9653	0	0
5279	13.9548	0	0
5278	13.9442	0	0
5277	13.9337	0	0
5276	13.9232	0	0
5275	13.9127	0	0
5274	13.9022	0	0
5273	13.8917	0	0
5272	13.8813	0	0
5271	13.8708	0	0
5270	13.8603	0	0
5269	13.8499	0	0
5268	13.8395	0	0
5267	13.829	0	0
5266	13.8186	0	0
5265	13.8082	0	0
5264	13.7978	0	0
5263	13.7874	0	0
5262	13.777	0	0
5261	13.7666	0	0
5260	13.7562	0	0
5259	13.7458	0	0
5258	13.7355	0	0
5257	13.7251	0	0
5256	13.7148	0	0
5255	13.7045	0	0
5254	13.6941	0	0
5253	13.6838	0	0
5252	13.6735	0	0
5251	13.6632	0	0
5250	13.6529	0	0
5249	13.6426	0	0
5248	13.6323	0	0
5247	13.6221	0	0
5246	13.6118	0	0
5245	13.6015	0	0
5244	13.5913	0	0
5243	13.5811	0	0
5242	13.5708	0	0
5241	13.5606	0	0
5240	13.5504	0	0
5239	13.5402	0	0
5238	13.53	0	0
5237	13.5198	0	0
5236	13.5096	0	0
5235	13.4994	0	0
5234	13.4892	0	0
5233	13.4791	0	0
5232	13.4689	0	0
5231	13.4588	0	0
5230	13.4486	0	0
5229	13.4385	0	0
5228	13.4284	0	0
5227	13.4182	0	0
5226	13.4081	0	0
5225	13.398	0	0
5224	13.3879	0	0
5223	13.3778	0	0
5222	13.3678	0	0
5221	13.3577	0	0
5220	13.3476	0	0
5219	13.3375	0	0
5218	13.3275	0	0
5217	13.3175	0	0
5216	13.3074	0	0
5215	13.2974	0	0
5214	13.2874	0	0
5213	13.2773	0	0
5212	13.2673	0	0
5211	13.2573	0	0
5210	13.2473	0	0
5209	13.2373	0	0
5208	13.2274	0	0
5207	13.2174	0	0
5206	13.2074	0	0
5205	13.1975	0	0
5204	13.1875	0	0
5203	13.1776	0	0
5202	13.1676	0	0
5201	13.1577	0	0
5200	13.1478	0	0
5199	13.1378	0	0
5198	13.1279	0	0
5197	13.118	0	0
5196	13.1081	0	0
5195	13.0982	0	0
5194	13.0884	0	0
5193	13.0785	0	0
5192	13.0686	0	0
5191	13.0587	0	0
5190	13.0489	0	0
5189	13.039	0	0
5188	13.0292	0	0
5187	13.0194	0	0
5186	13.0095	0	0
5185	12.9997	0	0
5184	12.9899	0	0
5183	12.9801	0	0
5182	12.9703	0	0
5181	12.9605	0	0
5180	12.9507	0	0
5179	12.9409	0	0
5178	12.9311	0	0
5177	12.9213	0	0
5176	12.9116	0	0
5175	12.9018	0	0
5174	12.8921	0	0
5173	12.8823	0	0
5172	12.8726	0	0
5171	12.8629	0	0
5170	12.8531	0	0
5169	12.8434	0	0
5168	12.8337	0	0
5167	12.824	0	0
5166	12.8143	0	0
5165	12.8046	0	0
5164	12.7949	0	0
5163	12.7852	0	0
5162	12.7756	0	0
5161	12.7659	0	0
5160	12.7562	0	0
5159	12.7466	0	0
5158	12.7369	0	0
5157	12.7273	0	0
5156	12.7176	0	0
5155	12.708	0	0
5154	12.6984	0	0
5153	12.6888	0	0
5152	12.6791	0	0
5151	12.6695	0	0
5150	12.6599	0	0
5149	12.6503	0	0
5148	12.6407	0	0
5147	12.6312	0	0
5146	12.6216	0	0
5145	12.612	0	0
5144	12.6025	0	0
5143	12.5929	0	0
5142	12.5833	0	0
5141	12.5738	0	0
5140	12.5643	0	0
5139	12.5547	0	0
5138	12.5452	0	0
5137	12.5357	0	0
5136	12.5261	0	0
5135	12.5166	0	0
5134	12.5071	0	0
5133	12.4976	0	0
5132	12.4881	0	0
5131	12.4786	0	0
5130	12.4692	0	0
5129	12.4597	0	0
5128	12.4502	0	0
5127	12.4407	0	0
5126	12.4313	0	0
5125	12.4218	0	0
5124	12.4124	0	0
5123	12.4029	0	0
5122	12.3935	0	0
5121	12.3841	0	0
5120	12.3746	0	0
5119	12.3652	0	0
5118	12.3558	0	0
5117	12.3464	0	0
5116	12.337	0	0
5115	12.3276	0	0
5114	12.3182	0	0
5113	12.3088	0	0
5112	12.2994	0	0
5111	12.2901	0	0
5110	12.2807	0	0
5109	12.2713	0	0
5108	12.262	0	0
5107	12.2526	0	0
5106	12.2433	0	0
5105	12.2339	0	0
5104	12.2246	0	0
5103	12.2153	0	0
5102	12.2059	0	0
5101	12.1966	0	0
5100	12.1873	0	0
5099	12.178	0	0
5098	12.1687	0	0
5097	12.1594	0	0
5096	12.1501	0	0
5095	12.1408	0	0
5094	12.1315	0	0
5093	12.1222	0	0
5092	12.1129	0	0
5091	12.1037	0	0
5090	12.0944	0	0
5089	12.0852	0	0
5088	12.0759	0	0
5087	12.0666	0	0
5086	12.0574	0	0
5085	12.0482	0	0
5084	12.0389	0	0
5083	12.0297	0	0
5082	12.0205	0	0
5081	12.0113	0	0
5080	12.0021	0	0
5079	11.9928	0	0
5078	11.9836	0	0
5077	11.9744	0	0
5076	11.9653	0	0
5075	11.9561	0	0
5074	11.9469	0	0
5073	11.9377	0	0
5072	11.9285	0	0
5071	11.9194	0	0
5070	11.9102	0	0
5069	11.901	0	0
5068	11.8919	0	0
5067	11.8827	0	0
5066	11.8736	0	0
5065	11.8645	0	0
5064	11.8553	0	0
5063	11.8462	0	0
5062	11.8371	0	0
5061	11.828	0	0
5060	11.8188	0	0
5059	11.8097	0	0
5058	11.8006	0	0
5057	11.7915	0	0
5056	11.7824	0	0
5055	11.7733	0	0
5054	11.7643	0	0
5053	11.7552	0	0
5052	11.7461	0	0
5051	11.737	0	0
5050	11.728	0	0
5049	11.7189	0	0
5048	11.7098	0	0
5047	11.7008	0	0
5046	11.6917	0	0
5045	11.6827	0	0
5044	11.6737	0	0
5043	11.6646	0	0
5042	11.6556	0	0
5041	11.6466	0	0
5040	11.6376	0	0
5039	11.6285	0	0
5038	11.6195	0	0
5037	11.6105	0	0
5036	11.6015	0	0
5035	11.5925	0	0
5034	11.5835	0	0
5033	11.5745	0	0
5032	11.5656	0	0
5031	11.5566	0	0
5030	11.5476	0	0
5029	11.5386	0	0
5028	11.5297	0	0
5027	11.5207	0	0
5026	11.5118	0	0
5025	11.5028	0	0
5024	11.4938	0	0
5023	11.4849	0	0
5022	11.476	0	0
5021	11.467	0	0
5020	11.4581	0	0
5019	11.4492	0	0
5018	11.4403	0	0
5017	11.4313	0	0
5016	11.4224	0	0
5015	11.4135	0	0
5014	11.4046	0	0
5013	11.3957	0	0
5012	11.3868	0	0
5011	11.3779	0	0
5010	11.369	0	0
5009	11.3601	0	0
5008	11.3513	0	0
5007	11.3424	0	0
5006	11.3335	0	0
5005	11.3246	0	0
5004	11.3158	0	0
5003	11.3069	0	0
5002	11.2981	0	0
5001	11.2892	0	0
5000	11.2804	0	0
4999	11.2715	0	0
4998	11.2627	0	0
4997	11.2539	0	0
4996	11.245	0	0
4995	11.2362	0	0
4994	11.2274	0	0
4993	11.2186	0	0
4992	11.2098	0	0
4991	11.2009	0	0
4990	11.1921	0	0
4989	11.1833	0	0
4988	11.1745	0	0
4987	11.1657	0	0
4986	11.157	0	0
4985	11.1482	0	0
4984	11.1394	0	0
4983	11.1306	0	0
4982	11.1218	0	0
4981	11.1131	0	0
4980	11.1043	0	0
4979	11.0955	0	0
4978	11.0868	0	0
4977	11.078	0	0
4976	11.0693	0	0
4975	11.0605	0	0
4974	11.0518	0	0
4973	11.043	0	0
4972	11.0343	0	0
4971	11.0256	0	0
4970	11.0169	0	0
4969	11.0081	0	0
4968	10.9994	0	0
4967	10.9907	0	0
4966	10.982	0	0
4965	10.9733	0	0
4964	10.9646	0	0
4963	10.9559	0	0
4962	10.9472	0	0
4961	10.9385	0	0
4960	10.9298	0	0
4959	10.9211	0	0
4958	10.9124	0	0
4957	10.9037	0	0
4956	10.8951	0	0
4955	10.8864	0	0
4954	10.8777	0	0
4953	10.8691	0	0
4952	10.8604	0	0
4951	10.8518	0	0
4950	10.8431	0	0
4949	10.8345	0	0
4948	10.8258	0	0
4947	10.8172	0	0
4946	10.8085	0	0
4945	10.7999	0	0
4944	10.7913	0	0
4943	10.7826	0	0
4942	10.774	0	0
4941	10.7654	0	0
4940	10.7568	0	0
4939	10.7482	0	0
4938	10.7396	0	0
4937	10.731	0	0
4936	10.7224	0	0
4935	10.7138	0	0
4934	10.7052	0	0
4933	10.6966	0	0
4932	10.688	0	0
4931	10.6794	0	0
4930	10.6708	0	0
4929	10.6622	0	0
4928	10.6537	0	0
4927	10.6451	0	0
4926	10.6365	0	0
4925	10.628	0	0
4924	10.6194	0	0
4923	10.6108	0	0
4922	10.6023	0	0
4921	10.5937	0	0
4920	10.5852	0	0
4919	10.5766	0	0
4918	10.5681	0	0
4917	10.5596	0	0
4916	10.551	0	0
4915	10.5425	0	0
4914	10.534	0	0
4913	10.5255	0	0
4912	10.5169	0	0
4911	10.5084	0	0
4910	10.4999	0	0
4909	10.4914	0	0
4908	10.4829	0	0
4907	10.4744	0	0
4906	10.4659	0	0
4905	10.4574	0	0
4904	10.4489	0	0
4903	10.4404	0	0
4902	10.4319	0	0
4901	10.4234	0	0
4900	10.415	0	0
4899	10.4065	0	0
4898	10.398	0	0
4897	10.3895	0	0
4896	10.3811	0	0
4895	10.3726	0	0
4894	10.3641	0	0
4893	10.3557	0	0
4892	10.3472	0	0
4891	10.3388	0	0
4890	10.3303	0	0
4889	10.3219	0	0
4888	10.3134	0	0
4887	10.305	0	0
4886	10.2966	0	0
4885	10.2881	0	0
4884	10.2797	0	0
4883	10.2713	0	0
4882	10.2628	0	0
4881	10.2544	0	0
4880	10.246	0	0
4879	10.2376	0	0
4878	10.2292	0	0
4877	10.2208	0	0
4876	10.2124	0	0
4875	10.204	0	0
4874	10.1956	0	0
4873	10.1872	0	0
4872	10.1788	0	0
4871	10.1704	0	0
4870	10.162	0	0
4869	10.1536	0	0
4868	10.1452	0	0
4867	10.1369	0	0
4866	10.1285	0	0
4865	10.1201	0	0
4864	10.1117	0	0
4863	10.1034	0	0
4862	10.095	0	0
4861	10.0867	0	0
4860	10.0783	0	0
4859	10.0699	0	0
4858	10.0616	0	0
4857	10.0532	0	0
4856	10.0449	0	0
4855	10.0366	0	0
4854	10.0282	0	0
4853	10.0199	0	0
4852	10.0115	0	0
4851	10.0032	0	0
4850	9.99489	0	0
4849	9.98656	0	0
4848	9.97824	0	0
4847	9.96992	0	0
4846	9.9616	0	0
4845	9.95329	0	0
4844	9.94498	0	0
4843	9.93667	0	0
4842	9.92836	0	0
4841	9.92006	0	0
4840	9.91176	0	0
4839	9.90346	0	0
4838	9.89517	0	0
4837	9.88688	0	0
4836	9.87859	0	0
4835	9.8703	0	0
4834	9.86202	0	0
4833	9.85374	0	0
4832	9.84546	0	0
4831	9.83719	0	0
4830	9.82892	0	0
4829	9.82065	0	0
4828	9.81238	0	0
4827	9.80412	0	0
4826	9.79586	0	0
4825	9.7876	0	0
4824	9.77934	0	0
4823	9.77109	0	0
4822	9.76284	0	0
4821	9.75459	0	0
4820	9.74635	0	0
4819	9.73811	0	0
4818	9.72987	0	0
4817	9.72163	0	0
4816	9.7134	0	0
4815	9.70516	0	0
4814	9.69694	0	0
4813	9.68871	0	0
4812	9.68049	0	0
4811	9.67227	0	0
4810	9.66405	0	0
4809	9.65583	0	0
4808	9.64762	0	0
4807	9.63941	0	0
4806	9.6312	0	0
4805	9.623	0	0
4804	9.61479	0	0
4803	9.60659	0	0
4802	9.5984	0	0
4801	9.5902	0	0
4800	9.58201	0	0
4799	9.57382	0	0
4798	9.56563	0	0
4797	9.55745	0	0
4796	9.54927	0	0
4795	9.54109	0	0
4794	9.53291	0	0
4793	9.52474	0	0
4792	9.51657	0	0
4791	9.5084	0	0
4790	9.50023	0	0
4789	9.49207	0	0
4788	9.48391	0	0
4787	9.47575	0	0
4786	9.46759	0	0
4785	9.45944	0	0
4784	9.45129	0	0
4783	9.44314	0	0
4782	9.43499	0	0
4781	9.42685	0	0
4780	9.41871	0	0
4779	9.41057	0	0
4778	9.40243	0	0
4777	9.3943	0	0
4776	9.38616	0	0
4775	9.37804	0	0
4774	9.36991	0	0
4773	9.36178	0	0
4772	9.35366	0	0
4771	9.34554	0	0
4770	9.33743	0	0
4769	9.32931	0	0
4768	9.3212	0	0
4767	9.31309	0	0
4766	9.30498	0	0
4765	9.29688	0	0
4764	9.28878	0	0
4763	9.28068	0	0
4762	9.27258	0	0
4761	9.26448	0	0
4760	9.25639	0	0
4759	9.2483	0	0
4758	9.24021	0	0
4757	9.23213	0	0
4756	9.22404	0	0
4755	9.21596	0	0
4754	9.20788	0	0
4753	9.19981	0	0
4752	9.19173	0	0
4751	9.18366	0	0
4750	9.17559	0	0
4749	9.16753	0	0
4748	9.15946	0	0
4747	9.1514	0	0
4746	9.14334	0	0
4745	9.13528	0	0
4744	9.12723	0	0
4743	9.11917	0	0
4742	9.11112	0	0
4741	9.10308	0	0
4740	9.09503	0	0
4739	9.08699	0	0
4738	9.07894	0	0
4737	9.07091	0	0
4736	9.06287	0	0
4735	9.05483	0	0
4734	9.0468	0	0
4733	9.03877	0	0
4732	9.03074	0	0
4731	9.02272	0	0
4730	9.0147	0	0
4729	9.00667	0	0
4728	8.99866	0	0
4727	8.99064	0	0
4726	8.98262	0	0
4725	8.97461	0	0
4724	8.9666	0	0
4723	8.9586	0	0
4722	8.95059	0	0
4721	8.94259	0	0
4720	8.93459	0	0
4719	8.92659	0	0
4718	8.91859	0	0
4717	8.9106	0	0
4716	8.90261	0	0
4715	8.89462	0	0
4714	8.88663	0	0
4713	8.87864	0	0
4712	8.87066	0	0
4711	8.86268	0	0
4710	8.8547	0	0
4709	8.84672	0	0
4708	8.83875	0	0
4707	8.83078	0	0
4706	8.82281	0	0
4705	8.81484	0	0
4704	8.80687	0	0
4703	8.79891	0	0
4702	8.79095	0	0
4701	8.78299	0	0
4700	8.77503	0	0
4699	8.76708	0	0
4698	8.75912	0	0
4697	8.75117	0	0
4696	8.74323	0	0
4695	8.73528	0	0
4694	8.72733	0	0
4693	8.71939	0	0
4692	8.71145	0	0
4691	8.70351	0	0
4690	8.69558	0	0
4689	8.68765	0	0
4688	8.67971	0	0
4687	8.67178	0	0
4686	8.66386	0	0
4685	8.65593	0	0
4684	8.64801	0	0
4683	8.64009	0	0
4682	8.63217	0	0
4681	8.62425	0	0
4680	8.61634	0	0
4679	8.60843	0	0
4678	8.60051	0	0
4677	8.59261	0	0
4676	8.5847	0	0
4675	8.5768	0	0
4674	8.56889	0	0
4673	8.56099	0	0
4672	8.5531	0	0
4671	8.5452	0	0
4670	8.53731	0	0
4669	8.52941	0	0
4668	8.52152	0	0
4667	8.51364	0	0
4666	8.50575	0	0
4665	8.49787	0	0
4664	8.48999	0	0
4663	8.48211	0	0
4662	8.47423	0	0
4661	8.46635	0	0
4660	8.45848	0	0
4659	8.45061	0	0
4658	8.44274	0	0
4657	8.43487	0	0
4656	8.42701	0	0
4655	8.41914	0	0
4654	8.41128	0	0
4653	8.40342	0	0
4652	8.39557	0	0
4651	8.38771	0	0
4650	8.37986	0	0
4649	8.37201	0	0
4648	8.36416	0	0
4647	8.35631	0	0
4646	8.34847	0	0
4645	8.34062	0	0
4644	8.33278	0	0
4643	8.32494	0	0
4642	8.31711	0	0
4641	8.30927	0	0
4640	8.30144	0	0
4639	8.29361	0	0
4638	8.28578	0	0
4637	8.27795	0	0
4636	8.27013	0	0
4635	8.2623	0	0
4634	8.25448	0	0
4633	8.24666	0	0
4632	8.23884	0	0
4631	8.23103	0	0
4630	8.22322	0	0
4629	8.21541	0	0
4628	8.2076	0	0
4627	8.19979	0	0
4626	8.19198	0	0
4625	8.18418	0	0
4624	8.17638	0	0
4623	8.16858	0	0
4622	8.16078	0	0
4621	8.15299	0	0
4620	8.14519	0	0
4619	8.1374	0	0
4618	8.12961	0	0
4617	8.12182	0	0
4616	8.11404	0	0
4615	8.10625	0	0
4614	8.09847	0	0
4613	8.09069	0	0
4612	8.08292	0	0
4611	8.07514	0	0
4610	8.06737	0	0
4609	8.05959	0	0
4608	8.05182	0	0
4607	8.04406	0	0
4606	8.03629	0	0
4605	8.02852	0	0
4604	8.02076	0	0
4603	8.013	0	0
4602	8.00524	0	0
4601	7.99749	0	0
4600	7.98973	0	0
4599	7.98198	0	0
4598	7.97423	0	0
4597	7.96648	0	0
4596	7.95873	0	0
4595	7.95099	0	0
4594	7.94325	0	0
4593	7.9355	0	0
4592	7.92777	0	0
4591	7.92003	0	0
4590	7.91229	0	0
4589	7.90456	0	0
4588	7.89683	0	0
4587	7.8891	0	0
4586	7.88137	0	0
4585	7.87364	0	0
4584	7.86592	0	0
4583	7.8582	0	0
4582	7.85048	0	0
4581	7.84276	0	0
4580	7.83505	0	0
4579	7.82733	0	0
4578	7.81962	0	0
4577	7.81191	0	0
4576	7.8042	0	0
4575	7.79649	0	0
4574	7.78879	0	0
4573	7.78109	0	0
4572	7.77339	0	0
4571	7.76569	0	0
4570	7.75799	0	0
4569	7.75029	0	0
4568	7.7426	0	0
4567	7.73491	0	0
4566	7.72722	0	0
4565	7.71953	0	0
4564	7.71185	0	0
4563	7.70416	0	0
4562	7.69648	0	0
4561	7.6888	0	0
4560	7.68112	0	0
4559	7.67345	0	0
4558	7.66577	0	0
4557	7.6581	0	0
4556	7.65043	0	0
4555	7.64276	0	0
4554	7.6351	0	0
4553	7.62743	0	0
4552	7.61977	0	0
4551	7.61211	0	0
4550	7.60445	0	0
4549	7.59679	0	0
4548	7.58914	0	0
4547	7.58148	0	0
4546	7.57383	0	0
4545	7.56618	0	0
4544	7.55854	0	0
4543	7.55089	0	0
4542	7.54325	0	0
4541	7.5356	0	0
4540	7.52797	0	0
4539	7.52033	0	0
4538	7.51269	0	0
4537	7.50506	0	0
4536	7.49742	0	0
4535	7.48979	0	0
4534	7.48217	0	0
4533	7.47454	0	0
4532	7.46691	0	0
4531	7.45929	0	0
4530	7.45167	0	0
4529	7.44405	0	0
4528	7.43644	0	0
4527	7.42882	0	0
4526	7.42121	0	0
4525	7.4136	0	0
4524	7.40599	0	0
4523	7.39838	0	0
4522	7.39077	0	0
4521	7.38317	0	0
4520	7.37557	0	0
4519	7.36797	0	0
4518	7.36037	0	0
4517	7.35277	0	0
4516	7.34518	0	0
4515	7.33759	0	0
4514	7.33	0	0
4513	7.32241	0	0
4512	7.31482	0	0
4511	7.30724	0	0
4510	7.29966	0	0
4509	7.29208	0	0
4508	7.2845	0	0
4507	7.27692	0	0
4506	7.26935	0	0
4505	7.26177	0	0
4504	7.2542	0	0
4503	7.24663	0	0
4502	7.23907	0	0
4501	7.2315	0	0
4500	7.22394	0	0
4499	7.21638	0	0
4498	7.20882	0	0
4497	7.20126	0	0
4496	7.1937	0	0
4495	7.18615	0	0
4494	7.1786	0	0
4493	7.17105	0	0
4492	7.1635	0	0
4491	7.15595	0	0
4490	7.14841	0	0
4489	7.14087	0	0
4488	7.13333	0	0
4487	7.12579	0	0
4486	7.11825	0	0
4485	7.11072	0	0
4484	7.10319	0	0
4483	7.09566	0	0
4482	7.08813	0	0
4481	7.0806	0	0
4480	7.07308	0	0
4479	7.06556	0	0
4478	7.05804	0	0
4477	7.05052	0	0
4476	7.043	0	0
4475	7.03549	0	0
4474	7.02797	0	0
4473	7.02046	0	0
4472	7.01295	0	0
4471	7.00545	0	0
4470	6.99794	0	0
4469	6.99044	0	0
4468	6.98294	0	0
4467	6.97544	0	0
4466	6.96794	0	0
4465	6.96045	0	0
4464	6.95296	0	0
4463	6.94547	0	0
4462	6.93798	0	0
4461	6.93049	0	0
4460	6.923	0	0
4459	6.91552	0	0
4458	6.90804	0	0
4457	6.90056	0	0
4456	6.89309	0	0
4455	6.88561	0	0
4454	6.87814	0	0
4453	6.87067	0	0
4452	6.8632	0	0
4451	6.85573	0	0
4450	6.84827	0	0
4449	6.8408	0	0
4448	6.83334	0	0
4447	6.82588	0	0
4446	6.81843	0	0
4445	6.81097	0	0
4444	6.80352	0	0
4443	6.79607	0	0
4442	6.78862	0	0
4441	6.78117	0	0
4440	6.77373	0	0
4439	6.76629	0	0
4438	6.75885	0	0
4437	6.75141	0	0
4436	6.74397	0	0
4435	6.73654	0	0
4434	6.72911	0	0
4433	6.72167	0	0
4432	6.71425	0	0
4431	6.70682	0	0
4430	6.6994	0	0
4429	6.69197	0	0
4428	6.68456	0	0
4427	6.67714	0	0
4426	6.66972	0	0
4425	6.66231	0	0
4424	6.6549	0	0
4423	6.64749	0	0
4422	6.64008	0	0
4421	6.63267	0	0
4420	6.62527	0	0
4419	6.61787	0	0
4418	6.61047	0	0
4417	6.60307	0	0
4416	6.59568	0	0
4415	6.58829	0	0
4414	6.5809	0	0
4413	6.57351	0	0
4412	6.56612	0	0
4411	6.55874	0	0
4410	6.55136	0	0
4409	6.54398	0	0
4408	6.5366	0	0
4407	6.52922	0	0
4406	6.52185	0	0
4405	6.51448	0	0
4404	6.50711	0	0
4403	6.49974	0	0
4402	6.49238	0	0
4401	6.48501	0	0
4400	6.47765	0	0
4399	6.4703	0	0
4398	6.46294	0	0
4397	6.45559	0	0
4396	6.44823	0	0
4395	6.44088	0	0
4394	6.43354	0	0
4393	6.42619	0	0
4392	6.41885	0	0
4391	6.41151	0	0
4390	6.40417	0	0
4389	6.39683	0	0
4388	6.3895	0	0
4387	6.38217	0	0
4386	6.37484	0	0
4385	6.36751	0	0
4384	6.36018	0	0
4383	6.35286	0	0
4382	6.34554	0	0
4381	6.33822	0	0
4380	6.3309	0	0
4379	6.32359	0	0
4378	6.31628	0	0
4377	6.30897	0	0
4376	6.30166	0	0
4375	6.29436	0	0
4374	6.28705	0	0
4373	6.27975	0	0
4372	6.27245	0	0
4371	6.26516	0	0
4370	6.25786	0	0
4369	6.25057	0	0
4368	6.24328	0	0
4367	6.236	0	0
4366	6.22871	0	0
4365	6.22143	0	0
4364	6.21415	0	0
4363	6.20687	0	0
4362	6.1996	0	0
4361	6.19232	0	0
4360	6.18505	0	0
4359	6.17778	0	0
4358	6.17052	0	0
4357	6.16325	0	0
4356	6.15599	0	0
4355	6.14873	0	0
4354	6.14148	0	0
4353	6.13422	0	0
4352	6.12697	0	0
4351	6.11972	0	0
4350	6.11247	0	0
4349	6.10523	0	0
4348	6.09799	0	0
4347	6.09075	0	0
4346	6.08351	0	0
4345	6.07627	0	0
4344	6.06904	0	0
4343	6.06181	0	0
4342	6.05458	0	0
4341	6.04736	0	0
4340	6.04013	0	0
4339	6.03291	0	0
4338	6.0257	0	0
4337	6.01848	0	0
4336	6.01127	0	0
4335	6.00406	0	0
4334	5.99685	0	0
4333	5.98964	0	0
4332	5.98244	0	0
4331	5.97524	0	0
4330	5.96804	0	0
4329	5.96084	0	0
4328	5.95365	0	0
4327	5.94646	0	0
4326	5.93927	0	0
4325	5.93208	0	0
4324	5.9249	0	0
4323	5.91772	0	0
4322	5.91054	0	0
4321	5.90336	0	0
4320	5.89619	0	0
4319	5.88902	0	0
4318	5.88185	0	0
4317	5.87468	0	0
4316	5.86752	0	0
4315	5.86036	0	0
4314	5.8532	0	0
4313	5.84605	0	0
4312	5.83889	0	0
4311	5.83174	0	0
4310	5.82459	0	0
4309	5.81745	0	0
4308	5.81031	0	0
4307	5.80317	0	0
4306	5.79603	0	0
4305	5.78889	0	0
4304	5.78176	0	0
4303	5.77463	0	0
4302	5.7675	0	0
4301	5.76038	0	0
4300	5.75326	0	0
4299	5.74614	0	0
4298	5.73902	0	0
4297	5.73191	0	0
4296	5.7248	0	0
4295	5.71769	0	0
4294	5.71058	0	0
4293	5.70348	0	0
4292	5.69638	0	0
4291	5.68928	0	0
4290	5.68219	0	0
4289	5.6751	0	0
4288	5.66801	0	0
4287	5.66092	0	0
4286	5.65384	0	0
4285	5.64675	0	0
4284	5.63968	0	0
4283	5.6326	0	0
4282	5.62553	0	0
4281	5.61846	0	0
4280	5.61139	0	0
4279	5.60432	0	0
4278	5.59726	0	0
4277	5.5902	0	0
4276	5.58315	0	0
4275	5.57609	0	0
4274	5.56904	0	0
4273	5.56199	0	0
4272	5.55495	0	0
4271	5.54791	0	0
4270	5.54087	0	0
4269	5.53383	0	0
4268	5.5268	0	0
4267	5.51977	0	0
4266	5.51274	0	0
4265	5.50571	0	0
4264	5.49869	0	0
4263	5.49167	0	0
4262	5.48465	0	0
4261	5.47764	0	0
4260	5.47063	0	0
4259	5.46362	0	0
4258	5.45662	0	0
4257	5.44961	0	0
4256	5.44262	0	0
4255	5.43562	0	0
4254	5.42863	0	0
4253	5.42164	0	0
4252	5.41465	0	0
4251	5.40766	0	0
4250	5.40068	0	0
4249	5.3937	0	0
4248	5.38673	0	0
4247	5.37976	0	0
4246	5.37279	0	0
4245	5.36582	0	0
4244	5.35886	0	0
4243	5.3519	0	0
4242	5.34494	0	0
4241	5.33798	0	0
4240	5.33103	0	0
4239	5.32408	0	0
4238	5.31714	0	0
4237	5.3102	0	0
4236	5.30326	0	0
4235	5.29632	0	0
4234	5.28939	0	0
4233	5.28246	0	0
4232	5.27553	0	0
4231	5.26861	0	0
4230	5.26168	0	0
4229	5.25477	0	0
4228	5.24785	0	0
4227	5.24094	0	0
4226	5.23403	0	0
4225	5.22713	0	0
4224	5.22022	0	0
4223	5.21333	0	0
4222	5.20643	0	0
4221	5.19954	0	0
4220	5.19265	0	0
4219	5.18576	0	0
4218	5.17888	0	0
4217	5.172	0	0
4216	5.16512	0	0
4215	5.15825	0	0
4214	5.15138	0	0
4213	5.14451	0	0
4212	5.13765	0	0
4211	5.13078	0	0
4210	5.12393	0	0
4209	5.11707	0	0
4208	5.11022	0	0
4207	5.10337	0	0
4206	5.09653	0	0
4205	5.08969	0	0
4204	5.08285	0	0
4203	5.07601	0	0
4202	5.06918	0	0
4201	5.06235	0	0
4200	5.05553	0	0
4199	5.04871	0	0
4198	5.04189	0	0
4197	5.03507	0	0
4196	5.02826	0	0
4195	5.02145	0	0
4194	5.01465	0	0
4193	5.00785	0	0
4192	5.00105	0	0
4191	4.99425	0	0
4190	4.98746	0	0
4189	4.98067	0	0
4188	4.97389	0	0
4187	4.96711	0	0
4186	4.96033	0	0
4185	4.95355	0	0
4184	4.94678	0	0
4183	4.94001	0	0
4182	4.93325	0	0
4181	4.92649	0	0
4180	4.91973	0	0
4179	4.91297	0	0
4178	4.90622	0	0
4177	4.89947	0	0
4176	4.89273	0	0
4175	4.88599	0	0
4174	4.87925	0	0
4173	4.87252	0	0
4172	4.86579	0	0
4171	4.85906	0	0
4170	4.85233	0	0
4169	4.84561	0	0
4168	4.8389	0	0
4167	4.83218	0	0
4166	4.82547	0	0
4165	4.81877	0	0
4164	4.81206	0	0
4163	4.80536	0	0
4162	4.79867	0	0
4161	4.79198	0	0
4160	4.78529	0	0
4159	4.7786	0	0
4158	4.77192	0	0
4157	4.76524	0	0
4156	4.75857	0	0
4155	4.75189	0	0
4154	4.74523	0	0
4153	4.73856	0	0
4152	4.7319	0	0
4151	4.72524	0	0
4150	4.71859	0	0
4149	4.71194	0	0
4148	4.70529	0	0
4147	4.69865	0	0
4146	4.69201	0	0
4145	4.68537	0	0
4144	4.67874	0	0
4143	4.67211	0	0
4142	4.66549	0	0
4141	4.65886	0	0
4140	4.65225	0	0
4139	4.64563	0	0
4138	4.63902	0	0
4137	4.63241	0	0
4136	4.62581	0	0
4135	4.61921	0	0
4134	4.61261	0	0
4133	4.60602	0	0
4132	4.59943	0	0
4131	4.59284	0	0
4130	4.58626	0	0
4129	4.57968	0	0
4128	4.5731	0	0
4127	4.56653	0	0
4126	4.55996	0	0
4125	4.5534	0	0
4124	4.54684	0	0
4123	4.54028	0	0
4122	4.53373	0	0
4121	4.52718	0	0
4120	4.52063	0	0
4119	4.51409	0	0
4118	4.50755	0	0
4117	4.50101	0	0
4116	4.49448	0	0
4115	4.48795	0	0
4114	4.48143	0	0
4113	4.4749	0	0
4112	4.46839	0	0
4111	4.46187	0	0
4110	4.45536	0	0
4109	4.44885	0	0
4108	4.44235	0	0
4107	4.43585	0	0
4106	4.42935	0	0
4105	4.42286	0	0
4104	4.41637	0	0
4103	4.40989	0	0
4102	4.4034	0	0
4101	4.39692	0	0
4100	4.39045	0	0
4099	4.38398	0	0
4098	4.37751	0	0
4097	4.37105	0	0
4096	4.36459	0	0
4095	4.35813	0	0
4094	4.35167	0	0
4093	4.34522	0	0
4092	4.33878	0	0
4091	4.33234	0	0
4090	4.3259	0	0
4089	4.31946	0	0
4088	4.31303	0	0
4087	4.3066	0	0
4086	4.30017	0	0
4085	4.29375	0	0
4084	4.28733	0	0
4083	4.28092	0	0
4082	4.27451	0	0
4081	4.2681	0	0
4080	4.26169	0	0
4079	4.25529	0	0
4078	4.2489	0	0
4077	4.2425	0	0
4076	4.23611	0	0
4075	4.22972	0	0
4074	4.22334	0	0
4073	4.21696	0	0
4072	4.21058	0	0
4071	4.20421	0	0
4070	4.19784	0	0
4069	4.19147	0	0
4068	4.18511	0	0
4067	4.17875	0	0
4066	4.17239	0	0
4065	4.16604	0	0
4064	4.15969	0	0
4063	4.15334	0	0
4062	4.147	0	0
4061	4.14066	0	0
4060	4.13432	0	0
4059	4.12799	0	0
4058	4.12166	0	0
4057	4.11533	0	0
4056	4.10901	0	0
4055	4.10269	0	0
4054	4.09637	0	0
4053	4.09006	0	0
4052	4.08375	0	0
4051	4.07744	0	0
4050	4.07114	0	0
4049	4.06484	0	0
4048	4.05854	0	0
4047	4.05224	0	0
4046	4.04595	0	0
4045	4.03966	0	0
4044	4.03338	0	0
4043	4.02709	0	0
4042	4.02082	0	0
4041	4.01454	0	0
4040	4.00827	0	0
4039	4.002	0	0
4038	3.99573	0	0
4037	3.98946	0	0
4036	3.9832	0	0
4035	3.97694	0	0
4034	3.97069	0	0
4033	3.96444	0	0
4032	3.95819	0	0
4031	3.95194	0	0
4030	3.9457	0	0
4029	3.93945	0	0
4028	3.93322	0	0
4027	3.92698	0	0
4026	3.92075	0	0
4025	3.91452	0	0
4024	3.90829	0	0
4023	3.90207	0	0
4022	3.89584	0	0
4021	3.88962	0	0
4020	3.88341	0	0
4019	3.87719	0	0
4018	3.87098	0	0
4017	3.86477	0	0
4016	3.85857	0	0
4015	3.85236	0	0
4014	3.84616	0	0
4013	3.83996	0	0
4012	3.83377	0	0
4011	3.82757	0	0
4010	3.82138	0	0
4009	3.81519	0	0
4008	3.80901	0	0
4007	3.80282	0	0
4006	3.79664	0	0
4005	3.79046	0	0
4004	3.78428	0	0
4003	3.77811	0	0
4002	3.77193	0	0
4001	3.76576	0	0
4000	3.75959	0	0
3999	3.75343	0	0
3998	3.74726	0	0
3997	3.7411	0	0
3996	3.73494	0	0
3995	3.72878	0	0
3994	3.72262	0	0
3993	3.71647	0	0
3992	3.71032	0	0
3991	3.70417	0	0
3990	3.69802	0	0
3989	3.69187	0	0
3988	3.68572	0	0
3987	3.67958	0	0
3986	3.67344	0	0
3985	3.6673	0	0
3984	3.66116	0	0
3983	3.65502	0	0
3982	3.64889	0	0
3981	3.64275	0	0
3980	3.63662	0	0
3979	3.63049	0	0
3978	3.62436	0	0
3977	3.61823	0	0
3976	3.61211	0	0
3975	3.60598	0	0
3974	3.59986	0	0
3973	3.59374	0	0
3972	3.58761	0	0
3971	3.58149	0	0
3970	3.57538	0	0
3969	3.56926	0	0
3968	3.56314	0	0
3967	3.55703	0	0
3966	3.55091	0	0
3965	3.5448	0	0
3964	3.53869	0	0
3963	3.53258	0	0
3962	3.52647	0	0
3961	3.52036	0	0
3960	3.51425	0	0
3959	3.50814	0	0
3958	3.50203	0	0
3957	3.49593	0	0
3956	3.48982	0	0
3955	3.48371	0	0
3954	3.47761	0	0
3953	3.47151	0	0
3952	3.4654	0	0
3951	3.4593	0	0
3950	3.4532	0	0
3949	3.4471	0	0
3948	3.44099	0	0
3947	3.43489	0	0
3946	3.42879	0	0
3945	3.42269	0	0
3944	3.41659	0	0
3943	3.41049	0	0
3942	3.40439	0	0
3941	3.39829	0	0
3940	3.39219	0	0
3939	3.38609	0	0
3938	3.37999	0	0
3937	3.37389	0	0
3936	3.36779	0	0
3935	3.36169	0	0
3934	3.35559	0	0
3933	3.34949	0	0
3932	3.34339	0	0
3931	3.33729	0	0
3930	3.33119	0	0
3929	3.32509	0	0
3928	3.31898	0	0
3927	3.31288	0	0
3926	3.30678	0	0
3925	3.30068	0	0
3924	3.29457	0	0
3923	3.28847	0	0
3922	3.28236	0	0
3921	3.27626	0	0
3920	3.27015	0	0
3919	3.26404	0	0
3918	3.25794	0	0
3917	3.25183	0	0
3916	3.24572	0	0
3915	3.23961	0	0
3914	3.2335	0	0
3913	3.22738	0	0
3912	3.22127	0	0
3911	3.21516	0	0
3910	3.20904	0	0
3909	3.20293	0	0
3908	3.19681	0	0
3907	3.19069	0	0
3906	3.18457	0	0
3905	3.17845	0	0
3904	3.17233	0	0
3903	3.1662	0	0
3902	3.16008	0	0
3901	3.15395	0	0
3900	3.14782	0	0
3899	3.1417	0	0
3898	3.13556	0	0
3897	3.12943	0	0
3896	3.1233	0	0
3895	3.11716	0	0
3894	3.11103	0	0
3893	3.10489	0	0
3892	3.09875	0	0
3891	3.09261	0	0
3890	3.08647	0	0
3889	3.08032	0	0
3888	3.07418	0	0
3887	3.06803	0	0
3886	3.06188	0	0
3885	3.05573	0	0
3884	3.04957	0	0
3883	3.04342	0	0
3882	3.03726	0	0
3881	3.0311	0	0
3880	3.02494	0	0
3879	3.01878	0	0
3878	3.01262	0	0
3877	3.00645	0	0
3876	3.00028	0	0
3875	2.99411	0	0
3874	2.98794	0	0
3873	2.98176	0	0
3872	2.97559	0	0
3871	2.96941	0	0
3870	2.96323	0	0
3869	2.95705	0	0
3868	2.95086	0	0
3867	2.94468	0	0
3866	2.93849	0	0
3865	2.9323	0	0
3864	2.92611	0	0
3863	2.91991	0	0
3862	2.91372	0	0
3861	2.90752	0	0
3860	2.90132	0	0
3859	2.89512	0	0
3858	2.88891	0	0
3857	2.88271	0	0
3856	2.8765	0	0
3855	2.87029	0	0
3854	2.86408	0	0
3853	2.85786	0	0
3852	2.85165	0	0
3851	2.84543	0	0
3850	2.83921	0	0
3849	2.83299	0	0
3848	2.82677	0	0
3847	2.82054	0	0
3846	2.81431	0	0
3845	2.80809	0	0
3844	2.80186	0	0
3843	2.79562	0	0
3842	2.78939	0	0
3841	2.78316	0	0
3840	2.77692	0	0
3839	2.77068	0	0
3838	2.76444	0	0
3837	2.7582	0	0
3836	2.75196	0	0
3835	2.74572	0	0
3834	2.73947	0	0
3833	2.73323	0	0
3832	2.72698	0	0
3831	2.72073	0	0
3830	2.71449	0	0
3829	2.70824	0	0
3828	2.70199	0	0
3827	2.69574	0	0
3826	2.68948	0	0
3825	2.68323	0	0
3824	2.67698	0	0
3823	2.67073	0	0
3822	2.66447	0	0
3821	2.65822	0	0
3820	2.65196	0	0
3819	2.64571	0	0
3818	2.63945	0	0
3817	2.6332	0	0
3816	2.62695	0	0
3815	2.62069	0	0
3814	2.61444	0	0
3813	2.60818	0	0
3812	2.60193	0	0
3811	2.59568	0	0
3810	2.58943	0	0
3809	2.58318	0	0
3808	2.57693	0	0
3807	2.57068	0	0
3806	2.56443	0	0
3805	2.55819	0	0
3804	2.55194	0	0
3803	2.5457	0	0
3802	2.53946	0	0
3801	2.53322	0	0
3800	2.52699	0	0
3799	2.52075	0	0
3798	2.51452	0	0
3797	2.50829	0	0
3796	2.50206	0	0
3795	2.49584	0	0
3794	2.48962	0	0
3793	2.4834	0	0
3792	2.47718	0	0
3791	2.47097	0	0
3790	2.46476	0	0
3789	2.45856	0	0
3788	2.45236	0	0
3787	2.44616	0	0
3786	2.43997	0	0
3785	2.43378	0	0
3784	2.42759	0	0
3783	2.42141	0	0
3782	2.41524	0	0
3781	2.40907	0	0
3780	2.40291	0	0
3779	2.39675	0	0
3778	2.3906	0	0
3777	2.38445	0	0
3776	2.37831	0	0
3775	2.37217	0	0
3774	2.36605	0	0
3773	2.35992	0	0
3772	2.35381	0	0
3771	2.3477	0	0
3770	2.3416	0	0
3769	2.33551	0	0
3768	2.32942	0	0
3767	2.32335	0	0
3766	2.31728	0	0
3765	2.31122	0	0
3764	2.30517	0	0
3763	2.29913	0	0
3762	2.29309	0	0
3761	2.28707	0	0
3760	2.28105	0	0
3759	2.27505	0	0
3758	2.26906	0	0
3757	2.26307	0	0
3756	2.2571	0	0
3755	2.25114	0	0
3754	2.24519	0	0
3753	2.23925	0	0
3752	2.23333	0	0
3751	2.22741	0	0
3750	2.22151	0	0
3749	2.21562	0	0
3748	2.20975	0	0
3747	2.20388	0	0
3746	2.19804	0	0
3745	2.1922	0	0
3744	2.18638	0	0
3743	2.18058	0	0
3742	2.17479	0	0
3741	2.16901	0	0
3740	2.16326	0	0
3739	2.15751	0	0
3738	2.15179	0	0
3737	2.14608	0	0
3736	2.14039	0	0
3735	2.13472	0	0
3734	2.12907	0	0
3733	2.12343	0	0
3732	2.11782	0	0
3731	2.11222	0	0
3730	2.10665	0	0
3729	2.10109	0	0
3728	2.09556	0	0
3727	2.09005	0	0
3726	2.08456	0	0
3725	2.07909	0	0
3724	2.07365	0	0
3723	2.06823	0	0
3722	2.06283	0	0
3721	2.05746	0	0
3720	2.05212	0	0
3719	2.0468	0	0
3718	2.04151	0	0
3717	2.03624	0	0
3716	2.03101	0	0
3715	2.0258	0	0
3714	2.02063	0	0
3713	2.01548	0	0
3712	2.01036	0	0
3711	2.00528	0	0
3710	2.00023	0	0
3709	1.99521	0	0
3708	1.99023	0	0
3707	1.98528	0	0
3706	1.98037	0	0
3705	1.97549	0	0
3704	1.97065	0	0
3703	1.96585	0	0
3702	1.9611	0	0
3701	1.95638	0	0
3700	1.9517	0	0
3699	1.94707	0	0
3698	1.94248	0	0
3697	1.93794	0	0
3696	1.93344	0	0
3695	1.92899	0	0
3694	1.92459	0	0
3693	1.92024	0	0
3692	1.91595	0	0
3691	1.9117	0	0
3690	1.90751	0	0
3689	1.90338	0	0
3688	1.8993	0	0
3687	1.89528	0	0
3686	1.89132	0	0
3685	1.88743	0	0
3684	1.88359	0	0
3683	1.87983	0	0
3682	1.87613	0	0
3681	1.8725	0	0
3680	1.86894	0	0
3679	1.86545	0	0
3678	1.86204	0	0
3677	1.85871	0	0
3676	1.85545	0	0
3675	1.85227	0	0
3674	1.84918	0	0
3673	1.84617	0	0
3672	1.84325	0	0
3671	1.84042	0	0
3670	1.83769	0	0
3669	1.83504	0	0
3668	1.83249	0	0
3667	1.83004	0	0
3666	1.82769	0	0
3665	1.82545	0	0
3664	1.82331	0	0
3663	1.82127	0	0
3662	1.81935	0	0
3661	1.81754	0	0
3660	1.81585	0	0
3659	1.81427	0	0
3658	1.81281	0	0
3657	1.81146	0	0
3656	1.81025	0	0
3655	1.80915	0	0
3654	1.80818	0	0
3653	1.80734	0	0
3652	1.80662	0	0
3651	1.80604	0	0
3650	1.80558	0	0
3649	1.80525	0	0
3648	1.80505	0	0
3647	1.80498	0	0
3646	1.80503	0	0
3645	1.80521	0	0
3644	1.80552	0	0
3643	1.80594	0	0
3642	1.80648	0	0
3641	1.80714	0	0
3640	1.8079	0	0
3639	1.80877	0	0
3638	1.80973	0	0
3637	1.81078	0	0
3636	1.81191	0	0
3635	1.81312	0	0
3634	1.81438	0	0
3633	1.8157	0	0
3632	1.81706	0	0
3631	1.81844	0	0
3630	1.81983	0	0
3629	1.82122	0	0
3628	1.82259	0	0
3627	1.82393	0	0
3626	1.82521	0	0
3625	1.82642	0	0
3624	1.82754	0	0
3623	1.82855	0	0
3622	1.82943	0	0
3621	1.83016	0	0
3620	1.83073	0	0
3619	1.83112	0	0
3618	1.83129	0	0
3617	1.83125	0	0
3616	1.83097	0	0
3615	1.83044	0	0
3614	1.82964	0	0
3613	1.82856	0	0
3612	1.82718	0	0
3611	1.8255	0	0
3610	1.82352	0	0
3609	1.82121	0	0
3608	1.81859	0	0
3607	1.81564	0	0
3606	1.81237	0	0
3605	1.80877	0	0
3604	1.80484	0	0
3603	1.80059	0	0
3602	1.79602	0	0
3601	1.79113	0	0
3600	1.78593	0	0
3599	1.78042	0	0
3598	1.7746	0	0
3597	1.76848	0	0
3596	1.76206	0	0
3595	1.75535	0	0
3594	1.74834	0	0
3593	1.74104	0	0
3592	1.73345	0	0
3591	1.72557	0	0
3590	1.7174	0	0
3589	1.70895	0	0
3588	1.70021	0	0
3587	1.69119	0	0
3586	1.68189	0	0
3585	1.67231	0	0
3584	1.66247	0	0
3583	1.65236	0	0
3582	1.64199	0	0
3581	1.63138	0	0
3580	1.62054	0	0
3579	1.60948	0	0
3578	1.59822	0	0
3577	1.58678	0	0
3576	1.57517	0	0
3575	1.56341	0	0
3574	1.55153	0	0
3573	1.53955	0	0
3572	1.5275	0	0
3571	1.51538	0	0
3570	1.50324	0	0
3569	1.49108	0	0
3568	1.47893	0	0
3567	1.46681	0	0
3566	1.45474	0	0
3565	1.44275	0	0
3564	1.43083	0	0
3563	1.41902	0	0
3562	1.40732	0	0
3561	1.39575	0	0
3560	1.38431	0	0
3559	1.37303	0	0
3558	1.3619	0	0
3557	1.35093	0	0
3556	1.34014	0	0
3555	1.32951	0	0
3554	1.31907	0	0
3553	1.3088	0	0
3552	1.29872	0	0
3551	1.28882	0	0
3550	1.2791	0	0
3549	1.26956	0	0
3548	1.26021	0	0
3547	1.25104	0	0
3546	1.24204	0	0
3545	1.23323	0	0
3544	1.22458	0	0
3543	1.21611	0	0
3542	1.20781	0	0
3541	1.19968	0	0
3540	1.19171	0	0
3539	1.1839	0	0
3538	1.17625	0	0
3537	1.16875	0	0
3536	1.16141	0	0
3535	1.15421	0	0
3534	1.14716	0	0
3533	1.14025	0	0
3532	1.13348	0	0
3531	1.12685	0	0
3530	1.12036	0	0
3529	1.11399	0	0
3528	1.10776	0	0
3527	1.10165	0	0
3526	1.09567	0	0
3525	1.08981	0	0
3524	1.08407	0	0
3523	1.07845	0	0
3522	1.07295	0	0
3521	1.06756	0	0
3520	1.06229	0	0
3519	1.05713	0	0
3518	1.05208	0	0
3517	1.04715	0	0
3516	1.04232	0	0
3515	1.0376	0	0
3514	1.03298	0	0
3513	1.02848	0	0
3512	1.02408	0	0
3511	1.01978	0	0
3510	1.01559	0	0
3509	1.01151	0	0
3508	1.00753	0	0
3507	1.00365	0	0
3506	0.999879	0	0
3505	0.996214	0	0
3504	0.992654	0	0
3503	0.9892	0	0
3502	0.985853	0	0
3501	0.982613	0	0
3500	0.979481	0	0
3499	0.976458	0	0
3498	0.973545	0	0
3497	0.970743	0	0
3496	0.968054	0	0
3495	0.965479	0	0
3494	0.963019	0	0
3493	0.960676	0	0
3492	0.958452	0	0
3491	0.95635	0	0
3490	0.95437	0	0
3489	0.952515	0	0
3488	0.950787	0	0
3487	0.94919	0	0
3486	0.947724	0	0
3485	0.946394	0	0
3484	0.945202	0	0
3483	0.94415	0	0
3482	0.943242	0	0
3481	0.942482	0	0
3480	0.941871	0	0
3479	0.941415	0	0
3478	0.941115	0	0
3477	0.940976	0	0
3476	0.941001	0	0
3475	0.941194	0	0
3474	0.941559	0	0
3473	0.9421	0	0
3472	0.942819	0	0
3471	0.943721	0	0
3470	0.94481	0	0
3469	0.94609	0	0
3468	0.947562	0	0
3467	0.949232	0	0
3466	0.951101	0	0
3465	0.953174	0	0
3464	0.955451	0	0
3463	0.957935	0	0
3462	0.960628	0	0
3461	0.96353	0	0
3460	0.966642	0	0
3459	0.969962	0	0
3458	0.97349	0	0
3457	0.977223	0	0
3456	0.981157	0	0
3455	0.985286	0	0
3454	0.989604	0	0
3453	0.994103	0	0
3452	0.998772	0	0
3451	1.0036	0	0
3450	1.00857	0	0
3449	1.01367	0	0
3448	1.01887	0	0
3447	1.02417	0	0
3446	1.02952	0	0
3445	1.0349	0	0
3444	1.04029	0	0
3443	1.04564	0	0
3442	1.05092	0	0
3441	1.0561	0	0
3440	1.06112	0	0
3439	1.06595	0	0
3438	1.07054	0	0
3437	1.07483	0	0
3436	1.07878	0	0
3435	1.08234	0	0
3434	1.08545	0	0
3433	1.08807	0	0
3432	1.09014	0	0
3431	1.09163	0	0
3430	1.09248	0	0
3429	1.09267	0	0
3428	1.09215	0	0
3427	1.0909	0	0
3426	1.0889	0	0
3425	1.08613	0	0
3424	1.08259	0	0
3423	1.07828	0	0
3422	1.07321	0	0
3421	1.06739	0	0
3420	1.06084	0	0
3419	1.05361	0	0
3418	1.04571	0	0
3417	1.03721	0	0
3416	1.02814	0	0
3415	1.01856	0	0
3414	1.00853	0	0
3413	0.998158	0	0
3412	0.98752	0	0
3411	0.97682	0	0
3410	0.965846	0	0
3409	0.954652	0	0
3408	0.943288	0	0
3407	0.9318	0	0
3406	0.920235	0	0
3405	0.908635	0	0
3404	0.897037	0	0
3403	0.885477	0	0
3402	0.873987	0	0
3401	0.862595	0	0
3400	0.851327	0	0
3399	0.840205	0	0
3398	0.829246	0	0
3397	0.818469	0	0
3396	0.807886	0	0
3395	0.797507	0	0
3394	0.787343	0	0
3393	0.777398	0	0
3392	0.76768	0	0
3391	0.758189	0	0
3390	0.748929	0	0
3389	0.7399	0	0
3388	0.7311	0	0
3387	0.722529	0	0
3386	0.714184	0	0
3385	0.706062	0	0
3384	0.698158	0	0
3383	0.690469	0	0
3382	0.68299	0	0
3381	0.675716	0	0
3380	0.668642	0	0
3379	0.661761	0	0
3378	0.655069	0	0
3377	0.64856	0	0
3376	0.642228	0	0
3375	0.636068	0	0
3374	0.630072	0	0
3373	0.624237	0	0
3372	0.618556	0	0
3371	0.613024	0	0
3370	0.607635	0	0
3369	0.602384	0	0
3368	0.597266	0	0
3367	0.592275	0	0
3366	0.587407	0	0
3365	0.582657	0	0
3364	0.57802	0	0
3363	0.573491	0	0
3362	0.569066	0	0
3361	0.564741	0	0
3360	0.560512	0	0
3359	0.556375	0	0
3358	0.552325	0	0
3357	0.548359	0	0
3356	0.544474	0	0
3355	0.540666	0	0
3354	0.53693	0	0
3353	0.533266	0	0
3352	0.529668	0	0
3351	0.526134	0	0
3350	0.522661	0	0
3349	0.519247	0	0
3348	0.515888	0	0
3347	0.512581	0	0
3346	0.509326	0	0
3345	0.506118	0	0
3344	0.502955	0	0
3343	0.499836	0	0
3342	0.496758	0	0
3341	0.493719	0	0
3340	0.490717	0	0
3339	0.48775	0	0
3338	0.484816	0	0
3337	0.481913	0	0
3336	0.47904	0	0
3335	0.476195	0	0
3334	0.473376	0	0
3333	0.470583	0	0
3332	0.467812	0	0
3331	0.465064	0	0
3330	0.462337	0	0
3329	0.459629	0	0
3328	0.456939	0	0
3327	0.454266	0	0
3326	0.45161	0	0
3325	0.448968	0	0
3324	0.44634	0	0
3323	0.443726	0	0
3322	0.441124	0	0
3321	0.438533	0	0
3320	0.435954	0	0
3319	0.433384	0	0
3318	0.430824	0	0
3317	0.428273	0	0
3316	0.42573	0	0
3315	0.423195	0	0
3314	0.420668	0	0
3313	0.418147	0	0
3312	0.415634	0	0
3311	0.413127	0	0
3310	0.410627	0	0
3309	0.408133	0	0
3308	0.405645	0	0
3307	0.403163	0	0
3306	0.400687	0	0
3305	0.398218	0	0
3304	0.395755	0	0
3303	0.393298	0	0
3302	0.390849	0	0
3301	0.388406	0	0
3300	0.38597	0	0
3299	0.383542	0	0
3298	0.381122	0	0
3297	0.378711	0	0
3296	0.376308	0	0
3295	0.373916	0	0
3294	0.371533	0	0
3293	0.369161	0	0
3292	0.366801	0	0
3291	0.364453	0	0
3290	0.362118	0	0
3289	0.359797	0	0
3288	0.357491	0	0
3287	0.3552	0	0
3286	0.352926	0	0
3285	0.35067	0	0
3284	0.348432	0	0
3283	0.346214	0	0
3282	0.344017	0	0
3281	0.341842	0	0
3280	0.33969	0	0
3279	0.337563	0	0
3278	0.335461	0	0
3277	0.333387	0	0
3276	0.331341	0	0
3275	0.329325	0	0
3274	0.327339	0	0
3273	0.325387	0	0
3272	0.323469	0	0
3271	0.321586	0	0
3270	0.31974	0	0
3269	0.317934	0	0
3268	0.316167	0	0
3267	0.314442	0	0
3266	0.312761	0	0
3265	0.311125	0	0
3264	0.309536	0	0
3263	0.307995	0	0
3262	0.306504	0	0
3261	0.305065	0	0
3260	0.303679	0	0
3259	0.302348	0	0
3258	0.301075	0	0
3257	0.299859	0	0
3256	0.298704	0	0
3255	0.297609	0	0
3254	0.296578	0	0
3253	0.295612	0	0
3252	0.294711	0	0
3251	0.293878	0	0
3250	0.293113	0	0
3249	0.292418	0	0
3248	0.291793	0	0
3247	0.29124	0	0
3246	0.290759	0	0
3245	0.29035	0	0
3244	0.290015	0	0
3243	0.289753	0	0
3242	0.289563	0	0
3241	0.289446	0	0
3240	0.2894	0	0
3239	0.289424	0	0
3238	0.289517	0	0
3237	0.289677	0	0
3236	0.2899	0	0
3235	0.290185	0	0
3234	0.290526	0	0
3233	0.29092	0	0
3232	0.291362	0	0
3231	0.291846	0	0
3230	0.292366	0	0
3229	0.292913	0	0
3228	0.293481	0	0
3227	0.294059	0	0
3226	0.294637	0	0
3225	0.295205	0	0
3224	0.295752	0	0
3223	0.296262	0	0
3222	0.296725	0	0
3221	0.297123	0	0
3220	0.297443	0	0
3219	0.297668	0	0
3218	0.297781	0	0
3217	0.297766	0	0
3216	0.297605	0	0
3215	0.29728	0	0
3214	0.296775	0	0
3213	0.296072	0	0
3212	0.295154	0	0
3211	0.294008	0	0
3210	0.292617	0	0
3209	0.290969	0	0
3208	0.289053	0	0
3207	0.286859	0	0
3206	0.28438	0	0
3205	0.281608	0	0
3204	0.278542	0	0
3203	0.275179	0	0
3202	0.271522	0	0
3201	0.267578	0	0
3200	0.263359	0	0
3199	0.258876	0	0
3198	0.254146	0	0
3197	0.249185	0	0
3196	0.244012	0	0
3195	0.238649	0	0
3194	0.233117	0	0
3193	0.227438	0	0
3192	0.221637	0	0
3191	0.215735	0	0
3190	0.209755	0	0
3189	0.203721	0	0
3188	0.197653	0	0
3187	0.191573	0	0
3186	0.185499	0	0
3185	0.179451	0	0
3184	0.173445	0	0
3183	0.167496	0	0
3182	0.161618	0	0
3181	0.155824	0	0
3180	0.150124	0	0
3179	0.144528	0	0
3178	0.139044	0	0
3177	0.133679	0	0
3176	0.128437	0	0
3175	0.123325	0	0
3174	0.118344	0	0
3173	0.113497	0	0
3172	0.108786	0	0
3171	0.104211	0	0
3170	0.0997723	0	0
3169	0.0954696	0	0
3168	0.0913015	0	0
3167	0.0872667	0	0
3166	0.0833631	0	0
3165	0.0795886	0	0
3164	0.0759407	0	0
3163	0.0724166	0	0
3162	0.0690137	0	0
3161	0.0657288	0	0
3160	0.0625589	0	0
3159	0.059501	0	0
3158	0.0565519	0	0
3157	0.0537084	0	0
3156	0.0509674	0	0
3155	0.0483259	0	0
3154	0.0457807	0	0
3153	0.0433289	0	0
3152	0.0409675	0	0
3151	0.0386938	0	0
3150	0.0365049	0	0
3149	0.0343981	0	0
3148	0.032371	0	0
3147	0.0304209	0	0
3146	0.0285455	0	0
3145	0.0267424	0	0
3144	0.0250096	0	0
3143	0.0233448	0	0
3142	0.0217461	0	0
3141	0.0202115	0	0
3140	0.0187393	0	0
3139	0.0173278	0	0
3138	0.0159753	0	0
3137	0.0146803	0	0
3136	0.0134415	0	0
3135	0.0122575	0	0
3134	0.011127	0	0
3133	0.0100491	0	0
3132	0.00902271	0	0
3131	0.00804697	0	0
3130	0.00712116	0	0
3129	0.0062447	0	0
3128	0.00541717	0	0
3127	0.00463834	0	0
3126	0.00390825	0	0
3125	0.00322721	0	0
3124	0.00259595	0	0
3123	0.00201577	0	0
3122	0.00148876	0	0
3121	0.00101835	0	0
3120	0.000610379	0	0
3119	0.000275978	0	0
3118	5.08934e-05	0	0
3117	0	0	0
3116	0	0	0
3115	0	0	0
3114	0	0	0
3113	0	0	0
3112	0	0	0
3111	0	0	0
3110	0	0	0
3109	0	0	0
3108	0	0	0
3107	0	0	0
3106	0	0	0
3105	0	0	0
3104	0	0	0
3103	0	0	0
3102	0	0	0
3101	0	0	0
3100	0	0	0
3099	0	0	0
3098	0	0	0
3097	0	0	0
3096	0	0	0
3095	0	0	0
3094	0	0	0
3093	0	0	0
3092	0	0	0
3091	0	0	0
3090	0	0	0
3089	0	0	0
3088	0	0	0
3087	0	0	0
3086	0	0	0
3085	0	0	0
3084	0	0	0
3083	0	0	0
3082	0	0	0
3081	0	0	0
3080	0	0	0
3079	0	0	0
3078	0	0	0
3077	0	0	0
3076	0	0	0
3075	0	0	0
3074	0	0	0
3073	0	0	0
3072	0	0	0
3071	0	0	0
3070	0	0	0
3069	0	0	0
3068	0	0	0
3067	0	0	0
3066	0	0	0
3065	0	0	0
3064	0	0	0
3063	0	0	0
3062	0	0	0
3061	0	0	0
3060	0	0	0
3059	0	0	0
3058	0	0	0
3057	0	0	0
3056	0	0	0
3055	0	0	0
3054	0	0	0
3053	0	0	0
3052	0	0	0
3051	0	0	0
3050	0	0	0
3049	0	0	0
3048	0	0	0
3047	0	0	0
3046	0	0	0
3045	0	0	0
3044	0	0	0
3043	0	0	0
3042	0	0	0
