7379	166.289	0	0
7378	164.136	0	0
7377	162.543	0	0
7376	161.22	0	0
7375	160.067	0	0
7374	159.033	0	0
7373	158.09	0	0
7372	157.219	0	0
7371	156.405	0	0
7370	155.64	0	0
7369	154.917	0	0
7368	154.229	0	0
7367	153.572	0	0
7366	152.943	0	0
7365	152.338	0	0
7364	151.755	0	0
7363	151.192	0	0
7362	150.648	0	0
7361	150.12	0	0
7360	149.607	0	0
7359	149.108	0	0
7358	148.623	0	0
7357	148.15	0	0
7356	147.687	0	0
7355	147.236	0	0
7354	146.795	0	0
7353	146.362	0	0
7352	145.939	0	0
7351	145.524	0	0
7350	145.117	0	0
7349	144.718	0	0
7348	144.325	0	0
7347	143.94	0	0
7346	143.561	0	0
7345	143.188	0	0
7344	142.821	0	0
7343	142.46	0	0
7342	142.104	0	0
7341	141.753	0	0
7340	141.407	0	0
7339	141.067	0	0
7338	140.731	0	0
7337	140.399	0	0
7336	140.072	0	0
7335	139.748	0	0
7334	139.429	0	0
7333	139.114	0	0
7332	138.803	0	0
7331	138.495	0	0
7330	138.191	0	0
7329	137.89	0	0
7328	137.593	0	0
7327	137.299	0	0
7326	137.008	0	0
7325	136.72	0	0
7324	136.435	0	0
7323	136.153	0	0
7322	135.874	0	0
7321	135.597	0	0
7320	135.324	0	0
7319	135.053	0	0
7318	134.784	0	0
7317	134.518	0	0
7316	134.255	0	0
7315	133.993	0	0
7314	133.735	0	0
7313	133.478	0	0
7312	133.224	0	0
7311	132.972	0	0
7310	132.722	0	0
7309	132.474	0	0
7308	132.228	0	0
7307	131.985	0	0
7306	131.743	0	0
7305	131.503	0	0
7304	131.265	0	0
7303	131.029	0	0
7302	130.795	0	0
7301	130.562	0	0
7300	130.332	0	0
7299	130.103	0	0
7298	129.876	0	0
7297	129.65	0	0
7296	129.426	0	0
7295	129.204	0	0
7294	128.983	0	0
7293	128.764	0	0
7292	128.546	0	0
7291	128.33	0	0
7290	128.116	0	0
7289	127.903	0	0
7288	127.691	0	0
7287	127.481	0	0
7286	127.272	0	0
7285	127.064	0	0
7284	126.858	0	0
7283	126.653	0	0
7282	126.45	0	0
7281	126.248	0	0
7280	126.047	0	0
7279	125.847	0	0
7278	125.649	0	0
7277	125.452	0	0
7276	125.256	0	0
7275	125.061	0	0
7274	124.867	0	0
7273	124.675	0	0
7272	124.484	0	0
7271	124.294	0	0
7270	124.105	0	0
7269	123.917	0	0
7268	123.73	0	0
7267	123.544	0	0
7266	123.359	0	0
7265	123.176	0	0
7264	122.993	0	0
7263	122.812	0	0
7262	122.631	0	0
7261	122.451	0	0
7260	122.273	0	0
7259	122.095	0	0
7258	121.919	0	0
7257	121.743	0	0
7256	121.568	0	0
7255	121.395	0	0
7254	121.222	0	0
7253	121.05	0	0
7252	120.879	0	0
7251	120.708	0	0
7250	120.539	0	0
7249	120.371	0	0
7248	120.203	0	0
7247	120.036	0	0
7246	119.871	0	0
7245	119.706	0	0
7244	119.541	0	0
7243	119.378	0	0
7242	119.216	0	0
7241	119.054	0	0
7240	118.893	0	0
7239	118.733	0	0
7238	118.573	0	0
7237	118.415	0	0
7236	118.257	0	0
7235	118.1	0	0
7234	117.943	0	0
7233	117.788	0	0
7232	117.633	0	0
7231	117.479	0	0
7230	117.325	0	0
7229	117.172	0	0
7228	117.02	0	0
7227	116.869	0	0
7226	116.719	0	0
7225	116.569	0	0
7224	116.419	0	0
7223	116.271	0	0
7222	116.123	0	0
7221	115.976	0	0
7220	115.829	0	0
7219	115.683	0	0
7218	115.538	0	0
7217	115.393	0	0
7216	115.249	0	0
7215	115.106	0	0
7214	114.963	0	0
7213	114.821	0	0
7212	114.679	0	0
7211	114.538	0	0
7210	114.398	0	0
7209	114.258	0	0
7208	114.119	0	0
7207	113.981	0	0
7206	113.843	0	0
7205	113.705	0	0
7204	113.569	0	0
7203	113.432	0	0
7202	113.297	0	0
7201	113.162	0	0
7200	113.027	0	0
7199	112.893	0	0
7198	112.76	0	0
7197	112.627	0	0
7196	112.494	0	0
7195	112.362	0	0
7194	112.231	0	0
7193	112.1	0	0
7192	111.97	0	0
7191	111.84	0	0
7190	111.711	0	0
7189	111.582	0	0
7188	111.454	0	0
7187	111.326	0	0
7186	111.199	0	0
7185	111.073	0	0
7184	110.946	0	0
7183	110.821	0	0
7182	110.695	0	0
7181	110.571	0	0
7180	110.446	0	0
7179	110.322	0	0
7178	110.199	0	0
7177	110.076	0	0
7176	109.954	0	0
7175	109.832	0	0
7174	109.71	0	0
7173	109.589	0	0
7172	109.469	0	0
7171	109.348	0	0
7170	109.229	0	0
7169	109.109	0	0
7168	108.991	0	0
7167	108.872	0	0
7166	108.754	0	0
7165	108.637	0	0
7164	108.52	0	0
7163	108.403	0	0
7162	108.287	0	0
7161	108.171	0	0
7160	108.055	0	0
7159	107.94	0	0
7158	107.826	0	0
7157	107.712	0	0
7156	107.598	0	0
7155	107.484	0	0
7154	107.371	0	0
7153	107.259	0	0
7152	107.147	0	0
7151	107.035	0	0
7150	106.923	0	0
7149	106.812	0	0
7148	106.702	0	0
7147	106.591	0	0
7146	106.482	0	0
7145	106.372	0	0
7144	106.263	0	0
7143	106.154	0	0
7142	106.046	0	0
7141	105.938	0	0
7140	105.83	0	0
7139	105.723	0	0
7138	105.616	0	0
7137	105.509	0	0
7136	105.403	0	0
7135	105.297	0	0
7134	105.192	0	0
7133	105.087	0	0
7132	104.982	0	0
7131	104.877	0	0
7130	104.773	0	0
7129	104.669	0	0
7128	104.566	0	0
7127	104.463	0	0
7126	104.36	0	0
7125	104.258	0	0
7124	104.155	0	0
7123	104.054	0	0
7122	103.952	0	0
7121	103.851	0	0
7120	103.75	0	0
7119	103.65	0	0
7118	103.55	0	0
7117	103.45	0	0
7116	103.35	0	0
7115	103.251	0	0
7114	103.152	0	0
7113	103.054	0	0
7112	102.955	0	0
7111	102.857	0	0
7110	102.76	0	0
7109	102.662	0	0
7108	102.565	0	0
7107	102.469	0	0
7106	102.372	0	0
7105	102.276	0	0
7104	102.18	0	0
7103	102.085	0	0
7102	101.989	0	0
7101	101.894	0	0
7100	101.8	0	0
7099	101.705	0	0
7098	101.611	0	0
7097	101.518	0	0
7096	101.424	0	0
7095	101.331	0	0
7094	101.238	0	0
7093	101.145	0	0
7092	101.053	0	0
7091	100.961	0	0
7090	100.869	0	0
7089	100.777	0	0
7088	100.686	0	0
7087	100.595	0	0
7086	100.504	0	0
7085	100.413	0	0
7084	100.323	0	0
7083	100.233	0	0
7082	100.144	0	0
7081	100.054	0	0
7080	99.9649	0	0
7079	99.876	0	0
7078	99.7873	0	0
7077	99.6989	0	0
7076	99.6107	0	0
7075	99.5228	0	0
7074	99.4352	0	0
7073	99.3478	0	0
7072	99.2607	0	0
7071	99.1738	0	0
7070	99.0871	0	0
7069	99.0007	0	0
7068	98.9146	0	0
7067	98.8287	0	0
7066	98.743	0	0
7065	98.6576	0	0
7064	98.5724	0	0
7063	98.4875	0	0
7062	98.4028	0	0
7061	98.3183	0	0
7060	98.2341	0	0
7059	98.1501	0	0
7058	98.0663	0	0
7057	97.9828	0	0
7056	97.8995	0	0
7055	97.8165	0	0
7054	97.7336	0	0
7053	97.651	0	0
7052	97.5686	0	0
7051	97.4865	0	0
7050	97.4046	0	0
7049	97.3229	0	0
7048	97.2414	0	0
7047	97.1602	0	0
7046	97.0791	0	0
7045	96.9983	0	0
7044	96.9177	0	0
7043	96.8373	0	0
7042	96.7572	0	0
7041	96.6772	0	0
7040	96.5975	0	0
7039	96.518	0	0
7038	96.4387	0	0
7037	96.3596	0	0
7036	96.2808	0	0
7035	96.2021	0	0
7034	96.1236	0	0
7033	96.0454	0	0
7032	95.9674	0	0
7031	95.8895	0	0
7030	95.8119	0	0
7029	95.7345	0	0
7028	95.6573	0	0
7027	95.5802	0	0
7026	95.5034	0	0
7025	95.4268	0	0
7024	95.3504	0	0
7023	95.2742	0	0
7022	95.1982	0	0
7021	95.1224	0	0
7020	95.0467	0	0
7019	94.9713	0	0
7018	94.8961	0	0
7017	94.8211	0	0
7016	94.7462	0	0
7015	94.6716	0	0
7014	94.5971	0	0
7013	94.5228	0	0
7012	94.4488	0	0
7011	94.3749	0	0
7010	94.3012	0	0
7009	94.2277	0	0
7008	94.1543	0	0
7007	94.0812	0	0
7006	94.0083	0	0
7005	93.9355	0	0
7004	93.8629	0	0
7003	93.7905	0	0
7002	93.7183	0	0
7001	93.6462	0	0
7000	93.5744	0	0
6999	93.5027	0	0
6998	93.4312	0	0
6997	93.3599	0	0
6996	93.2887	0	0
6995	93.2178	0	0
6994	93.147	0	0
6993	93.0764	0	0
6992	93.0059	0	0
6991	92.9357	0	0
6990	92.8656	0	0
6989	92.7956	0	0
6988	92.7259	0	0
6987	92.6563	0	0
6986	92.5869	0	0
6985	92.5177	0	0
6984	92.4486	0	0
6983	92.3797	0	0
6982	92.3109	0	0
6981	92.2424	0	0
6980	92.174	0	0
6979	92.1057	0	0
6978	92.0377	0	0
6977	91.9698	0	0
6976	91.902	0	0
6975	91.8344	0	0
6974	91.767	0	0
6973	91.6998	0	0
6972	91.6327	0	0
6971	91.5657	0	0
6970	91.499	0	0
6969	91.4323	0	0
6968	91.3659	0	0
6967	91.2996	0	0
6966	91.2334	0	0
6965	91.1675	0	0
6964	91.1016	0	0
6963	91.036	0	0
6962	90.9704	0	0
6961	90.9051	0	0
6960	90.8399	0	0
6959	90.7748	0	0
6958	90.7099	0	0
6957	90.6451	0	0
6956	90.5805	0	0
6955	90.5161	0	0
6954	90.4518	0	0
6953	90.3876	0	0
6952	90.3236	0	0
6951	90.2598	0	0
6950	90.1961	0	0
6949	90.1325	0	0
6948	90.0691	0	0
6947	90.0058	0	0
6946	89.9427	0	0
6945	89.8797	0	0
6944	89.8169	0	0
6943	89.7542	0	0
6942	89.6916	0	0
6941	89.6292	0	0
6940	89.567	0	0
6939	89.5049	0	0
6938	89.4429	0	0
6937	89.381	0	0
6936	89.3193	0	0
6935	89.2578	0	0
6934	89.1964	0	0
6933	89.1351	0	0
6932	89.0739	0	0
6931	89.0129	0	0
6930	88.9521	0	0
6929	88.8913	0	0
6928	88.8308	0	0
6927	88.7703	0	0
6926	88.71	0	0
6925	88.6498	0	0
6924	88.5897	0	0
6923	88.5298	0	0
6922	88.47	0	0
6921	88.4104	0	0
6920	88.3508	0	0
6919	88.2915	0	0
6918	88.2322	0	0
6917	88.1731	0	0
6916	88.1141	0	0
6915	88.0552	0	0
6914	87.9965	0	0
6913	87.9379	0	0
6912	87.8794	0	0
6911	87.821	0	0
6910	87.7628	0	0
6909	87.7047	0	0
6908	87.6467	0	0
6907	87.5889	0	0
6906	87.5312	0	0
6905	87.4736	0	0
6904	87.4161	0	0
6903	87.3587	0	0
6902	87.3015	0	0
6901	87.2444	0	0
6900	87.1875	0	0
6899	87.1306	0	0
6898	87.0739	0	0
6897	87.0173	0	0
6896	86.9608	0	0
6895	86.9044	0	0
6894	86.8482	0	0
6893	86.792	0	0
6892	86.736	0	0
6891	86.6802	0	0
6890	86.6244	0	0
6889	86.5687	0	0
6888	86.5132	0	0
6887	86.4578	0	0
6886	86.4025	0	0
6885	86.3473	0	0
6884	86.2923	0	0
6883	86.2373	0	0
6882	86.1825	0	0
6881	86.1278	0	0
6880	86.0732	0	0
6879	86.0187	0	0
6878	85.9643	0	0
6877	85.9101	0	0
6876	85.8559	0	0
6875	85.8019	0	0
6874	85.748	0	0
6873	85.6942	0	0
6872	85.6405	0	0
6871	85.5869	0	0
6870	85.5334	0	0
6869	85.4801	0	0
6868	85.4268	0	0
6867	85.3737	0	0
6866	85.3207	0	0
6865	85.2677	0	0
6864	85.2149	0	0
6863	85.1622	0	0
6862	85.1096	0	0
6861	85.0571	0	0
6860	85.0048	0	0
6859	84.9525	0	0
6858	84.9003	0	0
6857	84.8483	0	0
6856	84.7963	0	0
6855	84.7445	0	0
6854	84.6927	0	0
6853	84.6411	0	0
6852	84.5896	0	0
6851	84.5381	0	0
6850	84.4868	0	0
6849	84.4356	0	0
6848	84.3845	0	0
6847	84.3335	0	0
6846	84.2826	0	0
6845	84.2318	0	0
6844	84.1811	0	0
6843	84.1305	0	0
6842	84.08	0	0
6841	84.0296	0	0
6840	83.9793	0	0
6839	83.9291	0	0
6838	83.879	0	0
6837	83.829	0	0
6836	83.7791	0	0
6835	83.7293	0	0
6834	83.6796	0	0
6833	83.63	0	0
6832	83.5805	0	0
6831	83.5311	0	0
6830	83.4817	0	0
6829	83.4325	0	0
6828	83.3834	0	0
6827	83.3344	0	0
6826	83.2855	0	0
6825	83.2367	0	0
6824	83.1879	0	0
6823	83.1393	0	0
6822	83.0908	0	0
6821	83.0423	0	0
6820	82.994	0	0
6819	82.9457	0	0
6818	82.8976	0	0
6817	82.8495	0	0
6816	82.8015	0	0
6815	82.7536	0	0
6814	82.7059	0	0
6813	82.6582	0	0
6812	82.6106	0	0
6811	82.563	0	0
6810	82.5156	0	0
6809	82.4683	0	0
6808	82.4211	0	0
6807	82.3739	0	0
6806	82.3269	0	0
6805	82.2799	0	0
6804	82.233	0	0
6803	82.1863	0	0
6802	82.1396	0	0
6801	82.093	0	0
6800	82.0464	0	0
6799	82	0	0
6798	81.9537	0	0
6797	81.9074	0	0
6796	81.8613	0	0
6795	81.8152	0	0
6794	81.7692	0	0
6793	81.7233	0	0
6792	81.6775	0	0
6791	81.6318	0	0
6790	81.5861	0	0
6789	81.5406	0	0
6788	81.4951	0	0
6787	81.4497	0	0
6786	81.4044	0	0
6785	81.3592	0	0
6784	81.3141	0	0
6783	81.2691	0	0
6782	81.2241	0	0
6781	81.1792	0	0
6780	81.1344	0	0
6779	81.0897	0	0
6778	81.0451	0	0
6777	81.0006	0	0
6776	80.9561	0	0
6775	80.9117	0	0
6774	80.8675	0	0
6773	80.8232	0	0
6772	80.7791	0	0
6771	80.7351	0	0
6770	80.6911	0	0
6769	80.6472	0	0
6768	80.6034	0	0
6767	80.5597	0	0
6766	80.5161	0	0
6765	80.4725	0	0
6764	80.429	0	0
6763	80.3856	0	0
6762	80.3423	0	0
6761	80.2991	0	0
6760	80.2559	0	0
6759	80.2128	0	0
6758	80.1698	0	0
6757	80.1269	0	0
6756	80.084	0	0
6755	80.0413	0	0
6754	79.9986	0	0
6753	79.956	0	0
6752	79.9134	0	0
6751	79.871	0	0
6750	79.8286	0	0
6749	79.7863	0	0
6748	79.7441	0	0
6747	79.7019	0	0
6746	79.6598	0	0
6745	79.6178	0	0
6744	79.5759	0	0
6743	79.534	0	0
6742	79.4923	0	0
6741	79.4506	0	0
6740	79.4089	0	0
6739	79.3674	0	0
6738	79.3259	0	0
6737	79.2845	0	0
6736	79.2432	0	0
6735	79.2019	0	0
6734	79.1607	0	0
6733	79.1196	0	0
6732	79.0786	0	0
6731	79.0376	0	0
6730	78.9967	0	0
6729	78.9559	0	0
6728	78.9152	0	0
6727	78.8745	0	0
6726	78.8339	0	0
6725	78.7934	0	0
6724	78.7529	0	0
6723	78.7125	0	0
6722	78.6722	0	0
6721	78.632	0	0
6720	78.5918	0	0
6719	78.5517	0	0
6718	78.5117	0	0
6717	78.4717	0	0
6716	78.4318	0	0
6715	78.392	0	0
6714	78.3522	0	0
6713	78.3125	0	0
6712	78.2729	0	0
6711	78.2334	0	0
6710	78.1939	0	0
6709	78.1545	0	0
6708	78.1152	0	0
6707	78.0759	0	0
6706	78.0367	0	0
6705	77.9975	0	0
6704	77.9585	0	0
6703	77.9195	0	0
6702	77.8805	0	0
6701	77.8417	0	0
6700	77.8029	0	0
6699	77.7641	0	0
6698	77.7255	0	0
6697	77.6869	0	0
6696	77.6483	0	0
6695	77.6099	0	0
6694	77.5715	0	0
6693	77.5331	0	0
6692	77.4949	0	0
6691	77.4567	0	0
6690	77.4185	0	0
6689	77.3805	0	0
6688	77.3424	0	0
6687	77.3045	0	0
6686	77.2666	0	0
6685	77.2288	0	0
6684	77.1911	0	0
6683	77.1534	0	0
6682	77.1157	0	0
6681	77.0782	0	0
6680	77.0407	0	0
6679	77.0032	0	0
6678	76.9659	0	0
6677	76.9286	0	0
6676	76.8913	0	0
6675	76.8541	0	0
6674	76.817	0	0
6673	76.78	0	0
6672	76.743	0	0
6671	76.706	0	0
6670	76.6692	0	0
6669	76.6324	0	0
6668	76.5956	0	0
6667	76.5589	0	0
6666	76.5223	0	0
6665	76.4857	0	0
6664	76.4492	0	0
6663	76.4128	0	0
6662	76.3764	0	0
6661	76.3401	0	0
6660	76.3038	0	0
6659	76.2676	0	0
6658	76.2315	0	0
6657	76.1954	0	0
6656	76.1594	0	0
6655	76.1234	0	0
6654	76.0875	0	0
6653	76.0517	0	0
6652	76.0159	0	0
6651	75.9802	0	0
6650	75.9445	0	0
6649	75.9089	0	0
6648	75.8733	0	0
6647	75.8378	0	0
6646	75.8024	0	0
6645	75.767	0	0
6644	75.7317	0	0
6643	75.6964	0	0
6642	75.6612	0	0
6641	75.6261	0	0
6640	75.591	0	0
6639	75.556	0	0
6638	75.521	0	0
6637	75.4861	0	0
6636	75.4512	0	0
6635	75.4164	0	0
6634	75.3817	0	0
6633	75.347	0	0
6632	75.3123	0	0
6631	75.2778	0	0
6630	75.2432	0	0
6629	75.2088	0	0
6628	75.1744	0	0
6627	75.14	0	0
6626	75.1057	0	0
6625	75.0715	0	0
6624	75.0373	0	0
6623	75.0031	0	0
6622	74.9691	0	0
6621	74.935	0	0
6620	74.9011	0	0
6619	74.8671	0	0
6618	74.8333	0	0
6617	74.7995	0	0
6616	74.7657	0	0
6615	74.732	0	0
6614	74.6983	0	0
6613	74.6648	0	0
6612	74.6312	0	0
6611	74.5977	0	0
6610	74.5643	0	0
6609	74.5309	0	0
6608	74.4976	0	0
6607	74.4643	0	0
6606	74.4311	0	0
6605	74.3979	0	0
6604	74.3648	0	0
6603	74.3317	0	0
6602	74.2987	0	0
6601	74.2657	0	0
6600	74.2328	0	0
6599	74.2	0	0
6598	74.1672	0	0
6597	74.1344	0	0
6596	74.1017	0	0
6595	74.069	0	0
6594	74.0364	0	0
6593	74.0039	0	0
6592	73.9714	0	0
6591	73.9389	0	0
6590	73.9065	0	0
6589	73.8742	0	0
6588	73.8419	0	0
6587	73.8096	0	0
6586	73.7774	0	0
6585	73.7453	0	0
6584	73.7132	0	0
6583	73.6811	0	0
6582	73.6491	0	0
6581	73.6172	0	0
6580	73.5853	0	0
6579	73.5534	0	0
6578	73.5216	0	0
6577	73.4899	0	0
6576	73.4582	0	0
6575	73.4265	0	0
6574	73.3949	0	0
6573	73.3633	0	0
6572	73.3318	0	0
6571	73.3004	0	0
6570	73.269	0	0
6569	73.2376	0	0
6568	73.2063	0	0
6567	73.175	0	0
6566	73.1438	0	0
6565	73.1126	0	0
6564	73.0815	0	0
6563	73.0504	0	0
6562	73.0194	0	0
6561	72.9884	0	0
6560	72.9575	0	0
6559	72.9266	0	0
6558	72.8957	0	0
6557	72.8649	0	0
6556	72.8342	0	0
6555	72.8035	0	0
6554	72.7728	0	0
6553	72.7422	0	0
6552	72.7116	0	0
6551	72.6811	0	0
6550	72.6506	0	0
6549	72.6202	0	0
6548	72.5898	0	0
6547	72.5595	0	0
6546	72.5292	0	0
6545	72.499	0	0
6544	72.4688	0	0
6543	72.4386	0	0
6542	72.4085	0	0
6541	72.3784	0	0
6540	72.3484	0	0
6539	72.3184	0	0
6538	72.2885	0	0
6537	72.2586	0	0
6536	72.2288	0	0
6535	72.199	0	0
6534	72.1692	0	0
6533	72.1395	0	0
6532	72.1099	0	0
6531	72.0803	0	0
6530	72.0507	0	0
6529	72.0211	0	0
6528	71.9917	0	0
6527	71.9622	0	0
6526	71.9328	0	0
6525	71.9035	0	0
6524	71.8741	0	0
6523	71.8449	0	0
6522	71.8156	0	0
6521	71.7865	0	0
6520	71.7573	0	0
6519	71.7282	0	0
6518	71.6992	0	0
6517	71.6701	0	0
6516	71.6412	0	0
6515	71.6122	0	0
6514	71.5834	0	0
6513	71.5545	0	0
6512	71.5257	0	0
6511	71.497	0	0
6510	71.4682	0	0
6509	71.4396	0	0
6508	71.4109	0	0
6507	71.3823	0	0
6506	71.3538	0	0
6505	71.3253	0	0
6504	71.2968	0	0
6503	71.2684	0	0
6502	71.24	0	0
6501	71.2116	0	0
6500	71.1833	0	0
6499	71.1551	0	0
6498	71.1268	0	0
6497	71.0987	0	0
6496	71.0705	0	0
6495	71.0424	0	0
6494	71.0144	0	0
6493	70.9863	0	0
6492	70.9584	0	0
6491	70.9304	0	0
6490	70.9025	0	0
6489	70.8747	0	0
6488	70.8468	0	0
6487	70.8191	0	0
6486	70.7913	0	0
6485	70.7636	0	0
6484	70.736	0	0
6483	70.7083	0	0
6482	70.6808	0	0
6481	70.6532	0	0
6480	70.6257	0	0
6479	70.5983	0	0
6478	70.5708	0	0
6477	70.5434	0	0
6476	70.5161	0	0
6475	70.4888	0	0
6474	70.4615	0	0
6473	70.4343	0	0
6472	70.4071	0	0
6471	70.3799	0	0
6470	70.3528	0	0
6469	70.3257	0	0
6468	70.2987	0	0
6467	70.2717	0	0
6466	70.2447	0	0
6465	70.2178	0	0
6464	70.1909	0	0
6463	70.1641	0	0
6462	70.1373	0	0
6461	70.1105	0	0
6460	70.0838	0	0
6459	70.0571	0	0
6458	70.0304	0	0
6457	70.0038	0	0
6456	69.9772	0	0
6455	69.9506	0	0
6454	69.9241	0	0
6453	69.8976	0	0
6452	69.8712	0	0
6451	69.8448	0	0
6450	69.8184	0	0
6449	69.7921	0	0
6448	69.7658	0	0
6447	69.7395	0	0
6446	69.7133	0	0
6445	69.6871	0	0
6444	69.661	0	0
6443	69.6349	0	0
6442	69.6088	0	0
6441	69.5828	0	0
6440	69.5568	0	0
6439	69.5308	0	0
6438	69.5049	0	0
6437	69.479	0	0
6436	69.4531	0	0
6435	69.4273	0	0
6434	69.4015	0	0
6433	69.3757	0	0
6432	69.35	0	0
6431	69.3243	0	0
6430	69.2987	0	0
6429	69.2731	0	0
6428	69.2475	0	0
6427	69.2219	0	0
6426	69.1964	0	0
6425	69.171	0	0
6424	69.1455	0	0
6423	69.1201	0	0
6422	69.0947	0	0
6421	69.0694	0	0
6420	69.0441	0	0
6419	69.0188	0	0
6418	68.9936	0	0
6417	68.9684	0	0
6416	68.9432	0	0
6415	68.9181	0	0
6414	68.893	0	0
6413	68.8679	0	0
6412	68.8429	0	0
6411	68.8179	0	0
6410	68.793	0	0
6409	68.768	0	0
6408	68.7431	0	0
6407	68.7183	0	0
6406	68.6934	0	0
6405	68.6686	0	0
6404	68.6439	0	0
6403	68.6192	0	0
6402	68.5945	0	0
6401	68.5698	0	0
6400	68.5452	0	0
6399	68.5206	0	0
6398	68.496	0	0
6397	68.4715	0	0
6396	68.447	0	0
6395	68.4225	0	0
6394	68.3981	0	0
6393	68.3737	0	0
6392	68.3493	0	0
6391	68.325	0	0
6390	68.3007	0	0
6389	68.2764	0	0
6388	68.2522	0	0
6387	68.228	0	0
6386	68.2038	0	0
6385	68.1796	0	0
6384	68.1555	0	0
6383	68.1315	0	0
6382	68.1074	0	0
6381	68.0834	0	0
6380	68.0594	0	0
6379	68.0355	0	0
6378	68.0115	0	0
6377	67.9876	0	0
6376	67.9638	0	0
6375	67.94	0	0
6374	67.9162	0	0
6373	67.8924	0	0
6372	67.8687	0	0
6371	67.845	0	0
6370	67.8213	0	0
6369	67.7976	0	0
6368	67.774	0	0
6367	67.7505	0	0
6366	67.7269	0	0
6365	67.7034	0	0
6364	67.6799	0	0
6363	67.6564	0	0
6362	67.633	0	0
6361	67.6096	0	0
6360	67.5863	0	0
6359	67.5629	0	0
6358	67.5396	0	0
6357	67.5163	0	0
6356	67.4931	0	0
6355	67.4699	0	0
6354	67.4467	0	0
6353	67.4235	0	0
6352	67.4004	0	0
6351	67.3773	0	0
6350	67.3543	0	0
6349	67.3312	0	0
6348	67.3082	0	0
6347	67.2852	0	0
6346	67.2623	0	0
6345	67.2394	0	0
6344	67.2165	0	0
6343	67.1936	0	0
6342	67.1708	0	0
6341	67.148	0	0
6340	67.1252	0	0
6339	67.1025	0	0
6338	67.0798	0	0
6337	67.0571	0	0
6336	67.0344	0	0
6335	67.0118	0	0
6334	66.9892	0	0
6333	66.9666	0	0
6332	66.9441	0	0
6331	66.9216	0	0
6330	66.8991	0	0
6329	66.8766	0	0
6328	66.8542	0	0
6327	66.8318	0	0
6326	66.8094	0	0
6325	66.7871	0	0
6324	66.7648	0	0
6323	66.7425	0	0
6322	66.7202	0	0
6321	66.698	0	0
6320	66.6758	0	0
6319	66.6536	0	0
6318	66.6315	0	0
6317	66.6094	0	0
6316	66.5873	0	0
6315	66.5652	0	0
6314	66.5432	0	0
6313	66.5212	0	0
6312	66.4992	0	0
6311	66.4772	0	0
6310	66.4553	0	0
6309	66.4334	0	0
6308	66.4115	0	0
6307	66.3897	0	0
6306	66.3679	0	0
6305	66.3461	0	0
6304	66.3243	0	0
6303	66.3026	0	0
6302	66.2809	0	0
6301	66.2592	0	0
6300	66.2375	0	0
6299	66.2159	0	0
6298	66.1943	0	0
6297	66.1727	0	0
6296	66.1512	0	0
6295	66.1297	0	0
6294	66.1082	0	0
6293	66.0867	0	0
6292	66.0653	0	0
6291	66.0438	0	0
6290	66.0225	0	0
6289	66.0011	0	0
6288	65.9798	0	0
6287	65.9584	0	0
6286	65.9372	0	0
6285	65.9159	0	0
6284	65.8947	0	0
6283	65.8735	0	0
6282	65.8523	0	0
6281	65.8311	0	0
6280	65.81	0	0
6279	65.7889	0	0
6278	65.7678	0	0
6277	65.7468	0	0
6276	65.7257	0	0
6275	65.7047	0	0
6274	65.6838	0	0
6273	65.6628	0	0
6272	65.6419	0	0
6271	65.621	0	0
6270	65.6001	0	0
6269	65.5793	0	0
6268	65.5584	0	0
6267	65.5376	0	0
6266	65.5169	0	0
6265	65.4961	0	0
6264	65.4754	0	0
6263	65.4547	0	0
6262	65.434	0	0
6261	65.4134	0	0
6260	65.3928	0	0
6259	65.3722	0	0
6258	65.3516	0	0
6257	65.331	0	0
6256	65.3105	0	0
6255	65.29	0	0
6254	65.2695	0	0
6253	65.2491	0	0
6252	65.2287	0	0
6251	65.2083	0	0
6250	65.1879	0	0
6249	65.1675	0	0
6248	65.1472	0	0
6247	65.1269	0	0
6246	65.1066	0	0
6245	65.0863	0	0
6244	65.0661	0	0
6243	65.0459	0	0
6242	65.0257	0	0
6241	65.0056	0	0
6240	64.9854	0	0
6239	64.9653	0	0
6238	64.9452	0	0
6237	64.9252	0	0
6236	64.9051	0	0
6235	64.8851	0	0
6234	64.8651	0	0
6233	64.8451	0	0
6232	64.8252	0	0
6231	64.8052	0	0
6230	64.7853	0	0
6229	64.7655	0	0
6228	64.7456	0	0
6227	64.7258	0	0
6226	64.706	0	0
6225	64.6862	0	0
6224	64.6664	0	0
6223	64.6467	0	0
6222	64.627	0	0
6221	64.6073	0	0
6220	64.5876	0	0
6219	64.568	0	0
6218	64.5483	0	0
6217	64.5287	0	0
6216	64.5092	0	0
6215	64.4896	0	0
6214	64.4701	0	0
6213	64.4506	0	0
6212	64.4311	0	0
6211	64.4116	0	0
6210	64.3922	0	0
6209	64.3727	0	0
6208	64.3533	0	0
6207	64.334	0	0
6206	64.3146	0	0
6205	64.2953	0	0
6204	64.276	0	0
6203	64.2567	0	0
6202	64.2374	0	0
6201	64.2182	0	0
6200	64.199	0	0
6199	64.1798	0	0
6198	64.1606	0	0
6197	64.1414	0	0
6196	64.1223	0	0
6195	64.1032	0	0
6194	64.0841	0	0
6193	64.065	0	0
6192	64.046	0	0
6191	64.027	0	0
6190	64.008	0	0
6189	63.989	0	0
6188	63.97	0	0
6187	63.9511	0	0
6186	63.9322	0	0
6185	63.9133	0	0
6184	63.8944	0	0
6183	63.8755	0	0
6182	63.8567	0	0
6181	63.8379	0	0
6180	63.8191	0	0
6179	63.8004	0	0
6178	63.7816	0	0
6177	63.7629	0	0
6176	63.7442	0	0
6175	63.7255	0	0
6174	63.7068	0	0
6173	63.6882	0	0
6172	63.6696	0	0
6171	63.651	0	0
6170	63.6324	0	0
6169	63.6138	0	0
6168	63.5953	0	0
6167	63.5768	0	0
6166	63.5583	0	0
6165	63.5398	0	0
6164	63.5214	0	0
6163	63.5029	0	0
6162	63.4845	0	0
6161	63.4661	0	0
6160	63.4478	0	0
6159	63.4294	0	0
6158	63.4111	0	0
6157	63.3928	0	0
6156	63.3745	0	0
6155	63.3562	0	0
6154	63.338	0	0
6153	63.3197	0	0
6152	63.3015	0	0
6151	63.2833	0	0
6150	63.2652	0	0
6149	63.247	0	0
6148	63.2289	0	0
6147	63.2108	0	0
6146	63.1927	0	0
6145	63.1746	0	0
6144	63.1566	0	0
6143	63.1386	0	0
6142	63.1205	0	0
6141	63.1026	0	0
6140	63.0846	0	0
6139	63.0666	0	0
6138	63.0487	0	0
6137	63.0308	0	0
6136	63.0129	0	0
6135	62.995	0	0
6134	62.9772	0	0
6133	62.9593	0	0
6132	62.9415	0	0
6131	62.9237	0	0
6130	62.906	0	0
6129	62.8882	0	0
6128	62.8705	0	0
6127	62.8528	0	0
6126	62.8351	0	0
6125	62.8174	0	0
6124	62.7997	0	0
6123	62.7821	0	0
6122	62.7645	0	0
6121	62.7469	0	0
6120	62.7293	0	0
6119	62.7117	0	0
6118	62.6942	0	0
6117	62.6766	0	0
6116	62.6591	0	0
6115	62.6416	0	0
6114	62.6242	0	0
6113	62.6067	0	0
6112	62.5893	0	0
6111	62.5719	0	0
6110	62.5545	0	0
6109	62.5371	0	0
6108	62.5197	0	0
6107	62.5024	0	0
6106	62.4851	0	0
6105	62.4678	0	0
6104	62.4505	0	0
6103	62.4332	0	0
6102	62.416	0	0
6101	62.3987	0	0
6100	62.3815	0	0
6099	62.3643	0	0
6098	62.3472	0	0
6097	62.33	0	0
6096	62.3129	0	0
6095	62.2957	0	0
6094	62.2786	0	0
6093	62.2616	0	0
6092	62.2445	0	0
6091	62.2274	0	0
6090	62.2104	0	0
6089	62.1934	0	0
6088	62.1764	0	0
6087	62.1594	0	0
6086	62.1425	0	0
6085	62.1255	0	0
6084	62.1086	0	0
6083	62.0917	0	0
6082	62.0748	0	0
6081	62.0579	0	0
6080	62.0411	0	0
6079	62.0242	0	0
6078	62.0074	0	0
6077	61.9906	0	0
6076	61.9738	0	0
6075	61.9571	0	0
6074	61.9403	0	0
6073	61.9236	0	0
6072	61.9069	0	0
6071	61.8902	0	0
6070	61.8735	0	0
6069	61.8568	0	0
6068	61.8402	0	0
6067	61.8236	0	0
6066	61.807	0	0
6065	61.7904	0	0
6064	61.7738	0	0
6063	61.7572	0	0
6062	61.7407	0	0
6061	61.7242	0	0
6060	61.7077	0	0
6059	61.6912	0	0
6058	61.6747	0	0
6057	61.6582	0	0
6056	61.6418	0	0
6055	61.6254	0	0
6054	61.609	0	0
6053	61.5926	0	0
6052	61.5762	0	0
6051	61.5598	0	0
6050	61.5435	0	0
6049	61.5272	0	0
6048	61.5109	0	0
6047	61.4946	0	0
6046	61.4783	0	0
6045	61.4621	0	0
6044	61.4458	0	0
6043	61.4296	0	0
6042	61.4134	0	0
6041	61.3972	0	0
6040	61.381	0	0
6039	61.3649	0	0
6038	61.3487	0	0
6037	61.3326	0	0
6036	61.3165	0	0
6035	61.3004	0	0
6034	61.2843	0	0
6033	61.2682	0	0
6032	61.2522	0	0
6031	61.2362	0	0
6030	61.2202	0	0
6029	61.2042	0	0
6028	61.1882	0	0
6027	61.1722	0	0
6026	61.1563	0	0
6025	61.1403	0	0
6024	61.1244	0	0
6023	61.1085	0	0
6022	61.0926	0	0
6021	61.0768	0	0
6020	61.0609	0	0
6019	61.0451	0	0
6018	61.0292	0	0
6017	61.0134	0	0
6016	60.9976	0	0
6015	60.9819	0	0
6014	60.9661	0	0
6013	60.9504	0	0
6012	60.9346	0	0
6011	60.9189	0	0
6010	60.9032	0	0
6009	60.8875	0	0
6008	60.8719	0	0
6007	60.8562	0	0
6006	60.8406	0	0
6005	60.825	0	0
6004	60.8094	0	0
6003	60.7938	0	0
6002	60.7782	0	0
6001	60.7626	0	0
6000	60.7471	0	0
5999	60.7316	0	0
5998	60.716	0	0
5997	60.7005	0	0
5996	60.6851	0	0
5995	60.6696	0	0
5994	60.6541	0	0
5993	60.6387	0	0
5992	60.6233	0	0
5991	60.6079	0	0
5990	60.5925	0	0
5989	60.5771	0	0
5988	60.5617	0	0
5987	60.5464	0	0
5986	60.531	0	0
5985	60.5157	0	0
5984	60.5004	0	0
5983	60.4851	0	0
5982	60.4698	0	0
5981	60.4546	0	0
5980	60.4393	0	0
5979	60.4241	0	0
5978	60.4089	0	0
5977	60.3937	0	0
5976	60.3785	0	0
5975	60.3633	0	0
5974	60.3481	0	0
5973	60.333	0	0
5972	60.3179	0	0
5971	60.3028	0	0
5970	60.2877	0	0
5969	60.2726	0	0
5968	60.2575	0	0
5967	60.2424	0	0
5966	60.2274	0	0
5965	60.2124	0	0
5964	60.1973	0	0
5963	60.1823	0	0
5962	60.1673	0	0
5961	60.1524	0	0
5960	60.1374	0	0
5959	60.1225	0	0
5958	60.1075	0	0
5957	60.0926	0	0
5956	60.0777	0	0
5955	60.0628	0	0
5954	60.0479	0	0
5953	60.0331	0	0
5952	60.0182	0	0
5951	60.0034	0	0
5950	59.9886	0	0
5949	59.9738	0	0
5948	59.959	0	0
5947	59.9442	0	0
5946	59.9294	0	0
5945	59.9147	0	0
5944	59.9	0	0
5943	59.8852	0	0
5942	59.8705	0	0
5941	59.8558	0	0
5940	59.8411	0	0
5939	59.8265	0	0
5938	59.8118	0	0
5937	59.7972	0	0
5936	59.7825	0	0
5935	59.7679	0	0
5934	59.7533	0	0
5933	59.7387	0	0
5932	59.7242	0	0
5931	59.7096	0	0
5930	59.695	0	0
5929	59.6805	0	0
5928	59.666	0	0
5927	59.6515	0	0
5926	59.637	0	0
5925	59.6225	0	0
5924	59.608	0	0
5923	59.5936	0	0
5922	59.5791	0	0
5921	59.5647	0	0
5920	59.5503	0	0
5919	59.5359	0	0
5918	59.5215	0	0
5917	59.5071	0	0
5916	59.4928	0	0
5915	59.4784	0	0
5914	59.4641	0	0
5913	59.4497	0	0
5912	59.4354	0	0
5911	59.4211	0	0
5910	59.4068	0	0
5909	59.3926	0	0
5908	59.3783	0	0
5907	59.3641	0	0
5906	59.3498	0	0
5905	59.3356	0	0
5904	59.3214	0	0
5903	59.3072	0	0
5902	59.293	0	0
5901	59.2788	0	0
5900	59.2647	0	0
5899	59.2505	0	0
5898	59.2364	0	0
5897	59.2223	0	0
5896	59.2082	0	0
5895	59.1941	0	0
5894	59.18	0	0
5893	59.1659	0	0
5892	59.1518	0	0
5891	59.1378	0	0
5890	59.1238	0	0
5889	59.1097	0	0
5888	59.0957	0	0
5887	59.0817	0	0
5886	59.0678	0	0
5885	59.0538	0	0
5884	59.0398	0	0
5883	59.0259	0	0
5882	59.0119	0	0
5881	58.998	0	0
5880	58.9841	0	0
5879	58.9702	0	0
5878	58.9563	0	0
5877	58.9424	0	0
5876	58.9286	0	0
5875	58.9147	0	0
5874	58.9009	0	0
5873	58.8871	0	0
5872	58.8732	0	0
5871	58.8594	0	0
5870	58.8456	0	0
5869	58.8319	0	0
5868	58.8181	0	0
5867	58.8043	0	0
5866	58.7906	0	0
5865	58.7769	0	0
5864	58.7631	0	0
5863	58.7494	0	0
5862	58.7357	0	0
5861	58.7221	0	0
5860	58.7084	0	0
5859	58.6947	0	0
5858	58.6811	0	0
5857	58.6674	0	0
5856	58.6538	0	0
5855	58.6402	0	0
5854	58.6266	0	0
5853	58.613	0	0
5852	58.5994	0	0
5851	58.5859	0	0
5850	58.5723	0	0
5849	58.5588	0	0
5848	58.5452	0	0
5847	58.5317	0	0
5846	58.5182	0	0
5845	58.5047	0	0
5844	58.4912	0	0
5843	58.4777	0	0
5842	58.4643	0	0
5841	58.4508	0	0
5840	58.4374	0	0
5839	58.4239	0	0
5838	58.4105	0	0
5837	58.3971	0	0
5836	58.3837	0	0
5835	58.3703	0	0
5834	58.3569	0	0
5833	58.3436	0	0
5832	58.3302	0	0
5831	58.3169	0	0
5830	58.3035	0	0
5829	58.2902	0	0
5828	58.2769	0	0
5827	58.2636	0	0
5826	58.2503	0	0
5825	58.2371	0	0
5824	58.2238	0	0
5823	58.2105	0	0
5822	58.1973	0	0
5821	58.1841	0	0
5820	58.1708	0	0
5819	58.1576	0	0
5818	58.1444	0	0
5817	58.1312	0	0
5816	58.1181	0	0
5815	58.1049	0	0
5814	58.0917	0	0
5813	58.0786	0	0
5812	58.0655	0	0
5811	58.0523	0	0
5810	58.0392	0	0
5809	58.0261	0	0
5808	58.013	0	0
5807	57.9999	0	0
5806	57.9869	0	0
5805	57.9738	0	0
5804	57.9608	0	0
5803	57.9477	0	0
5802	57.9347	0	0
5801	57.9217	0	0
5800	57.9087	0	0
5799	57.8957	0	0
5798	57.8827	0	0
5797	57.8697	0	0
5796	57.8567	0	0
5795	57.8438	0	0
5794	57.8308	0	0
5793	57.8179	0	0
5792	57.805	0	0
5791	57.7921	0	0
5790	57.7792	0	0
5789	57.7663	0	0
5788	57.7534	0	0
5787	57.7405	0	0
5786	57.7277	0	0
5785	57.7148	0	0
5784	57.702	0	0
5783	57.6891	0	0
5782	57.6763	0	0
5781	57.6635	0	0
5780	57.6507	0	0
5779	57.6379	0	0
5778	57.6251	0	0
5777	57.6123	0	0
5776	57.5996	0	0
5775	57.5868	0	0
5774	57.5741	0	0
5773	57.5614	0	0
5772	57.5486	0	0
5771	57.5359	0	0
5770	57.5232	0	0
5769	57.5105	0	0
5768	57.4978	0	0
5767	57.4852	0	0
5766	57.4725	0	0
5765	57.4598	0	0
5764	57.4472	0	0
5763	57.4346	0	0
5762	57.4219	0	0
5761	57.4093	0	0
5760	57.3967	0	0
5759	57.3841	0	0
5758	57.3715	0	0
5757	57.359	0	0
5756	57.3464	0	0
5755	57.3339	0	0
5754	57.3213	0	0
5753	57.3088	0	0
5752	57.2962	0	0
5751	57.2837	0	0
5750	57.2712	0	0
5749	57.2587	0	0
5748	57.2462	0	0
5747	57.2337	0	0
5746	57.2213	0	0
5745	57.2088	0	0
5744	57.1964	0	0
5743	57.1839	0	0
5742	57.1715	0	0
5741	57.1591	0	0
5740	57.1467	0	0
5739	57.1342	0	0
5738	57.1218	0	0
5737	57.1095	0	0
5736	57.0971	0	0
5735	57.0847	0	0
5734	57.0724	0	0
5733	57.06	0	0
5732	57.0477	0	0
5731	57.0353	0	0
5730	57.023	0	0
5729	57.0107	0	0
5728	56.9984	0	0
5727	56.9861	0	0
5726	56.9738	0	0
5725	56.9615	0	0
5724	56.9493	0	0
5723	56.937	0	0
5722	56.9248	0	0
5721	56.9125	0	0
5720	56.9003	0	0
5719	56.8881	0	0
5718	56.8759	0	0
5717	56.8637	0	0
5716	56.8515	0	0
5715	56.8393	0	0
5714	56.8271	0	0
5713	56.8149	0	0
5712	56.8028	0	0
5711	56.7906	0	0
5710	56.7785	0	0
5709	56.7663	0	0
5708	56.7542	0	0
5707	56.7421	0	0
5706	56.73	0	0
5705	56.7179	0	0
5704	56.7058	0	0
5703	56.6937	0	0
5702	56.6817	0	0
5701	56.6696	0	0
5700	56.6575	0	0
5699	56.6455	0	0
5698	56.6335	0	0
5697	56.6214	0	0
5696	56.6094	0	0
5695	56.5974	0	0
5694	56.5854	0	0
5693	56.5734	0	0
5692	56.5614	0	0
5691	56.5494	0	0
5690	56.5375	0	0
5689	56.5255	0	0
5688	56.5135	0	0
5687	56.5016	0	0
5686	56.4897	0	0
5685	56.4777	0	0
5684	56.4658	0	0
5683	56.4539	0	0
5682	56.442	0	0
5681	56.4301	0	0
5680	56.4182	0	0
5679	56.4063	0	0
5678	56.3945	0	0
5677	56.3826	0	0
5676	56.3708	0	0
5675	56.3589	0	0
5674	56.3471	0	0
5673	56.3353	0	0
5672	56.3234	0	0
5671	56.3116	0	0
5670	56.2998	0	0
5669	56.288	0	0
5668	56.2762	0	0
5667	56.2645	0	0
5666	56.2527	0	0
5665	56.2409	0	0
5664	56.2292	0	0
5663	56.2174	0	0
5662	56.2057	0	0
5661	56.194	0	0
5660	56.1822	0	0
5659	56.1705	0	0
5658	56.1588	0	0
5657	56.1471	0	0
5656	56.1354	0	0
5655	56.1237	0	0
5654	56.1121	0	0
5653	56.1004	0	0
5652	56.0887	0	0
5651	56.0771	0	0
5650	56.0654	0	0
5649	56.0538	0	0
5648	56.0422	0	0
5647	56.0305	0	0
5646	56.0189	0	0
5645	56.0073	0	0
5644	55.9957	0	0
5643	55.9841	0	0
5642	55.9726	0	0
5641	55.961	0	0
5640	55.9494	0	0
5639	55.9379	0	0
5638	55.9263	0	0
5637	55.9148	0	0
5636	55.9032	0	0
5635	55.8917	0	0
5634	55.8802	0	0
5633	55.8687	0	0
5632	55.8571	0	0
5631	55.8456	0	0
5630	55.8342	0	0
5629	55.8227	0	0
5628	55.8112	0	0
5627	55.7997	0	0
5626	55.7883	0	0
5625	55.7768	0	0
5624	55.7654	0	0
5623	55.7539	0	0
5622	55.7425	0	0
5621	55.7311	0	0
5620	55.7196	0	0
5619	55.7082	0	0
5618	55.6968	0	0
5617	55.6854	0	0
5616	55.6741	0	0
5615	55.6627	0	0
5614	55.6513	0	0
5613	55.6399	0	0
5612	55.6286	0	0
5611	55.6172	0	0
5610	55.6059	0	0
5609	55.5945	0	0
5608	55.5832	0	0
5607	55.5719	0	0
5606	55.5606	0	0
5605	55.5493	0	0
5604	55.538	0	0
5603	55.5267	0	0
5602	55.5154	0	0
5601	55.5041	0	0
5600	55.4928	0	0
5599	55.4815	0	0
5598	55.4703	0	0
5597	55.459	0	0
5596	55.4478	0	0
5595	55.4365	0	0
5594	55.4253	0	0
5593	55.4141	0	0
5592	55.4029	0	0
5591	55.3917	0	0
5590	55.3805	0	0
5589	55.3693	0	0
5588	55.3581	0	0
5587	55.3469	0	0
5586	55.3357	0	0
5585	55.3245	0	0
5584	55.3134	0	0
5583	55.3022	0	0
5582	55.2911	0	0
5581	55.2799	0	0
5580	55.2688	0	0
5579	55.2577	0	0
5578	55.2465	0	0
5577	55.2354	0	0
5576	55.2243	0	0
5575	55.2132	0	0
5574	55.2021	0	0
5573	55.191	0	0
5572	55.1799	0	0
5571	55.1689	0	0
5570	55.1578	0	0
5569	55.1467	0	0
5568	55.1357	0	0
5567	55.1246	0	0
5566	55.1136	0	0
5565	55.1025	0	0
5564	55.0915	0	0
5563	55.0805	0	0
5562	55.0695	0	0
5561	55.0585	0	0
5560	55.0475	0	0
5559	55.0365	0	0
5558	55.0255	0	0
5557	55.0145	0	0
5556	55.0035	0	0
5555	54.9925	0	0
5554	54.9816	0	0
5553	54.9706	0	0
5552	54.9596	0	0
5551	54.9487	0	0
5550	54.9378	0	0
5549	54.9268	0	0
5548	54.9159	0	0
5547	54.905	0	0
5546	54.8941	0	0
5545	54.8831	0	0
5544	54.8722	0	0
5543	54.8613	0	0
5542	54.8505	0	0
5541	54.8396	0	0
5540	54.8287	0	0
5539	54.8178	0	0
5538	54.8069	0	0
5537	54.7961	0	0
5536	54.7852	0	0
5535	54.7744	0	0
5534	54.7635	0	0
5533	54.7527	0	0
5532	54.7419	0	0
5531	54.7311	0	0
5530	54.7202	0	0
5529	54.7094	0	0
5528	54.6986	0	0
5527	54.6878	0	0
5526	54.677	0	0
5525	54.6662	0	0
5524	54.6555	0	0
5523	54.6447	0	0
5522	54.6339	0	0
5521	54.6231	0	0
5520	54.6124	0	0
5519	54.6016	0	0
5518	54.5909	0	0
5517	54.5801	0	0
5516	54.5694	0	0
5515	54.5587	0	0
5514	54.548	0	0
5513	54.5372	0	0
5512	54.5265	0	0
5511	54.5158	0	0
5510	54.5051	0	0
5509	54.4944	0	0
5508	54.4837	0	0
5507	54.4731	0	0
5506	54.4624	0	0
5505	54.4517	0	0
5504	54.441	0	0
5503	54.4304	0	0
5502	54.4197	0	0
5501	54.4091	0	0
5500	54.3984	0	0
5499	54.3878	0	0
5498	54.3772	0	0
5497	54.3665	0	0
5496	54.3559	0	0
5495	54.3453	0	0
5494	54.3347	0	0
5493	54.3241	0	0
5492	54.3135	0	0
5491	54.3029	0	0
5490	54.2923	0	0
5489	54.2817	0	0
5488	54.2711	0	0
5487	54.2606	0	0
5486	54.25	0	0
5485	54.2394	0	0
5484	54.2289	0	0
5483	54.2183	0	0
5482	54.2078	0	0
5481	54.1972	0	0
5480	54.1867	0	0
5479	54.1762	0	0
5478	54.1657	0	0
5477	54.1551	0	0
5476	54.1446	0	0
5475	54.1341	0	0
5474	54.1236	0	0
5473	54.1131	0	0
5472	54.1026	0	0
5471	54.0921	0	0
5470	54.0817	0	0
5469	54.0712	0	0
5468	54.0607	0	0
5467	54.0502	0	0
5466	54.0398	0	0
5465	54.0293	0	0
5464	54.0189	0	0
5463	54.0084	0	0
5462	53.998	0	0
5461	53.9876	0	0
5460	53.9771	0	0
5459	53.9667	0	0
5458	53.9563	0	0
5457	53.9459	0	0
5456	53.9355	0	0
5455	53.925	0	0
5454	53.9146	0	0
5453	53.9043	0	0
5452	53.8939	0	0
5451	53.8835	0	0
5450	53.8731	0	0
5449	53.8627	0	0
5448	53.8524	0	0
5447	53.842	0	0
5446	53.8316	0	0
5445	53.8213	0	0
5444	53.8109	0	0
5443	53.8006	0	0
5442	53.7902	0	0
5441	53.7799	0	0
5440	53.7696	0	0
5439	53.7592	0	0
5438	53.7489	0	0
5437	53.7386	0	0
5436	53.7283	0	0
5435	53.718	0	0
5434	53.7077	0	0
5433	53.6974	0	0
5432	53.6871	0	0
5431	53.6768	0	0
5430	53.6665	0	0
5429	53.6562	0	0
5428	53.646	0	0
5427	53.6357	0	0
5426	53.6254	0	0
5425	53.6152	0	0
5424	53.6049	0	0
5423	53.5947	0	0
5422	53.5844	0	0
5421	53.5742	0	0
5420	53.5639	0	0
5419	53.5537	0	0
5418	53.5435	0	0
5417	53.5333	0	0
5416	53.523	0	0
5415	53.5128	0	0
5414	53.5026	0	0
5413	53.4924	0	0
5412	53.4822	0	0
5411	53.472	0	0
5410	53.4618	0	0
5409	53.4516	0	0
5408	53.4414	0	0
5407	53.4313	0	0
5406	53.4211	0	0
5405	53.4109	0	0
5404	53.4008	0	0
5403	53.3906	0	0
5402	53.3804	0	0
5401	53.3703	0	0
5400	53.3601	0	0
5399	53.35	0	0
5398	53.3399	0	0
5397	53.3297	0	0
5396	53.3196	0	0
5395	53.3095	0	0
5394	53.2993	0	0
5393	53.2892	0	0
5392	53.2791	0	0
5391	53.269	0	0
5390	53.2589	0	0
5389	53.2488	0	0
5388	53.2387	0	0
5387	53.2286	0	0
5386	53.2185	0	0
5385	53.2084	0	0
5384	53.1983	0	0
5383	53.1883	0	0
5382	53.1782	0	0
5381	53.1681	0	0
5380	53.1581	0	0
5379	53.148	0	0
5378	53.1379	0	0
5377	53.1279	0	0
5376	53.1178	0	0
5375	53.1078	0	0
5374	53.0978	0	0
5373	53.0877	0	0
5372	53.0777	0	0
5371	53.0677	0	0
5370	53.0576	0	0
5369	53.0476	0	0
5368	53.0376	0	0
5367	53.0276	0	0
5366	53.0176	0	0
5365	53.0076	0	0
5364	52.9976	0	0
5363	52.9876	0	0
5362	52.9776	0	0
5361	52.9676	0	0
5360	52.9576	0	0
5359	52.9476	0	0
5358	52.9377	0	0
5357	52.9277	0	0
5356	52.9177	0	0
5355	52.9078	0	0
5354	52.8978	0	0
5353	52.8878	0	0
5352	52.8779	0	0
5351	52.8679	0	0
5350	52.858	0	0
5349	52.848	0	0
5348	52.8381	0	0
5347	52.8282	0	0
5346	52.8182	0	0
5345	52.8083	0	0
5344	52.7984	0	0
5343	52.7885	0	0
5342	52.7785	0	0
5341	52.7686	0	0
5340	52.7587	0	0
5339	52.7488	0	0
5338	52.7389	0	0
5337	52.729	0	0
5336	52.7191	0	0
5335	52.7092	0	0
5334	52.6993	0	0
5333	52.6894	0	0
5332	52.6796	0	0
5331	52.6697	0	0
5330	52.6598	0	0
5329	52.6499	0	0
5328	52.6401	0	0
5327	52.6302	0	0
5326	52.6203	0	0
5325	52.6105	0	0
5324	52.6006	0	0
5323	52.5908	0	0
5322	52.5809	0	0
5321	52.5711	0	0
5320	52.5612	0	0
5319	52.5514	0	0
5318	52.5416	0	0
5317	52.5317	0	0
5316	52.5219	0	0
5315	52.5121	0	0
5314	52.5023	0	0
5313	52.4925	0	0
5312	52.4826	0	0
5311	52.4728	0	0
5310	52.463	0	0
5309	52.4532	0	0
5308	52.4434	0	0
5307	52.4336	0	0
5306	52.4238	0	0
5305	52.414	0	0
5304	52.4042	0	0
5303	52.3945	0	0
5302	52.3847	0	0
5301	52.3749	0	0
5300	52.3651	0	0
5299	52.3554	0	0
5298	52.3456	0	0
5297	52.3358	0	0
5296	52.3261	0	0
5295	52.3163	0	0
5294	52.3065	0	0
5293	52.2968	0	0
5292	52.287	0	0
5291	52.2773	0	0
5290	52.2675	0	0
5289	52.2578	0	0
5288	52.2481	0	0
5287	52.2383	0	0
5286	52.2286	0	0
5285	52.2189	0	0
5284	52.2091	0	0
5283	52.1994	0	0
5282	52.1897	0	0
5281	52.18	0	0
5280	52.1703	0	0
5279	52.1606	0	0
5278	52.1508	0	0
5277	52.1411	0	0
5276	52.1314	0	0
5275	52.1217	0	0
5274	52.112	0	0
5273	52.1023	0	0
5272	52.0927	0	0
5271	52.083	0	0
5270	52.0733	0	0
5269	52.0636	0	0
5268	52.0539	0	0
5267	52.0442	0	0
5266	52.0346	0	0
5265	52.0249	0	0
5264	52.0152	0	0
5263	52.0056	0	0
5262	51.9959	0	0
5261	51.9862	0	0
5260	51.9766	0	0
5259	51.9669	0	0
5258	51.9573	0	0
5257	51.9476	0	0
5256	51.938	0	0
5255	51.9283	0	0
5254	51.9187	0	0
5253	51.9091	0	0
5252	51.8994	0	0
5251	51.8898	0	0
5250	51.8801	0	0
5249	51.8705	0	0
5248	51.8609	0	0
5247	51.8513	0	0
5246	51.8416	0	0
5245	51.832	0	0
5244	51.8224	0	0
5243	51.8128	0	0
5242	51.8032	0	0
5241	51.7936	0	0
5240	51.784	0	0
5239	51.7744	0	0
5238	51.7648	0	0
5237	51.7552	0	0
5236	51.7456	0	0
5235	51.736	0	0
5234	51.7264	0	0
5233	51.7168	0	0
5232	51.7072	0	0
5231	51.6976	0	0
5230	51.6881	0	0
5229	51.6785	0	0
5228	51.6689	0	0
5227	51.6593	0	0
5226	51.6497	0	0
5225	51.6402	0	0
5224	51.6306	0	0
5223	51.621	0	0
5222	51.6115	0	0
5221	51.6019	0	0
5220	51.5924	0	0
5219	51.5828	0	0
5218	51.5733	0	0
5217	51.5637	0	0
5216	51.5542	0	0
5215	51.5446	0	0
5214	51.5351	0	0
5213	51.5255	0	0
5212	51.516	0	0
5211	51.5064	0	0
5210	51.4969	0	0
5209	51.4874	0	0
5208	51.4778	0	0
5207	51.4683	0	0
5206	51.4588	0	0
5205	51.4493	0	0
5204	51.4397	0	0
5203	51.4302	0	0
5202	51.4207	0	0
5201	51.4112	0	0
5200	51.4017	0	0
5199	51.3922	0	0
5198	51.3826	0	0
5197	51.3731	0	0
5196	51.3636	0	0
5195	51.3541	0	0
5194	51.3446	0	0
5193	51.3351	0	0
5192	51.3256	0	0
5191	51.3161	0	0
5190	51.3066	0	0
5189	51.2971	0	0
5188	51.2876	0	0
5187	51.2782	0	0
5186	51.2687	0	0
5185	51.2592	0	0
5184	51.2497	0	0
5183	51.2402	0	0
5182	51.2307	0	0
5181	51.2213	0	0
5180	51.2118	0	0
5179	51.2023	0	0
5178	51.1928	0	0
5177	51.1834	0	0
5176	51.1739	0	0
5175	51.1644	0	0
5174	51.155	0	0
5173	51.1455	0	0
5172	51.136	0	0
5171	51.1266	0	0
5170	51.1171	0	0
5169	51.1077	0	0
5168	51.0982	0	0
5167	51.0888	0	0
5166	51.0793	0	0
5165	51.0699	0	0
5164	51.0604	0	0
5163	51.051	0	0
5162	51.0415	0	0
5161	51.0321	0	0
5160	51.0226	0	0
5159	51.0132	0	0
5158	51.0038	0	0
5157	50.9943	0	0
5156	50.9849	0	0
5155	50.9755	0	0
5154	50.966	0	0
5153	50.9566	0	0
5152	50.9472	0	0
5151	50.9378	0	0
5150	50.9283	0	0
5149	50.9189	0	0
5148	50.9095	0	0
5147	50.9001	0	0
5146	50.8906	0	0
5145	50.8812	0	0
5144	50.8718	0	0
5143	50.8624	0	0
5142	50.853	0	0
5141	50.8436	0	0
5140	50.8342	0	0
5139	50.8248	0	0
5138	50.8154	0	0
5137	50.8059	0	0
5136	50.7965	0	0
5135	50.7871	0	0
5134	50.7777	0	0
5133	50.7683	0	0
5132	50.7589	0	0
5131	50.7495	0	0
5130	50.7401	0	0
5129	50.7308	0	0
5128	50.7214	0	0
5127	50.712	0	0
5126	50.7026	0	0
5125	50.6932	0	0
5124	50.6838	0	0
5123	50.6744	0	0
5122	50.665	0	0
5121	50.6556	0	0
5120	50.6463	0	0
5119	50.6369	0	0
5118	50.6275	0	0
5117	50.6181	0	0
5116	50.6087	0	0
5115	50.5994	0	0
5114	50.59	0	0
5113	50.5806	0	0
5112	50.5712	0	0
5111	50.5619	0	0
5110	50.5525	0	0
5109	50.5431	0	0
5108	50.5338	0	0
5107	50.5244	0	0
5106	50.515	0	0
5105	50.5057	0	0
5104	50.4963	0	0
5103	50.4869	0	0
5102	50.4776	0	0
5101	50.4682	0	0
5100	50.4589	0	0
5099	50.4495	0	0
5098	50.4401	0	0
5097	50.4308	0	0
5096	50.4214	0	0
5095	50.4121	0	0
5094	50.4027	0	0
5093	50.3934	0	0
5092	50.384	0	0
5091	50.3747	0	0
5090	50.3653	0	0
5089	50.356	0	0
5088	50.3466	0	0
5087	50.3373	0	0
5086	50.3279	0	0
5085	50.3186	0	0
5084	50.3092	0	0
5083	50.2999	0	0
5082	50.2905	0	0
5081	50.2812	0	0
5080	50.2719	0	0
5079	50.2625	0	0
5078	50.2532	0	0
5077	50.2438	0	0
5076	50.2345	0	0
5075	50.2252	0	0
5074	50.2158	0	0
5073	50.2065	0	0
5072	50.1972	0	0
5071	50.1878	0	0
5070	50.1785	0	0
5069	50.1692	0	0
5068	50.1598	0	0
5067	50.1505	0	0
5066	50.1412	0	0
5065	50.1318	0	0
5064	50.1225	0	0
5063	50.1132	0	0
5062	50.1038	0	0
5061	50.0945	0	0
5060	50.0852	0	0
5059	50.0759	0	0
5058	50.0665	0	0
5057	50.0572	0	0
5056	50.0479	0	0
5055	50.0386	0	0
5054	50.0293	0	0
5053	50.0199	0	0
5052	50.0106	0	0
5051	50.0013	0	0
5050	49.992	0	0
5049	49.9826	0	0
5048	49.9733	0	0
5047	49.964	0	0
5046	49.9547	0	0
5045	49.9454	0	0
5044	49.9361	0	0
5043	49.9267	0	0
5042	49.9174	0	0
5041	49.9081	0	0
5040	49.8988	0	0
5039	49.8895	0	0
5038	49.8802	0	0
5037	49.8708	0	0
5036	49.8615	0	0
5035	49.8522	0	0
5034	49.8429	0	0
5033	49.8336	0	0
5032	49.8243	0	0
5031	49.815	0	0
5030	49.8057	0	0
5029	49.7963	0	0
5028	49.787	0	0
5027	49.7777	0	0
5026	49.7684	0	0
5025	49.7591	0	0
5024	49.7498	0	0
5023	49.7405	0	0
5022	49.7312	0	0
5021	49.7219	0	0
5020	49.7126	0	0
5019	49.7033	0	0
5018	49.6939	0	0
5017	49.6846	0	0
5016	49.6753	0	0
5015	49.666	0	0
5014	49.6567	0	0
5013	49.6474	0	0
5012	49.6381	0	0
5011	49.6288	0	0
5010	49.6195	0	0
5009	49.6102	0	0
5008	49.6009	0	0
5007	49.5916	0	0
5006	49.5823	0	0
5005	49.573	0	0
5004	49.5637	0	0
5003	49.5544	0	0
5002	49.545	0	0
5001	49.5357	0	0
5000	49.5264	0	0
4999	49.5171	0	0
4998	49.5078	0	0
4997	49.4985	0	0
4996	49.4892	0	0
4995	49.4799	0	0
4994	49.4706	0	0
4993	49.4613	0	0
4992	49.452	0	0
4991	49.4427	0	0
4990	49.4334	0	0
4989	49.4241	0	0
4988	49.4148	0	0
4987	49.4055	0	0
4986	49.3962	0	0
4985	49.3869	0	0
4984	49.3776	0	0
4983	49.3682	0	0
4982	49.3589	0	0
4981	49.3496	0	0
4980	49.3403	0	0
4979	49.331	0	0
4978	49.3217	0	0
4977	49.3124	0	0
4976	49.3031	0	0
4975	49.2938	0	0
4974	49.2845	0	0
4973	49.2752	0	0
4972	49.2659	0	0
4971	49.2566	0	0
4970	49.2473	0	0
4969	49.238	0	0
4968	49.2286	0	0
4967	49.2193	0	0
4966	49.21	0	0
4965	49.2007	0	0
4964	49.1914	0	0
4963	49.1821	0	0
4962	49.1728	0	0
4961	49.1635	0	0
4960	49.1542	0	0
4959	49.1449	0	0
4958	49.1356	0	0
4957	49.1262	0	0
4956	49.1169	0	0
4955	49.1076	0	0
4954	49.0983	0	0
4953	49.089	0	0
4952	49.0797	0	0
4951	49.0704	0	0
4950	49.0611	0	0
4949	49.0517	0	0
4948	49.0424	0	0
4947	49.0331	0	0
4946	49.0238	0	0
4945	49.0145	0	0
4944	49.0052	0	0
4943	48.9958	0	0
4942	48.9865	0	0
4941	48.9772	0	0
4940	48.9679	0	0
4939	48.9586	0	0
4938	48.9493	0	0
4937	48.9399	0	0
4936	48.9306	0	0
4935	48.9213	0	0
4934	48.912	0	0
4933	48.9026	0	0
4932	48.8933	0	0
4931	48.884	0	0
4930	48.8747	0	0
4929	48.8654	0	0
4928	48.856	0	0
4927	48.8467	0	0
4926	48.8374	0	0
4925	48.828	0	0
4924	48.8187	0	0
4923	48.8094	0	0
4922	48.8001	0	0
4921	48.7907	0	0
4920	48.7814	0	0
4919	48.7721	0	0
4918	48.7627	0	0
4917	48.7534	0	0
4916	48.7441	0	0
4915	48.7347	0	0
4914	48.7254	0	0
4913	48.7161	0	0
4912	48.7067	0	0
4911	48.6974	0	0
4910	48.6881	0	0
4909	48.6787	0	0
4908	48.6694	0	0
4907	48.66	0	0
4906	48.6507	0	0
4905	48.6414	0	0
4904	48.632	0	0
4903	48.6227	0	0
4902	48.6133	0	0
4901	48.604	0	0
4900	48.5946	0	0
4899	48.5853	0	0
4898	48.5759	0	0
4897	48.5666	0	0
4896	48.5572	0	0
4895	48.5479	0	0
4894	48.5385	0	0
4893	48.5292	0	0
4892	48.5198	0	0
4891	48.5105	0	0
4890	48.5011	0	0
4889	48.4918	0	0
4888	48.4824	0	0
4887	48.4731	0	0
4886	48.4637	0	0
4885	48.4543	0	0
4884	48.445	0	0
4883	48.4356	0	0
4882	48.4262	0	0
4881	48.4169	0	0
4880	48.4075	0	0
4879	48.3982	0	0
4878	48.3888	0	0
4877	48.3794	0	0
4876	48.37	0	0
4875	48.3607	0	0
4874	48.3513	0	0
4873	48.3419	0	0
4872	48.3326	0	0
4871	48.3232	0	0
4870	48.3138	0	0
4869	48.3044	0	0
4868	48.295	0	0
4867	48.2857	0	0
4866	48.2763	0	0
4865	48.2669	0	0
4864	48.2575	0	0
4863	48.2481	0	0
4862	48.2387	0	0
4861	48.2294	0	0
4860	48.22	0	0
4859	48.2106	0	0
4858	48.2012	0	0
4857	48.1918	0	0
4856	48.1824	0	0
4855	48.173	0	0
4854	48.1636	0	0
4853	48.1542	0	0
4852	48.1448	0	0
4851	48.1354	0	0
4850	48.126	0	0
4849	48.1166	0	0
4848	48.1072	0	0
4847	48.0978	0	0
4846	48.0884	0	0
4845	48.079	0	0
4844	48.0696	0	0
4843	48.0602	0	0
4842	48.0508	0	0
4841	48.0413	0	0
4840	48.0319	0	0
4839	48.0225	0	0
4838	48.0131	0	0
4837	48.0037	0	0
4836	47.9943	0	0
4835	47.9848	0	0
4834	47.9754	0	0
4833	47.966	0	0
4832	47.9566	0	0
4831	47.9471	0	0
4830	47.9377	0	0
4829	47.9283	0	0
4828	47.9188	0	0
4827	47.9094	0	0
4826	47.9	0	0
4825	47.8905	0	0
4824	47.8811	0	0
4823	47.8716	0	0
4822	47.8622	0	0
4821	47.8528	0	0
4820	47.8433	0	0
4819	47.8339	0	0
4818	47.8244	0	0
4817	47.815	0	0
4816	47.8055	0	0
4815	47.7961	0	0
4814	47.7866	0	0
4813	47.7771	0	0
4812	47.7677	0	0
4811	47.7582	0	0
4810	47.7488	0	0
4809	47.7393	0	0
4808	47.7298	0	0
4807	47.7204	0	0
4806	47.7109	0	0
4805	47.7014	0	0
4804	47.692	0	0
4803	47.6825	0	0
4802	47.673	0	0
4801	47.6635	0	0
4800	47.6541	0	0
4799	47.6446	0	0
4798	47.6351	0	0
4797	47.6256	0	0
4796	47.6161	0	0
4795	47.6066	0	0
4794	47.5971	0	0
4793	47.5876	0	0
4792	47.5781	0	0
4791	47.5687	0	0
4790	47.5592	0	0
4789	47.5497	0	0
4788	47.5402	0	0
4787	47.5307	0	0
4786	47.5211	0	0
4785	47.5116	0	0
4784	47.5021	0	0
4783	47.4926	0	0
4782	47.4831	0	0
4781	47.4736	0	0
4780	47.4641	0	0
4779	47.4546	0	0
4778	47.445	0	0
4777	47.4355	0	0
4776	47.426	0	0
4775	47.4165	0	0
4774	47.4069	0	0
4773	47.3974	0	0
4772	47.3879	0	0
4771	47.3783	0	0
4770	47.3688	0	0
4769	47.3593	0	0
4768	47.3497	0	0
4767	47.3402	0	0
4766	47.3306	0	0
4765	47.3211	0	0
4764	47.3115	0	0
4763	47.302	0	0
4762	47.2924	0	0
4761	47.2829	0	0
4760	47.2733	0	0
4759	47.2637	0	0
4758	47.2542	0	0
4757	47.2446	0	0
4756	47.2351	0	0
4755	47.2255	0	0
4754	47.2159	0	0
4753	47.2063	0	0
4752	47.1968	0	0
4751	47.1872	0	0
4750	47.1776	0	0
4749	47.168	0	0
4748	47.1584	0	0
4747	47.1489	0	0
4746	47.1393	0	0
4745	47.1297	0	0
4744	47.1201	0	0
4743	47.1105	0	0
4742	47.1009	0	0
4741	47.0913	0	0
4740	47.0817	0	0
4739	47.0721	0	0
4738	47.0625	0	0
4737	47.0529	0	0
4736	47.0432	0	0
4735	47.0336	0	0
4734	47.024	0	0
4733	47.0144	0	0
4732	47.0048	0	0
4731	46.9952	0	0
4730	46.9855	0	0
4729	46.9759	0	0
4728	46.9663	0	0
4727	46.9566	0	0
4726	46.947	0	0
4725	46.9374	0	0
4724	46.9277	0	0
4723	46.9181	0	0
4722	46.9084	0	0
4721	46.8988	0	0
4720	46.8891	0	0
4719	46.8795	0	0
4718	46.8698	0	0
4717	46.8602	0	0
4716	46.8505	0	0
4715	46.8408	0	0
4714	46.8312	0	0
4713	46.8215	0	0
4712	46.8118	0	0
4711	46.8022	0	0
4710	46.7925	0	0
4709	46.7828	0	0
4708	46.7731	0	0
4707	46.7634	0	0
4706	46.7537	0	0
4705	46.7441	0	0
4704	46.7344	0	0
4703	46.7247	0	0
4702	46.715	0	0
4701	46.7053	0	0
4700	46.6956	0	0
4699	46.6859	0	0
4698	46.6762	0	0
4697	46.6664	0	0
4696	46.6567	0	0
4695	46.647	0	0
4694	46.6373	0	0
4693	46.6276	0	0
4692	46.6179	0	0
4691	46.6081	0	0
4690	46.5984	0	0
4689	46.5887	0	0
4688	46.5789	0	0
4687	46.5692	0	0
4686	46.5594	0	0
4685	46.5497	0	0
4684	46.54	0	0
4683	46.5302	0	0
4682	46.5205	0	0
4681	46.5107	0	0
4680	46.5009	0	0
4679	46.4912	0	0
4678	46.4814	0	0
4677	46.4717	0	0
4676	46.4619	0	0
4675	46.4521	0	0
4674	46.4423	0	0
4673	46.4326	0	0
4672	46.4228	0	0
4671	46.413	0	0
4670	46.4032	0	0
4669	46.3934	0	0
4668	46.3836	0	0
4667	46.3738	0	0
4666	46.364	0	0
4665	46.3542	0	0
4664	46.3444	0	0
4663	46.3346	0	0
4662	46.3248	0	0
4661	46.315	0	0
4660	46.3052	0	0
4659	46.2954	0	0
4658	46.2855	0	0
4657	46.2757	0	0
4656	46.2659	0	0
4655	46.2561	0	0
4654	46.2462	0	0
4653	46.2364	0	0
4652	46.2265	0	0
4651	46.2167	0	0
4650	46.2068	0	0
4649	46.197	0	0
4648	46.1871	0	0
4647	46.1773	0	0
4646	46.1674	0	0
4645	46.1576	0	0
4644	46.1477	0	0
4643	46.1378	0	0
4642	46.128	0	0
4641	46.1181	0	0
4640	46.1082	0	0
4639	46.0983	0	0
4638	46.0884	0	0
4637	46.0786	0	0
4636	46.0687	0	0
4635	46.0588	0	0
4634	46.0489	0	0
4633	46.039	0	0
4632	46.0291	0	0
4631	46.0192	0	0
4630	46.0092	0	0
4629	45.9993	0	0
4628	45.9894	0	0
4627	45.9795	0	0
4626	45.9696	0	0
4625	45.9596	0	0
4624	45.9497	0	0
4623	45.9398	0	0
4622	45.9298	0	0
4621	45.9199	0	0
4620	45.91	0	0
4619	45.9	0	0
4618	45.8901	0	0
4617	45.8801	0	0
4616	45.8701	0	0
4615	45.8602	0	0
4614	45.8502	0	0
4613	45.8403	0	0
4612	45.8303	0	0
4611	45.8203	0	0
4610	45.8103	0	0
4609	45.8004	0	0
4608	45.7904	0	0
4607	45.7804	0	0
4606	45.7704	0	0
4605	45.7604	0	0
4604	45.7504	0	0
4603	45.7404	0	0
4602	45.7304	0	0
4601	45.7204	0	0
4600	45.7104	0	0
4599	45.7003	0	0
4598	45.6903	0	0
4597	45.6803	0	0
4596	45.6703	0	0
4595	45.6602	0	0
4594	45.6502	0	0
4593	45.6402	0	0
4592	45.6301	0	0
4591	45.6201	0	0
4590	45.61	0	0
4589	45.6	0	0
4588	45.5899	0	0
4587	45.5799	0	0
4586	45.5698	0	0
4585	45.5597	0	0
4584	45.5497	0	0
4583	45.5396	0	0
4582	45.5295	0	0
4581	45.5194	0	0
4580	45.5094	0	0
4579	45.4993	0	0
4578	45.4892	0	0
4577	45.4791	0	0
4576	45.469	0	0
4575	45.4589	0	0
4574	45.4488	0	0
4573	45.4387	0	0
4572	45.4285	0	0
4571	45.4184	0	0
4570	45.4083	0	0
4569	45.3982	0	0
4568	45.388	0	0
4567	45.3779	0	0
4566	45.3678	0	0
4565	45.3576	0	0
4564	45.3475	0	0
4563	45.3373	0	0
4562	45.3272	0	0
4561	45.317	0	0
4560	45.3069	0	0
4559	45.2967	0	0
4558	45.2865	0	0
4557	45.2764	0	0
4556	45.2662	0	0
4555	45.256	0	0
4554	45.2458	0	0
4553	45.2356	0	0
4552	45.2254	0	0
4551	45.2152	0	0
4550	45.205	0	0
4549	45.1948	0	0
4548	45.1846	0	0
4547	45.1744	0	0
4546	45.1642	0	0
4545	45.154	0	0
4544	45.1438	0	0
4543	45.1335	0	0
4542	45.1233	0	0
4541	45.1131	0	0
4540	45.1028	0	0
4539	45.0926	0	0
4538	45.0823	0	0
4537	45.0721	0	0
4536	45.0618	0	0
4535	45.0516	0	0
4534	45.0413	0	0
4533	45.031	0	0
4532	45.0208	0	0
4531	45.0105	0	0
4530	45.0002	0	0
4529	44.9899	0	0
4528	44.9796	0	0
4527	44.9694	0	0
4526	44.9591	0	0
4525	44.9488	0	0
4524	44.9384	0	0
4523	44.9281	0	0
4522	44.9178	0	0
4521	44.9075	0	0
4520	44.8972	0	0
4519	44.8869	0	0
4518	44.8765	0	0
4517	44.8662	0	0
4516	44.8559	0	0
4515	44.8455	0	0
4514	44.8352	0	0
4513	44.8248	0	0
4512	44.8145	0	0
4511	44.8041	0	0
4510	44.7937	0	0
4509	44.7834	0	0
4508	44.773	0	0
4507	44.7626	0	0
4506	44.7522	0	0
4505	44.7419	0	0
4504	44.7315	0	0
4503	44.7211	0	0
4502	44.7107	0	0
4501	44.7003	0	0
4500	44.6899	0	0
4499	44.6795	0	0
4498	44.669	0	0
4497	44.6586	0	0
4496	44.6482	0	0
4495	44.6378	0	0
4494	44.6273	0	0
4493	44.6169	0	0
4492	44.6065	0	0
4491	44.596	0	0
4490	44.5856	0	0
4489	44.5751	0	0
4488	44.5646	0	0
4487	44.5542	0	0
4486	44.5437	0	0
4485	44.5332	0	0
4484	44.5228	0	0
4483	44.5123	0	0
4482	44.5018	0	0
4481	44.4913	0	0
4480	44.4808	0	0
4479	44.4703	0	0
4478	44.4598	0	0
4477	44.4493	0	0
4476	44.4388	0	0
4475	44.4283	0	0
4474	44.4177	0	0
4473	44.4072	0	0
4472	44.3967	0	0
4471	44.3861	0	0
4470	44.3756	0	0
4469	44.3651	0	0
4468	44.3545	0	0
4467	44.344	0	0
4466	44.3334	0	0
4465	44.3228	0	0
4464	44.3123	0	0
4463	44.3017	0	0
4462	44.2911	0	0
4461	44.2805	0	0
4460	44.2699	0	0
4459	44.2593	0	0
4458	44.2488	0	0
4457	44.2382	0	0
4456	44.2275	0	0
4455	44.2169	0	0
4454	44.2063	0	0
4453	44.1957	0	0
4452	44.1851	0	0
4451	44.1744	0	0
4450	44.1638	0	0
4449	44.1532	0	0
4448	44.1425	0	0
4447	44.1319	0	0
4446	44.1212	0	0
4445	44.1106	0	0
4444	44.0999	0	0
4443	44.0892	0	0
4442	44.0786	0	0
4441	44.0679	0	0
4440	44.0572	0	0
4439	44.0465	0	0
4438	44.0358	0	0
4437	44.0251	0	0
4436	44.0144	0	0
4435	44.0037	0	0
4434	43.993	0	0
4433	43.9823	0	0
4432	43.9716	0	0
4431	43.9609	0	0
4430	43.9501	0	0
4429	43.9394	0	0
4428	43.9286	0	0
4427	43.9179	0	0
4426	43.9072	0	0
4425	43.8964	0	0
4424	43.8856	0	0
4423	43.8749	0	0
4422	43.8641	0	0
4421	43.8533	0	0
4420	43.8425	0	0
4419	43.8318	0	0
4418	43.821	0	0
4417	43.8102	0	0
4416	43.7994	0	0
4415	43.7886	0	0
4414	43.7778	0	0
4413	43.7669	0	0
4412	43.7561	0	0
4411	43.7453	0	0
4410	43.7345	0	0
4409	43.7236	0	0
4408	43.7128	0	0
4407	43.702	0	0
4406	43.6911	0	0
4405	43.6802	0	0
4404	43.6694	0	0
4403	43.6585	0	0
4402	43.6477	0	0
4401	43.6368	0	0
4400	43.6259	0	0
4399	43.615	0	0
4398	43.6041	0	0
4397	43.5932	0	0
4396	43.5823	0	0
4395	43.5714	0	0
4394	43.5605	0	0
4393	43.5496	0	0
4392	43.5387	0	0
4391	43.5277	0	0
4390	43.5168	0	0
4389	43.5059	0	0
4388	43.4949	0	0
4387	43.484	0	0
4386	43.473	0	0
4385	43.4621	0	0
4384	43.4511	0	0
4383	43.4401	0	0
4382	43.4292	0	0
4381	43.4182	0	0
4380	43.4072	0	0
4379	43.3962	0	0
4378	43.3852	0	0
4377	43.3742	0	0
4376	43.3632	0	0
4375	43.3522	0	0
4374	43.3412	0	0
4373	43.3302	0	0
4372	43.3191	0	0
4371	43.3081	0	0
4370	43.2971	0	0
4369	43.286	0	0
4368	43.275	0	0
4367	43.2639	0	0
4366	43.2529	0	0
4365	43.2418	0	0
4364	43.2307	0	0
4363	43.2196	0	0
4362	43.2086	0	0
4361	43.1975	0	0
4360	43.1864	0	0
4359	43.1753	0	0
4358	43.1642	0	0
4357	43.1531	0	0
4356	43.142	0	0
4355	43.1309	0	0
4354	43.1197	0	0
4353	43.1086	0	0
4352	43.0975	0	0
4351	43.0863	0	0
4350	43.0752	0	0
4349	43.064	0	0
4348	43.0529	0	0
4347	43.0417	0	0
4346	43.0305	0	0
4345	43.0194	0	0
4344	43.0082	0	0
4343	42.997	0	0
4342	42.9858	0	0
4341	42.9746	0	0
4340	42.9634	0	0
4339	42.9522	0	0
4338	42.941	0	0
4337	42.9298	0	0
4336	42.9186	0	0
4335	42.9073	0	0
4334	42.8961	0	0
4333	42.8849	0	0
4332	42.8736	0	0
4331	42.8624	0	0
4330	42.8511	0	0
4329	42.8398	0	0
4328	42.8286	0	0
4327	42.8173	0	0
4326	42.806	0	0
4325	42.7947	0	0
4324	42.7834	0	0
4323	42.7721	0	0
4322	42.7608	0	0
4321	42.7495	0	0
4320	42.7382	0	0
4319	42.7269	0	0
4318	42.7156	0	0
4317	42.7043	0	0
4316	42.6929	0	0
4315	42.6816	0	0
4314	42.6702	0	0
4313	42.6589	0	0
4312	42.6475	0	0
4311	42.6362	0	0
4310	42.6248	0	0
4309	42.6134	0	0
4308	42.602	0	0
4307	42.5906	0	0
4306	42.5792	0	0
4305	42.5678	0	0
4304	42.5564	0	0
4303	42.545	0	0
4302	42.5336	0	0
4301	42.5222	0	0
4300	42.5108	0	0
4299	42.4993	0	0
4298	42.4879	0	0
4297	42.4764	0	0
4296	42.465	0	0
4295	42.4535	0	0
4294	42.4421	0	0
4293	42.4306	0	0
4292	42.4191	0	0
4291	42.4076	0	0
4290	42.3962	0	0
4289	42.3847	0	0
4288	42.3732	0	0
4287	42.3617	0	0
4286	42.3502	0	0
4285	42.3386	0	0
4284	42.3271	0	0
4283	42.3156	0	0
4282	42.3041	0	0
4281	42.2925	0	0
4280	42.281	0	0
4279	42.2694	0	0
4278	42.2579	0	0
4277	42.2463	0	0
4276	42.2347	0	0
4275	42.2231	0	0
4274	42.2116	0	0
4273	42.2	0	0
4272	42.1884	0	0
4271	42.1768	0	0
4270	42.1652	0	0
4269	42.1536	0	0
4268	42.142	0	0
4267	42.1303	0	0
4266	42.1187	0	0
4265	42.1071	0	0
4264	42.0954	0	0
4263	42.0838	0	0
4262	42.0721	0	0
4261	42.0605	0	0
4260	42.0488	0	0
4259	42.0371	0	0
4258	42.0254	0	0
4257	42.0138	0	0
4256	42.0021	0	0
4255	41.9904	0	0
4254	41.9787	0	0
4253	41.967	0	0
4252	41.9552	0	0
4251	41.9435	0	0
4250	41.9318	0	0
4249	41.9201	0	0
4248	41.9083	0	0
4247	41.8966	0	0
4246	41.8848	0	0
4245	41.8731	0	0
4244	41.8613	0	0
4243	41.8495	0	0
4242	41.8378	0	0
4241	41.826	0	0
4240	41.8142	0	0
4239	41.8024	0	0
4238	41.7906	0	0
4237	41.7788	0	0
4236	41.767	0	0
4235	41.7552	0	0
4234	41.7433	0	0
4233	41.7315	0	0
4232	41.7197	0	0
4231	41.7078	0	0
4230	41.696	0	0
4229	41.6841	0	0
4228	41.6723	0	0
4227	41.6604	0	0
4226	41.6485	0	0
4225	41.6366	0	0
4224	41.6247	0	0
4223	41.6128	0	0
4222	41.6009	0	0
4221	41.589	0	0
4220	41.5771	0	0
4219	41.5652	0	0
4218	41.5533	0	0
4217	41.5413	0	0
4216	41.5294	0	0
4215	41.5175	0	0
4214	41.5055	0	0
4213	41.4936	0	0
4212	41.4816	0	0
4211	41.4696	0	0
4210	41.4576	0	0
4209	41.4457	0	0
4208	41.4337	0	0
4207	41.4217	0	0
4206	41.4097	0	0
4205	41.3977	0	0
4204	41.3857	0	0
4203	41.3736	0	0
4202	41.3616	0	0
4201	41.3496	0	0
4200	41.3375	0	0
4199	41.3255	0	0
4198	41.3134	0	0
4197	41.3014	0	0
4196	41.2893	0	0
4195	41.2772	0	0
4194	41.2652	0	0
4193	41.2531	0	0
4192	41.241	0	0
4191	41.2289	0	0
4190	41.2168	0	0
4189	41.2047	0	0
4188	41.1926	0	0
4187	41.1804	0	0
4186	41.1683	0	0
4185	41.1562	0	0
4184	41.144	0	0
4183	41.1319	0	0
4182	41.1197	0	0
4181	41.1076	0	0
4180	41.0954	0	0
4179	41.0832	0	0
4178	41.071	0	0
4177	41.0588	0	0
4176	41.0467	0	0
4175	41.0344	0	0
4174	41.0222	0	0
4173	41.01	0	0
4172	40.9978	0	0
4171	40.9856	0	0
4170	40.9733	0	0
4169	40.9611	0	0
4168	40.9489	0	0
4167	40.9366	0	0
4166	40.9243	0	0
4165	40.9121	0	0
4164	40.8998	0	0
4163	40.8875	0	0
4162	40.8752	0	0
4161	40.8629	0	0
4160	40.8506	0	0
4159	40.8383	0	0
4158	40.826	0	0
4157	40.8137	0	0
4156	40.8014	0	0
4155	40.789	0	0
4154	40.7767	0	0
4153	40.7644	0	0
4152	40.752	0	0
4151	40.7397	0	0
4150	40.7273	0	0
4149	40.7149	0	0
4148	40.7025	0	0
4147	40.6901	0	0
4146	40.6778	0	0
4145	40.6654	0	0
4144	40.653	0	0
4143	40.6405	0	0
4142	40.6281	0	0
4141	40.6157	0	0
4140	40.6033	0	0
4139	40.5908	0	0
4138	40.5784	0	0
4137	40.5659	0	0
4136	40.5535	0	0
4135	40.541	0	0
4134	40.5285	0	0
4133	40.5161	0	0
4132	40.5036	0	0
4131	40.4911	0	0
4130	40.4786	0	0
4129	40.4661	0	0
4128	40.4536	0	0
4127	40.441	0	0
4126	40.4285	0	0
4125	40.416	0	0
4124	40.4034	0	0
4123	40.3909	0	0
4122	40.3783	0	0
4121	40.3658	0	0
4120	40.3532	0	0
4119	40.3406	0	0
4118	40.3281	0	0
4117	40.3155	0	0
4116	40.3029	0	0
4115	40.2903	0	0
4114	40.2777	0	0
4113	40.2651	0	0
4112	40.2524	0	0
4111	40.2398	0	0
4110	40.2272	0	0
4109	40.2145	0	0
4108	40.2019	0	0
4107	40.1892	0	0
4106	40.1766	0	0
4105	40.1639	0	0
4104	40.1512	0	0
4103	40.1386	0	0
4102	40.1259	0	0
4101	40.1132	0	0
4100	40.1005	0	0
4099	40.0878	0	0
4098	40.075	0	0
4097	40.0623	0	0
4096	40.0496	0	0
4095	40.0369	0	0
4094	40.0241	0	0
4093	40.0114	0	0
4092	39.9986	0	0
4091	39.9859	0	0
4090	39.9731	0	0
4089	39.9603	0	0
4088	39.9475	0	0
4087	39.9347	0	0
4086	39.9219	0	0
4085	39.9091	0	0
4084	39.8963	0	0
4083	39.8835	0	0
4082	39.8707	0	0
4081	39.8578	0	0
4080	39.845	0	0
4079	39.8322	0	0
4078	39.8193	0	0
4077	39.8065	0	0
4076	39.7936	0	0
4075	39.7807	0	0
4074	39.7678	0	0
4073	39.7549	0	0
4072	39.7421	0	0
4071	39.7292	0	0
4070	39.7162	0	0
4069	39.7033	0	0
4068	39.6904	0	0
4067	39.6775	0	0
4066	39.6645	0	0
4065	39.6516	0	0
4064	39.6387	0	0
4063	39.6257	0	0
4062	39.6127	0	0
4061	39.5998	0	0
4060	39.5868	0	0
4059	39.5738	0	0
4058	39.5608	0	0
4057	39.5478	0	0
4056	39.5348	0	0
4055	39.5218	0	0
4054	39.5088	0	0
4053	39.4958	0	0
4052	39.4827	0	0
4051	39.4697	0	0
4050	39.4567	0	0
4049	39.4436	0	0
4048	39.4305	0	0
4047	39.4175	0	0
4046	39.4044	0	0
4045	39.3913	0	0
4044	39.3782	0	0
4043	39.3651	0	0
4042	39.352	0	0
4041	39.3389	0	0
4040	39.3258	0	0
4039	39.3127	0	0
4038	39.2996	0	0
4037	39.2864	0	0
4036	39.2733	0	0
4035	39.2601	0	0
4034	39.247	0	0
4033	39.2338	0	0
4032	39.2207	0	0
4031	39.2075	0	0
4030	39.1943	0	0
4029	39.1811	0	0
4028	39.1679	0	0
4027	39.1547	0	0
4026	39.1415	0	0
4025	39.1283	0	0
4024	39.115	0	0
4023	39.1018	0	0
4022	39.0886	0	0
4021	39.0753	0	0
4020	39.0621	0	0
4019	39.0488	0	0
4018	39.0355	0	0
4017	39.0223	0	0
4016	39.009	0	0
4015	38.9957	0	0
4014	38.9824	0	0
4013	38.9691	0	0
4012	38.9558	0	0
4011	38.9425	0	0
4010	38.9292	0	0
4009	38.9158	0	0
4008	38.9025	0	0
4007	38.8891	0	0
4006	38.8758	0	0
4005	38.8624	0	0
4004	38.8491	0	0
4003	38.8357	0	0
4002	38.8223	0	0
4001	38.8089	0	0
4000	38.7955	0	0
3999	38.7821	0	0
3998	38.7687	0	0
3997	38.7553	0	0
3996	38.7419	0	0
3995	38.7285	0	0
3994	38.715	0	0
3993	38.7016	0	0
3992	38.6882	0	0
3991	38.6747	0	0
3990	38.6612	0	0
3989	38.6478	0	0
3988	38.6343	0	0
3987	38.6208	0	0
3986	38.6073	0	0
3985	38.5938	0	0
3984	38.5803	0	0
3983	38.5668	0	0
3982	38.5533	0	0
3981	38.5398	0	0
3980	38.5262	0	0
3979	38.5127	0	0
3978	38.4991	0	0
3977	38.4856	0	0
3976	38.472	0	0
3975	38.4585	0	0
3974	38.4449	0	0
3973	38.4313	0	0
3972	38.4177	0	0
3971	38.4041	0	0
3970	38.3905	0	0
3969	38.3769	0	0
3968	38.3633	0	0
3967	38.3497	0	0
3966	38.3361	0	0
3965	38.3224	0	0
3964	38.3088	0	0
3963	38.2951	0	0
3962	38.2815	0	0
3961	38.2678	0	0
3960	38.2541	0	0
3959	38.2405	0	0
3958	38.2268	0	0
3957	38.2131	0	0
3956	38.1994	0	0
3955	38.1857	0	0
3954	38.172	0	0
3953	38.1583	0	0
3952	38.1445	0	0
3951	38.1308	0	0
3950	38.1171	0	0
3949	38.1033	0	0
3948	38.0896	0	0
3947	38.0758	0	0
3946	38.062	0	0
3945	38.0482	0	0
3944	38.0345	0	0
3943	38.0207	0	0
3942	38.0069	0	0
3941	37.9931	0	0
3940	37.9793	0	0
3939	37.9655	0	0
3938	37.9516	0	0
3937	37.9378	0	0
3936	37.924	0	0
3935	37.9101	0	0
3934	37.8963	0	0
3933	37.8824	0	0
3932	37.8686	0	0
3931	37.8547	0	0
3930	37.8408	0	0
3929	37.8269	0	0
3928	37.813	0	0
3927	37.7991	0	0
3926	37.7852	0	0
3925	37.7713	0	0
3924	37.7574	0	0
3923	37.7435	0	0
3922	37.7295	0	0
3921	37.7156	0	0
3920	37.7016	0	0
3919	37.6877	0	0
3918	37.6737	0	0
3917	37.6598	0	0
3916	37.6458	0	0
3915	37.6318	0	0
3914	37.6178	0	0
3913	37.6038	0	0
3912	37.5898	0	0
3911	37.5758	0	0
3910	37.5618	0	0
3909	37.5478	0	0
3908	37.5338	0	0
3907	37.5197	0	0
3906	37.5057	0	0
3905	37.4916	0	0
3904	37.4776	0	0
3903	37.4635	0	0
3902	37.4494	0	0
3901	37.4354	0	0
3900	37.4213	0	0
3899	37.4072	0	0
3898	37.3931	0	0
3897	37.379	0	0
3896	37.3649	0	0
3895	37.3508	0	0
3894	37.3367	0	0
3893	37.3225	0	0
3892	37.3084	0	0
3891	37.2942	0	0
3890	37.2801	0	0
3889	37.2659	0	0
3888	37.2518	0	0
3887	37.2376	0	0
3886	37.2234	0	0
3885	37.2092	0	0
3884	37.1951	0	0
3883	37.1809	0	0
3882	37.1666	0	0
3881	37.1524	0	0
3880	37.1382	0	0
3879	37.124	0	0
3878	37.1098	0	0
3877	37.0955	0	0
3876	37.0813	0	0
3875	37.067	0	0
3874	37.0528	0	0
3873	37.0385	0	0
3872	37.0242	0	0
3871	37.01	0	0
3870	36.9957	0	0
3869	36.9814	0	0
3868	36.9671	0	0
3867	36.9528	0	0
3866	36.9385	0	0
3865	36.9242	0	0
3864	36.9098	0	0
3863	36.8955	0	0
3862	36.8812	0	0
3861	36.8668	0	0
3860	36.8525	0	0
3859	36.8381	0	0
3858	36.8238	0	0
3857	36.8094	0	0
3856	36.795	0	0
3855	36.7806	0	0
3854	36.7663	0	0
3853	36.7519	0	0
3852	36.7375	0	0
3851	36.723	0	0
3850	36.7086	0	0
3849	36.6942	0	0
3848	36.6798	0	0
3847	36.6653	0	0
3846	36.6509	0	0
3845	36.6365	0	0
3844	36.622	0	0
3843	36.6075	0	0
3842	36.5931	0	0
3841	36.5786	0	0
3840	36.5641	0	0
3839	36.5496	0	0
3838	36.5351	0	0
3837	36.5206	0	0
3836	36.5061	0	0
3835	36.4916	0	0
3834	36.4771	0	0
3833	36.4626	0	0
3832	36.4481	0	0
3831	36.4335	0	0
3830	36.419	0	0
3829	36.4044	0	0
3828	36.3899	0	0
3827	36.3753	0	0
3826	36.3607	0	0
3825	36.3462	0	0
3824	36.3316	0	0
3823	36.317	0	0
3822	36.3024	0	0
3821	36.2878	0	0
3820	36.2732	0	0
3819	36.2586	0	0
3818	36.244	0	0
3817	36.2293	0	0
3816	36.2147	0	0
3815	36.2001	0	0
3814	36.1854	0	0
3813	36.1708	0	0
3812	36.1561	0	0
3811	36.1414	0	0
3810	36.1268	0	0
3809	36.1121	0	0
3808	36.0974	0	0
3807	36.0827	0	0
3806	36.068	0	0
3805	36.0533	0	0
3804	36.0386	0	0
3803	36.0239	0	0
3802	36.0092	0	0
3801	35.9945	0	0
3800	35.9797	0	0
3799	35.965	0	0
3798	35.9503	0	0
3797	35.9355	0	0
3796	35.9207	0	0
3795	35.906	0	0
3794	35.8912	0	0
3793	35.8764	0	0
3792	35.8617	0	0
3791	35.8469	0	0
3790	35.8321	0	0
3789	35.8173	0	0
3788	35.8025	0	0
3787	35.7877	0	0
3786	35.7729	0	0
3785	35.758	0	0
3784	35.7432	0	0
3783	35.7284	0	0
3782	35.7135	0	0
3781	35.6987	0	0
3780	35.6838	0	0
3779	35.669	0	0
3778	35.6541	0	0
3777	35.6392	0	0
3776	35.6244	0	0
3775	35.6095	0	0
3774	35.5946	0	0
3773	35.5797	0	0
3772	35.5648	0	0
3771	35.5499	0	0
3770	35.535	0	0
3769	35.5201	0	0
3768	35.5051	0	0
3767	35.4902	0	0
3766	35.4753	0	0
3765	35.4603	0	0
3764	35.4454	0	0
3763	35.4304	0	0
3762	35.4155	0	0
3761	35.4005	0	0
3760	35.3856	0	0
3759	35.3706	0	0
3758	35.3556	0	0
3757	35.3406	0	0
3756	35.3256	0	0
3755	35.3106	0	0
3754	35.2956	0	0
3753	35.2806	0	0
3752	35.2656	0	0
3751	35.2506	0	0
3750	35.2355	0	0
3749	35.2205	0	0
3748	35.2055	0	0
3747	35.1904	0	0
3746	35.1754	0	0
3745	35.1603	0	0
3744	35.1453	0	0
3743	35.1302	0	0
3742	35.1151	0	0
3741	35.1001	0	0
3740	35.085	0	0
3739	35.0699	0	0
3738	35.0548	0	0
3737	35.0397	0	0
3736	35.0246	0	0
3735	35.0095	0	0
3734	34.9944	0	0
3733	34.9792	0	0
3732	34.9641	0	0
3731	34.949	0	0
3730	34.9338	0	0
3729	34.9187	0	0
3728	34.9036	0	0
3727	34.8884	0	0
3726	34.8732	0	0
3725	34.8581	0	0
3724	34.8429	0	0
3723	34.8277	0	0
3722	34.8126	0	0
3721	34.7974	0	0
3720	34.7822	0	0
3719	34.767	0	0
3718	34.7518	0	0
3717	34.7366	0	0
3716	34.7214	0	0
3715	34.7062	0	0
3714	34.6909	0	0
3713	34.6757	0	0
3712	34.6605	0	0
3711	34.6452	0	0
3710	34.63	0	0
3709	34.6147	0	0
3708	34.5995	0	0
3707	34.5842	0	0
3706	34.569	0	0
3705	34.5537	0	0
3704	34.5384	0	0
3703	34.5231	0	0
3702	34.5079	0	0
3701	34.4926	0	0
3700	34.4773	0	0
3699	34.462	0	0
3698	34.4467	0	0
3697	34.4314	0	0
3696	34.416	0	0
3695	34.4007	0	0
3694	34.3854	0	0
3693	34.3701	0	0
3692	34.3547	0	0
3691	34.3394	0	0
3690	34.3241	0	0
3689	34.3087	0	0
3688	34.2933	0	0
3687	34.278	0	0
3686	34.2626	0	0
3685	34.2473	0	0
3684	34.2319	0	0
3683	34.2165	0	0
3682	34.2011	0	0
3681	34.1857	0	0
3680	34.1703	0	0
3679	34.1549	0	0
3678	34.1395	0	0
3677	34.1241	0	0
3676	34.1087	0	0
3675	34.0933	0	0
3674	34.0779	0	0
3673	34.0624	0	0
3672	34.047	0	0
3671	34.0316	0	0
3670	34.0161	0	0
3669	34.0007	0	0
3668	33.9852	0	0
3667	33.9698	0	0
3666	33.9543	0	0
3665	33.9389	0	0
3664	33.9234	0	0
3663	33.9079	0	0
3662	33.8924	0	0
3661	33.8769	0	0
3660	33.8615	0	0
3659	33.846	0	0
3658	33.8305	0	0
3657	33.815	0	0
3656	33.7995	0	0
3655	33.784	0	0
3654	33.7684	0	0
3653	33.7529	0	0
3652	33.7374	0	0
3651	33.7219	0	0
3650	33.7063	0	0
3649	33.6908	0	0
3648	33.6752	0	0
3647	33.6597	0	0
3646	33.6441	0	0
3645	33.6286	0	0
3644	33.613	0	0
3643	33.5975	0	0
3642	33.5819	0	0
3641	33.5663	0	0
3640	33.5507	0	0
3639	33.5352	0	0
3638	33.5196	0	0
3637	33.504	0	0
3636	33.4884	0	0
3635	33.4728	0	0
3634	33.4572	0	0
3633	33.4416	0	0
3632	33.426	0	0
3631	33.4103	0	0
3630	33.3947	0	0
3629	33.3791	0	0
3628	33.3635	0	0
3627	33.3478	0	0
3626	33.3322	0	0
3625	33.3166	0	0
3624	33.3009	0	0
3623	33.2853	0	0
3622	33.2696	0	0
3621	33.2539	0	0
3620	33.2383	0	0
3619	33.2226	0	0
3618	33.2069	0	0
3617	33.1913	0	0
3616	33.1756	0	0
3615	33.1599	0	0
3614	33.1442	0	0
3613	33.1285	0	0
3612	33.1128	0	0
3611	33.0971	0	0
3610	33.0814	0	0
3609	33.0657	0	0
3608	33.05	0	0
3607	33.0343	0	0
3606	33.0185	0	0
3605	33.0028	0	0
3604	32.9871	0	0
3603	32.9714	0	0
3602	32.9556	0	0
3601	32.9399	0	0
3600	32.9241	0	0
3599	32.9084	0	0
3598	32.8926	0	0
3597	32.8769	0	0
3596	32.8611	0	0
3595	32.8453	0	0
3594	32.8296	0	0
3593	32.8138	0	0
3592	32.798	0	0
3591	32.7822	0	0
3590	32.7664	0	0
3589	32.7507	0	0
3588	32.7349	0	0
3587	32.7191	0	0
3586	32.7033	0	0
3585	32.6875	0	0
3584	32.6716	0	0
3583	32.6558	0	0
3582	32.64	0	0
3581	32.6242	0	0
3580	32.6084	0	0
3579	32.5925	0	0
3578	32.5767	0	0
3577	32.5609	0	0
3576	32.545	0	0
3575	32.5292	0	0
3574	32.5133	0	0
3573	32.4975	0	0
3572	32.4816	0	0
3571	32.4658	0	0
3570	32.4499	0	0
3569	32.434	0	0
3568	32.4182	0	0
3567	32.4023	0	0
3566	32.3864	0	0
3565	32.3705	0	0
3564	32.3546	0	0
3563	32.3387	0	0
3562	32.3228	0	0
3561	32.3069	0	0
3560	32.291	0	0
3559	32.2751	0	0
3558	32.2592	0	0
3557	32.2433	0	0
3556	32.2274	0	0
3555	32.2115	0	0
3554	32.1955	0	0
3553	32.1796	0	0
3552	32.1637	0	0
3551	32.1477	0	0
3550	32.1318	0	0
3549	32.1158	0	0
3548	32.0999	0	0
3547	32.0839	0	0
3546	32.068	0	0
3545	32.052	0	0
3544	32.036	0	0
3543	32.0201	0	0
3542	32.0041	0	0
3541	31.9881	0	0
3540	31.9721	0	0
3539	31.9561	0	0
3538	31.9402	0	0
3537	31.9242	0	0
3536	31.9082	0	0
3535	31.8922	0	0
3534	31.8762	0	0
3533	31.8601	0	0
3532	31.8441	0	0
3531	31.8281	0	0
3530	31.8121	0	0
3529	31.7961	0	0
3528	31.78	0	0
3527	31.764	0	0
3526	31.748	0	0
3525	31.7319	0	0
3524	31.7159	0	0
3523	31.6998	0	0
3522	31.6838	0	0
3521	31.6677	0	0
3520	31.6516	0	0
3519	31.6356	0	0
3518	31.6195	0	0
3517	31.6034	0	0
3516	31.5873	0	0
3515	31.5713	0	0
3514	31.5552	0	0
3513	31.5391	0	0
3512	31.523	0	0
3511	31.5069	0	0
3510	31.4908	0	0
3509	31.4747	0	0
3508	31.4586	0	0
3507	31.4424	0	0
3506	31.4263	0	0
3505	31.4102	0	0
3504	31.3941	0	0
3503	31.3779	0	0
3502	31.3618	0	0
3501	31.3456	0	0
3500	31.3295	0	0
3499	31.3133	0	0
3498	31.2972	0	0
3497	31.281	0	0
3496	31.2648	0	0
3495	31.2487	0	0
3494	31.2325	0	0
3493	31.2163	0	0
3492	31.2001	0	0
3491	31.1839	0	0
3490	31.1677	0	0
3489	31.1515	0	0
3488	31.1353	0	0
3487	31.1191	0	0
3486	31.1029	0	0
3485	31.0867	0	0
3484	31.0705	0	0
3483	31.0542	0	0
3482	31.038	0	0
3481	31.0218	0	0
3480	31.0055	0	0
3479	30.9893	0	0
3478	30.973	0	0
3477	30.9568	0	0
3476	30.9405	0	0
3475	30.9242	0	0
3474	30.9079	0	0
3473	30.8917	0	0
3472	30.8754	0	0
3471	30.8591	0	0
3470	30.8428	0	0
3469	30.8265	0	0
3468	30.8102	0	0
3467	30.7939	0	0
3466	30.7776	0	0
3465	30.7612	0	0
3464	30.7449	0	0
3463	30.7286	0	0
3462	30.7122	0	0
3461	30.6959	0	0
3460	30.6795	0	0
3459	30.6632	0	0
3458	30.6468	0	0
3457	30.6304	0	0
3456	30.6141	0	0
3455	30.5977	0	0
3454	30.5813	0	0
3453	30.5649	0	0
3452	30.5485	0	0
3451	30.5321	0	0
3450	30.5157	0	0
3449	30.4993	0	0
3448	30.4829	0	0
3447	30.4664	0	0
3446	30.45	0	0
3445	30.4335	0	0
3444	30.4171	0	0
3443	30.4006	0	0
3442	30.3842	0	0
3441	30.3677	0	0
3440	30.3512	0	0
3439	30.3347	0	0
3438	30.3183	0	0
3437	30.3018	0	0
3436	30.2853	0	0
3435	30.2687	0	0
3434	30.2522	0	0
3433	30.2357	0	0
3432	30.2192	0	0
3431	30.2026	0	0
3430	30.1861	0	0
3429	30.1695	0	0
3428	30.153	0	0
3427	30.1364	0	0
3426	30.1198	0	0
3425	30.1032	0	0
3424	30.0867	0	0
3423	30.0701	0	0
3422	30.0534	0	0
3421	30.0368	0	0
3420	30.0202	0	0
3419	30.0036	0	0
3418	29.9869	0	0
3417	29.9703	0	0
3416	29.9536	0	0
3415	29.937	0	0
3414	29.9203	0	0
3413	29.9036	0	0
3412	29.8869	0	0
3411	29.8702	0	0
3410	29.8535	0	0
3409	29.8368	0	0
3408	29.8201	0	0
3407	29.8033	0	0
3406	29.7866	0	0
3405	29.7699	0	0
3404	29.7531	0	0
3403	29.7363	0	0
3402	29.7195	0	0
3401	29.7027	0	0
3400	29.6859	0	0
3399	29.6691	0	0
3398	29.6523	0	0
3397	29.6355	0	0
3396	29.6187	0	0
3395	29.6018	0	0
3394	29.5849	0	0
3393	29.5681	0	0
3392	29.5512	0	0
3391	29.5343	0	0
3390	29.5174	0	0
3389	29.5005	0	0
3388	29.4836	0	0
3387	29.4666	0	0
3386	29.4497	0	0
3385	29.4327	0	0
3384	29.4158	0	0
3383	29.3988	0	0
3382	29.3818	0	0
3381	29.3648	0	0
3380	29.3478	0	0
3379	29.3308	0	0
3378	29.3137	0	0
3377	29.2967	0	0
3376	29.2796	0	0
3375	29.2626	0	0
3374	29.2455	0	0
3373	29.2284	0	0
3372	29.2113	0	0
3371	29.1942	0	0
3370	29.177	0	0
3369	29.1599	0	0
3368	29.1427	0	0
3367	29.1255	0	0
3366	29.1084	0	0
3365	29.0912	0	0
3364	29.0739	0	0
3363	29.0567	0	0
3362	29.0395	0	0
3361	29.0222	0	0
3360	29.005	0	0
3359	28.9877	0	0
3358	28.9704	0	0
3357	28.9531	0	0
3356	28.9358	0	0
3355	28.9184	0	0
3354	28.9011	0	0
3353	28.8837	0	0
3352	28.8663	0	0
3351	28.8489	0	0
3350	28.8315	0	0
3349	28.8141	0	0
3348	28.7966	0	0
3347	28.7792	0	0
3346	28.7617	0	0
3345	28.7442	0	0
3344	28.7267	0	0
3343	28.7092	0	0
3342	28.6916	0	0
3341	28.6741	0	0
3340	28.6565	0	0
3339	28.6389	0	0
3338	28.6213	0	0
3337	28.6037	0	0
3336	28.586	0	0
3335	28.5683	0	0
3334	28.5507	0	0
3333	28.533	0	0
3332	28.5153	0	0
3331	28.4975	0	0
3330	28.4798	0	0
3329	28.462	0	0
3328	28.4442	0	0
3327	28.4264	0	0
3326	28.4086	0	0
3325	28.3907	0	0
3324	28.3729	0	0
3323	28.355	0	0
3322	28.3371	0	0
3321	28.3192	0	0
3320	28.3012	0	0
3319	28.2833	0	0
3318	28.2653	0	0
3317	28.2473	0	0
3316	28.2292	0	0
3315	28.2112	0	0
3314	28.1931	0	0
3313	28.175	0	0
3312	28.1569	0	0
3311	28.1388	0	0
3310	28.1206	0	0
3309	28.1025	0	0
3308	28.0843	0	0
3307	28.0661	0	0
3306	28.0478	0	0
3305	28.0295	0	0
3304	28.0113	0	0
3303	27.9929	0	0
3302	27.9746	0	0
3301	27.9562	0	0
3300	27.9379	0	0
3299	27.9195	0	0
3298	27.901	0	0
3297	27.8826	0	0
3296	27.8641	0	0
3295	27.8456	0	0
3294	27.8271	0	0
3293	27.8085	0	0
3292	27.7899	0	0
3291	27.7713	0	0
3290	27.7527	0	0
3289	27.734	0	0
3288	27.7153	0	0
3287	27.6966	0	0
3286	27.6779	0	0
3285	27.6591	0	0
3284	27.6403	0	0
3283	27.6215	0	0
3282	27.6027	0	0
3281	27.5838	0	0
3280	27.5649	0	0
3279	27.546	0	0
3278	27.527	0	0
3277	27.508	0	0
3276	27.489	0	0
3275	27.47	0	0
3274	27.4509	0	0
3273	27.4318	0	0
3272	27.4126	0	0
3271	27.3935	0	0
3270	27.3743	0	0
3269	27.355	0	0
3268	27.3358	0	0
3267	27.3165	0	0
3266	27.2972	0	0
3265	27.2778	0	0
3264	27.2584	0	0
3263	27.239	0	0
3262	27.2196	0	0
3261	27.2001	0	0
3260	27.1806	0	0
3259	27.161	0	0
3258	27.1415	0	0
3257	27.1218	0	0
3256	27.1022	0	0
3255	27.0825	0	0
3254	27.0628	0	0
3253	27.043	0	0
3252	27.0233	0	0
3251	27.0034	0	0
3250	26.9836	0	0
3249	26.9637	0	0
3248	26.9437	0	0
3247	26.9238	0	0
3246	26.9038	0	0
3245	26.8837	0	0
3244	26.8637	0	0
3243	26.8435	0	0
3242	26.8234	0	0
3241	26.8032	0	0
3240	26.783	0	0
3239	26.7627	0	0
3238	26.7424	0	0
3237	26.7221	0	0
3236	26.7017	0	0
3235	26.6813	0	0
3234	26.6608	0	0
3233	26.6403	0	0
3232	26.6198	0	0
3231	26.5992	0	0
3230	26.5785	0	0
3229	26.5579	0	0
3228	26.5372	0	0
3227	26.5164	0	0
3226	26.4956	0	0
3225	26.4748	0	0
3224	26.4539	0	0
3223	26.433	0	0
3222	26.412	0	0
3221	26.391	0	0
3220	26.37	0	0
3219	26.3489	0	0
3218	26.3277	0	0
3217	26.3066	0	0
3216	26.2853	0	0
3215	26.2641	0	0
3214	26.2427	0	0
3213	26.2214	0	0
3212	26.2	0	0
3211	26.1785	0	0
3210	26.157	0	0
3209	26.1355	0	0
3208	26.1139	0	0
3207	26.0922	0	0
3206	26.0705	0	0
3205	26.0488	0	0
3204	26.027	0	0
3203	26.0052	0	0
3202	25.9833	0	0
3201	25.9614	0	0
3200	25.9394	0	0
3199	25.9173	0	0
3198	25.8953	0	0
3197	25.8731	0	0
3196	25.851	0	0
3195	25.8287	0	0
3194	25.8064	0	0
3193	25.7841	0	0
3192	25.7617	0	0
3191	25.7393	0	0
3190	25.7168	0	0
3189	25.6943	0	0
3188	25.6717	0	0
3187	25.649	0	0
3186	25.6264	0	0
3185	25.6036	0	0
3184	25.5808	0	0
3183	25.558	0	0
3182	25.5351	0	0
3181	25.5121	0	0
3180	25.4891	0	0
3179	25.466	0	0
3178	25.4429	0	0
3177	25.4197	0	0
3176	25.3965	0	0
3175	25.3732	0	0
3174	25.3499	0	0
3173	25.3265	0	0
3172	25.3031	0	0
3171	25.2796	0	0
3170	25.256	0	0
3169	25.2324	0	0
3168	25.2087	0	0
3167	25.185	0	0
3166	25.1612	0	0
3165	25.1374	0	0
3164	25.1135	0	0
3163	25.0896	0	0
3162	25.0656	0	0
3161	25.0415	0	0
3160	25.0174	0	0
3159	24.9933	0	0
3158	24.9691	0	0
3157	24.9448	0	0
3156	24.9205	0	0
3155	24.8961	0	0
3154	24.8716	0	0
3153	24.8471	0	0
3152	24.8226	0	0
3151	24.798	0	0
3150	24.7733	0	0
3149	24.7486	0	0
3148	24.7238	0	0
3147	24.699	0	0
3146	24.6741	0	0
3145	24.6491	0	0
3144	24.6241	0	0
3143	24.5991	0	0
3142	24.574	0	0
3141	24.5488	0	0
3140	24.5236	0	0
3139	24.4983	0	0
3138	24.473	0	0
3137	24.4476	0	0
3136	24.4222	0	0
3135	24.3967	0	0
3134	24.3711	0	0
3133	24.3455	0	0
3132	24.3199	0	0
3131	24.2942	0	0
3130	24.2684	0	0
3129	24.2426	0	0
3128	24.2167	0	0
3127	24.1908	0	0
3126	24.1648	0	0
3125	24.1388	0	0
3124	24.1127	0	0
3123	24.0866	0	0
3122	24.0604	0	0
3121	24.0342	0	0
3120	24.0079	0	0
3119	23.9816	0	0
3118	23.9552	0	0
3117	23.9288	0	0
3116	23.9023	0	0
3115	23.8758	0	0
3114	23.8492	0	0
3113	23.8226	0	0
3112	23.7959	0	0
3111	23.7692	0	0
3110	23.7424	0	0
3109	23.7156	0	0
3108	23.6888	0	0
3107	23.6619	0	0
3106	23.6349	0	0
3105	23.608	0	0
3104	23.5809	0	0
3103	23.5538	0	0
3102	23.5267	0	0
3101	23.4996	0	0
3100	23.4724	0	0
3099	23.4451	0	0
3098	23.4179	0	0
3097	23.3905	0	0
3096	23.3632	0	0
3095	23.3358	0	0
3094	23.3083	0	0
3093	23.2809	0	0
3092	23.2533	0	0
3091	23.2258	0	0
3090	23.1982	0	0
3089	23.1706	0	0
3088	23.1429	0	0
3087	23.1153	0	0
3086	23.0875	0	0
3085	23.0598	0	0
3084	23.032	0	0
3083	23.0042	0	0
3082	22.9763	0	0
3081	22.9485	0	0
3080	22.9206	0	0
3079	22.8926	0	0
3078	22.8647	0	0
3077	22.8367	0	0
3076	22.8087	0	0
3075	22.7806	0	0
3074	22.7526	0	0
3073	22.7245	0	0
3072	22.6964	0	0
3071	22.6683	0	0
3070	22.6401	0	0
3069	22.6119	0	0
3068	22.5837	0	0
3067	22.5555	0	0
3066	22.5273	0	0
3065	22.4991	0	0
3064	22.4708	0	0
3063	22.4425	0	0
3062	22.4143	0	0
3061	22.386	0	0
3060	22.3576	0	0
3059	22.3293	0	0
3058	22.301	0	0
3057	22.2726	0	0
3056	22.2443	0	0
3055	22.2159	0	0
3054	22.1876	0	0
3053	22.1592	0	0
3052	22.1308	0	0
3051	22.1024	0	0
3050	22.0741	0	0
3049	22.0457	0	0
3048	22.0173	0	0
3047	21.9889	0	0
3046	21.9605	0	0
3045	21.9321	0	0
3044	21.9038	0	0
3043	21.8754	0	0
3042	21.847	0	0
3041	21.8187	0	0
3040	21.7903	0	0
3039	21.762	0	0
3038	21.7337	0	0
3037	21.7053	0	0
3036	21.677	0	0
3035	21.6487	0	0
3034	21.6205	0	0
3033	21.5922	0	0
3032	21.5639	0	0
3031	21.5357	0	0
3030	21.5075	0	0
3029	21.4793	0	0
3028	21.4512	0	0
3027	21.423	0	0
3026	21.3949	0	0
3025	21.3668	0	0
3024	21.3388	0	0
3023	21.3107	0	0
3022	21.2827	0	0
3021	21.2548	0	0
3020	21.2268	0	0
3019	21.1989	0	0
3018	21.1711	0	0
3017	21.1433	0	0
3016	21.1155	0	0
3015	21.0877	0	0
3014	21.06	0	0
3013	21.0324	0	0
3012	21.0047	0	0
3011	20.9772	0	0
3010	20.9497	0	0
3009	20.9222	0	0
3008	20.8948	0	0
3007	20.8674	0	0
3006	20.8401	0	0
3005	20.8129	0	0
3004	20.7857	0	0
3003	20.7585	0	0
3002	20.7315	0	0
3001	20.7045	0	0
3000	20.6775	0	0
2999	20.6507	0	0
2998	20.6239	0	0
2997	20.5971	0	0
2996	20.5705	0	0
2995	20.5439	0	0
2994	20.5174	0	0
2993	20.491	0	0
2992	20.4647	0	0
2991	20.4384	0	0
2990	20.4123	0	0
2989	20.3862	0	0
2988	20.3602	0	0
2987	20.3343	0	0
2986	20.3085	0	0
2985	20.2829	0	0
2984	20.2573	0	0
2983	20.2318	0	0
2982	20.2064	0	0
2981	20.1811	0	0
2980	20.156	0	0
2979	20.131	0	0
2978	20.106	0	0
2977	20.0812	0	0
2976	20.0566	0	0
2975	20.032	0	0
2974	20.0076	0	0
2973	19.9833	0	0
2972	19.9592	0	0
2971	19.9352	0	0
2970	19.9113	0	0
2969	19.8876	0	0
2968	19.864	0	0
2967	19.8406	0	0
2966	19.8173	0	0
2965	19.7942	0	0
2964	19.7713	0	0
2963	19.7485	0	0
2962	19.7259	0	0
2961	19.7035	0	0
2960	19.6813	0	0
2959	19.6593	0	0
2958	19.6374	0	0
2957	19.6157	0	0
2956	19.5943	0	0
2955	19.573	0	0
2954	19.5519	0	0
2953	19.5311	0	0
2952	19.5105	0	0
2951	19.4901	0	0
2950	19.4699	0	0
2949	19.4499	0	0
2948	19.4302	0	0
2947	19.4107	0	0
2946	19.3915	0	0
2945	19.3726	0	0
2944	19.3539	0	0
2943	19.3354	0	0
2942	19.3173	0	0
2941	19.2994	0	0
2940	19.2818	0	0
2939	19.2645	0	0
2938	19.2474	0	0
2937	19.2307	0	0
2936	19.2143	0	0
2935	19.1983	0	0
2934	19.1825	0	0
2933	19.1671	0	0
2932	19.152	0	0
2931	19.1373	0	0
2930	19.1229	0	0
2929	19.1089	0	0
2928	19.0952	0	0
2927	19.082	0	0
2926	19.0691	0	0
2925	19.0566	0	0
2924	19.0445	0	0
2923	19.0329	0	0
2922	19.0216	0	0
2921	19.0108	0	0
2920	19.0004	0	0
2919	18.9905	0	0
2918	18.981	0	0
2917	18.972	0	0
2916	18.9635	0	0
2915	18.9554	0	0
2914	18.9479	0	0
2913	18.9408	0	0
2912	18.9343	0	0
2911	18.9283	0	0
2910	18.9228	0	0
2909	18.9179	0	0
2908	18.9135	0	0
2907	18.9097	0	0
2906	18.9064	0	0
2905	18.9037	0	0
2904	18.9017	0	0
2903	18.9002	0	0
2902	18.8993	0	0
2901	18.899	0	0
2900	18.8994	0	0
2899	18.9004	0	0
2898	18.902	0	0
2897	18.9043	0	0
2896	18.9072	0	0
2895	18.9108	0	0
2894	18.9151	0	0
2893	18.92	0	0
2892	18.9256	0	0
2891	18.9319	0	0
2890	18.9389	0	0
2889	18.9466	0	0
2888	18.9549	0	0
2887	18.9639	0	0
2886	18.9737	0	0
2885	18.9841	0	0
2884	18.9951	0	0
2883	19.0069	0	0
2882	19.0193	0	0
2881	19.0324	0	0
2880	19.0462	0	0
2879	19.0606	0	0
2878	19.0756	0	0
2877	19.0913	0	0
2876	19.1075	0	0
2875	19.1243	0	0
2874	19.1417	0	0
2873	19.1596	0	0
2872	19.1781	0	0
2871	19.197	0	0
2870	19.2164	0	0
2869	19.2362	0	0
2868	19.2563	0	0
2867	19.2769	0	0
2866	19.2977	0	0
2865	19.3188	0	0
2864	19.3401	0	0
2863	19.3616	0	0
2862	19.3833	0	0
2861	19.405	0	0
2860	19.4267	0	0
2859	19.4484	0	0
2858	19.4699	0	0
2857	19.4913	0	0
2856	19.5125	0	0
2855	19.5334	0	0
2854	19.554	0	0
2853	19.5741	0	0
2852	19.5938	0	0
2851	19.6129	0	0
2850	19.6314	0	0
2849	19.6492	0	0
2848	19.6663	0	0
2847	19.6826	0	0
2846	19.698	0	0
2845	19.7125	0	0
2844	19.7259	0	0
2843	19.7384	0	0
2842	19.7497	0	0
2841	19.7599	0	0
2840	19.7689	0	0
2839	19.7767	0	0
2838	19.7832	0	0
2837	19.7883	0	0
2836	19.7921	0	0
2835	19.7945	0	0
2834	19.7955	0	0
2833	19.7951	0	0
2832	19.7931	0	0
2831	19.7897	0	0
2830	19.7848	0	0
2829	19.7784	0	0
2828	19.7704	0	0
2827	19.7609	0	0
2826	19.7498	0	0
2825	19.7372	0	0
2824	19.7229	0	0
2823	19.7071	0	0
2822	19.6896	0	0
2821	19.6705	0	0
2820	19.6498	0	0
2819	19.6273	0	0
2818	19.6032	0	0
2817	19.5774	0	0
2816	19.5498	0	0
2815	19.5205	0	0
2814	19.4894	0	0
2813	19.4564	0	0
2812	19.4216	0	0
2811	19.3849	0	0
2810	19.3462	0	0
2809	19.3056	0	0
2808	19.2629	0	0
2807	19.2182	0	0
2806	19.1715	0	0
2805	19.1227	0	0
2804	19.0717	0	0
2803	19.0186	0	0
2802	18.9634	0	0
2801	18.906	0	0
2800	18.8465	0	0
2799	18.7848	0	0
2798	18.721	0	0
2797	18.6551	0	0
2796	18.5872	0	0
2795	18.5172	0	0
2794	18.4452	0	0
2793	18.3714	0	0
2792	18.2957	0	0
2791	18.2183	0	0
2790	18.1392	0	0
2789	18.0585	0	0
2788	17.9763	0	0
2787	17.8928	0	0
2786	17.808	0	0
2785	17.7221	0	0
2784	17.6351	0	0
2783	17.5472	0	0
2782	17.4585	0	0
2781	17.3692	0	0
2780	17.2793	0	0
2779	17.1889	0	0
2778	17.0982	0	0
2777	17.0074	0	0
2776	16.9164	0	0
2775	16.8254	0	0
2774	16.7345	0	0
2773	16.6438	0	0
2772	16.5534	0	0
2771	16.4634	0	0
2770	16.3738	0	0
2769	16.2848	0	0
2768	16.1963	0	0
2767	16.1085	0	0
2766	16.0215	0	0
2765	15.9352	0	0
2764	15.8497	0	0
2763	15.765	0	0
2762	15.6813	0	0
2761	15.5985	0	0
2760	15.5167	0	0
2759	15.4359	0	0
2758	15.356	0	0
2757	15.2772	0	0
2756	15.1994	0	0
2755	15.1227	0	0
2754	15.0471	0	0
2753	14.9725	0	0
2752	14.8989	0	0
2751	14.8265	0	0
2750	14.7551	0	0
2749	14.6847	0	0
2748	14.6155	0	0
2747	14.5472	0	0
2746	14.4801	0	0
2745	14.4139	0	0
2744	14.3488	0	0
2743	14.2847	0	0
2742	14.2217	0	0
2741	14.1596	0	0
2740	14.0985	0	0
2739	14.0384	0	0
2738	13.9792	0	0
2737	13.921	0	0
2736	13.8637	0	0
2735	13.8074	0	0
2734	13.7519	0	0
2733	13.6973	0	0
2732	13.6437	0	0
2731	13.5908	0	0
2730	13.5389	0	0
2729	13.4878	0	0
2728	13.4375	0	0
2727	13.388	0	0
2726	13.3393	0	0
2725	13.2915	0	0
2724	13.2444	0	0
2723	13.1981	0	0
2722	13.1525	0	0
2721	13.1077	0	0
2720	13.0636	0	0
2719	13.0202	0	0
2718	12.9776	0	0
2717	12.9357	0	0
2716	12.8945	0	0
2715	12.8539	0	0
2714	12.8141	0	0
2713	12.7749	0	0
2712	12.7364	0	0
2711	12.6986	0	0
2710	12.6614	0	0
2709	12.6249	0	0
2708	12.589	0	0
2707	12.5538	0	0
2706	12.5192	0	0
2705	12.4852	0	0
2704	12.4519	0	0
2703	12.4192	0	0
2702	12.3871	0	0
2701	12.3556	0	0
2700	12.3247	0	0
2699	12.2945	0	0
2698	12.2648	0	0
2697	12.2358	0	0
2696	12.2074	0	0
2695	12.1795	0	0
2694	12.1523	0	0
2693	12.1257	0	0
2692	12.0998	0	0
2691	12.0744	0	0
2690	12.0496	0	0
2689	12.0255	0	0
2688	12.0019	0	0
2687	11.979	0	0
2686	11.9567	0	0
2685	11.9351	0	0
2684	11.914	0	0
2683	11.8936	0	0
2682	11.8739	0	0
2681	11.8548	0	0
2680	11.8363	0	0
2679	11.8185	0	0
2678	11.8013	0	0
2677	11.7849	0	0
2676	11.7691	0	0
2675	11.7539	0	0
2674	11.7395	0	0
2673	11.7258	0	0
2672	11.7128	0	0
2671	11.7005	0	0
2670	11.6889	0	0
2669	11.678	0	0
2668	11.668	0	0
2667	11.6586	0	0
2666	11.6501	0	0
2665	11.6423	0	0
2664	11.6353	0	0
2663	11.6292	0	0
2662	11.6238	0	0
2661	11.6193	0	0
2660	11.6156	0	0
2659	11.6129	0	0
2658	11.6109	0	0
2657	11.6099	0	0
2656	11.6098	0	0
2655	11.6106	0	0
2654	11.6124	0	0
2653	11.6151	0	0
2652	11.6188	0	0
2651	11.6234	0	0
2650	11.6291	0	0
2649	11.6358	0	0
2648	11.6436	0	0
2647	11.6524	0	0
2646	11.6623	0	0
2645	11.6733	0	0
2644	11.6854	0	0
2643	11.6986	0	0
2642	11.713	0	0
2641	11.7286	0	0
2640	11.7453	0	0
2639	11.7633	0	0
2638	11.7824	0	0
2637	11.8028	0	0
2636	11.8244	0	0
2635	11.8473	0	0
2634	11.8714	0	0
2633	11.8968	0	0
2632	11.9235	0	0
2631	11.9515	0	0
2630	11.9807	0	0
2629	12.0113	0	0
2628	12.0431	0	0
2627	12.0763	0	0
2626	12.1107	0	0
2625	12.1463	0	0
2624	12.1833	0	0
2623	12.2214	0	0
2622	12.2608	0	0
2621	12.3013	0	0
2620	12.343	0	0
2619	12.3858	0	0
2618	12.4297	0	0
2617	12.4745	0	0
2616	12.5203	0	0
2615	12.567	0	0
2614	12.6144	0	0
2613	12.6626	0	0
2612	12.7114	0	0
2611	12.7607	0	0
2610	12.8104	0	0
2609	12.8604	0	0
2608	12.9106	0	0
2607	12.9607	0	0
2606	13.0107	0	0
2605	13.0604	0	0
2604	13.1096	0	0
2603	13.1582	0	0
2602	13.2059	0	0
2601	13.2526	0	0
2600	13.298	0	0
2599	13.3419	0	0
2598	13.3841	0	0
2597	13.4243	0	0
2596	13.4625	0	0
2595	13.4982	0	0
2594	13.5313	0	0
2593	13.5615	0	0
2592	13.5886	0	0
2591	13.6124	0	0
2590	13.6327	0	0
2589	13.6492	0	0
2588	13.6617	0	0
2587	13.6701	0	0
2586	13.6742	0	0
2585	13.6737	0	0
2584	13.6687	0	0
2583	13.659	0	0
2582	13.6444	0	0
2581	13.6249	0	0
2580	13.6004	0	0
2579	13.571	0	0
2578	13.5367	0	0
2577	13.4973	0	0
2576	13.4531	0	0
2575	13.4041	0	0
2574	13.3504	0	0
2573	13.2921	0	0
2572	13.2293	0	0
2571	13.1622	0	0
2570	13.0911	0	0
2569	13.0161	0	0
2568	12.9373	0	0
2567	12.8551	0	0
2566	12.7697	0	0
2565	12.6815	0	0
2564	12.5916	0	0
2563	12.4978	0	0
2562	12.4104	0	0
2561	12.3217	0	0
2560	12.2311	0	0
2559	12.139	0	0
2558	12.0456	0	0
2557	11.9511	0	0
2556	11.8558	0	0
2555	11.7597	0	0
2554	11.6633	0	0
2553	11.5665	0	0
2552	11.4697	0	0
2551	11.3729	0	0
2550	11.2764	0	0
2549	11.1803	0	0
2548	11.0846	0	0
2547	10.9896	0	0
2546	10.8954	0	0
2545	10.802	0	0
2544	10.7095	0	0
2543	10.618	0	0
2542	10.5277	0	0
2541	10.4385	0	0
2540	10.3505	0	0
2539	10.2637	0	0
2538	10.1783	0	0
2537	10.0942	0	0
2536	10.0114	0	0
2535	9.93009	0	0
2534	9.85013	0	0
2533	9.77158	0	0
2532	9.69445	0	0
2531	9.61874	0	0
2530	9.54445	0	0
2529	9.47156	0	0
2528	9.40009	0	0
2527	9.33001	0	0
2526	9.26131	0	0
2525	9.19398	0	0
2524	9.128	0	0
2523	9.06335	0	0
2522	9.00001	0	0
2521	8.93797	0	0
2520	8.87719	0	0
2519	8.81766	0	0
2518	8.75935	0	0
2517	8.70224	0	0
2516	8.6463	0	0
2515	8.59151	0	0
2514	8.53784	0	0
2513	8.48527	0	0
2512	8.43376	0	0
2511	8.38331	0	0
2510	8.33387	0	0
2509	8.28542	0	0
2508	8.23795	0	0
2507	8.19142	0	0
2506	8.1458	0	0
2505	8.10109	0	0
2504	8.05724	0	0
2503	8.01424	0	0
2502	7.97206	0	0
2501	7.93069	0	0
2500	7.89009	0	0
2499	7.85024	0	0
2498	7.81113	0	0
2497	7.77274	0	0
2496	7.73503	0	0
2495	7.698	0	0
2494	7.66162	0	0
2493	7.62586	0	0
2492	7.59073	0	0
2491	7.55618	0	0
2490	7.52221	0	0
2489	7.4888	0	0
2488	7.45593	0	0
2487	7.42358	0	0
2486	7.39174	0	0
2485	7.36039	0	0
2484	7.32952	0	0
2483	7.2991	0	0
2482	7.26913	0	0
2481	7.23959	0	0
2480	7.21047	0	0
2479	7.18174	0	0
2478	7.15341	0	0
2477	7.12545	0	0
2476	7.09785	0	0
2475	7.0706	0	0
2474	7.04369	0	0
2473	7.01711	0	0
2472	6.99084	0	0
2471	6.96487	0	0
2470	6.93919	0	0
2469	6.9138	0	0
2468	6.88868	0	0
2467	6.86381	0	0
2466	6.8392	0	0
2465	6.81483	0	0
2464	6.79069	0	0
2463	6.76678	0	0
2462	6.74308	0	0
2461	6.71959	0	0
2460	6.69629	0	0
2459	6.67318	0	0
2458	6.65026	0	0
2457	6.62751	0	0
2456	6.60493	0	0
2455	6.5825	0	0
2454	6.56023	0	0
2453	6.53811	0	0
2452	6.51613	0	0
2451	6.49428	0	0
2450	6.47256	0	0
2449	6.45096	0	0
2448	6.42948	0	0
2447	6.40811	0	0
2446	6.38685	0	0
2445	6.36569	0	0
2444	6.34462	0	0
2443	6.32365	0	0
2442	6.30276	0	0
2441	6.28196	0	0
2440	6.26124	0	0
2439	6.2406	0	0
2438	6.22003	0	0
2437	6.19953	0	0
2436	6.17909	0	0
2435	6.15872	0	0
2434	6.13841	0	0
2433	6.11816	0	0
2432	6.09797	0	0
2431	6.07783	0	0
2430	6.05774	0	0
2429	6.0377	0	0
2428	6.01771	0	0
2427	5.99777	0	0
2426	5.97788	0	0
2425	5.95803	0	0
2424	5.93822	0	0
2423	5.91846	0	0
2422	5.89875	0	0
2421	5.87908	0	0
2420	5.85945	0	0
2419	5.83987	0	0
2418	5.82033	0	0
2417	5.80084	0	0
2416	5.7814	0	0
2415	5.762	0	0
2414	5.74265	0	0
2413	5.72335	0	0
2412	5.70411	0	0
2411	5.68491	0	0
2410	5.66577	0	0
2409	5.6467	0	0
2408	5.62768	0	0
2407	5.60872	0	0
2406	5.58983	0	0
2405	5.57101	0	0
2404	5.55226	0	0
2403	5.53359	0	0
2402	5.51499	0	0
2401	5.49648	0	0
2400	5.47806	0	0
2399	5.45973	0	0
2398	5.44149	0	0
2397	5.42335	0	0
2396	5.40532	0	0
2395	5.3874	0	0
2394	5.36959	0	0
2393	5.3519	0	0
2392	5.33434	0	0
2391	5.31691	0	0
2390	5.29962	0	0
2389	5.28247	0	0
2388	5.26547	0	0
2387	5.24863	0	0
2386	5.23195	0	0
2385	5.21544	0	0
2384	5.19911	0	0
2383	5.18296	0	0
2382	5.16701	0	0
2381	5.15125	0	0
2380	5.1357	0	0
2379	5.12036	0	0
2378	5.10525	0	0
2377	5.09037	0	0
2376	5.07572	0	0
2375	5.06133	0	0
2374	5.04719	0	0
2373	5.03332	0	0
2372	5.01972	0	0
2371	5.0064	0	0
2370	4.99338	0	0
2369	4.98066	0	0
2368	4.96826	0	0
2367	4.95617	0	0
2366	4.94442	0	0
2365	4.93301	0	0
2364	4.92195	0	0
2363	4.91126	0	0
2362	4.90094	0	0
2361	4.891	0	0
2360	4.88145	0	0
2359	4.87231	0	0
2358	4.86359	0	0
2357	4.85529	0	0
2356	4.84743	0	0
2355	4.84002	0	0
2354	4.83306	0	0
2353	4.82658	0	0
2352	4.82057	0	0
2351	4.81506	0	0
2350	4.81005	0	0
2349	4.80555	0	0
2348	4.80158	0	0
2347	4.79814	0	0
2346	4.79524	0	0
2345	4.79289	0	0
2344	4.79111	0	0
2343	4.78991	0	0
2342	4.78928	0	0
2341	4.78924	0	0
2340	4.78981	0	0
2339	4.79098	0	0
2338	4.79276	0	0
2337	4.79517	0	0
2336	4.7982	0	0
2335	4.80187	0	0
2334	4.80617	0	0
2333	4.81111	0	0
2332	4.81669	0	0
2331	4.82291	0	0
2330	4.82978	0	0
2329	4.83729	0	0
2328	4.84544	0	0
2327	4.85422	0	0
2326	4.86364	0	0
2325	4.87367	0	0
2324	4.88432	0	0
2323	4.89556	0	0
2322	4.90739	0	0
2321	4.91979	0	0
2320	4.93274	0	0
2319	4.94621	0	0
2318	4.96019	0	0
2317	4.97464	0	0
2316	4.98953	0	0
2315	5.00483	0	0
2314	5.0205	0	0
2313	5.03649	0	0
2312	5.05276	0	0
2311	5.06926	0	0
2310	5.08592	0	0
2309	5.10271	0	0
2308	5.11953	0	0
2307	5.13634	0	0
2306	5.15305	0	0
2305	5.16958	0	0
2304	5.18586	0	0
2303	5.20179	0	0
2302	5.21727	0	0
2301	5.23222	0	0
2300	5.24653	0	0
2299	5.26008	0	0
2298	5.27278	0	0
2297	5.2845	0	0
2296	5.29513	0	0
2295	5.30455	0	0
2294	5.31263	0	0
2293	5.31925	0	0
2292	5.32429	0	0
2291	5.32761	0	0
2290	5.32911	0	0
2289	5.32864	0	0
2288	5.32609	0	0
2287	5.32135	0	0
2286	5.3143	0	0
2285	5.30484	0	0
2284	5.29285	0	0
2283	5.27826	0	0
2282	5.26098	0	0
2281	5.24092	0	0
2280	5.21802	0	0
2279	5.19223	0	0
2278	5.16351	0	0
2277	5.13181	0	0
2276	5.09711	0	0
2275	5.05941	0	0
2274	5.01871	0	0
2273	4.97503	0	0
2272	4.92843	0	0
2271	4.87897	0	0
2270	4.82673	0	0
2269	4.7718	0	0
2268	4.71429	0	0
2267	4.6543	0	0
2266	4.59198	0	0
2265	4.52744	0	0
2264	4.46083	0	0
2263	4.39231	0	0
2262	4.32202	0	0
2261	4.25013	0	0
2260	4.1768	0	0
2259	4.10219	0	0
2258	4.02647	0	0
2257	3.9498	0	0
2256	3.87234	0	0
2255	3.79425	0	0
2254	3.71568	0	0
2253	3.63678	0	0
2252	3.55771	0	0
2251	3.4786	0	0
2250	3.39957	0	0
2249	3.32076	0	0
2248	3.24229	0	0
2247	3.16425	0	0
2246	3.08677	0	0
2245	3.00993	0	0
2244	2.93381	0	0
2243	2.85851	0	0
2242	2.78409	0	0
2241	2.71062	0	0
2240	2.63815	0	0
2239	2.56675	0	0
2238	2.49644	0	0
2237	2.42728	0	0
2236	2.35929	0	0
2235	2.2925	0	0
2234	2.22693	0	0
2233	2.16261	0	0
2232	2.09954	0	0
2231	2.03774	0	0
2230	1.97721	0	0
2229	1.91794	0	0
2228	1.85995	0	0
2227	1.80322	0	0
2226	1.74775	0	0
2225	1.69353	0	0
2224	1.64054	0	0
2223	1.58879	0	0
2222	1.53824	0	0
2221	1.48889	0	0
2220	1.44071	0	0
2219	1.39369	0	0
2218	1.34782	0	0
2217	1.30306	0	0
2216	1.25941	0	0
2215	1.21683	0	0
2214	1.17532	0	0
2213	1.13484	0	0
2212	1.09537	0	0
2211	1.0569	0	0
2210	1.01941	0	0
2209	0.982864	0	0
2208	0.94725	0	0
2207	0.912546	0	0
2206	0.878731	0	0
2205	0.845784	0	0
2204	0.813686	0	0
2203	0.782417	0	0
2202	0.751957	0	0
2201	0.722288	0	0
2200	0.69339	0	0
2199	0.665247	0	0
2198	0.637841	0	0
2197	0.611153	0	0
2196	0.585168	0	0
2195	0.55987	0	0
2194	0.535242	0	0
2193	0.51127	0	0
2192	0.487939	0	0
2191	0.465234	0	0
2190	0.443143	0	0
2189	0.42165	0	0
2188	0.400745	0	0
2187	0.380413	0	0
2186	0.360645	0	0
2185	0.341428	0	0
2184	0.322751	0	0
2183	0.304604	0	0
2182	0.286978	0	0
2181	0.269862	0	0
2180	0.253249	0	0
2179	0.237129	0	0
2178	0.221495	0	0
2177	0.20634	0	0
2176	0.191657	0	0
2175	0.17744	0	0
2174	0.163684	0	0
2173	0.150383	0	0
2172	0.137534	0	0
2171	0.125135	0	0
2170	0.113182	0	0
2169	0.101675	0	0
2168	0.0906139	0	0
2167	0.080001	0	0
2166	0.06984	0	0
2165	0.0601371	0	0
2164	0.0509018	0	0
2163	0.0421478	0	0
2162	0.0338945	0	0
2161	0.0261704	0	0
2160	0.0190175	0	0
2159	0.0125027	0	0
2158	0.00674627	0	0
2157	0.0022914	0	0
2156	0	0	0
2155	0	0	0
2154	0	0	0
2153	0	0	0
2152	0	0	0
2151	0	0	0
2150	0	0	0
2149	0	0	0
2148	0	0	0
2147	0	0	0
2146	0	0	0
2145	0	0	0
2144	0	0	0
2143	0	0	0
2142	0	0	0
2141	0	0	0
2140	0	0	0
2139	0	0	0
2138	0	0	0
2137	0	0	0
2136	0	0	0
2135	0	0	0
2134	0	0	0
2133	0	0	0
2132	0	0	0
2131	0	0	0
2130	0	0	0
2129	0	0	0
2128	0	0	0
2127	0	0	0
2126	0	0	0
2125	0	0	0
2124	0	0	0
2123	0	0	0
2122	0	0	0
2121	0	0	0
2120	0	0	0
2119	0	0	0
2118	0	0	0
2117	0	0	0
2116	0	0	0
2115	0	0	0
2114	0	0	0
2113	0	0	0
2112	0	0	0
2111	0	0	0
2110	0	0	0
2109	0	0	0
2108	0	0	0
2107	0	0	0
2106	0	0	0
2105	0	0	0
2104	0	0	0
2103	0	0	0
2102	0	0	0
2101	0	0	0
2100	0	0	0
2099	0	0	0
2098	0	0	0
2097	0	0	0
2096	0	0	0
2095	0	0	0
2094	0	0	0
2093	0	0	0
2092	0	0	0
2091	0	0	0
2090	0	0	0
2089	0	0	0
2088	0	0	0
2087	0	0	0
2086	0	0	0
2085	0	0	0
2084	0	0	0
2083	0	0	0
2082	0	0	0
2081	0	0	0
2080	0	0	0
2079	0	0	0
2078	0	0	0
2077	0	0	0
2076	0	0	0
2075	0	0	0
2074	0	0	0
2073	0	0	0
2072	0	0	0
2071	0	0	0
2070	0	0	0
2069	0	0	0
2068	0	0	0
2067	0	0	0
2066	0	0	0
2065	0	0	0
2064	0	0	0
2063	0	0	0
2062	0	0	0
2061	0	0	0
2060	0	0	0
2059	0	0	0
2058	0	0	0
2057	0	0	0
2056	0	0	0
2055	0	0	0
2054	0	0	0
2053	0	0	0
2052	0	0	0
