9379	45.6587	0	0
9378	44.4998	0	0
9377	43.629	0	0
9376	42.907	0	0
9375	42.2793	0	0
9374	41.7178	0	0
9373	41.206	0	0
9372	40.7333	0	0
9371	40.2921	0	0
9370	39.8773	0	0
9369	39.4848	0	0
9368	39.1115	0	0
9367	38.7552	0	0
9366	38.4137	0	0
9365	38.0856	0	0
9364	37.7695	0	0
9363	37.4643	0	0
9362	37.169	0	0
9361	36.8829	0	0
9360	36.6052	0	0
9359	36.3354	0	0
9358	36.0729	0	0
9357	35.8172	0	0
9356	35.5679	0	0
9355	35.3247	0	0
9354	35.0871	0	0
9353	34.8549	0	0
9352	34.6277	0	0
9351	34.4054	0	0
9350	34.1878	0	0
9349	33.9745	0	0
9348	33.7654	0	0
9347	33.5603	0	0
9346	33.359	0	0
9345	33.1614	0	0
9344	32.9674	0	0
9343	32.7768	0	0
9342	32.5894	0	0
9341	32.4052	0	0
9340	32.2241	0	0
9339	32.0459	0	0
9338	31.8705	0	0
9337	31.6979	0	0
9336	31.528	0	0
9335	31.3606	0	0
9334	31.1957	0	0
9333	31.0333	0	0
9332	30.8732	0	0
9331	30.7154	0	0
9330	30.5598	0	0
9329	30.4064	0	0
9328	30.2551	0	0
9327	30.1058	0	0
9326	29.9586	0	0
9325	29.8132	0	0
9324	29.6698	0	0
9323	29.5282	0	0
9322	29.3884	0	0
9321	29.2503	0	0
9320	29.114	0	0
9319	28.9794	0	0
9318	28.8464	0	0
9317	28.715	0	0
9316	28.5851	0	0
9315	28.4568	0	0
9314	28.33	0	0
9313	28.2046	0	0
9312	28.0807	0	0
9311	27.9582	0	0
9310	27.8371	0	0
9309	27.7173	0	0
9308	27.5988	0	0
9307	27.4816	0	0
9306	27.3657	0	0
9305	27.251	0	0
9304	27.1376	0	0
9303	27.0253	0	0
9302	26.9143	0	0
9301	26.8043	0	0
9300	26.6955	0	0
9299	26.5879	0	0
9298	26.4813	0	0
9297	26.3757	0	0
9296	26.2713	0	0
9295	26.1678	0	0
9294	26.0654	0	0
9293	25.964	0	0
9292	25.8635	0	0
9291	25.7641	0	0
9290	25.6655	0	0
9289	25.5679	0	0
9288	25.4713	0	0
9287	25.3755	0	0
9286	25.2806	0	0
9285	25.1866	0	0
9284	25.0934	0	0
9283	25.0011	0	0
9282	24.9096	0	0
9281	24.819	0	0
9280	24.7291	0	0
9279	24.6401	0	0
9278	24.5518	0	0
9277	24.4643	0	0
9276	24.3776	0	0
9275	24.2916	0	0
9274	24.2063	0	0
9273	24.1218	0	0
9272	24.038	0	0
9271	23.9549	0	0
9270	23.8725	0	0
9269	23.7908	0	0
9268	23.7097	0	0
9267	23.6293	0	0
9266	23.5496	0	0
9265	23.4705	0	0
9264	23.3921	0	0
9263	23.3143	0	0
9262	23.2371	0	0
9261	23.1606	0	0
9260	23.0846	0	0
9259	23.0093	0	0
9258	22.9345	0	0
9257	22.8603	0	0
9256	22.7867	0	0
9255	22.7137	0	0
9254	22.6412	0	0
9253	22.5692	0	0
9252	22.4979	0	0
9251	22.427	0	0
9250	22.3567	0	0
9249	22.2869	0	0
9248	22.2176	0	0
9247	22.1489	0	0
9246	22.0806	0	0
9245	22.0129	0	0
9244	21.9456	0	0
9243	21.8789	0	0
9242	21.8126	0	0
9241	21.7468	0	0
9240	21.6814	0	0
9239	21.6166	0	0
9238	21.5522	0	0
9237	21.4882	0	0
9236	21.4247	0	0
9235	21.3616	0	0
9234	21.299	0	0
9233	21.2368	0	0
9232	21.175	0	0
9231	21.1137	0	0
9230	21.0528	0	0
9229	20.9923	0	0
9228	20.9322	0	0
9227	20.8725	0	0
9226	20.8132	0	0
9225	20.7543	0	0
9224	20.6958	0	0
9223	20.6377	0	0
9222	20.5799	0	0
9221	20.5226	0	0
9220	20.4656	0	0
9219	20.409	0	0
9218	20.3528	0	0
9217	20.2969	0	0
9216	20.2414	0	0
9215	20.1862	0	0
9214	20.1314	0	0
9213	20.0769	0	0
9212	20.0228	0	0
9211	19.9691	0	0
9210	19.9156	0	0
9209	19.8625	0	0
9208	19.8097	0	0
9207	19.7573	0	0
9206	19.7052	0	0
9205	19.6534	0	0
9204	19.6019	0	0
9203	19.5507	0	0
9202	19.4999	0	0
9201	19.4493	0	0
9200	19.3991	0	0
9199	19.3491	0	0
9198	19.2995	0	0
9197	19.2501	0	0
9196	19.2011	0	0
9195	19.1523	0	0
9194	19.1038	0	0
9193	19.0556	0	0
9192	19.0077	0	0
9191	18.9601	0	0
9190	18.9127	0	0
9189	18.8657	0	0
9188	18.8188	0	0
9187	18.7723	0	0
9186	18.726	0	0
9185	18.68	0	0
9184	18.6343	0	0
9183	18.5888	0	0
9182	18.5436	0	0
9181	18.4986	0	0
9180	18.4539	0	0
9179	18.4094	0	0
9178	18.3652	0	0
9177	18.3212	0	0
9176	18.2774	0	0
9175	18.2339	0	0
9174	18.1907	0	0
9173	18.1476	0	0
9172	18.1049	0	0
9171	18.0623	0	0
9170	18.02	0	0
9169	17.9779	0	0
9168	17.936	0	0
9167	17.8944	0	0
9166	17.8529	0	0
9165	17.8117	0	0
9164	17.7707	0	0
9163	17.73	0	0
9162	17.6894	0	0
9161	17.6491	0	0
9160	17.6089	0	0
9159	17.569	0	0
9158	17.5293	0	0
9157	17.4898	0	0
9156	17.4505	0	0
9155	17.4114	0	0
9154	17.3725	0	0
9153	17.3338	0	0
9152	17.2953	0	0
9151	17.257	0	0
9150	17.2189	0	0
9149	17.1809	0	0
9148	17.1432	0	0
9147	17.1057	0	0
9146	17.0683	0	0
9145	17.0311	0	0
9144	16.9941	0	0
9143	16.9573	0	0
9142	16.9207	0	0
9141	16.8843	0	0
9140	16.848	0	0
9139	16.8119	0	0
9138	16.776	0	0
9137	16.7403	0	0
9136	16.7047	0	0
9135	16.6694	0	0
9134	16.6341	0	0
9133	16.5991	0	0
9132	16.5642	0	0
9131	16.5295	0	0
9130	16.4949	0	0
9129	16.4606	0	0
9128	16.4263	0	0
9127	16.3923	0	0
9126	16.3584	0	0
9125	16.3246	0	0
9124	16.2911	0	0
9123	16.2576	0	0
9122	16.2244	0	0
9121	16.1912	0	0
9120	16.1583	0	0
9119	16.1255	0	0
9118	16.0928	0	0
9117	16.0603	0	0
9116	16.0279	0	0
9115	15.9957	0	0
9114	15.9637	0	0
9113	15.9317	0	0
9112	15.9	0	0
9111	15.8683	0	0
9110	15.8368	0	0
9109	15.8055	0	0
9108	15.7743	0	0
9107	15.7432	0	0
9106	15.7122	0	0
9105	15.6814	0	0
9104	15.6508	0	0
9103	15.6203	0	0
9102	15.5899	0	0
9101	15.5596	0	0
9100	15.5295	0	0
9099	15.4995	0	0
9098	15.4696	0	0
9097	15.4399	0	0
9096	15.4103	0	0
9095	15.3808	0	0
9094	15.3514	0	0
9093	15.3222	0	0
9092	15.2931	0	0
9091	15.2641	0	0
9090	15.2352	0	0
9089	15.2065	0	0
9088	15.1779	0	0
9087	15.1494	0	0
9086	15.121	0	0
9085	15.0928	0	0
9084	15.0646	0	0
9083	15.0366	0	0
9082	15.0087	0	0
9081	14.9809	0	0
9080	14.9532	0	0
9079	14.9257	0	0
9078	14.8982	0	0
9077	14.8709	0	0
9076	14.8437	0	0
9075	14.8166	0	0
9074	14.7896	0	0
9073	14.7627	0	0
9072	14.7359	0	0
9071	14.7092	0	0
9070	14.6827	0	0
9069	14.6562	0	0
9068	14.6299	0	0
9067	14.6036	0	0
9066	14.5775	0	0
9065	14.5514	0	0
9064	14.5255	0	0
9063	14.4997	0	0
9062	14.4739	0	0
9061	14.4483	0	0
9060	14.4228	0	0
9059	14.3973	0	0
9058	14.372	0	0
9057	14.3468	0	0
9056	14.3217	0	0
9055	14.2966	0	0
9054	14.2717	0	0
9053	14.2468	0	0
9052	14.2221	0	0
9051	14.1974	0	0
9050	14.1729	0	0
9049	14.1484	0	0
9048	14.1241	0	0
9047	14.0998	0	0
9046	14.0756	0	0
9045	14.0515	0	0
9044	14.0275	0	0
9043	14.0036	0	0
9042	13.9798	0	0
9041	13.956	0	0
9040	13.9324	0	0
9039	13.9088	0	0
9038	13.8854	0	0
9037	13.862	0	0
9036	13.8387	0	0
9035	13.8155	0	0
9034	13.7924	0	0
9033	13.7693	0	0
9032	13.7464	0	0
9031	13.7235	0	0
9030	13.7007	0	0
9029	13.678	0	0
9028	13.6554	0	0
9027	13.6328	0	0
9026	13.6104	0	0
9025	13.588	0	0
9024	13.5657	0	0
9023	13.5435	0	0
9022	13.5214	0	0
9021	13.4993	0	0
9020	13.4773	0	0
9019	13.4554	0	0
9018	13.4336	0	0
9017	13.4119	0	0
9016	13.3902	0	0
9015	13.3686	0	0
9014	13.3471	0	0
9013	13.3256	0	0
9012	13.3043	0	0
9011	13.283	0	0
9010	13.2618	0	0
9009	13.2406	0	0
9008	13.2195	0	0
9007	13.1986	0	0
9006	13.1776	0	0
9005	13.1568	0	0
9004	13.136	0	0
9003	13.1153	0	0
9002	13.0946	0	0
9001	13.0741	0	0
9000	13.0536	0	0
8999	13.0331	0	0
8998	13.0128	0	0
8997	12.9925	0	0
8996	12.9723	0	0
8995	12.9521	0	0
8994	12.932	0	0
8993	12.912	0	0
8992	12.8921	0	0
8991	12.8722	0	0
8990	12.8524	0	0
8989	12.8326	0	0
8988	12.8129	0	0
8987	12.7933	0	0
8986	12.7737	0	0
8985	12.7542	0	0
8984	12.7348	0	0
8983	12.7154	0	0
8982	12.6961	0	0
8981	12.6769	0	0
8980	12.6577	0	0
8979	12.6386	0	0
8978	12.6196	0	0
8977	12.6006	0	0
8976	12.5816	0	0
8975	12.5628	0	0
8974	12.544	0	0
8973	12.5252	0	0
8972	12.5065	0	0
8971	12.4879	0	0
8970	12.4693	0	0
8969	12.4508	0	0
8968	12.4324	0	0
8967	12.414	0	0
8966	12.3956	0	0
8965	12.3774	0	0
8964	12.3592	0	0
8963	12.341	0	0
8962	12.3229	0	0
8961	12.3048	0	0
8960	12.2869	0	0
8959	12.2689	0	0
8958	12.251	0	0
8957	12.2332	0	0
8956	12.2154	0	0
8955	12.1977	0	0
8954	12.1801	0	0
8953	12.1625	0	0
8952	12.1449	0	0
8951	12.1274	0	0
8950	12.11	0	0
8949	12.0926	0	0
8948	12.0752	0	0
8947	12.058	0	0
8946	12.0407	0	0
8945	12.0235	0	0
8944	12.0064	0	0
8943	11.9893	0	0
8942	11.9723	0	0
8941	11.9553	0	0
8940	11.9384	0	0
8939	11.9215	0	0
8938	11.9047	0	0
8937	11.8879	0	0
8936	11.8712	0	0
8935	11.8546	0	0
8934	11.8379	0	0
8933	11.8214	0	0
8932	11.8048	0	0
8931	11.7884	0	0
8930	11.7719	0	0
8929	11.7555	0	0
8928	11.7392	0	0
8927	11.7229	0	0
8926	11.7067	0	0
8925	11.6905	0	0
8924	11.6744	0	0
8923	11.6583	0	0
8922	11.6422	0	0
8921	11.6262	0	0
8920	11.6102	0	0
8919	11.5943	0	0
8918	11.5785	0	0
8917	11.5626	0	0
8916	11.5469	0	0
8915	11.5311	0	0
8914	11.5154	0	0
8913	11.4998	0	0
8912	11.4842	0	0
8911	11.4687	0	0
8910	11.4531	0	0
8909	11.4377	0	0
8908	11.4223	0	0
8907	11.4069	0	0
8906	11.3915	0	0
8905	11.3762	0	0
8904	11.361	0	0
8903	11.3458	0	0
8902	11.3306	0	0
8901	11.3155	0	0
8900	11.3004	0	0
8899	11.2854	0	0
8898	11.2704	0	0
8897	11.2554	0	0
8896	11.2405	0	0
8895	11.2256	0	0
8894	11.2108	0	0
8893	11.196	0	0
8892	11.1812	0	0
8891	11.1665	0	0
8890	11.1518	0	0
8889	11.1372	0	0
8888	11.1226	0	0
8887	11.1081	0	0
8886	11.0935	0	0
8885	11.0791	0	0
8884	11.0646	0	0
8883	11.0502	0	0
8882	11.0359	0	0
8881	11.0215	0	0
8880	11.0073	0	0
8879	10.993	0	0
8878	10.9788	0	0
8877	10.9646	0	0
8876	10.9505	0	0
8875	10.9364	0	0
8874	10.9223	0	0
8873	10.9083	0	0
8872	10.8943	0	0
8871	10.8804	0	0
8870	10.8665	0	0
8869	10.8526	0	0
8868	10.8387	0	0
8867	10.8249	0	0
8866	10.8112	0	0
8865	10.7974	0	0
8864	10.7837	0	0
8863	10.7701	0	0
8862	10.7565	0	0
8861	10.7429	0	0
8860	10.7293	0	0
8859	10.7158	0	0
8858	10.7023	0	0
8857	10.6888	0	0
8856	10.6754	0	0
8855	10.662	0	0
8854	10.6487	0	0
8853	10.6354	0	0
8852	10.6221	0	0
8851	10.6088	0	0
8850	10.5956	0	0
8849	10.5824	0	0
8848	10.5693	0	0
8847	10.5562	0	0
8846	10.5431	0	0
8845	10.53	0	0
8844	10.517	0	0
8843	10.504	0	0
8842	10.4911	0	0
8841	10.4781	0	0
8840	10.4653	0	0
8839	10.4524	0	0
8838	10.4396	0	0
8837	10.4268	0	0
8836	10.414	0	0
8835	10.4013	0	0
8834	10.3886	0	0
8833	10.3759	0	0
8832	10.3633	0	0
8831	10.3507	0	0
8830	10.3381	0	0
8829	10.3255	0	0
8828	10.313	0	0
8827	10.3005	0	0
8826	10.2881	0	0
8825	10.2756	0	0
8824	10.2632	0	0
8823	10.2509	0	0
8822	10.2385	0	0
8821	10.2262	0	0
8820	10.2139	0	0
8819	10.2017	0	0
8818	10.1895	0	0
8817	10.1773	0	0
8816	10.1651	0	0
8815	10.153	0	0
8814	10.1409	0	0
8813	10.1288	0	0
8812	10.1168	0	0
8811	10.1047	0	0
8810	10.0927	0	0
8809	10.0808	0	0
8808	10.0688	0	0
8807	10.0569	0	0
8806	10.0451	0	0
8805	10.0332	0	0
8804	10.0214	0	0
8803	10.0096	0	0
8802	9.99782	0	0
8801	9.98607	0	0
8800	9.97436	0	0
8799	9.96267	0	0
8798	9.95101	0	0
8797	9.93937	0	0
8796	9.92776	0	0
8795	9.91618	0	0
8794	9.90462	0	0
8793	9.89309	0	0
8792	9.88159	0	0
8791	9.87011	0	0
8790	9.85866	0	0
8789	9.84724	0	0
8788	9.83584	0	0
8787	9.82447	0	0
8786	9.81312	0	0
8785	9.8018	0	0
8784	9.7905	0	0
8783	9.77923	0	0
8782	9.76798	0	0
8781	9.75676	0	0
8780	9.74556	0	0
8779	9.73439	0	0
8778	9.72324	0	0
8777	9.71212	0	0
8776	9.70103	0	0
8775	9.68995	0	0
8774	9.6789	0	0
8773	9.66788	0	0
8772	9.65688	0	0
8771	9.6459	0	0
8770	9.63495	0	0
8769	9.62403	0	0
8768	9.61312	0	0
8767	9.60224	0	0
8766	9.59139	0	0
8765	9.58055	0	0
8764	9.56974	0	0
8763	9.55896	0	0
8762	9.5482	0	0
8761	9.53746	0	0
8760	9.52674	0	0
8759	9.51605	0	0
8758	9.50538	0	0
8757	9.49473	0	0
8756	9.48411	0	0
8755	9.4735	0	0
8754	9.46293	0	0
8753	9.45237	0	0
8752	9.44184	0	0
8751	9.43132	0	0
8750	9.42083	0	0
8749	9.41037	0	0
8748	9.39992	0	0
8747	9.3895	0	0
8746	9.3791	0	0
8745	9.36872	0	0
8744	9.35836	0	0
8743	9.34803	0	0
8742	9.33771	0	0
8741	9.32742	0	0
8740	9.31715	0	0
8739	9.3069	0	0
8738	9.29667	0	0
8737	9.28646	0	0
8736	9.27628	0	0
8735	9.26611	0	0
8734	9.25597	0	0
8733	9.24585	0	0
8732	9.23574	0	0
8731	9.22566	0	0
8730	9.2156	0	0
8729	9.20556	0	0
8728	9.19554	0	0
8727	9.18554	0	0
8726	9.17556	0	0
8725	9.16561	0	0
8724	9.15567	0	0
8723	9.14575	0	0
8722	9.13585	0	0
8721	9.12597	0	0
8720	9.11612	0	0
8719	9.10628	0	0
8718	9.09646	0	0
8717	9.08666	0	0
8716	9.07688	0	0
8715	9.06712	0	0
8714	9.05738	0	0
8713	9.04766	0	0
8712	9.03796	0	0
8711	9.02828	0	0
8710	9.01862	0	0
8709	9.00898	0	0
8708	8.99935	0	0
8707	8.98975	0	0
8706	8.98016	0	0
8705	8.97059	0	0
8704	8.96105	0	0
8703	8.95152	0	0
8702	8.94201	0	0
8701	8.93251	0	0
8700	8.92304	0	0
8699	8.91358	0	0
8698	8.90415	0	0
8697	8.89473	0	0
8696	8.88533	0	0
8695	8.87595	0	0
8694	8.86658	0	0
8693	8.85724	0	0
8692	8.84791	0	0
8691	8.8386	0	0
8690	8.82931	0	0
8689	8.82004	0	0
8688	8.81078	0	0
8687	8.80154	0	0
8686	8.79232	0	0
8685	8.78312	0	0
8684	8.77393	0	0
8683	8.76477	0	0
8682	8.75562	0	0
8681	8.74648	0	0
8680	8.73737	0	0
8679	8.72827	0	0
8678	8.71919	0	0
8677	8.71012	0	0
8676	8.70108	0	0
8675	8.69205	0	0
8674	8.68303	0	0
8673	8.67404	0	0
8672	8.66506	0	0
8671	8.6561	0	0
8670	8.64715	0	0
8669	8.63822	0	0
8668	8.62931	0	0
8667	8.62041	0	0
8666	8.61153	0	0
8665	8.60267	0	0
8664	8.59382	0	0
8663	8.58499	0	0
8662	8.57618	0	0
8661	8.56738	0	0
8660	8.5586	0	0
8659	8.54984	0	0
8658	8.54109	0	0
8657	8.53235	0	0
8656	8.52364	0	0
8655	8.51493	0	0
8654	8.50625	0	0
8653	8.49758	0	0
8652	8.48892	0	0
8651	8.48029	0	0
8650	8.47166	0	0
8649	8.46306	0	0
8648	8.45447	0	0
8647	8.44589	0	0
8646	8.43733	0	0
8645	8.42878	0	0
8644	8.42025	0	0
8643	8.41174	0	0
8642	8.40324	0	0
8641	8.39475	0	0
8640	8.38629	0	0
8639	8.37783	0	0
8638	8.36939	0	0
8637	8.36097	0	0
8636	8.35256	0	0
8635	8.34416	0	0
8634	8.33579	0	0
8633	8.32742	0	0
8632	8.31907	0	0
8631	8.31074	0	0
8630	8.30241	0	0
8629	8.29411	0	0
8628	8.28582	0	0
8627	8.27754	0	0
8626	8.26928	0	0
8625	8.26103	0	0
8624	8.2528	0	0
8623	8.24458	0	0
8622	8.23637	0	0
8621	8.22818	0	0
8620	8.22	0	0
8619	8.21184	0	0
8618	8.20369	0	0
8617	8.19556	0	0
8616	8.18744	0	0
8615	8.17933	0	0
8614	8.17124	0	0
8613	8.16316	0	0
8612	8.15509	0	0
8611	8.14704	0	0
8610	8.13901	0	0
8609	8.13098	0	0
8608	8.12297	0	0
8607	8.11498	0	0
8606	8.10699	0	0
8605	8.09902	0	0
8604	8.09107	0	0
8603	8.08312	0	0
8602	8.07519	0	0
8601	8.06728	0	0
8600	8.05938	0	0
8599	8.05149	0	0
8598	8.04361	0	0
8597	8.03575	0	0
8596	8.0279	0	0
8595	8.02006	0	0
8594	8.01224	0	0
8593	8.00443	0	0
8592	7.99663	0	0
8591	7.98884	0	0
8590	7.98107	0	0
8589	7.97331	0	0
8588	7.96557	0	0
8587	7.95783	0	0
8586	7.95011	0	0
8585	7.9424	0	0
8584	7.93471	0	0
8583	7.92703	0	0
8582	7.91936	0	0
8581	7.9117	0	0
8580	7.90405	0	0
8579	7.89642	0	0
8578	7.8888	0	0
8577	7.88119	0	0
8576	7.8736	0	0
8575	7.86601	0	0
8574	7.85844	0	0
8573	7.85088	0	0
8572	7.84334	0	0
8571	7.8358	0	0
8570	7.82828	0	0
8569	7.82077	0	0
8568	7.81327	0	0
8567	7.80578	0	0
8566	7.79831	0	0
8565	7.79085	0	0
8564	7.7834	0	0
8563	7.77596	0	0
8562	7.76853	0	0
8561	7.76112	0	0
8560	7.75371	0	0
8559	7.74632	0	0
8558	7.73894	0	0
8557	7.73157	0	0
8556	7.72422	0	0
8555	7.71687	0	0
8554	7.70954	0	0
8553	7.70222	0	0
8552	7.69491	0	0
8551	7.68761	0	0
8550	7.68032	0	0
8549	7.67304	0	0
8548	7.66578	0	0
8547	7.65852	0	0
8546	7.65128	0	0
8545	7.64405	0	0
8544	7.63683	0	0
8543	7.62962	0	0
8542	7.62242	0	0
8541	7.61524	0	0
8540	7.60806	0	0
8539	7.6009	0	0
8538	7.59374	0	0
8537	7.5866	0	0
8536	7.57947	0	0
8535	7.57235	0	0
8534	7.56524	0	0
8533	7.55814	0	0
8532	7.55105	0	0
8531	7.54398	0	0
8530	7.53691	0	0
8529	7.52985	0	0
8528	7.52281	0	0
8527	7.51577	0	0
8526	7.50875	0	0
8525	7.50174	0	0
8524	7.49473	0	0
8523	7.48774	0	0
8522	7.48076	0	0
8521	7.47379	0	0
8520	7.46683	0	0
8519	7.45988	0	0
8518	7.45294	0	0
8517	7.44601	0	0
8516	7.43909	0	0
8515	7.43218	0	0
8514	7.42528	0	0
8513	7.41839	0	0
8512	7.41151	0	0
8511	7.40464	0	0
8510	7.39779	0	0
8509	7.39094	0	0
8508	7.3841	0	0
8507	7.37727	0	0
8506	7.37045	0	0
8505	7.36365	0	0
8504	7.35685	0	0
8503	7.35006	0	0
8502	7.34328	0	0
8501	7.33651	0	0
8500	7.32975	0	0
8499	7.32301	0	0
8498	7.31627	0	0
8497	7.30954	0	0
8496	7.30282	0	0
8495	7.29611	0	0
8494	7.28941	0	0
8493	7.28272	0	0
8492	7.27604	0	0
8491	7.26937	0	0
8490	7.26271	0	0
8489	7.25605	0	0
8488	7.24941	0	0
8487	7.24278	0	0
8486	7.23616	0	0
8485	7.22954	0	0
8484	7.22294	0	0
8483	7.21634	0	0
8482	7.20976	0	0
8481	7.20318	0	0
8480	7.19661	0	0
8479	7.19006	0	0
8478	7.18351	0	0
8477	7.17697	0	0
8476	7.17044	0	0
8475	7.16392	0	0
8474	7.1574	0	0
8473	7.1509	0	0
8472	7.14441	0	0
8471	7.13792	0	0
8470	7.13145	0	0
8469	7.12498	0	0
8468	7.11852	0	0
8467	7.11208	0	0
8466	7.10564	0	0
8465	7.09921	0	0
8464	7.09278	0	0
8463	7.08637	0	0
8462	7.07997	0	0
8461	7.07357	0	0
8460	7.06719	0	0
8459	7.06081	0	0
8458	7.05444	0	0
8457	7.04808	0	0
8456	7.04173	0	0
8455	7.03539	0	0
8454	7.02905	0	0
8453	7.02273	0	0
8452	7.01641	0	0
8451	7.0101	0	0
8450	7.0038	0	0
8449	6.99751	0	0
8448	6.99123	0	0
8447	6.98496	0	0
8446	6.97869	0	0
8445	6.97243	0	0
8444	6.96619	0	0
8443	6.95995	0	0
8442	6.95371	0	0
8441	6.94749	0	0
8440	6.94128	0	0
8439	6.93507	0	0
8438	6.92887	0	0
8437	6.92268	0	0
8436	6.9165	0	0
8435	6.91032	0	0
8434	6.90416	0	0
8433	6.898	0	0
8432	6.89185	0	0
8431	6.88571	0	0
8430	6.87958	0	0
8429	6.87345	0	0
8428	6.86734	0	0
8427	6.86123	0	0
8426	6.85513	0	0
8425	6.84904	0	0
8424	6.84295	0	0
8423	6.83687	0	0
8422	6.83081	0	0
8421	6.82474	0	0
8420	6.81869	0	0
8419	6.81265	0	0
8418	6.80661	0	0
8417	6.80058	0	0
8416	6.79456	0	0
8415	6.78855	0	0
8414	6.78254	0	0
8413	6.77654	0	0
8412	6.77055	0	0
8411	6.76457	0	0
8410	6.75859	0	0
8409	6.75263	0	0
8408	6.74667	0	0
8407	6.74071	0	0
8406	6.73477	0	0
8405	6.72883	0	0
8404	6.7229	0	0
8403	6.71698	0	0
8402	6.71107	0	0
8401	6.70516	0	0
8400	6.69926	0	0
8399	6.69337	0	0
8398	6.68749	0	0
8397	6.68161	0	0
8396	6.67574	0	0
8395	6.66988	0	0
8394	6.66403	0	0
8393	6.65818	0	0
8392	6.65234	0	0
8391	6.64651	0	0
8390	6.64068	0	0
8389	6.63486	0	0
8388	6.62905	0	0
8387	6.62325	0	0
8386	6.61745	0	0
8385	6.61166	0	0
8384	6.60588	0	0
8383	6.60011	0	0
8382	6.59434	0	0
8381	6.58858	0	0
8380	6.58283	0	0
8379	6.57708	0	0
8378	6.57134	0	0
8377	6.56561	0	0
8376	6.55989	0	0
8375	6.55417	0	0
8374	6.54846	0	0
8373	6.54275	0	0
8372	6.53706	0	0
8371	6.53137	0	0
8370	6.52569	0	0
8369	6.52001	0	0
8368	6.51434	0	0
8367	6.50868	0	0
8366	6.50302	0	0
8365	6.49738	0	0
8364	6.49173	0	0
8363	6.4861	0	0
8362	6.48047	0	0
8361	6.47485	0	0
8360	6.46924	0	0
8359	6.46363	0	0
8358	6.45803	0	0
8357	6.45243	0	0
8356	6.44685	0	0
8355	6.44127	0	0
8354	6.43569	0	0
8353	6.43012	0	0
8352	6.42456	0	0
8351	6.41901	0	0
8350	6.41346	0	0
8349	6.40792	0	0
8348	6.40239	0	0
8347	6.39686	0	0
8346	6.39134	0	0
8345	6.38582	0	0
8344	6.38031	0	0
8343	6.37481	0	0
8342	6.36932	0	0
8341	6.36383	0	0
8340	6.35835	0	0
8339	6.35287	0	0
8338	6.3474	0	0
8337	6.34194	0	0
8336	6.33648	0	0
8335	6.33103	0	0
8334	6.32559	0	0
8333	6.32015	0	0
8332	6.31472	0	0
8331	6.30929	0	0
8330	6.30387	0	0
8329	6.29846	0	0
8328	6.29305	0	0
8327	6.28765	0	0
8326	6.28226	0	0
8325	6.27687	0	0
8324	6.27149	0	0
8323	6.26612	0	0
8322	6.26075	0	0
8321	6.25538	0	0
8320	6.25003	0	0
8319	6.24468	0	0
8318	6.23933	0	0
8317	6.23399	0	0
8316	6.22866	0	0
8315	6.22333	0	0
8314	6.21801	0	0
8313	6.2127	0	0
8312	6.20739	0	0
8311	6.20209	0	0
8310	6.19679	0	0
8309	6.1915	0	0
8308	6.18622	0	0
8307	6.18094	0	0
8306	6.17567	0	0
8305	6.1704	0	0
8304	6.16514	0	0
8303	6.15988	0	0
8302	6.15463	0	0
8301	6.14939	0	0
8300	6.14415	0	0
8299	6.13892	0	0
8298	6.1337	0	0
8297	6.12848	0	0
8296	6.12326	0	0
8295	6.11806	0	0
8294	6.11285	0	0
8293	6.10766	0	0
8292	6.10246	0	0
8291	6.09728	0	0
8290	6.0921	0	0
8289	6.08693	0	0
8288	6.08176	0	0
8287	6.0766	0	0
8286	6.07144	0	0
8285	6.06629	0	0
8284	6.06114	0	0
8283	6.056	0	0
8282	6.05087	0	0
8281	6.04574	0	0
8280	6.04061	0	0
8279	6.0355	0	0
8278	6.03038	0	0
8277	6.02528	0	0
8276	6.02018	0	0
8275	6.01508	0	0
8274	6.00999	0	0
8273	6.00491	0	0
8272	5.99983	0	0
8271	5.99475	0	0
8270	5.98968	0	0
8269	5.98462	0	0
8268	5.97956	0	0
8267	5.97451	0	0
8266	5.96947	0	0
8265	5.96442	0	0
8264	5.95939	0	0
8263	5.95436	0	0
8262	5.94933	0	0
8261	5.94431	0	0
8260	5.9393	0	0
8259	5.93429	0	0
8258	5.92928	0	0
8257	5.92429	0	0
8256	5.91929	0	0
8255	5.9143	0	0
8254	5.90932	0	0
8253	5.90434	0	0
8252	5.89937	0	0
8251	5.8944	0	0
8250	5.88944	0	0
8249	5.88449	0	0
8248	5.87953	0	0
8247	5.87459	0	0
8246	5.86965	0	0
8245	5.86471	0	0
8244	5.85978	0	0
8243	5.85485	0	0
8242	5.84993	0	0
8241	5.84501	0	0
8240	5.8401	0	0
8239	5.8352	0	0
8238	5.8303	0	0
8237	5.8254	0	0
8236	5.82051	0	0
8235	5.81563	0	0
8234	5.81075	0	0
8233	5.80587	0	0
8232	5.801	0	0
8231	5.79613	0	0
8230	5.79127	0	0
8229	5.78642	0	0
8228	5.78157	0	0
8227	5.77672	0	0
8226	5.77188	0	0
8225	5.76704	0	0
8224	5.76221	0	0
8223	5.75739	0	0
8222	5.75256	0	0
8221	5.74775	0	0
8220	5.74294	0	0
8219	5.73813	0	0
8218	5.73333	0	0
8217	5.72853	0	0
8216	5.72374	0	0
8215	5.71895	0	0
8214	5.71417	0	0
8213	5.70939	0	0
8212	5.70462	0	0
8211	5.69985	0	0
8210	5.69508	0	0
8209	5.69033	0	0
8208	5.68557	0	0
8207	5.68082	0	0
8206	5.67608	0	0
8205	5.67134	0	0
8204	5.6666	0	0
8203	5.66187	0	0
8202	5.65714	0	0
8201	5.65242	0	0
8200	5.64771	0	0
8199	5.64299	0	0
8198	5.63829	0	0
8197	5.63358	0	0
8196	5.62889	0	0
8195	5.62419	0	0
8194	5.6195	0	0
8193	5.61482	0	0
8192	5.61014	0	0
8191	5.60546	0	0
8190	5.60079	0	0
8189	5.59612	0	0
8188	5.59146	0	0
8187	5.58681	0	0
8186	5.58215	0	0
8185	5.5775	0	0
8184	5.57286	0	0
8183	5.56822	0	0
8182	5.56359	0	0
8181	5.55895	0	0
8180	5.55433	0	0
8179	5.54971	0	0
8178	5.54509	0	0
8177	5.54048	0	0
8176	5.53587	0	0
8175	5.53126	0	0
8174	5.52666	0	0
8173	5.52207	0	0
8172	5.51748	0	0
8171	5.51289	0	0
8170	5.50831	0	0
8169	5.50373	0	0
8168	5.49916	0	0
8167	5.49459	0	0
8166	5.49002	0	0
8165	5.48546	0	0
8164	5.48091	0	0
8163	5.47635	0	0
8162	5.47181	0	0
8161	5.46726	0	0
8160	5.46272	0	0
8159	5.45819	0	0
8158	5.45366	0	0
8157	5.44913	0	0
8156	5.44461	0	0
8155	5.44009	0	0
8154	5.43558	0	0
8153	5.43107	0	0
8152	5.42656	0	0
8151	5.42206	0	0
8150	5.41756	0	0
8149	5.41307	0	0
8148	5.40858	0	0
8147	5.40409	0	0
8146	5.39961	0	0
8145	5.39514	0	0
8144	5.39066	0	0
8143	5.3862	0	0
8142	5.38173	0	0
8141	5.37727	0	0
8140	5.37282	0	0
8139	5.36836	0	0
8138	5.36392	0	0
8137	5.35947	0	0
8136	5.35503	0	0
8135	5.3506	0	0
8134	5.34616	0	0
8133	5.34174	0	0
8132	5.33731	0	0
8131	5.33289	0	0
8130	5.32848	0	0
8129	5.32406	0	0
8128	5.31966	0	0
8127	5.31525	0	0
8126	5.31085	0	0
8125	5.30646	0	0
8124	5.30206	0	0
8123	5.29768	0	0
8122	5.29329	0	0
8121	5.28891	0	0
8120	5.28454	0	0
8119	5.28016	0	0
8118	5.27579	0	0
8117	5.27143	0	0
8116	5.26707	0	0
8115	5.26271	0	0
8114	5.25836	0	0
8113	5.25401	0	0
8112	5.24966	0	0
8111	5.24532	0	0
8110	5.24098	0	0
8109	5.23665	0	0
8108	5.23232	0	0
8107	5.22799	0	0
8106	5.22367	0	0
8105	5.21935	0	0
8104	5.21504	0	0
8103	5.21073	0	0
8102	5.20642	0	0
8101	5.20211	0	0
8100	5.19781	0	0
8099	5.19352	0	0
8098	5.18923	0	0
8097	5.18494	0	0
8096	5.18065	0	0
8095	5.17637	0	0
8094	5.17209	0	0
8093	5.16782	0	0
8092	5.16355	0	0
8091	5.15928	0	0
8090	5.15502	0	0
8089	5.15076	0	0
8088	5.14651	0	0
8087	5.14225	0	0
8086	5.13801	0	0
8085	5.13376	0	0
8084	5.12952	0	0
8083	5.12528	0	0
8082	5.12105	0	0
8081	5.11682	0	0
8080	5.11259	0	0
8079	5.10837	0	0
8078	5.10415	0	0
8077	5.09993	0	0
8076	5.09572	0	0
8075	5.09151	0	0
8074	5.08731	0	0
8073	5.08311	0	0
8072	5.07891	0	0
8071	5.07471	0	0
8070	5.07052	0	0
8069	5.06634	0	0
8068	5.06215	0	0
8067	5.05797	0	0
8066	5.05379	0	0
8065	5.04962	0	0
8064	5.04545	0	0
8063	5.04128	0	0
8062	5.03712	0	0
8061	5.03296	0	0
8060	5.02881	0	0
8059	5.02465	0	0
8058	5.0205	0	0
8057	5.01636	0	0
8056	5.01222	0	0
8055	5.00808	0	0
8054	5.00394	0	0
8053	4.99981	0	0
8052	4.99568	0	0
8051	4.99156	0	0
8050	4.98743	0	0
8049	4.98332	0	0
8048	4.9792	0	0
8047	4.97509	0	0
8046	4.97098	0	0
8045	4.96688	0	0
8044	4.96277	0	0
8043	4.95868	0	0
8042	4.95458	0	0
8041	4.95049	0	0
8040	4.9464	0	0
8039	4.94232	0	0
8038	4.93824	0	0
8037	4.93416	0	0
8036	4.93008	0	0
8035	4.92601	0	0
8034	4.92194	0	0
8033	4.91788	0	0
8032	4.91381	0	0
8031	4.90976	0	0
8030	4.9057	0	0
8029	4.90165	0	0
8028	4.8976	0	0
8027	4.89355	0	0
8026	4.88951	0	0
8025	4.88547	0	0
8024	4.88144	0	0
8023	4.8774	0	0
8022	4.87337	0	0
8021	4.86935	0	0
8020	4.86533	0	0
8019	4.86131	0	0
8018	4.85729	0	0
8017	4.85327	0	0
8016	4.84926	0	0
8015	4.84526	0	0
8014	4.84125	0	0
8013	4.83725	0	0
8012	4.83325	0	0
8011	4.82926	0	0
8010	4.82527	0	0
8009	4.82128	0	0
8008	4.8173	0	0
8007	4.81331	0	0
8006	4.80933	0	0
8005	4.80536	0	0
8004	4.80139	0	0
8003	4.79742	0	0
8002	4.79345	0	0
8001	4.78949	0	0
8000	4.78553	0	0
7999	4.78157	0	0
7998	4.77761	0	0
7997	4.77366	0	0
7996	4.76972	0	0
7995	4.76577	0	0
7994	4.76183	0	0
7993	4.75789	0	0
7992	4.75395	0	0
7991	4.75002	0	0
7990	4.74609	0	0
7989	4.74216	0	0
7988	4.73824	0	0
7987	4.73432	0	0
7986	4.7304	0	0
7985	4.72649	0	0
7984	4.72257	0	0
7983	4.71867	0	0
7982	4.71476	0	0
7981	4.71086	0	0
7980	4.70696	0	0
7979	4.70306	0	0
7978	4.69917	0	0
7977	4.69527	0	0
7976	4.69139	0	0
7975	4.6875	0	0
7974	4.68362	0	0
7973	4.67974	0	0
7972	4.67586	0	0
7971	4.67199	0	0
7970	4.66812	0	0
7969	4.66425	0	0
7968	4.66039	0	0
7967	4.65652	0	0
7966	4.65266	0	0
7965	4.64881	0	0
7964	4.64496	0	0
7963	4.64111	0	0
7962	4.63726	0	0
7961	4.63341	0	0
7960	4.62957	0	0
7959	4.62573	0	0
7958	4.6219	0	0
7957	4.61806	0	0
7956	4.61423	0	0
7955	4.6104	0	0
7954	4.60658	0	0
7953	4.60276	0	0
7952	4.59894	0	0
7951	4.59512	0	0
7950	4.59131	0	0
7949	4.5875	0	0
7948	4.58369	0	0
7947	4.57989	0	0
7946	4.57608	0	0
7945	4.57228	0	0
7944	4.56849	0	0
7943	4.56469	0	0
7942	4.5609	0	0
7941	4.55711	0	0
7940	4.55333	0	0
7939	4.54954	0	0
7938	4.54576	0	0
7937	4.54199	0	0
7936	4.53821	0	0
7935	4.53444	0	0
7934	4.53067	0	0
7933	4.5269	0	0
7932	4.52314	0	0
7931	4.51938	0	0
7930	4.51562	0	0
7929	4.51187	0	0
7928	4.50811	0	0
7927	4.50436	0	0
7926	4.50061	0	0
7925	4.49687	0	0
7924	4.49313	0	0
7923	4.48939	0	0
7922	4.48565	0	0
7921	4.48192	0	0
7920	4.47818	0	0
7919	4.47446	0	0
7918	4.47073	0	0
7917	4.46701	0	0
7916	4.46328	0	0
7915	4.45957	0	0
7914	4.45585	0	0
7913	4.45214	0	0
7912	4.44843	0	0
7911	4.44472	0	0
7910	4.44101	0	0
7909	4.43731	0	0
7908	4.43361	0	0
7907	4.42991	0	0
7906	4.42622	0	0
7905	4.42253	0	0
7904	4.41884	0	0
7903	4.41515	0	0
7902	4.41147	0	0
7901	4.40778	0	0
7900	4.4041	0	0
7899	4.40043	0	0
7898	4.39675	0	0
7897	4.39308	0	0
7896	4.38941	0	0
7895	4.38575	0	0
7894	4.38208	0	0
7893	4.37842	0	0
7892	4.37476	0	0
7891	4.3711	0	0
7890	4.36745	0	0
7889	4.3638	0	0
7888	4.36015	0	0
7887	4.3565	0	0
7886	4.35286	0	0
7885	4.34922	0	0
7884	4.34558	0	0
7883	4.34194	0	0
7882	4.33831	0	0
7881	4.33468	0	0
7880	4.33105	0	0
7879	4.32742	0	0
7878	4.3238	0	0
7877	4.32018	0	0
7876	4.31656	0	0
7875	4.31294	0	0
7874	4.30933	0	0
7873	4.30572	0	0
7872	4.30211	0	0
7871	4.2985	0	0
7870	4.2949	0	0
7869	4.29129	0	0
7868	4.28769	0	0
7867	4.2841	0	0
7866	4.2805	0	0
7865	4.27691	0	0
7864	4.27332	0	0
7863	4.26973	0	0
7862	4.26615	0	0
7861	4.26257	0	0
7860	4.25899	0	0
7859	4.25541	0	0
7858	4.25183	0	0
7857	4.24826	0	0
7856	4.24469	0	0
7855	4.24112	0	0
7854	4.23756	0	0
7853	4.23399	0	0
7852	4.23043	0	0
7851	4.22687	0	0
7850	4.22332	0	0
7849	4.21976	0	0
7848	4.21621	0	0
7847	4.21266	0	0
7846	4.20911	0	0
7845	4.20557	0	0
7844	4.20203	0	0
7843	4.19849	0	0
7842	4.19495	0	0
7841	4.19141	0	0
7840	4.18788	0	0
7839	4.18435	0	0
7838	4.18082	0	0
7837	4.1773	0	0
7836	4.17377	0	0
7835	4.17025	0	0
7834	4.16673	0	0
7833	4.16322	0	0
7832	4.1597	0	0
7831	4.15619	0	0
7830	4.15268	0	0
7829	4.14917	0	0
7828	4.14567	0	0
7827	4.14216	0	0
7826	4.13866	0	0
7825	4.13516	0	0
7824	4.13167	0	0
7823	4.12817	0	0
7822	4.12468	0	0
7821	4.12119	0	0
7820	4.1177	0	0
7819	4.11422	0	0
7818	4.11074	0	0
7817	4.10726	0	0
7816	4.10378	0	0
7815	4.1003	0	0
7814	4.09683	0	0
7813	4.09335	0	0
7812	4.08989	0	0
7811	4.08642	0	0
7810	4.08295	0	0
7809	4.07949	0	0
7808	4.07603	0	0
7807	4.07257	0	0
7806	4.06911	0	0
7805	4.06566	0	0
7804	4.06221	0	0
7803	4.05876	0	0
7802	4.05531	0	0
7801	4.05187	0	0
7800	4.04842	0	0
7799	4.04498	0	0
7798	4.04154	0	0
7797	4.03811	0	0
7796	4.03467	0	0
7795	4.03124	0	0
7794	4.02781	0	0
7793	4.02438	0	0
7792	4.02096	0	0
7791	4.01753	0	0
7790	4.01411	0	0
7789	4.01069	0	0
7788	4.00727	0	0
7787	4.00386	0	0
7786	4.00045	0	0
7785	3.99704	0	0
7784	3.99363	0	0
7783	3.99022	0	0
7782	3.98682	0	0
7781	3.98341	0	0
7780	3.98001	0	0
7779	3.97661	0	0
7778	3.97322	0	0
7777	3.96982	0	0
7776	3.96643	0	0
7775	3.96304	0	0
7774	3.95966	0	0
7773	3.95627	0	0
7772	3.95289	0	0
7771	3.9495	0	0
7770	3.94613	0	0
7769	3.94275	0	0
7768	3.93937	0	0
7767	3.936	0	0
7766	3.93263	0	0
7765	3.92926	0	0
7764	3.92589	0	0
7763	3.92253	0	0
7762	3.91917	0	0
7761	3.9158	0	0
7760	3.91245	0	0
7759	3.90909	0	0
7758	3.90573	0	0
7757	3.90238	0	0
7756	3.89903	0	0
7755	3.89568	0	0
7754	3.89234	0	0
7753	3.88899	0	0
7752	3.88565	0	0
7751	3.88231	0	0
7750	3.87897	0	0
7749	3.87563	0	0
7748	3.8723	0	0
7747	3.86897	0	0
7746	3.86564	0	0
7745	3.86231	0	0
7744	3.85898	0	0
7743	3.85566	0	0
7742	3.85233	0	0
7741	3.84901	0	0
7740	3.8457	0	0
7739	3.84238	0	0
7738	3.83906	0	0
7737	3.83575	0	0
7736	3.83244	0	0
7735	3.82913	0	0
7734	3.82583	0	0
7733	3.82252	0	0
7732	3.81922	0	0
7731	3.81592	0	0
7730	3.81262	0	0
7729	3.80932	0	0
7728	3.80603	0	0
7727	3.80274	0	0
7726	3.79944	0	0
7725	3.79616	0	0
7724	3.79287	0	0
7723	3.78958	0	0
7722	3.7863	0	0
7721	3.78302	0	0
7720	3.77974	0	0
7719	3.77646	0	0
7718	3.77319	0	0
7717	3.76991	0	0
7716	3.76664	0	0
7715	3.76337	0	0
7714	3.7601	0	0
7713	3.75684	0	0
7712	3.75357	0	0
7711	3.75031	0	0
7710	3.74705	0	0
7709	3.74379	0	0
7708	3.74054	0	0
7707	3.73728	0	0
7706	3.73403	0	0
7705	3.73078	0	0
7704	3.72753	0	0
7703	3.72428	0	0
7702	3.72104	0	0
7701	3.7178	0	0
7700	3.71456	0	0
7699	3.71132	0	0
7698	3.70808	0	0
7697	3.70484	0	0
7696	3.70161	0	0
7695	3.69838	0	0
7694	3.69515	0	0
7693	3.69192	0	0
7692	3.68869	0	0
7691	3.68547	0	0
7690	3.68225	0	0
7689	3.67902	0	0
7688	3.67581	0	0
7687	3.67259	0	0
7686	3.66937	0	0
7685	3.66616	0	0
7684	3.66295	0	0
7683	3.65974	0	0
7682	3.65653	0	0
7681	3.65332	0	0
7680	3.65012	0	0
7679	3.64692	0	0
7678	3.64372	0	0
7677	3.64052	0	0
7676	3.63732	0	0
7675	3.63413	0	0
7674	3.63093	0	0
7673	3.62774	0	0
7672	3.62455	0	0
7671	3.62136	0	0
7670	3.61818	0	0
7669	3.61499	0	0
7668	3.61181	0	0
7667	3.60863	0	0
7666	3.60545	0	0
7665	3.60227	0	0
7664	3.5991	0	0
7663	3.59592	0	0
7662	3.59275	0	0
7661	3.58958	0	0
7660	3.58641	0	0
7659	3.58325	0	0
7658	3.58008	0	0
7657	3.57692	0	0
7656	3.57376	0	0
7655	3.5706	0	0
7654	3.56744	0	0
7653	3.56429	0	0
7652	3.56113	0	0
7651	3.55798	0	0
7650	3.55483	0	0
7649	3.55168	0	0
7648	3.54853	0	0
7647	3.54539	0	0
7646	3.54224	0	0
7645	3.5391	0	0
7644	3.53596	0	0
7643	3.53282	0	0
7642	3.52969	0	0
7641	3.52655	0	0
7640	3.52342	0	0
7639	3.52029	0	0
7638	3.51716	0	0
7637	3.51403	0	0
7636	3.5109	0	0
7635	3.50778	0	0
7634	3.50466	0	0
7633	3.50153	0	0
7632	3.49841	0	0
7631	3.4953	0	0
7630	3.49218	0	0
7629	3.48907	0	0
7628	3.48595	0	0
7627	3.48284	0	0
7626	3.47973	0	0
7625	3.47663	0	0
7624	3.47352	0	0
7623	3.47042	0	0
7622	3.46731	0	0
7621	3.46421	0	0
7620	3.46111	0	0
7619	3.45802	0	0
7618	3.45492	0	0
7617	3.45183	0	0
7616	3.44873	0	0
7615	3.44564	0	0
7614	3.44255	0	0
7613	3.43947	0	0
7612	3.43638	0	0
7611	3.4333	0	0
7610	3.43022	0	0
7609	3.42714	0	0
7608	3.42406	0	0
7607	3.42098	0	0
7606	3.4179	0	0
7605	3.41483	0	0
7604	3.41176	0	0
7603	3.40869	0	0
7602	3.40562	0	0
7601	3.40255	0	0
7600	3.39948	0	0
7599	3.39642	0	0
7598	3.39336	0	0
7597	3.3903	0	0
7596	3.38724	0	0
7595	3.38418	0	0
7594	3.38112	0	0
7593	3.37807	0	0
7592	3.37502	0	0
7591	3.37197	0	0
7590	3.36892	0	0
7589	3.36587	0	0
7588	3.36282	0	0
7587	3.35978	0	0
7586	3.35674	0	0
7585	3.35369	0	0
7584	3.35065	0	0
7583	3.34762	0	0
7582	3.34458	0	0
7581	3.34155	0	0
7580	3.33851	0	0
7579	3.33548	0	0
7578	3.33245	0	0
7577	3.32942	0	0
7576	3.3264	0	0
7575	3.32337	0	0
7574	3.32035	0	0
7573	3.31732	0	0
7572	3.3143	0	0
7571	3.31129	0	0
7570	3.30827	0	0
7569	3.30525	0	0
7568	3.30224	0	0
7567	3.29923	0	0
7566	3.29622	0	0
7565	3.29321	0	0
7564	3.2902	0	0
7563	3.28719	0	0
7562	3.28419	0	0
7561	3.28118	0	0
7560	3.27818	0	0
7559	3.27518	0	0
7558	3.27218	0	0
7557	3.26919	0	0
7556	3.26619	0	0
7555	3.2632	0	0
7554	3.26021	0	0
7553	3.25722	0	0
7552	3.25423	0	0
7551	3.25124	0	0
7550	3.24825	0	0
7549	3.24527	0	0
7548	3.24229	0	0
7547	3.23931	0	0
7546	3.23633	0	0
7545	3.23335	0	0
7544	3.23037	0	0
7543	3.2274	0	0
7542	3.22442	0	0
7541	3.22145	0	0
7540	3.21848	0	0
7539	3.21551	0	0
7538	3.21255	0	0
7537	3.20958	0	0
7536	3.20662	0	0
7535	3.20365	0	0
7534	3.20069	0	0
7533	3.19773	0	0
7532	3.19477	0	0
7531	3.19182	0	0
7530	3.18886	0	0
7529	3.18591	0	0
7528	3.18296	0	0
7527	3.18001	0	0
7526	3.17706	0	0
7525	3.17411	0	0
7524	3.17116	0	0
7523	3.16822	0	0
7522	3.16528	0	0
7521	3.16233	0	0
7520	3.15939	0	0
7519	3.15646	0	0
7518	3.15352	0	0
7517	3.15058	0	0
7516	3.14765	0	0
7515	3.14472	0	0
7514	3.14179	0	0
7513	3.13886	0	0
7512	3.13593	0	0
7511	3.133	0	0
7510	3.13008	0	0
7509	3.12715	0	0
7508	3.12423	0	0
7507	3.12131	0	0
7506	3.11839	0	0
7505	3.11548	0	0
7504	3.11256	0	0
7503	3.10964	0	0
7502	3.10673	0	0
7501	3.10382	0	0
7500	3.10091	0	0
7499	3.098	0	0
7498	3.09509	0	0
7497	3.09219	0	0
7496	3.08928	0	0
7495	3.08638	0	0
7494	3.08348	0	0
7493	3.08058	0	0
7492	3.07768	0	0
7491	3.07478	0	0
7490	3.07189	0	0
7489	3.06899	0	0
7488	3.0661	0	0
7487	3.06321	0	0
7486	3.06032	0	0
7485	3.05743	0	0
7484	3.05455	0	0
7483	3.05166	0	0
7482	3.04878	0	0
7481	3.04589	0	0
7480	3.04301	0	0
7479	3.04013	0	0
7478	3.03726	0	0
7477	3.03438	0	0
7476	3.0315	0	0
7475	3.02863	0	0
7474	3.02576	0	0
7473	3.02289	0	0
7472	3.02002	0	0
7471	3.01715	0	0
7470	3.01428	0	0
7469	3.01142	0	0
7468	3.00855	0	0
7467	3.00569	0	0
7466	3.00283	0	0
7465	2.99997	0	0
7464	2.99711	0	0
7463	2.99426	0	0
7462	2.9914	0	0
7461	2.98855	0	0
7460	2.98569	0	0
7459	2.98284	0	0
7458	2.97999	0	0
7457	2.97715	0	0
7456	2.9743	0	0
7455	2.97145	0	0
7454	2.96861	0	0
7453	2.96577	0	0
7452	2.96293	0	0
7451	2.96009	0	0
7450	2.95725	0	0
7449	2.95441	0	0
7448	2.95158	0	0
7447	2.94874	0	0
7446	2.94591	0	0
7445	2.94308	0	0
7444	2.94025	0	0
7443	2.93742	0	0
7442	2.93459	0	0
7441	2.93177	0	0
7440	2.92894	0	0
7439	2.92612	0	0
7438	2.9233	0	0
7437	2.92048	0	0
7436	2.91766	0	0
7435	2.91484	0	0
7434	2.91203	0	0
7433	2.90921	0	0
7432	2.9064	0	0
7431	2.90359	0	0
7430	2.90078	0	0
7429	2.89797	0	0
7428	2.89516	0	0
7427	2.89235	0	0
7426	2.88955	0	0
7425	2.88675	0	0
7424	2.88394	0	0
7423	2.88114	0	0
7422	2.87834	0	0
7421	2.87554	0	0
7420	2.87275	0	0
7419	2.86995	0	0
7418	2.86716	0	0
7417	2.86437	0	0
7416	2.86158	0	0
7415	2.85879	0	0
7414	2.856	0	0
7413	2.85321	0	0
7412	2.85042	0	0
7411	2.84764	0	0
7410	2.84486	0	0
7409	2.84208	0	0
7408	2.8393	0	0
7407	2.83652	0	0
7406	2.83374	0	0
7405	2.83096	0	0
7404	2.82819	0	0
7403	2.82541	0	0
7402	2.82264	0	0
7401	2.81987	0	0
7400	2.8171	0	0
7399	2.81433	0	0
7398	2.81157	0	0
7397	2.8088	0	0
7396	2.80604	0	0
7395	2.80327	0	0
7394	2.80051	0	0
7393	2.79775	0	0
7392	2.79499	0	0
7391	2.79224	0	0
7390	2.78948	0	0
7389	2.78673	0	0
7388	2.78397	0	0
7387	2.78122	0	0
7386	2.77847	0	0
7385	2.77572	0	0
7384	2.77297	0	0
7383	2.77023	0	0
7382	2.76748	0	0
7381	2.76474	0	0
7380	2.76199	0	0
7379	2.75925	0	0
7378	2.75651	0	0
7377	2.75377	0	0
7376	2.75104	0	0
7375	2.7483	0	0
7374	2.74556	0	0
7373	2.74283	0	0
7372	2.7401	0	0
7371	2.73737	0	0
7370	2.73464	0	0
7369	2.73191	0	0
7368	2.72918	0	0
7367	2.72646	0	0
7366	2.72373	0	0
7365	2.72101	0	0
7364	2.71829	0	0
7363	2.71557	0	0
7362	2.71285	0	0
7361	2.71013	0	0
7360	2.70742	0	0
7359	2.7047	0	0
7358	2.70199	0	0
7357	2.69927	0	0
7356	2.69656	0	0
7355	2.69385	0	0
7354	2.69115	0	0
7353	2.68844	0	0
7352	2.68573	0	0
7351	2.68303	0	0
7350	2.68032	0	0
7349	2.67762	0	0
7348	2.67492	0	0
7347	2.67222	0	0
7346	2.66952	0	0
7345	2.66683	0	0
7344	2.66413	0	0
7343	2.66144	0	0
7342	2.65874	0	0
7341	2.65605	0	0
7340	2.65336	0	0
7339	2.65067	0	0
7338	2.64799	0	0
7337	2.6453	0	0
7336	2.64261	0	0
7335	2.63993	0	0
7334	2.63725	0	0
7333	2.63457	0	0
7332	2.63189	0	0
7331	2.62921	0	0
7330	2.62653	0	0
7329	2.62385	0	0
7328	2.62118	0	0
7327	2.6185	0	0
7326	2.61583	0	0
7325	2.61316	0	0
7324	2.61049	0	0
7323	2.60782	0	0
7322	2.60516	0	0
7321	2.60249	0	0
7320	2.59982	0	0
7319	2.59716	0	0
7318	2.5945	0	0
7317	2.59184	0	0
7316	2.58918	0	0
7315	2.58652	0	0
7314	2.58386	0	0
7313	2.58121	0	0
7312	2.57855	0	0
7311	2.5759	0	0
7310	2.57325	0	0
7309	2.5706	0	0
7308	2.56795	0	0
7307	2.5653	0	0
7306	2.56265	0	0
7305	2.56001	0	0
7304	2.55736	0	0
7303	2.55472	0	0
7302	2.55208	0	0
7301	2.54944	0	0
7300	2.5468	0	0
7299	2.54416	0	0
7298	2.54152	0	0
7297	2.53889	0	0
7296	2.53625	0	0
7295	2.53362	0	0
7294	2.53099	0	0
7293	2.52836	0	0
7292	2.52573	0	0
7291	2.5231	0	0
7290	2.52047	0	0
7289	2.51785	0	0
7288	2.51522	0	0
7287	2.5126	0	0
7286	2.50998	0	0
7285	2.50736	0	0
7284	2.50474	0	0
7283	2.50212	0	0
7282	2.4995	0	0
7281	2.49689	0	0
7280	2.49427	0	0
7279	2.49166	0	0
7278	2.48905	0	0
7277	2.48644	0	0
7276	2.48383	0	0
7275	2.48122	0	0
7274	2.47861	0	0
7273	2.47601	0	0
7272	2.4734	0	0
7271	2.4708	0	0
7270	2.4682	0	0
7269	2.4656	0	0
7268	2.463	0	0
7267	2.4604	0	0
7266	2.4578	0	0
7265	2.45521	0	0
7264	2.45261	0	0
7263	2.45002	0	0
7262	2.44743	0	0
7261	2.44484	0	0
7260	2.44225	0	0
7259	2.43966	0	0
7258	2.43707	0	0
7257	2.43449	0	0
7256	2.4319	0	0
7255	2.42932	0	0
7254	2.42674	0	0
7253	2.42416	0	0
7252	2.42158	0	0
7251	2.419	0	0
7250	2.41642	0	0
7249	2.41385	0	0
7248	2.41127	0	0
7247	2.4087	0	0
7246	2.40613	0	0
7245	2.40356	0	0
7244	2.40099	0	0
7243	2.39842	0	0
7242	2.39585	0	0
7241	2.39328	0	0
7240	2.39072	0	0
7239	2.38816	0	0
7238	2.38559	0	0
7237	2.38303	0	0
7236	2.38047	0	0
7235	2.37791	0	0
7234	2.37536	0	0
7233	2.3728	0	0
7232	2.37025	0	0
7231	2.36769	0	0
7230	2.36514	0	0
7229	2.36259	0	0
7228	2.36004	0	0
7227	2.35749	0	0
7226	2.35494	0	0
7225	2.35239	0	0
7224	2.34985	0	0
7223	2.3473	0	0
7222	2.34476	0	0
7221	2.34222	0	0
7220	2.33968	0	0
7219	2.33714	0	0
7218	2.3346	0	0
7217	2.33207	0	0
7216	2.32953	0	0
7215	2.327	0	0
7214	2.32446	0	0
7213	2.32193	0	0
7212	2.3194	0	0
7211	2.31687	0	0
7210	2.31434	0	0
7209	2.31181	0	0
7208	2.30929	0	0
7207	2.30676	0	0
7206	2.30424	0	0
7205	2.30172	0	0
7204	2.2992	0	0
7203	2.29668	0	0
7202	2.29416	0	0
7201	2.29164	0	0
7200	2.28913	0	0
7199	2.28661	0	0
7198	2.2841	0	0
7197	2.28158	0	0
7196	2.27907	0	0
7195	2.27656	0	0
7194	2.27405	0	0
7193	2.27155	0	0
7192	2.26904	0	0
7191	2.26653	0	0
7190	2.26403	0	0
7189	2.26153	0	0
7188	2.25903	0	0
7187	2.25652	0	0
7186	2.25403	0	0
7185	2.25153	0	0
7184	2.24903	0	0
7183	2.24653	0	0
7182	2.24404	0	0
7181	2.24155	0	0
7180	2.23905	0	0
7179	2.23656	0	0
7178	2.23407	0	0
7177	2.23159	0	0
7176	2.2291	0	0
7175	2.22661	0	0
7174	2.22413	0	0
7173	2.22164	0	0
7172	2.21916	0	0
7171	2.21668	0	0
7170	2.2142	0	0
7169	2.21172	0	0
7168	2.20924	0	0
7167	2.20677	0	0
7166	2.20429	0	0
7165	2.20182	0	0
7164	2.19934	0	0
7163	2.19687	0	0
7162	2.1944	0	0
7161	2.19193	0	0
7160	2.18946	0	0
7159	2.187	0	0
7158	2.18453	0	0
7157	2.18207	0	0
7156	2.1796	0	0
7155	2.17714	0	0
7154	2.17468	0	0
7153	2.17222	0	0
7152	2.16976	0	0
7151	2.1673	0	0
7150	2.16485	0	0
7149	2.16239	0	0
7148	2.15994	0	0
7147	2.15749	0	0
7146	2.15503	0	0
7145	2.15258	0	0
7144	2.15013	0	0
7143	2.14769	0	0
7142	2.14524	0	0
7141	2.14279	0	0
7140	2.14035	0	0
7139	2.13791	0	0
7138	2.13546	0	0
7137	2.13302	0	0
7136	2.13058	0	0
7135	2.12815	0	0
7134	2.12571	0	0
7133	2.12327	0	0
7132	2.12084	0	0
7131	2.1184	0	0
7130	2.11597	0	0
7129	2.11354	0	0
7128	2.11111	0	0
7127	2.10868	0	0
7126	2.10625	0	0
7125	2.10383	0	0
7124	2.1014	0	0
7123	2.09898	0	0
7122	2.09655	0	0
7121	2.09413	0	0
7120	2.09171	0	0
7119	2.08929	0	0
7118	2.08687	0	0
7117	2.08446	0	0
7116	2.08204	0	0
7115	2.07963	0	0
7114	2.07721	0	0
7113	2.0748	0	0
7112	2.07239	0	0
7111	2.06998	0	0
7110	2.06757	0	0
7109	2.06516	0	0
7108	2.06276	0	0
7107	2.06035	0	0
7106	2.05795	0	0
7105	2.05555	0	0
7104	2.05314	0	0
7103	2.05074	0	0
7102	2.04834	0	0
7101	2.04595	0	0
7100	2.04355	0	0
7099	2.04115	0	0
7098	2.03876	0	0
7097	2.03637	0	0
7096	2.03397	0	0
7095	2.03158	0	0
7094	2.02919	0	0
7093	2.0268	0	0
7092	2.02442	0	0
7091	2.02203	0	0
7090	2.01964	0	0
7089	2.01726	0	0
7088	2.01488	0	0
7087	2.0125	0	0
7086	2.01012	0	0
7085	2.00774	0	0
7084	2.00536	0	0
7083	2.00298	0	0
7082	2.00061	0	0
7081	1.99823	0	0
7080	1.99586	0	0
7079	1.99349	0	0
7078	1.99112	0	0
7077	1.98875	0	0
7076	1.98638	0	0
7075	1.98401	0	0
7074	1.98164	0	0
7073	1.97928	0	0
7072	1.97692	0	0
7071	1.97455	0	0
7070	1.97219	0	0
7069	1.96983	0	0
7068	1.96747	0	0
7067	1.96511	0	0
7066	1.96276	0	0
7065	1.9604	0	0
7064	1.95805	0	0
7063	1.95569	0	0
7062	1.95334	0	0
7061	1.95099	0	0
7060	1.94864	0	0
7059	1.94629	0	0
7058	1.94395	0	0
7057	1.9416	0	0
7056	1.93925	0	0
7055	1.93691	0	0
7054	1.93457	0	0
7053	1.93223	0	0
7052	1.92989	0	0
7051	1.92755	0	0
7050	1.92521	0	0
7049	1.92287	0	0
7048	1.92054	0	0
7047	1.9182	0	0
7046	1.91587	0	0
7045	1.91354	0	0
7044	1.91121	0	0
7043	1.90888	0	0
7042	1.90655	0	0
7041	1.90422	0	0
7040	1.9019	0	0
7039	1.89957	0	0
7038	1.89725	0	0
7037	1.89492	0	0
7036	1.8926	0	0
7035	1.89028	0	0
7034	1.88796	0	0
7033	1.88565	0	0
7032	1.88333	0	0
7031	1.88101	0	0
7030	1.8787	0	0
7029	1.87639	0	0
7028	1.87408	0	0
7027	1.87176	0	0
7026	1.86946	0	0
7025	1.86715	0	0
7024	1.86484	0	0
7023	1.86253	0	0
7022	1.86023	0	0
7021	1.85793	0	0
7020	1.85562	0	0
7019	1.85332	0	0
7018	1.85102	0	0
7017	1.84872	0	0
7016	1.84643	0	0
7015	1.84413	0	0
7014	1.84183	0	0
7013	1.83954	0	0
7012	1.83725	0	0
7011	1.83495	0	0
7010	1.83266	0	0
7009	1.83037	0	0
7008	1.82809	0	0
7007	1.8258	0	0
7006	1.82351	0	0
7005	1.82123	0	0
7004	1.81895	0	0
7003	1.81666	0	0
7002	1.81438	0	0
7001	1.8121	0	0
7000	1.80982	0	0
6999	1.80755	0	0
6998	1.80527	0	0
6997	1.80299	0	0
6996	1.80072	0	0
6995	1.79845	0	0
6994	1.79618	0	0
6993	1.79391	0	0
6992	1.79164	0	0
6991	1.78937	0	0
6990	1.7871	0	0
6989	1.78484	0	0
6988	1.78257	0	0
6987	1.78031	0	0
6986	1.77805	0	0
6985	1.77578	0	0
6984	1.77352	0	0
6983	1.77127	0	0
6982	1.76901	0	0
6981	1.76675	0	0
6980	1.7645	0	0
6979	1.76224	0	0
6978	1.75999	0	0
6977	1.75774	0	0
6976	1.75549	0	0
6975	1.75324	0	0
6974	1.75099	0	0
6973	1.74875	0	0
6972	1.7465	0	0
6971	1.74426	0	0
6970	1.74201	0	0
6969	1.73977	0	0
6968	1.73753	0	0
6967	1.73529	0	0
6966	1.73305	0	0
6965	1.73082	0	0
6964	1.72858	0	0
6963	1.72634	0	0
6962	1.72411	0	0
6961	1.72188	0	0
6960	1.71965	0	0
6959	1.71742	0	0
6958	1.71519	0	0
6957	1.71296	0	0
6956	1.71073	0	0
6955	1.70851	0	0
6954	1.70628	0	0
6953	1.70406	0	0
6952	1.70184	0	0
6951	1.69962	0	0
6950	1.6974	0	0
6949	1.69518	0	0
6948	1.69297	0	0
6947	1.69075	0	0
6946	1.68854	0	0
6945	1.68632	0	0
6944	1.68411	0	0
6943	1.6819	0	0
6942	1.67969	0	0
6941	1.67748	0	0
6940	1.67527	0	0
6939	1.67307	0	0
6938	1.67086	0	0
6937	1.66866	0	0
6936	1.66646	0	0
6935	1.66426	0	0
6934	1.66205	0	0
6933	1.65986	0	0
6932	1.65766	0	0
6931	1.65546	0	0
6930	1.65327	0	0
6929	1.65107	0	0
6928	1.64888	0	0
6927	1.64669	0	0
6926	1.6445	0	0
6925	1.64231	0	0
6924	1.64012	0	0
6923	1.63793	0	0
6922	1.63575	0	0
6921	1.63356	0	0
6920	1.63138	0	0
6919	1.6292	0	0
6918	1.62702	0	0
6917	1.62484	0	0
6916	1.62266	0	0
6915	1.62048	0	0
6914	1.6183	0	0
6913	1.61613	0	0
6912	1.61396	0	0
6911	1.61178	0	0
6910	1.60961	0	0
6909	1.60744	0	0
6908	1.60527	0	0
6907	1.60311	0	0
6906	1.60094	0	0
6905	1.59877	0	0
6904	1.59661	0	0
6903	1.59445	0	0
6902	1.59229	0	0
6901	1.59013	0	0
6900	1.58797	0	0
6899	1.58581	0	0
6898	1.58365	0	0
6897	1.5815	0	0
6896	1.57934	0	0
6895	1.57719	0	0
6894	1.57504	0	0
6893	1.57289	0	0
6892	1.57074	0	0
6891	1.56859	0	0
6890	1.56644	0	0
6889	1.5643	0	0
6888	1.56215	0	0
6887	1.56001	0	0
6886	1.55787	0	0
6885	1.55572	0	0
6884	1.55358	0	0
6883	1.55145	0	0
6882	1.54931	0	0
6881	1.54717	0	0
6880	1.54504	0	0
6879	1.5429	0	0
6878	1.54077	0	0
6877	1.53864	0	0
6876	1.53651	0	0
6875	1.53438	0	0
6874	1.53225	0	0
6873	1.53013	0	0
6872	1.528	0	0
6871	1.52588	0	0
6870	1.52376	0	0
6869	1.52163	0	0
6868	1.51951	0	0
6867	1.5174	0	0
6866	1.51528	0	0
6865	1.51316	0	0
6864	1.51105	0	0
6863	1.50893	0	0
6862	1.50682	0	0
6861	1.50471	0	0
6860	1.5026	0	0
6859	1.50049	0	0
6858	1.49838	0	0
6857	1.49627	0	0
6856	1.49417	0	0
6855	1.49206	0	0
6854	1.48996	0	0
6853	1.48786	0	0
6852	1.48576	0	0
6851	1.48366	0	0
6850	1.48156	0	0
6849	1.47946	0	0
6848	1.47737	0	0
6847	1.47527	0	0
6846	1.47318	0	0
6845	1.47109	0	0
6844	1.469	0	0
6843	1.46691	0	0
6842	1.46482	0	0
6841	1.46273	0	0
6840	1.46065	0	0
6839	1.45856	0	0
6838	1.45648	0	0
6837	1.4544	0	0
6836	1.45232	0	0
6835	1.45024	0	0
6834	1.44816	0	0
6833	1.44608	0	0
6832	1.44401	0	0
6831	1.44193	0	0
6830	1.43986	0	0
6829	1.43779	0	0
6828	1.43571	0	0
6827	1.43365	0	0
6826	1.43158	0	0
6825	1.42951	0	0
6824	1.42744	0	0
6823	1.42538	0	0
6822	1.42332	0	0
6821	1.42125	0	0
6820	1.41919	0	0
6819	1.41713	0	0
6818	1.41507	0	0
6817	1.41302	0	0
6816	1.41096	0	0
6815	1.40891	0	0
6814	1.40685	0	0
6813	1.4048	0	0
6812	1.40275	0	0
6811	1.4007	0	0
6810	1.39865	0	0
6809	1.3966	0	0
6808	1.39456	0	0
6807	1.39251	0	0
6806	1.39047	0	0
6805	1.38843	0	0
6804	1.38639	0	0
6803	1.38435	0	0
6802	1.38231	0	0
6801	1.38027	0	0
6800	1.37824	0	0
6799	1.3762	0	0
6798	1.37417	0	0
6797	1.37214	0	0
6796	1.37011	0	0
6795	1.36808	0	0
6794	1.36605	0	0
6793	1.36402	0	0
6792	1.362	0	0
6791	1.35997	0	0
6790	1.35795	0	0
6789	1.35593	0	0
6788	1.3539	0	0
6787	1.35189	0	0
6786	1.34987	0	0
6785	1.34785	0	0
6784	1.34583	0	0
6783	1.34382	0	0
6782	1.34181	0	0
6781	1.3398	0	0
6780	1.33778	0	0
6779	1.33578	0	0
6778	1.33377	0	0
6777	1.33176	0	0
6776	1.32976	0	0
6775	1.32775	0	0
6774	1.32575	0	0
6773	1.32375	0	0
6772	1.32175	0	0
6771	1.31975	0	0
6770	1.31775	0	0
6769	1.31575	0	0
6768	1.31376	0	0
6767	1.31176	0	0
6766	1.30977	0	0
6765	1.30778	0	0
6764	1.30579	0	0
6763	1.3038	0	0
6762	1.30181	0	0
6761	1.29983	0	0
6760	1.29784	0	0
6759	1.29586	0	0
6758	1.29388	0	0
6757	1.29189	0	0
6756	1.28991	0	0
6755	1.28794	0	0
6754	1.28596	0	0
6753	1.28398	0	0
6752	1.28201	0	0
6751	1.28003	0	0
6750	1.27806	0	0
6749	1.27609	0	0
6748	1.27412	0	0
6747	1.27215	0	0
6746	1.27019	0	0
6745	1.26822	0	0
6744	1.26626	0	0
6743	1.26429	0	0
6742	1.26233	0	0
6741	1.26037	0	0
6740	1.25841	0	0
6739	1.25646	0	0
6738	1.2545	0	0
6737	1.25254	0	0
6736	1.25059	0	0
6735	1.24864	0	0
6734	1.24669	0	0
6733	1.24474	0	0
6732	1.24279	0	0
6731	1.24084	0	0
6730	1.23889	0	0
6729	1.23695	0	0
6728	1.235	0	0
6727	1.23306	0	0
6726	1.23112	0	0
6725	1.22918	0	0
6724	1.22724	0	0
6723	1.22531	0	0
6722	1.22337	0	0
6721	1.22144	0	0
6720	1.2195	0	0
6719	1.21757	0	0
6718	1.21564	0	0
6717	1.21371	0	0
6716	1.21179	0	0
6715	1.20986	0	0
6714	1.20793	0	0
6713	1.20601	0	0
6712	1.20409	0	0
6711	1.20217	0	0
6710	1.20025	0	0
6709	1.19833	0	0
6708	1.19641	0	0
6707	1.1945	0	0
6706	1.19258	0	0
6705	1.19067	0	0
6704	1.18876	0	0
6703	1.18684	0	0
6702	1.18494	0	0
6701	1.18303	0	0
6700	1.18112	0	0
6699	1.17922	0	0
6698	1.17731	0	0
6697	1.17541	0	0
6696	1.17351	0	0
6695	1.17161	0	0
6694	1.16971	0	0
6693	1.16781	0	0
6692	1.16592	0	0
6691	1.16402	0	0
6690	1.16213	0	0
6689	1.16024	0	0
6688	1.15835	0	0
6687	1.15646	0	0
6686	1.15457	0	0
6685	1.15268	0	0
6684	1.1508	0	0
6683	1.14891	0	0
6682	1.14703	0	0
6681	1.14515	0	0
6680	1.14327	0	0
6679	1.14139	0	0
6678	1.13952	0	0
6677	1.13764	0	0
6676	1.13577	0	0
6675	1.13389	0	0
6674	1.13202	0	0
6673	1.13015	0	0
6672	1.12828	0	0
6671	1.12641	0	0
6670	1.12455	0	0
6669	1.12268	0	0
6668	1.12082	0	0
6667	1.11896	0	0
6666	1.1171	0	0
6665	1.11524	0	0
6664	1.11338	0	0
6663	1.11152	0	0
6662	1.10967	0	0
6661	1.10781	0	0
6660	1.10596	0	0
6659	1.10411	0	0
6658	1.10226	0	0
6657	1.10041	0	0
6656	1.09856	0	0
6655	1.09672	0	0
6654	1.09487	0	0
6653	1.09303	0	0
6652	1.09119	0	0
6651	1.08935	0	0
6650	1.08751	0	0
6649	1.08567	0	0
6648	1.08383	0	0
6647	1.082	0	0
6646	1.08017	0	0
6645	1.07833	0	0
6644	1.0765	0	0
6643	1.07467	0	0
6642	1.07285	0	0
6641	1.07102	0	0
6640	1.06919	0	0
6639	1.06737	0	0
6638	1.06555	0	0
6637	1.06373	0	0
6636	1.06191	0	0
6635	1.06009	0	0
6634	1.05827	0	0
6633	1.05646	0	0
6632	1.05464	0	0
6631	1.05283	0	0
6630	1.05102	0	0
6629	1.04921	0	0
6628	1.0474	0	0
6627	1.04559	0	0
6626	1.04379	0	0
6625	1.04198	0	0
6624	1.04018	0	0
6623	1.03838	0	0
6622	1.03658	0	0
6621	1.03478	0	0
6620	1.03298	0	0
6619	1.03119	0	0
6618	1.02939	0	0
6617	1.0276	0	0
6616	1.02581	0	0
6615	1.02402	0	0
6614	1.02223	0	0
6613	1.02044	0	0
6612	1.01866	0	0
6611	1.01687	0	0
6610	1.01509	0	0
6609	1.01331	0	0
6608	1.01153	0	0
6607	1.00975	0	0
6606	1.00797	0	0
6605	1.00619	0	0
6604	1.00442	0	0
6603	1.00265	0	0
6602	1.00087	0	0
6601	0.999105	0	0
6600	0.997336	0	0
6599	0.995568	0	0
6598	0.993802	0	0
6597	0.992037	0	0
6596	0.990274	0	0
6595	0.988512	0	0
6594	0.986752	0	0
6593	0.984993	0	0
6592	0.983236	0	0
6591	0.98148	0	0
6590	0.979725	0	0
6589	0.977972	0	0
6588	0.97622	0	0
6587	0.97447	0	0
6586	0.972721	0	0
6585	0.970973	0	0
6584	0.969227	0	0
6583	0.967483	0	0
6582	0.96574	0	0
6581	0.963998	0	0
6580	0.962258	0	0
6579	0.960519	0	0
6578	0.958782	0	0
6577	0.957046	0	0
6576	0.955312	0	0
6575	0.953579	0	0
6574	0.951847	0	0
6573	0.950117	0	0
6572	0.948389	0	0
6571	0.946661	0	0
6570	0.944936	0	0
6569	0.943212	0	0
6568	0.941489	0	0
6567	0.939768	0	0
6566	0.938048	0	0
6565	0.93633	0	0
6564	0.934613	0	0
6563	0.932897	0	0
6562	0.931183	0	0
6561	0.929471	0	0
6560	0.92776	0	0
6559	0.92605	0	0
6558	0.924342	0	0
6557	0.922636	0	0
6556	0.920931	0	0
6555	0.919227	0	0
6554	0.917525	0	0
6553	0.915824	0	0
6552	0.914125	0	0
6551	0.912427	0	0
6550	0.910731	0	0
6549	0.909036	0	0
6548	0.907343	0	0
6547	0.905651	0	0
6546	0.903961	0	0
6545	0.902272	0	0
6544	0.900585	0	0
6543	0.898899	0	0
6542	0.897215	0	0
6541	0.895532	0	0
6540	0.893851	0	0
6539	0.892171	0	0
6538	0.890493	0	0
6537	0.888816	0	0
6536	0.88714	0	0
6535	0.885467	0	0
6534	0.883794	0	0
6533	0.882124	0	0
6532	0.880454	0	0
6531	0.878786	0	0
6530	0.87712	0	0
6529	0.875455	0	0
6528	0.873792	0	0
6527	0.87213	0	0
6526	0.87047	0	0
6525	0.868811	0	0
6524	0.867154	0	0
6523	0.865499	0	0
6522	0.863844	0	0
6521	0.862192	0	0
6520	0.860541	0	0
6519	0.858891	0	0
6518	0.857243	0	0
6517	0.855596	0	0
6516	0.853951	0	0
6515	0.852308	0	0
6514	0.850666	0	0
6513	0.849025	0	0
6512	0.847386	0	0
6511	0.845749	0	0
6510	0.844113	0	0
6509	0.842479	0	0
6508	0.840846	0	0
6507	0.839215	0	0
6506	0.837585	0	0
6505	0.835957	0	0
6504	0.83433	0	0
6503	0.832705	0	0
6502	0.831082	0	0
6501	0.82946	0	0
6500	0.82784	0	0
6499	0.826221	0	0
6498	0.824603	0	0
6497	0.822988	0	0
6496	0.821373	0	0
6495	0.819761	0	0
6494	0.81815	0	0
6493	0.81654	0	0
6492	0.814932	0	0
6491	0.813326	0	0
6490	0.811721	0	0
6489	0.810118	0	0
6488	0.808516	0	0
6487	0.806916	0	0
6486	0.805317	0	0
6485	0.80372	0	0
6484	0.802125	0	0
6483	0.800531	0	0
6482	0.798938	0	0
6481	0.797348	0	0
6480	0.795759	0	0
6479	0.794171	0	0
6478	0.792585	0	0
6477	0.791001	0	0
6476	0.789418	0	0
6475	0.787837	0	0
6474	0.786257	0	0
6473	0.784679	0	0
6472	0.783102	0	0
6471	0.781527	0	0
6470	0.779954	0	0
6469	0.778382	0	0
6468	0.776812	0	0
6467	0.775244	0	0
6466	0.773677	0	0
6465	0.772112	0	0
6464	0.770548	0	0
6463	0.768986	0	0
6462	0.767425	0	0
6461	0.765866	0	0
6460	0.764309	0	0
6459	0.762753	0	0
6458	0.761199	0	0
6457	0.759647	0	0
6456	0.758096	0	0
6455	0.756547	0	0
6454	0.754999	0	0
6453	0.753453	0	0
6452	0.751908	0	0
6451	0.750366	0	0
6450	0.748825	0	0
6449	0.747285	0	0
6448	0.745747	0	0
6447	0.744211	0	0
6446	0.742676	0	0
6445	0.741143	0	0
6444	0.739612	0	0
6443	0.738082	0	0
6442	0.736554	0	0
6441	0.735027	0	0
6440	0.733502	0	0
6439	0.731979	0	0
6438	0.730458	0	0
6437	0.728938	0	0
6436	0.727419	0	0
6435	0.725903	0	0
6434	0.724388	0	0
6433	0.722874	0	0
6432	0.721363	0	0
6431	0.719853	0	0
6430	0.718344	0	0
6429	0.716837	0	0
6428	0.715332	0	0
6427	0.713829	0	0
6426	0.712327	0	0
6425	0.710827	0	0
6424	0.709328	0	0
6423	0.707832	0	0
6422	0.706336	0	0
6421	0.704843	0	0
6420	0.703351	0	0
6419	0.701861	0	0
6418	0.700373	0	0
6417	0.698886	0	0
6416	0.697401	0	0
6415	0.695917	0	0
6414	0.694436	0	0
6413	0.692955	0	0
6412	0.691477	0	0
6411	0.69	0	0
6410	0.688525	0	0
6409	0.687052	0	0
6408	0.68558	0	0
6407	0.68411	0	0
6406	0.682642	0	0
6405	0.681175	0	0
6404	0.679711	0	0
6403	0.678247	0	0
6402	0.676786	0	0
6401	0.675326	0	0
6400	0.673868	0	0
6399	0.672412	0	0
6398	0.670957	0	0
6397	0.669504	0	0
6396	0.668053	0	0
6395	0.666603	0	0
6394	0.665155	0	0
6393	0.663709	0	0
6392	0.662265	0	0
6391	0.660822	0	0
6390	0.659381	0	0
6389	0.657942	0	0
6388	0.656504	0	0
6387	0.655068	0	0
6386	0.653634	0	0
6385	0.652202	0	0
6384	0.650771	0	0
6383	0.649342	0	0
6382	0.647915	0	0
6381	0.646489	0	0
6380	0.645066	0	0
6379	0.643644	0	0
6378	0.642223	0	0
6377	0.640805	0	0
6376	0.639388	0	0
6375	0.637973	0	0
6374	0.63656	0	0
6373	0.635148	0	0
6372	0.633738	0	0
6371	0.63233	0	0
6370	0.630924	0	0
6369	0.629519	0	0
6368	0.628116	0	0
6367	0.626715	0	0
6366	0.625316	0	0
6365	0.623918	0	0
6364	0.622523	0	0
6363	0.621128	0	0
6362	0.619736	0	0
6361	0.618346	0	0
6360	0.616957	0	0
6359	0.61557	0	0
6358	0.614185	0	0
6357	0.612801	0	0
6356	0.61142	0	0
6355	0.61004	0	0
6354	0.608662	0	0
6353	0.607285	0	0
6352	0.605911	0	0
6351	0.604538	0	0
6350	0.603167	0	0
6349	0.601798	0	0
6348	0.60043	0	0
6347	0.599064	0	0
6346	0.597701	0	0
6345	0.596339	0	0
6344	0.594978	0	0
6343	0.59362	0	0
6342	0.592263	0	0
6341	0.590908	0	0
6340	0.589555	0	0
6339	0.588204	0	0
6338	0.586854	0	0
6337	0.585506	0	0
6336	0.58416	0	0
6335	0.582816	0	0
6334	0.581474	0	0
6333	0.580134	0	0
6332	0.578795	0	0
6331	0.577458	0	0
6330	0.576123	0	0
6329	0.57479	0	0
6328	0.573458	0	0
6327	0.572129	0	0
6326	0.570801	0	0
6325	0.569475	0	0
6324	0.568151	0	0
6323	0.566828	0	0
6322	0.565508	0	0
6321	0.564189	0	0
6320	0.562872	0	0
6319	0.561557	0	0
6318	0.560244	0	0
6317	0.558932	0	0
6316	0.557623	0	0
6315	0.556315	0	0
6314	0.555009	0	0
6313	0.553705	0	0
6312	0.552403	0	0
6311	0.551102	0	0
6310	0.549804	0	0
6309	0.548507	0	0
6308	0.547212	0	0
6307	0.545919	0	0
6306	0.544628	0	0
6305	0.543338	0	0
6304	0.542051	0	0
6303	0.540765	0	0
6302	0.539481	0	0
6301	0.538199	0	0
6300	0.536919	0	0
6299	0.535641	0	0
6298	0.534365	0	0
6297	0.53309	0	0
6296	0.531817	0	0
6295	0.530546	0	0
6294	0.529277	0	0
6293	0.52801	0	0
6292	0.526745	0	0
6291	0.525482	0	0
6290	0.52422	0	0
6289	0.52296	0	0
6288	0.521702	0	0
6287	0.520446	0	0
6286	0.519192	0	0
6285	0.51794	0	0
6284	0.51669	0	0
6283	0.515441	0	0
6282	0.514194	0	0
6281	0.51295	0	0
6280	0.511707	0	0
6279	0.510465	0	0
6278	0.509226	0	0
6277	0.507989	0	0
6276	0.506753	0	0
6275	0.50552	0	0
6274	0.504288	0	0
6273	0.503058	0	0
6272	0.50183	0	0
6271	0.500604	0	0
6270	0.49938	0	0
6269	0.498158	0	0
6268	0.496937	0	0
6267	0.495718	0	0
6266	0.494502	0	0
6265	0.493287	0	0
6264	0.492074	0	0
6263	0.490863	0	0
6262	0.489653	0	0
6261	0.488446	0	0
6260	0.487241	0	0
6259	0.486037	0	0
6258	0.484835	0	0
6257	0.483635	0	0
6256	0.482437	0	0
6255	0.481241	0	0
6254	0.480047	0	0
6253	0.478854	0	0
6252	0.477664	0	0
6251	0.476475	0	0
6250	0.475289	0	0
6249	0.474104	0	0
6248	0.472921	0	0
6247	0.47174	0	0
6246	0.47056	0	0
6245	0.469383	0	0
6244	0.468207	0	0
6243	0.467034	0	0
6242	0.465862	0	0
6241	0.464692	0	0
6240	0.463524	0	0
6239	0.462358	0	0
6238	0.461194	0	0
6237	0.460031	0	0
6236	0.458871	0	0
6235	0.457712	0	0
6234	0.456555	0	0
6233	0.4554	0	0
6232	0.454247	0	0
6231	0.453096	0	0
6230	0.451946	0	0
6229	0.450799	0	0
6228	0.449653	0	0
6227	0.448509	0	0
6226	0.447367	0	0
6225	0.446227	0	0
6224	0.445089	0	0
6223	0.443953	0	0
6222	0.442818	0	0
6221	0.441685	0	0
6220	0.440555	0	0
6219	0.439426	0	0
6218	0.438298	0	0
6217	0.437173	0	0
6216	0.43605	0	0
6215	0.434928	0	0
6214	0.433808	0	0
6213	0.43269	0	0
6212	0.431574	0	0
6211	0.43046	0	0
6210	0.429347	0	0
6209	0.428236	0	0
6208	0.427128	0	0
6207	0.426021	0	0
6206	0.424915	0	0
6205	0.423812	0	0
6204	0.42271	0	0
6203	0.421611	0	0
6202	0.420513	0	0
6201	0.419416	0	0
6200	0.418322	0	0
6199	0.417229	0	0
6198	0.416139	0	0
6197	0.41505	0	0
6196	0.413962	0	0
6195	0.412877	0	0
6194	0.411793	0	0
6193	0.410712	0	0
6192	0.409631	0	0
6191	0.408553	0	0
6190	0.407477	0	0
6189	0.406402	0	0
6188	0.405329	0	0
6187	0.404257	0	0
6186	0.403188	0	0
6185	0.40212	0	0
6184	0.401054	0	0
6183	0.39999	0	0
6182	0.398927	0	0
6181	0.397866	0	0
6180	0.396807	0	0
6179	0.39575	0	0
6178	0.394694	0	0
6177	0.39364	0	0
6176	0.392588	0	0
6175	0.391538	0	0
6174	0.390489	0	0
6173	0.389442	0	0
6172	0.388396	0	0
6171	0.387352	0	0
6170	0.38631	0	0
6169	0.38527	0	0
6168	0.384231	0	0
6167	0.383194	0	0
6166	0.382159	0	0
6165	0.381125	0	0
6164	0.380093	0	0
6163	0.379062	0	0
6162	0.378033	0	0
6161	0.377006	0	0
6160	0.375981	0	0
6159	0.374957	0	0
6158	0.373934	0	0
6157	0.372914	0	0
6156	0.371894	0	0
6155	0.370877	0	0
6154	0.369861	0	0
6153	0.368846	0	0
6152	0.367834	0	0
6151	0.366822	0	0
6150	0.365813	0	0
6149	0.364804	0	0
6148	0.363798	0	0
6147	0.362793	0	0
6146	0.361789	0	0
6145	0.360787	0	0
6144	0.359787	0	0
6143	0.358788	0	0
6142	0.35779	0	0
6141	0.356794	0	0
6140	0.3558	0	0
6139	0.354807	0	0
6138	0.353816	0	0
6137	0.352826	0	0
6136	0.351837	0	0
6135	0.35085	0	0
6134	0.349864	0	0
6133	0.34888	0	0
6132	0.347897	0	0
6131	0.346916	0	0
6130	0.345936	0	0
6129	0.344957	0	0
6128	0.34398	0	0
6127	0.343004	0	0
6126	0.34203	0	0
6125	0.341057	0	0
6124	0.340085	0	0
6123	0.339115	0	0
6122	0.338146	0	0
6121	0.337179	0	0
6120	0.336212	0	0
6119	0.335248	0	0
6118	0.334284	0	0
6117	0.333322	0	0
6116	0.332361	0	0
6115	0.331401	0	0
6114	0.330443	0	0
6113	0.329486	0	0
6112	0.32853	0	0
6111	0.327575	0	0
6110	0.326622	0	0
6109	0.32567	0	0
6108	0.324719	0	0
6107	0.32377	0	0
6106	0.322821	0	0
6105	0.321874	0	0
6104	0.320928	0	0
6103	0.319983	0	0
6102	0.31904	0	0
6101	0.318098	0	0
6100	0.317156	0	0
6099	0.316216	0	0
6098	0.315277	0	0
6097	0.31434	0	0
6096	0.313403	0	0
6095	0.312468	0	0
6094	0.311533	0	0
6093	0.3106	0	0
6092	0.309668	0	0
6091	0.308737	0	0
6090	0.307807	0	0
6089	0.306878	0	0
6088	0.305951	0	0
6087	0.305024	0	0
6086	0.304098	0	0
6085	0.303174	0	0
6084	0.30225	0	0
6083	0.301328	0	0
6082	0.300406	0	0
6081	0.299486	0	0
6080	0.298567	0	0
6079	0.297648	0	0
6078	0.296731	0	0
6077	0.295814	0	0
6076	0.294899	0	0
6075	0.293985	0	0
6074	0.293071	0	0
6073	0.292159	0	0
6072	0.291248	0	0
6071	0.290337	0	0
6070	0.289427	0	0
6069	0.288519	0	0
6068	0.287611	0	0
6067	0.286705	0	0
6066	0.285799	0	0
6065	0.284894	0	0
6064	0.28399	0	0
6063	0.283087	0	0
6062	0.282185	0	0
6061	0.281284	0	0
6060	0.280384	0	0
6059	0.279484	0	0
6058	0.278586	0	0
6057	0.277688	0	0
6056	0.276792	0	0
6055	0.275896	0	0
6054	0.275001	0	0
6053	0.274107	0	0
6052	0.273214	0	0
6051	0.272322	0	0
6050	0.27143	0	0
6049	0.27054	0	0
6048	0.26965	0	0
6047	0.268762	0	0
6046	0.267874	0	0
6045	0.266987	0	0
6044	0.266101	0	0
6043	0.265216	0	0
6042	0.264331	0	0
6041	0.263448	0	0
6040	0.262565	0	0
6039	0.261683	0	0
6038	0.260802	0	0
6037	0.259922	0	0
6036	0.259043	0	0
6035	0.258165	0	0
6034	0.257288	0	0
6033	0.256411	0	0
6032	0.255535	0	0
6031	0.254661	0	0
6030	0.253787	0	0
6029	0.252914	0	0
6028	0.252042	0	0
6027	0.251171	0	0
6026	0.2503	0	0
6025	0.249431	0	0
6024	0.248563	0	0
6023	0.247695	0	0
6022	0.246829	0	0
6021	0.245963	0	0
6020	0.245098	0	0
6019	0.244235	0	0
6018	0.243372	0	0
6017	0.24251	0	0
6016	0.241649	0	0
6015	0.24079	0	0
6014	0.239931	0	0
6013	0.239073	0	0
6012	0.238216	0	0
6011	0.23736	0	0
6010	0.236506	0	0
6009	0.235652	0	0
6008	0.234799	0	0
6007	0.233948	0	0
6006	0.233097	0	0
6005	0.232248	0	0
6004	0.2314	0	0
6003	0.230552	0	0
6002	0.229706	0	0
6001	0.228862	0	0
6000	0.228018	0	0
5999	0.227175	0	0
5998	0.226334	0	0
5997	0.225494	0	0
5996	0.224655	0	0
5995	0.223818	0	0
5994	0.222981	0	0
5993	0.222146	0	0
5992	0.221312	0	0
5991	0.22048	0	0
5990	0.219649	0	0
5989	0.218819	0	0
5988	0.217991	0	0
5987	0.217164	0	0
5986	0.216339	0	0
5985	0.215515	0	0
5984	0.214692	0	0
5983	0.213871	0	0
5982	0.213051	0	0
5981	0.212233	0	0
5980	0.211417	0	0
5979	0.210602	0	0
5978	0.209789	0	0
5977	0.208978	0	0
5976	0.208168	0	0
5975	0.207359	0	0
5974	0.206553	0	0
5973	0.205748	0	0
5972	0.204946	0	0
5971	0.204144	0	0
5970	0.203345	0	0
5969	0.202548	0	0
5968	0.201753	0	0
5967	0.200959	0	0
5966	0.200168	0	0
5965	0.199378	0	0
5964	0.198591	0	0
5963	0.197805	0	0
5962	0.197022	0	0
5961	0.196241	0	0
5960	0.195462	0	0
5959	0.194686	0	0
5958	0.193912	0	0
5957	0.19314	0	0
5956	0.19237	0	0
5955	0.191603	0	0
5954	0.190838	0	0
5953	0.190076	0	0
5952	0.189316	0	0
5951	0.188559	0	0
5950	0.187804	0	0
5949	0.187053	0	0
5948	0.186304	0	0
5947	0.185557	0	0
5946	0.184814	0	0
5945	0.184074	0	0
5944	0.183336	0	0
5943	0.182601	0	0
5942	0.18187	0	0
5941	0.181142	0	0
5940	0.180417	0	0
5939	0.179695	0	0
5938	0.178976	0	0
5937	0.178261	0	0
5936	0.17755	0	0
5935	0.176842	0	0
5934	0.176137	0	0
5933	0.175436	0	0
5932	0.17474	0	0
5931	0.174046	0	0
5930	0.173357	0	0
5929	0.172672	0	0
5928	0.171991	0	0
5927	0.171315	0	0
5926	0.170642	0	0
5925	0.169974	0	0
5924	0.169311	0	0
5923	0.168652	0	0
5922	0.167998	0	0
5921	0.167349	0	0
5920	0.166704	0	0
5919	0.166065	0	0
5918	0.165431	0	0
5917	0.164803	0	0
5916	0.16418	0	0
5915	0.163562	0	0
5914	0.162951	0	0
5913	0.162345	0	0
5912	0.161745	0	0
5911	0.161152	0	0
5910	0.160565	0	0
5909	0.159984	0	0
5908	0.159411	0	0
5907	0.158844	0	0
5906	0.158285	0	0
5905	0.157733	0	0
5904	0.157188	0	0
5903	0.156651	0	0
5902	0.156122	0	0
5901	0.155602	0	0
5900	0.15509	0	0
5899	0.154586	0	0
5898	0.154092	0	0
5897	0.153607	0	0
5896	0.153131	0	0
5895	0.152665	0	0
5894	0.152209	0	0
5893	0.151764	0	0
5892	0.151329	0	0
5891	0.150906	0	0
5890	0.150493	0	0
5889	0.150093	0	0
5888	0.149704	0	0
5887	0.149328	0	0
5886	0.148964	0	0
5885	0.148614	0	0
5884	0.148277	0	0
5883	0.147954	0	0
5882	0.147645	0	0
5881	0.147351	0	0
5880	0.147071	0	0
5879	0.146807	0	0
5878	0.146559	0	0
5877	0.146326	0	0
5876	0.14611	0	0
5875	0.145911	0	0
5874	0.145728	0	0
5873	0.145563	0	0
5872	0.145415	0	0
5871	0.145285	0	0
5870	0.145173	0	0
5869	0.145078	0	0
5868	0.145002	0	0
5867	0.144943	0	0
5866	0.144902	0	0
5865	0.144879	0	0
5864	0.144873	0	0
5863	0.144883	0	0
5862	0.14491	0	0
5861	0.144952	0	0
5860	0.145008	0	0
5859	0.145078	0	0
5858	0.14516	0	0
5857	0.145252	0	0
5856	0.145354	0	0
5855	0.145462	0	0
5854	0.145575	0	0
5853	0.145691	0	0
5852	0.145807	0	0
5851	0.14592	0	0
5850	0.146027	0	0
5849	0.146126	0	0
5848	0.146212	0	0
5847	0.146282	0	0
5846	0.146332	0	0
5845	0.14636	0	0
5844	0.14636	0	0
5843	0.14633	0	0
5842	0.146267	0	0
5841	0.146165	0	0
5840	0.146024	0	0
5839	0.145839	0	0
5838	0.145608	0	0
5837	0.145329	0	0
5836	0.145001	0	0
5835	0.144621	0	0
5834	0.14419	0	0
5833	0.143707	0	0
5832	0.143171	0	0
5831	0.142585	0	0
5830	0.141948	0	0
5829	0.141262	0	0
5828	0.140529	0	0
5827	0.139751	0	0
5826	0.13893	0	0
5825	0.138067	0	0
5824	0.137166	0	0
5823	0.136229	0	0
5822	0.135258	0	0
5821	0.134255	0	0
5820	0.133223	0	0
5819	0.132163	0	0
5818	0.131078	0	0
5817	0.12997	0	0
5816	0.128841	0	0
5815	0.127691	0	0
5814	0.126525	0	0
5813	0.125342	0	0
5812	0.124146	0	0
5811	0.122937	0	0
5810	0.121719	0	0
5809	0.120494	0	0
5808	0.119263	0	0
5807	0.118029	0	0
5806	0.116794	0	0
5805	0.11556	0	0
5804	0.114331	0	0
5803	0.113107	0	0
5802	0.111892	0	0
5801	0.110686	0	0
5800	0.109493	0	0
5799	0.108314	0	0
5798	0.10715	0	0
5797	0.106002	0	0
5796	0.104873	0	0
5795	0.103763	0	0
5794	0.102672	0	0
5793	0.101602	0	0
5792	0.100553	0	0
5791	0.0995255	0	0
5790	0.0985196	0	0
5789	0.0975356	0	0
5788	0.0965734	0	0
5787	0.095633	0	0
5786	0.0947143	0	0
5785	0.093817	0	0
5784	0.0929409	0	0
5783	0.0920857	0	0
5782	0.0912511	0	0
5781	0.0904367	0	0
5780	0.0896422	0	0
5779	0.0888671	0	0
5778	0.088111	0	0
5777	0.0873736	0	0
5776	0.0866545	0	0
5775	0.0859533	0	0
5774	0.0852695	0	0
5773	0.0846029	0	0
5772	0.083953	0	0
5771	0.0833196	0	0
5770	0.0827023	0	0
5769	0.0821007	0	0
5768	0.0815147	0	0
5767	0.0809439	0	0
5766	0.0803881	0	0
5765	0.079847	0	0
5764	0.0793204	0	0
5763	0.0788082	0	0
5762	0.0783102	0	0
5761	0.0778261	0	0
5760	0.077356	0	0
5759	0.0768996	0	0
5758	0.0764569	0	0
5757	0.0760277	0	0
5756	0.0756121	0	0
5755	0.0752101	0	0
5754	0.0748215	0	0
5753	0.0744464	0	0
5752	0.0740849	0	0
5751	0.073737	0	0
5750	0.0734027	0	0
5749	0.0730821	0	0
5748	0.0727754	0	0
5747	0.0724828	0	0
5746	0.0722042	0	0
5745	0.07194	0	0
5744	0.0716903	0	0
5743	0.0714554	0	0
5742	0.0712355	0	0
5741	0.0710308	0	0
5740	0.0708417	0	0
5739	0.0706685	0	0
5738	0.0705115	0	0
5737	0.070371	0	0
5736	0.0702476	0	0
5735	0.0701415	0	0
5734	0.0700533	0	0
5733	0.0699834	0	0
5732	0.0699322	0	0
5731	0.0699004	0	0
5730	0.0698884	0	0
5729	0.0698968	0	0
5728	0.0699262	0	0
5727	0.0699771	0	0
5726	0.0700503	0	0
5725	0.0701463	0	0
5724	0.0702657	0	0
5723	0.0704093	0	0
5722	0.0705776	0	0
5721	0.0707713	0	0
5720	0.070991	0	0
5719	0.0712374	0	0
5718	0.0715109	0	0
5717	0.0718121	0	0
5716	0.0721415	0	0
5715	0.0724993	0	0
5714	0.072886	0	0
5713	0.0733016	0	0
5712	0.073746	0	0
5711	0.0742193	0	0
5710	0.0747208	0	0
5709	0.0752501	0	0
5708	0.0758061	0	0
5707	0.0763876	0	0
5706	0.076993	0	0
5705	0.0776203	0	0
5704	0.0782669	0	0
5703	0.0789299	0	0
5702	0.0796058	0	0
5701	0.0802904	0	0
5700	0.080979	0	0
5699	0.0816663	0	0
5698	0.0823463	0	0
5697	0.0830125	0	0
5696	0.0836576	0	0
5695	0.084274	0	0
5694	0.0848536	0	0
5693	0.085388	0	0
5692	0.0858685	0	0
5691	0.0862866	0	0
5690	0.0866338	0	0
5689	0.0869022	0	0
5688	0.0870842	0	0
5687	0.0871734	0	0
5686	0.0871642	0	0
5685	0.0870523	0	0
5684	0.0868348	0	0
5683	0.0865102	0	0
5682	0.0860788	0	0
5681	0.0855424	0	0
5680	0.084904	0	0
5679	0.0841686	0	0
5678	0.0833419	0	0
5677	0.0824313	0	0
5676	0.0814446	0	0
5675	0.0803907	0	0
5674	0.0792789	0	0
5673	0.0781198	0	0
5672	0.0769225	0	0
5671	0.0756919	0	0
5670	0.0744368	0	0
5669	0.0731651	0	0
5668	0.0718843	0	0
5667	0.0706014	0	0
5666	0.0693223	0	0
5665	0.0680527	0	0
5664	0.0667972	0	0
5663	0.06556	0	0
5662	0.0643445	0	0
5661	0.0631535	0	0
5660	0.0619893	0	0
5659	0.0608537	0	0
5658	0.059748	0	0
5657	0.0586732	0	0
5656	0.0576299	0	0
5655	0.0566182	0	0
5654	0.0556384	0	0
5653	0.05469	0	0
5652	0.0537729	0	0
5651	0.0528863	0	0
5650	0.0520298	0	0
5649	0.0512025	0	0
5648	0.0504036	0	0
5647	0.0496322	0	0
5646	0.0488875	0	0
5645	0.0481684	0	0
5644	0.0474741	0	0
5643	0.0468035	0	0
5642	0.0461557	0	0
5641	0.0455297	0	0
5640	0.0449246	0	0
5639	0.0443395	0	0
5638	0.0437736	0	0
5637	0.0432258	0	0
5636	0.0426954	0	0
5635	0.0421815	0	0
5634	0.0416834	0	0
5633	0.0412003	0	0
5632	0.0407315	0	0
5631	0.0402762	0	0
5630	0.0398338	0	0
5629	0.0394036	0	0
5628	0.038985	0	0
5627	0.0385775	0	0
5626	0.0381803	0	0
5625	0.037793	0	0
5624	0.0374151	0	0
5623	0.037046	0	0
5622	0.0366853	0	0
5621	0.0363325	0	0
5620	0.0359871	0	0
5619	0.0356488	0	0
5618	0.0353172	0	0
5617	0.0349917	0	0
5616	0.0346722	0	0
5615	0.0343582	0	0
5614	0.0340494	0	0
5613	0.0337455	0	0
5612	0.0334461	0	0
5611	0.0331511	0	0
5610	0.03286	0	0
5609	0.0325727	0	0
5608	0.0322889	0	0
5607	0.0320083	0	0
5606	0.0317307	0	0
5605	0.031456	0	0
5604	0.0311838	0	0
5603	0.0309141	0	0
5602	0.0306466	0	0
5601	0.0303812	0	0
5600	0.0301177	0	0
5599	0.0298559	0	0
5598	0.0295958	0	0
5597	0.0293371	0	0
5596	0.0290799	0	0
5595	0.0288238	0	0
5594	0.028569	0	0
5593	0.0283153	0	0
5592	0.0280625	0	0
5591	0.0278107	0	0
5590	0.0275597	0	0
5589	0.0273096	0	0
5588	0.0270602	0	0
5587	0.0268116	0	0
5586	0.0265637	0	0
5585	0.0263165	0	0
5584	0.02607	0	0
5583	0.0258242	0	0
5582	0.0255791	0	0
5581	0.0253347	0	0
5580	0.0250911	0	0
5579	0.0248482	0	0
5578	0.0246062	0	0
5577	0.024365	0	0
5576	0.0241248	0	0
5575	0.0238855	0	0
5574	0.0236473	0	0
5573	0.0234103	0	0
5572	0.0231744	0	0
5571	0.0229399	0	0
5570	0.0227068	0	0
5569	0.0224752	0	0
5568	0.0222452	0	0
5567	0.0220169	0	0
5566	0.0217906	0	0
5565	0.0215662	0	0
5564	0.0213439	0	0
5563	0.0211239	0	0
5562	0.0209063	0	0
5561	0.0206912	0	0
5560	0.0204789	0	0
5559	0.0202694	0	0
5558	0.0200629	0	0
5557	0.0198597	0	0
5556	0.0196597	0	0
5555	0.0194633	0	0
5554	0.0192706	0	0
5553	0.0190818	0	0
5552	0.018897	0	0
5551	0.0187164	0	0
5550	0.0185403	0	0
5549	0.0183687	0	0
5548	0.018202	0	0
5547	0.0180401	0	0
5546	0.0178834	0	0
5545	0.017732	0	0
5544	0.0175861	0	0
5543	0.0174458	0	0
5542	0.0173113	0	0
5541	0.0171827	0	0
5540	0.0170602	0	0
5539	0.0169439	0	0
5538	0.0168338	0	0
5537	0.0167302	0	0
5536	0.016633	0	0
5535	0.0165423	0	0
5534	0.0164581	0	0
5533	0.0163804	0	0
5532	0.0163091	0	0
5531	0.0162441	0	0
5530	0.0161852	0	0
5529	0.0161322	0	0
5528	0.016085	0	0
5527	0.016043	0	0
5526	0.0160059	0	0
5525	0.0159732	0	0
5524	0.0159443	0	0
5523	0.0159185	0	0
5522	0.0158951	0	0
5521	0.0158731	0	0
5520	0.0158515	0	0
5519	0.0158293	0	0
5518	0.0158053	0	0
5517	0.0157781	0	0
5516	0.0157464	0	0
5515	0.0157087	0	0
5514	0.0156634	0	0
5513	0.0156091	0	0
5512	0.0155441	0	0
5511	0.0154669	0	0
5510	0.0153759	0	0
5509	0.0152698	0	0
5508	0.015147	0	0
5507	0.0150065	0	0
5506	0.0148472	0	0
5505	0.0146683	0	0
5504	0.0144691	0	0
5503	0.014249	0	0
5502	0.014008	0	0
5501	0.0137465	0	0
5500	0.0134654	0	0
5499	0.0131658	0	0
5498	0.0128491	0	0
5497	0.0125171	0	0
5496	0.0121715	0	0
5495	0.0118143	0	0
5494	0.0114474	0	0
5493	0.011073	0	0
5492	0.0106932	0	0
5491	0.0103099	0	0
5490	0.00992505	0	0
5489	0.00954052	0	0
5488	0.00915798	0	0
5487	0.00877896	0	0
5486	0.00840485	0	0
5485	0.00803685	0	0
5484	0.007676	0	0
5483	0.00732321	0	0
5482	0.00697918	0	0
5481	0.00664452	0	0
5480	0.00631966	0	0
5479	0.00600494	0	0
5478	0.00570059	0	0
5477	0.00540672	0	0
5476	0.00512337	0	0
5475	0.00485052	0	0
5474	0.00458808	0	0
5473	0.00433591	0	0
5472	0.00409382	0	0
5471	0.0038616	0	0
5470	0.00363901	0	0
5469	0.00342579	0	0
5468	0.00322167	0	0
5467	0.00302636	0	0
5466	0.00283959	0	0
5465	0.00266105	0	0
5464	0.00249048	0	0
5463	0.00232758	0	0
5462	0.00217208	0	0
5461	0.0020237	0	0
5460	0.00188219	0	0
5459	0.0017473	0	0
5458	0.00161877	0	0
5457	0.00149639	0	0
5456	0.00137992	0	0
5455	0.00126916	0	0
5454	0.00116391	0	0
5453	0.00106398	0	0
5452	0.000969179	0	0
5451	0.000879354	0	0
5450	0.000794344	0	0
5449	0.000714001	0	0
5448	0.000638192	0	0
5447	0.000566791	0	0
5446	0.000499685	0	0
5445	0.000436772	0	0
5444	0.000377964	0	0
5443	0.000323184	0	0
5442	0.000272372	0	0
5441	0.000225483	0	0
5440	0.000182497	0	0
5439	0.000143416	0	0
5438	0.000108282	0	0
5437	7.71882e-05	0	0
5436	5.03078e-05	0	0
5435	2.79617e-05	0	0
5434	1.07931e-05	0	0
5433	6.69718e-07	0	0
5432	0	0	0
5431	0	0	0
5430	0	0	0
5429	0	0	0
5428	0	0	0
5427	0	0	0
5426	0	0	0
5425	0	0	0
5424	0	0	0
5423	0	0	0
5422	0	0	0
5421	0	0	0
5420	0	0	0
5419	0	0	0
5418	0	0	0
5417	0	0	0
5416	0	0	0
5415	0	0	0
5414	0	0	0
5413	0	0	0
5412	0	0	0
5411	0	0	0
5410	0	0	0
5409	0	0	0
5408	0	0	0
5407	0	0	0
5406	0	0	0
5405	0	0	0
5404	0	0	0
5403	0	0	0
5402	0	0	0
5401	0	0	0
5400	0	0	0
5399	0	0	0
5398	0	0	0
5397	0	0	0
5396	0	0	0
5395	0	0	0
5394	0	0	0
5393	0	0	0
5392	0	0	0
5391	0	0	0
5390	0	0	0
5389	0	0	0
5388	0	0	0
5387	0	0	0
5386	0	0	0
5385	0	0	0
5384	0	0	0
5383	0	0	0
5382	0	0	0
5381	0	0	0
5380	0	0	0
5379	0	0	0
5378	0	0	0
5377	0	0	0
5376	0	0	0
5375	0	0	0
5374	0	0	0
5373	0	0	0
5372	0	0	0
