# ENERGY      NU         SIGRAD        SIGBORN     STAT. ERR.     SYST. ERR.
     862    15.5       -8.53116       -12.6144              0      0.0408328
     862    16.5       -9.13603         -13.18              0      0.0404395
     862    17.5       -9.53617        -13.439              0      0.0390286
     862    18.5       -9.73148        -13.394              0      0.0366248
     862    19.5       -9.72904       -13.0734              0      0.0334437
     862    20.5       -9.51982       -12.4623              0      0.0294249
     862    21.5       -9.11249       -11.5823              0      0.0246979
     862    22.5       -8.47964       -10.3836              0      0.0190395
     862    23.5        -7.6927       -9.01281              0      0.0132011
     862    24.5       -6.88074       -7.70857              0     0.00827824
     862    25.5       -6.08756       -6.51117              0     0.00423611
     862    26.5       -5.31012       -5.37665              0    0.000665317
     862    27.5       -4.55012       -4.29451              0     0.00255618
     862    28.5       -3.81704       -3.27756              0     0.00539475
     862    29.5       -3.11167        -2.3205              0     0.00791171
     862    30.5       -2.43463       -1.41913              0       0.010155
     862    31.5        -1.7862      -0.570871              0      0.0121533
     862    32.5        -1.1666       0.226384             -0      0.0139298
     862    33.5      -0.575087       0.976034             -0      0.0155112
     862    34.5     -0.0180908        1.66698             -0      0.0168507
     862    35.5       0.506764         2.3066              0      0.0179984
     862    36.5          1.002        2.90168              0      0.0189968
     862    37.5        1.46591        3.44887              0      0.0198297
     862    38.5        1.90934        3.96992              0      0.0206059
     862    39.5        2.31448        4.42882              0      0.0211434
     862    40.5        2.69903         4.8627              0      0.0216367
     862    41.5        3.05411        5.25366              0      0.0219955
     862    42.5        3.37981        5.60162              0      0.0222181
     862    43.5        3.67588        5.90783              0      0.0223194
     862    44.5        3.95135        6.19027              0      0.0223893
     862    45.5        4.20657        6.44775              0      0.0224117
     862    46.5        4.43272        6.66191              0      0.0222918
     862    47.5        4.62948        6.83409              0      0.0220461
     862    48.5        4.80561        6.98317              0      0.0217756
     862    49.5        4.95238        7.09061              0      0.0213823
     862    50.5        5.07875         7.1745              0      0.0209575
     862    51.5        5.18484        7.23447              0      0.0204964
     862    52.5        5.26181        7.25214              0      0.0199034
     862    53.5        5.31841        7.24639              0      0.0192798
     862    54.5        5.34562        7.19965              0      0.0185403
     862    55.5        5.35241        7.12994              0      0.0177753
     862    56.5         5.3389        7.03698              0      0.0169808
     862    57.5        5.30532        6.91985              0      0.0161453
     862    58.5        5.24264        6.76095              0      0.0151831
     862    59.5        5.15955        6.57929              0      0.0141974
     862    60.5        5.04707        6.35719              0      0.0131012
     862    61.5        4.92323        6.13022              0      0.0120699
     862    62.5        4.77033         5.8617              0      0.0109137
     862    63.5        4.60636        5.58726              0     0.00980897
     862    64.5        4.44066        5.32333              0     0.00882679
     862    65.5        4.27412        5.06617              0     0.00792047
     862    66.5        4.11623        4.83126              0     0.00715032
     862    67.5        3.95838        4.59878              0     0.00640396
     862    68.5        3.80964        4.38583              0     0.00576188
     862    69.5         3.6611        4.17385              0     0.00512749
     862    70.5        3.51269         3.9629              0      0.0045021
     862    71.5        3.37326        3.77112              0     0.00397859
     862    72.5        3.23411        3.57948              0     0.00345368
     862    73.5        3.10425        3.40556              0     0.00301312
     862    74.5        2.97475        3.23109              0     0.00256343
     862    75.5        2.85454        3.07399              0     0.00219443
     862    76.5        2.73474        2.91592              0     0.00181179
     862    77.5        2.61522        2.75723              0     0.00142017
     862    78.5        2.50477         2.6165              0      0.0011173
     862    79.5        2.39473        2.47467              0    0.000799415
     862    80.5        2.28496        2.33208              0    0.000471133
     862    81.5        2.18432        2.20709              0    0.000227704
     862    82.5        2.08408        2.08087              0    3.20867e-05
     862    83.5        1.98412        1.95369              0    0.000304379
     862    84.5        1.89331        1.84392              0    0.000493916
     862    85.5        1.80291        1.73266              0    0.000702562
     862    86.5        1.71279        1.62042              0    0.000923755
     862    87.5        1.63184        1.52536              0     0.00106484
     862    88.5         1.5513        1.42872              0     0.00122581
     862    89.5        1.47108        1.33083              0     0.00140253
     862    90.5        1.39094        1.23255              0     0.00158384
     862    91.5        1.31989        1.15174              0     0.00168149
     862    92.5        1.24927        1.06925              0     0.00180021
     862    93.5        1.17897       0.985445              0     0.00193523
     862    94.5        1.11784       0.918612              0     0.00199231
     862    95.5         1.0571        0.85016              0     0.00206942
     862    96.5       0.996707        0.78017              0     0.00216537
     862    97.5       0.940029       0.716649              0      0.0022338
     862    98.5       0.885366       0.655681              0     0.00229684
     862    99.5       0.833662       0.598881              0      0.0023478
     862   100.5          0.784       0.544508              0     0.00239491
     862   101.5       0.737276       0.494344              0     0.00242932
     862   102.5       0.692593       0.446581              0     0.00246012
     862   103.5        0.65085       0.402997              0     0.00247853
     862   104.5       0.612059       0.363526              0     0.00248533
     862   105.5       0.575337       0.326306              0     0.00249032
     862   106.5       0.540651       0.291453              0     0.00249199
     862   107.5       0.508882       0.260811              0     0.00248071
     862   108.5       0.479173       0.232419              0     0.00246754
     862   109.5       0.452386       0.208218              0     0.00244168
     862   110.5       0.427626       0.186399              0     0.00241227
     862   111.5       0.404923       0.166821              0     0.00238102
     862   112.5       0.385137       0.151411              0     0.00233726
     862   113.5       0.367411       0.138203              0     0.00229209
     862   114.5       0.352608       0.129141              0     0.00223467
     862   115.5       0.339833       0.122414              0     0.00217419
     862   116.5       0.329116       0.117876              0      0.0021124
     862   117.5       0.321319       0.117457              0     0.00203862
     862   118.5       0.314655       0.117541              0     0.00197114
     862   119.5       0.308186       0.116483              0     0.00191703
     862   120.5        0.30176       0.114949              0     0.00186811
     862   121.5        0.29451       0.111025              0     0.00183485
     862   122.5       0.288126       0.108805              0     0.00179321
     862   123.5       0.281802       0.106146              0     0.00175656
     862   124.5       0.274617       0.101381              0     0.00173236
     862   125.5       0.267415      0.0965182              0     0.00170897
     862   126.5       0.260202      0.0915692              0     0.00168633
     862   127.5          0.253       0.086469              0     0.00166531
     862   128.5         0.2449      0.0794853              0     0.00165414
     862   129.5       0.237682      0.0742612              0      0.0016342
     862   130.5       0.229571       0.067151              0      0.0016242
     862   131.5       0.221456      0.0599925              0     0.00161464
     862   132.5       0.213322      0.0528461              0     0.00160476
     862   133.5       0.205191      0.0456384              0     0.00159553
     862   134.5       0.196154       0.036627              0     0.00159528
     862   135.5       0.187995      0.0294444              0      0.0015855
     862   136.5       0.178958      0.0203392              0     0.00158619
     862   137.5       0.170799      0.0130838              0     0.00157715
     862   138.5       0.161724     0.00409743              0     0.00157626
     862   139.5       0.152666    -0.00499284             -0     0.00157658
     862   140.5       0.144496      -0.012283             -0     0.00156779
     862   141.5        0.13545     -0.0214768             -0     0.00156927
     862   142.5       0.126398       -0.03067             -0     0.00157068
     862   143.5       0.117322     -0.0397974             -0      0.0015712
     862   144.5       0.108246     -0.0489343             -0     0.00157181
     862   145.5      0.0987159      -0.058957             -0     0.00157673
     862   146.5      0.0895534     -0.0683315             -0     0.00157885
     862   147.5      0.0802556     -0.0776772             -0     0.00157933
     862   148.5      0.0708079     -0.0875187             -0     0.00158327
     862   149.5      0.0614447     -0.0971677             -0     0.00158612
     862   150.5      0.0520091      -0.107098             -0     0.00159107
     862   151.5      0.0424347      -0.116984             -0     0.00159419
     862   152.5      0.0328807      -0.126969             -0     0.00159849
     862   153.5      0.0233259      -0.136951             -0     0.00160277
     862   154.5      0.0136694      -0.147125             -0     0.00160795
     862   155.5     0.00400913      -0.157288             -0     0.00161298
     862   156.5     -0.0057175      -0.167565              0     0.00161847
     862   157.5     -0.0153738      -0.177694              0      0.0016232
     862   158.5     -0.0251886      -0.188288              0     0.00163099
     862   159.5     -0.0349657      -0.198458              0     0.00163493
     862   160.5     -0.0448085      -0.208917              0     0.00164108
     862   161.5     -0.0546509      -0.219372              0     0.00164721
     862   162.5     -0.0644972      -0.229814              0     0.00165317
     862   163.5     -0.0744124      -0.240542              0      0.0016613
     862   164.5     -0.0843803      -0.251018              0     0.00166638
     862   165.5     -0.0943236      -0.261603              0      0.0016728
     862   166.5      -0.103901      -0.271495              0     0.00167594
     862   167.5       -0.11392       -0.28231              0      0.0016839
     862   168.5      -0.123924      -0.293215              0     0.00169291
     862   169.5       -0.13399      -0.303829              0     0.00169839
     862   170.5      -0.144941      -0.316288              0     0.00171347
     862   171.5      -0.155017      -0.326853              0     0.00171836
     862   172.5      -0.165087      -0.337432              0     0.00172346
     862   173.5      -0.175132      -0.348096              0     0.00172964
     862   174.5      -0.185175      -0.358772              0     0.00173597
     862   175.5      -0.195218      -0.369452              0     0.00174234
     862   176.5      -0.205259      -0.380134              0     0.00174875
     862   177.5      -0.216212      -0.392547              0     0.00176335
     862   178.5       -0.22629      -0.403071              0     0.00176781
     862   179.5      -0.236359      -0.413616              0     0.00177257
     862   180.5       -0.24638      -0.424371              0     0.00177991
     862   181.5      -0.257362      -0.436619              0     0.00179257
     862   182.5       -0.26744      -0.447114              0     0.00179674
     862   183.5      -0.277483      -0.457761              0     0.00180279
     862   184.5      -0.288467       -0.46997              0     0.00181503
     862   185.5      -0.298545      -0.480439              0     0.00181893
     862   186.5      -0.308588      -0.491064              0     0.00182475
     862   187.5      -0.319573       -0.50325              0     0.00183677
     862   188.5      -0.329651      -0.513699              0     0.00184047
     862   189.5       -0.34063      -0.525909              0     0.00185279
     862   190.5      -0.350712      -0.536324              0     0.00185612
     862   191.5      -0.361694      -0.548505              0     0.00186811
     862   192.5      -0.371777      -0.558897              0     0.00187121
     862   193.5       -0.38276      -0.571059              0       0.001883
     862   194.5      -0.392842      -0.581434              0     0.00188592
     862   195.5      -0.403825       -0.59358              0     0.00189754
     862   196.5      -0.413908      -0.603939              0     0.00190031
     862   197.5      -0.424891       -0.61607              0     0.00191179
     862   198.5      -0.435887      -0.628143              0     0.00192256
     862   199.5       -0.44597      -0.638505              0     0.00192535
     862   200.5      -0.456986      -0.650447              0     0.00193461
     862   201.5       -0.46707      -0.660756              0     0.00193686
     862   202.5      -0.478051      -0.672843              0     0.00194792
     862   203.5      -0.489047      -0.684874              0     0.00195827
     862   204.5      -0.499155      -0.695064              0     0.00195909
     862   205.5      -0.510142      -0.707106              0     0.00196964
     862   206.5      -0.521138      -0.719102              0     0.00197964
     862   207.5      -0.531222      -0.729397              0     0.00198176
     862   208.5      -0.542239      -0.741269              0      0.0019903
     862   209.5      -0.553235      -0.753241              0     0.00200005
     862   210.5      -0.564254      -0.765109              0     0.00200854
     862   211.5      -0.574366      -0.775216              0      0.0020085
     862   212.5      -0.585354      -0.787186              0     0.00201832
     862   213.5      -0.596352      -0.799116              0     0.00202764
     862   214.5      -0.607374      -0.810942              0     0.00203568
     862   215.5      -0.618373      -0.822876              0     0.00204502
     862   216.5       -0.62943      -0.834508              0     0.00205078
     862   217.5      -0.640457       -0.84627              0     0.00205814
     862   218.5      -0.651481      -0.858022              0     0.00206541
     862   219.5       -0.66157      -0.868171              0     0.00206601
     862   220.5      -0.672591      -0.879905              0     0.00207314
     862   221.5       -0.68359      -0.891754              0     0.00208164
     862   222.5       -0.69461      -0.903507              0     0.00208897
     862   223.5      -0.705609       -0.91537              0     0.00209761
     862   224.5      -0.716667      -0.926928              0     0.00210261
     862   225.5      -0.727667      -0.938761              0     0.00211094
     862   226.5      -0.738723      -0.950296              0     0.00211573
     862   227.5      -0.750663      -0.963691              0     0.00213027
     862   228.5      -0.761726      -0.975197              0     0.00213471
     862   229.5      -0.772783      -0.986711              0     0.00213928
     862   230.5      -0.783789      -0.998447              0     0.00214657
     862   231.5      -0.794852       -1.00989              0     0.00215043
     862   232.5      -0.805882       -1.02149              0     0.00215611
     862   233.5      -0.816882       -1.03324              0     0.00216353
     862   234.5      -0.827943       -1.04467              0     0.00216729
     862   235.5      -0.839885       -1.05798              0     0.00218094
     862   236.5      -0.850949        -1.0694              0     0.00218454
     862   237.5      -0.862006       -1.08084              0     0.00218833
     862   238.5       -0.87304       -1.09236              0     0.00219316
     862   239.5      -0.884986        -1.1056              0     0.00220618
     862   240.5      -0.896054       -1.11697              0     0.00220918
     862   241.5      -0.907113       -1.12836              0     0.00221247
     862   242.5      -0.918148       -1.13983              0     0.00221686
     862   243.5      -0.930094       -1.15304              0     0.00222945
     862   244.5      -0.941136       -1.16452              0     0.00223379
     862   245.5      -0.952227       -1.17571              0     0.00223481
     862   246.5      -0.964149       -1.18901              0     0.00224866
     862   247.5      -0.975248       -1.20015              0     0.00224905
     862   248.5      -0.987221       -1.21319              0      0.0022597
     862   249.5      -0.997377       -1.22272              0     0.00225347
     862   250.5       -1.00749       -1.23244              0     0.00224959
     862   251.5       -1.01754       -1.24239              0     0.00224851
     862   252.5       -1.03673       -1.26961              0     0.00232872
     862   253.5       -1.04715       -1.27808              0     0.00230929
     862   254.5       -1.05748        -1.2868              0     0.00229322
     862   255.5       -1.06757       -1.29643              0     0.00228863
     862   256.5        -1.0776       -1.30638              0     0.00228777
     862   257.5       -1.08769        -1.3161              0     0.00228407
     862   258.5       -1.09774       -1.32604              0     0.00228297
     862   259.5       -1.11693       -1.35321              0      0.0023628
     862   260.5       -1.12734       -1.36164              0     0.00234299
     862   261.5       -1.13767       -1.37032              0     0.00232646
     862   262.5       -1.14776        -1.3799              0     0.00232139
     862   263.5       -1.15782       -1.38965              0     0.00231824
     862   264.5       -1.16788       -1.39947              0     0.00231595
     862   265.5       -1.18708       -1.42654              0     0.00239463
     862   266.5       -1.19749       -1.43489              0     0.00237397
     862   267.5       -1.20779       -1.44364              0      0.0023585
     862   268.5       -1.21791       -1.45299              0     0.00235077
     862   269.5       -1.22795       -1.46283              0      0.0023488
     862   270.5       -1.23804       -1.47243              0     0.00234397
     862   271.5       -1.25724       -1.49943              0     0.00242198
     862   272.5       -1.26765       -1.50773              0     0.00240083
     862   273.5       -1.27797       -1.51628              0     0.00238301
     862   274.5       -1.28804       -1.52589              0     0.00237857
     862   275.5       -1.29813       -1.53535              0     0.00237221
     862   276.5       -1.31734       -1.56223              0     0.00244893
     862   277.5       -1.32773       -1.57059              0     0.00242865
     862   278.5       -1.33809       -1.57889              0     0.00240802
     862   279.5       -1.34818       -1.58828              0     0.00240097
     862   280.5       -1.35825       -1.59785              0     0.00239604
     862   281.5        -1.3683        -1.6075              0     0.00239199
     862   282.5       -1.38751       -1.63437              0     0.00246864
     862   283.5       -1.39792       -1.64255              0     0.00244631
     862   284.5       -1.40825         -1.651              0     0.00242752
     862   285.5       -1.41834       -1.66036              0     0.00242018
     862   286.5        -1.4284       -1.66988              0     0.00241482
     862   287.5       -1.43846        -1.6795              0     0.00241043
     862   288.5       -1.45764       -1.70649              0      0.0024885
     862   289.5       -1.46808       -1.71446              0     0.00246374
     862   290.5       -1.47841       -1.72287              0      0.0024446
     862   291.5        -1.4885       -1.73219              0     0.00243696
     862   292.5       -1.49856       -1.74168              0     0.00243126
     862   293.5       -1.50861       -1.75126              0     0.00242647
     862   294.5       -1.51866        -1.7609              0     0.00242237
     862   295.5        -1.5287       -1.77058              0     0.00241873
     862   296.5       -1.53874       -1.78029              0     0.00241547
     862   297.5       -1.54878       -1.79002              0     0.00241245
     862   298.5       -1.55879       -1.79994              0     0.00241157
     862   299.5       -1.56885       -1.80954              0     0.00240686
     862   300.5       -1.57888       -1.81932              0     0.00240439
     862   301.5       -1.58891       -1.82912              0     0.00240211
     862   302.5       -1.59894       -1.83893              0     0.00239985
     862   303.5       -1.60897       -1.84874              0     0.00239767
     862   304.5         -1.619       -1.85855              0     0.00239554
     862   305.5       -1.62902       -1.86837              0     0.00239348
     862   306.5       -1.62989       -1.86108              0      0.0023119
     862   307.5       -1.63954       -1.87248              0     0.00232939
     862   308.5       -1.64929       -1.88365              0     0.00234362
     862   309.5       -1.65923       -1.89411              0     0.00234877
     862   310.5       -1.66927       -1.90407              0     0.00234805
     862   311.5       -1.67927       -1.91414              0     0.00234873
     862   312.5       -1.68011       -1.90706              0     0.00226951
     862   313.5       -1.68975       -1.91863              0      0.0022888
     862   314.5       -1.69948       -1.92993              0     0.00230449
     862   315.5       -1.70945       -1.94034              0     0.00230896
     862   316.5       -1.71944       -1.95058              0     0.00231146
     862   317.5       -1.72026       -1.94364              0     0.00223375
     862   318.5        -1.7299       -1.95532              0     0.00225422
     862   319.5       -1.73962       -1.96671              0     0.00227088
     862   320.5       -1.74041        -1.9601              0     0.00219695
     862   321.5       -1.75002       -1.97199              0     0.00221969
     862   322.5       -1.75974       -1.98355              0     0.00223811
     862   323.5       -1.76051       -1.97707              0     0.00216559
     862   324.5       -1.77012       -1.98907              0     0.00218948
     862   325.5        -1.7798       -2.00087              0     0.00221078
     862   326.5        -1.7806        -1.9943              0     0.00213696
     862   327.5        -1.7902       -2.00636              0     0.00216162
     862   328.5        -1.7999       -2.01807              0     0.00218168
     862   329.5       -1.80066       -2.01173              0     0.00211065
     862   330.5       -1.81023       -2.02401              0     0.00213779
     862   331.5       -1.81079       -2.01849              0     0.00207699
     862   332.5       -1.81118       -2.01378              0     0.00202597
     862   333.5        -1.8205       -2.02727              0     0.00206766
     862   334.5       -1.82097       -2.02243              0     0.00201456
     862   335.5       -1.82134       -2.01806              0     0.00196722
     862   336.5       -1.82146       -2.01473              0     0.00193269
     862   337.5       -1.82154       -2.01169              0     0.00190142
     862   338.5       -1.82159         -2.009              0     0.00187413
     862   339.5       -1.82165       -2.00627              0     0.00184619
     862   340.5       -1.82174       -2.00349              0      0.0018175
     862   341.5        -1.8126       -1.98393              0     0.00171329
     862   342.5       -1.81227        -1.9831              0     0.00170834
     862   343.5       -1.81203       -1.98209              0     0.00170063
     862   344.5       -1.80283       -1.96321              0     0.00160381
     862   345.5       -1.80246       -1.96288              0     0.00160417
     862   346.5       -1.79301       -1.94522              0     0.00152209
     862   347.5        -1.7926       -1.94533              0     0.00152732
     862   348.5       -1.78313       -1.92799              0     0.00144866
     862   349.5       -1.77351       -1.91132              0     0.00137805
     862   350.5       -1.77281       -1.91302              0     0.00140211
     862   351.5       -1.76331        -1.8961              0     0.00132791
     862   352.5       -1.75367        -1.8799              0     0.00126226
     862   353.5       -1.74378       -1.86477              0     0.00120987
     862   354.5       -1.73386       -1.84997              0     0.00116105
     862   355.5       -1.72393       -1.83539              0     0.00111458
     862   356.5       -1.71398       -1.82099              0     0.00107005
     862   357.5       -1.70402       -1.80674              0     0.00102714
     862   358.5       -1.69403       -1.79279              0    0.000987677
     862   359.5        -1.6749       -1.76157              0    0.000866651
     862   360.5       -1.66456       -1.74926              0    0.000846987
     862   361.5        -1.6543       -1.73678              0    0.000824878
     862   362.5       -1.63507        -1.7065              0    0.000714326
     862   363.5       -1.62466       -1.69494              0    0.000702804
     862   364.5       -1.60522       -1.66573              0    0.000605106
     862   365.5        -1.5856       -1.63746              0    0.000518527
     862   366.5        -1.5749       -1.62759              0    0.000526934
     862   367.5       -1.55539       -1.59918              0    0.000437926
     862   368.5       -1.53573       -1.57152              0    0.000357909
     862   369.5       -1.51583       -1.54498              0     0.00029148
     862   370.5       -1.49586       -1.51897              0    0.000231113
     862   371.5       -1.48511       -1.51004              0     0.00024931
     862   372.5       -1.46551       -1.48273              0     0.00017214
     862   373.5       -1.43665       -1.43867              0    2.02266e-05
     862   374.5       -1.41632        -1.4146              0    1.71826e-05
     862   375.5       -1.39611       -1.39019              0    5.91801e-05
     862   376.5       -1.38527       -1.38231              0    2.96182e-05
     862   377.5       -1.36562       -1.35586              0    9.75588e-05
     862   378.5       -1.34587       -1.32974              0    0.000161348
     862   379.5        -1.3259       -1.30456              0    0.000213444
     862   380.5        -1.3059       -1.27961              0    0.000262914
     862   381.5       -1.28587       -1.25501              0    0.000308623
     862   382.5        -1.2659       -1.23016              0    0.000357397
     862   383.5       -1.24588       -1.20561              0    0.000402659
     862   384.5       -1.23502       -1.19834              0    0.000366792
     862   385.5        -1.2154       -1.17222              0    0.000431784
     862   386.5       -1.19564       -1.14664              0    0.000490029
     862   387.5       -1.17563       -1.12218              0    0.000534443
     862   388.5       -1.16485       -1.11456              0    0.000502918
     862   389.5       -1.14519       -1.08871              0    0.000564809
     862   390.5       -1.12544       -1.06325              0    0.000621857
     862   391.5       -1.11466       -1.05572              0    0.000589376
     862   392.5       -1.09501       -1.02988              0    0.000651303
     862   393.5       -1.07527       -1.00445              0    0.000708149
     862   394.5       -1.06446      -0.997149              0    0.000673135
     862   395.5       -1.04482      -0.971371              0    0.000734532
     862   396.5       -1.03432      -0.962787              0    0.000715296
     862   397.5       -1.01467      -0.937041              0    0.000776308
     862   398.5       -1.00141      -0.923303              0    0.000781068
     862   399.5      -0.986297      -0.906284              0    0.000800129
     862   400.5      -0.971264      -0.888948              0    0.000823161
     862   401.5      -0.957127      -0.873416              0    0.000837106
     862   402.5      -0.942072       -0.85624              0    0.000858321
     862   403.5      -0.927996      -0.840407              0     0.00087589
     862   404.5      -0.913898      -0.824719              0    0.000891786
     862   405.5      -0.899823      -0.808934              0    0.000908891
     862   406.5      -0.885727      -0.793307              0    0.000924197
     862   407.5      -0.871698      -0.777284              0    0.000944144
     862   408.5      -0.858527      -0.763345              0    0.000951819
     862   409.5      -0.844506      -0.747356              0    0.000971498
     862   410.5      -0.831427       -0.73291              0    0.000985174
     862   411.5      -0.818326      -0.718599              0     0.00099727
     862   412.5       -0.80525      -0.704185              0     0.00101066
     862   413.5      -0.792184      -0.689735              0     0.00102448
     862   414.5      -0.780041      -0.676964              0     0.00103077
     862   415.5      -0.766987      -0.662523              0     0.00104463
     862   416.5       -0.75491       -0.64941              0       0.001055
     862   417.5      -0.742812      -0.636428              0     0.00106384
     862   418.5      -0.730737      -0.623339              0     0.00107399
     862   419.5      -0.718671      -0.610209              0     0.00108462
     862   420.5      -0.707529       -0.59875              0     0.00108779
     862   421.5      -0.695504      -0.585432              0     0.00110072
     862   422.5      -0.683472      -0.572131              0     0.00111342
     862   423.5      -0.672313      -0.560789              0     0.00111524
     862   424.5      -0.661251      -0.548916              0     0.00112336
     862   425.5      -0.650181      -0.537121              0      0.0011306
     862   426.5      -0.639114      -0.525291              0     0.00113823
     862   427.5      -0.628053      -0.513431              0     0.00114622
     862   428.5      -0.616966      -0.501744              0     0.00115221
     862   429.5      -0.606865      -0.491342              0     0.00115523
     862   430.5      -0.595845      -0.479291              0     0.00116554
     862   431.5      -0.585736      -0.468953              0     0.00116782
     862   432.5      -0.575645      -0.458536              0     0.00117109
     862   433.5      -0.565579      -0.447998              0     0.00117581
     862   434.5      -0.555519      -0.437423              0     0.00118096
     862   435.5      -0.545462      -0.426822              0     0.00118639
     862   436.5      -0.535407      -0.416204              0     0.00119203
     862   437.5      -0.526275      -0.407259              0     0.00119017
     862   438.5      -0.516259      -0.396459              0       0.001198
     862   439.5      -0.507158      -0.387363              0     0.00119795
     862   440.5      -0.498071      -0.378192              0     0.00119878
     862   441.5      -0.489009        -0.3689              0     0.00120109
     862   442.5      -0.479952      -0.359566              0     0.00120386
     862   443.5      -0.470898      -0.350206              0     0.00120692
     862   444.5      -0.461847      -0.340824              0     0.00121023
     862   445.5      -0.453719      -0.333112              0     0.00120608
     862   446.5      -0.444706      -0.323545              0     0.00121161
     862   447.5      -0.436608      -0.315677              0     0.00120931
     862   448.5      -0.428525      -0.307732              0     0.00120793
     862   449.5      -0.420467      -0.299663              0     0.00120803
     862   450.5      -0.412414      -0.291551              0     0.00120863
     862   451.5      -0.404363      -0.283409              0     0.00120954
     862   452.5      -0.396314      -0.275244              0     0.00121071
     862   453.5      -0.388268       -0.26706              0     0.00121208
     862   454.5      -0.381146      -0.260545              0       0.001206
     862   455.5      -0.373137      -0.252177              0      0.0012096
     862   456.5      -0.366044      -0.245506              0     0.00120539
     862   457.5      -0.358965      -0.238758              0     0.00120207
     862   458.5      -0.351884       -0.23208              0     0.00119803
     862   459.5      -0.344869      -0.224952              0     0.00119917
     862   460.5      -0.337794      -0.218202              0     0.00119593
     862   461.5      -0.330753      -0.211223              0      0.0011953
     862   462.5      -0.324667      -0.205703              0     0.00118963
     862   463.5      -0.317655      -0.198548              0     0.00119107
     862   464.5       -0.31156      -0.193083              0     0.00118478
     862   465.5      -0.305483      -0.187532              0     0.00117951
     862   466.5      -0.298509      -0.180168              0     0.00118341
     862   467.5      -0.297017      -0.183199              0     0.00113819
     862   468.5      -0.296698      -0.186667              0     0.00110031
     862   469.5      -0.296539       -0.18941              0     0.00107129
