# ENERGY      NU         SIGRAD        SIGBORN     STAT. ERR.     SYST. ERR.
     862    15.5          -8.76       -12.8342              0      0.0407422
     862    16.5          -9.34       -13.3099              0      0.0396992
     862    17.5          -9.71       -13.4423              0      0.0373233
     862    18.5       -9.86998       -13.3404              0      0.0347038
     862    19.5       -9.83007       -12.9316              0      0.0310148
     862    20.5       -9.57984       -12.2477              0      0.0266788
     862    21.5       -9.13021       -11.2989              0      0.0216868
     862    22.5       -8.44982       -9.99832              0       0.015485
     862    23.5       -7.62006       -8.64021              0      0.0102015
     862    24.5       -6.78012       -7.38458              0     0.00604457
     862    25.5       -5.96976       -6.21138              0     0.00241619
     862    26.5       -5.18022        -5.0905              0    0.000897187
     862    27.5       -4.40991        -4.0236              0     0.00386305
     862    28.5       -3.66998       -3.02945              0     0.00640531
     862    29.5       -2.96006       -2.08489              0      0.0087517
     862    30.5       -2.27994       -1.20121              0      0.0107873
     862    31.5       -1.63004      -0.365797              0      0.0126425
     862    32.5       -1.00996       0.416495             -0      0.0142646
     862    33.5       -0.41903        1.15435             -0      0.0157338
     862    34.5       0.136024        1.82493              0       0.016889
     862    35.5       0.657976        2.45561              0      0.0179763
     862    36.5        1.15003         3.0367              0      0.0188667
     862    37.5        1.60996         3.5712              0      0.0196124
     862    38.5        2.05004        4.09143              0      0.0204139
     862    39.5        2.44999        4.51814              0      0.0206816
     862    40.5        2.82996         4.9677              0      0.0213774
     862    41.5        3.18012        5.32519              0      0.0214507
     862    42.5        3.49979        5.67775              0      0.0217796
     862    43.5        3.79026        5.96172              0      0.0217146
     862    44.5        4.05973        6.25058              0      0.0219084
     862    45.5        4.31023        6.49281              0      0.0218258
     862    46.5        4.52982        6.69581              0      0.0216598
     862    47.5        4.72012        6.85761              0      0.0213749
     862    48.5        4.88993        7.00518              0      0.0211526
     862    49.5        5.03004        7.09339              0      0.0206336
     862    50.5        5.14997        7.18268              0       0.020327
     862    51.5        5.25005        7.22803              0      0.0197798
     862    52.5        5.31991        7.23561              0      0.0191571
     862    53.5        5.37011        7.22902              0      0.0185892
     862    54.5        5.38992        7.16237              0      0.0177245
     862    55.5        5.39001         7.0996              0      0.0170959
     862    56.5        5.37006        6.99127              0      0.0162121
     862    57.5        5.32988        6.87501              0      0.0154514
     862    58.5        5.26015        6.69554              0      0.0143539
     862    59.5        5.16986        6.52065              0       0.013508
     862    60.5        5.05013        6.27445              0      0.0122432
     862    61.5        4.91986        6.06714              0      0.0114728
     862    62.5        4.76017        5.76278              0      0.0100261
     862    63.5        4.58978        5.51625              0     0.00926468
     862    64.5        4.42027        5.23988              0     0.00819607
     862    65.5        4.24969        4.99532              0      0.0074563
     862    66.5        4.09029        4.76511              0     0.00674822
     862    67.5        3.92978        4.52821              0     0.00598426
     862    68.5        3.78011        4.33095              0     0.00550837
     862    69.5           3.63         4.1061              0     0.00476105
     862    70.5        3.47991        3.90593              0     0.00426019
     862    71.5        3.34014        3.71753              0     0.00377384
     862    72.5        3.19985         3.5218              0     0.00321952
     862    73.5         3.0701        3.36195              0     0.00291849
     862    74.5        2.93997        3.17498              0     0.00235006
     862    75.5        2.81994        3.03764              0     0.00217703
     862    76.5        2.70013        2.86319              0     0.00163053
     862    77.5        2.57982        2.71637              0     0.00136554
     862    78.5         2.4702        2.57785              0     0.00107655
     862    79.5        2.35982         2.4318              0     0.00071976
     862    80.5        2.25012        2.29304              0    0.000429204
     862    81.5        2.14996        2.17486              0    0.000249056
     862    82.5        2.04999        2.04184              0    8.14689e-05
     862    83.5        1.95002        1.91961              0    0.000304122
     862    84.5           1.86        1.81606              0    0.000439396
     862    85.5        1.76997        1.69806              0    0.000719093
     862    86.5        1.68003        1.59081              0    0.000892212
     862    87.5            1.6        1.50173              0    0.000982694
     862    88.5        1.51997        1.39848              0     0.00121482
     862    89.5        1.44003        1.30526              0     0.00134772
     862    90.5           1.36         1.2033              0     0.00156701
     862    91.5        1.28996        1.13536              0     0.00154595
     862    92.5        1.22007        1.04111              0     0.00178964
     862    93.5        1.14991       0.965376              0     0.00184529
     862    94.5        1.09011       0.902507              0     0.00187601
     862    95.5         1.0299       0.828483              0     0.00201413
     862    96.5       0.970071       0.762441              0     0.00207631
     862    97.5       0.913982        0.69942              0     0.00214562
     862    98.5       0.859971       0.639184              0     0.00220787
     862    99.5       0.809047       0.584152              0     0.00224895
     862   100.5       0.759964       0.529319              0     0.00230645
     862   101.5       0.714012       0.481863              0     0.00232148
     862   102.5       0.670009       0.433043              0     0.00236966
     862   103.5       0.628979       0.392405              0     0.00236574
     862   104.5       0.591025       0.352774              0     0.00238251
     862   105.5       0.554976       0.316512              0     0.00238464
     862   106.5        0.52102       0.282167              0     0.00238853
     862   107.5       0.489986       0.253225              0     0.00236761
     862   108.5       0.461008       0.224493              0     0.00236515
     862   109.5       0.434995       0.202666              0     0.00232329
     862   110.5       0.411007       0.180065              0     0.00230942
     862   111.5       0.388989       0.162071              0     0.00226918
     862   112.5       0.370015       0.147613              0     0.00222402
     862   113.5       0.352986       0.134448              0     0.00218538
     862   114.5        0.33901       0.127499              0     0.00211511
     862   115.5       0.326998        0.12006              0     0.00206938
     862   116.5       0.316993       0.117022              0     0.00199971
     862   117.5       0.310013       0.117534              0     0.00192479
     862   118.5       0.303986       0.116717              0     0.00187269
     862   119.5       0.298009       0.115593              0     0.00182416
     862   120.5       0.291998       0.113848              0      0.0017815
     862   121.5       0.284996       0.108725              0     0.00176271
     862   122.5       0.279004       0.108583              0     0.00170421
     862   123.5       0.273001       0.103941              0      0.0016906
     862   124.5        0.26599      0.0995088              0     0.00166481
     862   125.5       0.259017      0.0945338              0     0.00164483
     862   126.5       0.251982      0.0895692              0     0.00162413
     862   127.5       0.245013      0.0844861              0     0.00160527
     862   128.5       0.236994      0.0763938              0       0.001606
     862   129.5       0.229999      0.0731783              0     0.00156821
     862   130.5       0.222007      0.0633676              0     0.00158639
     862   131.5       0.213987      0.0583606              0     0.00155626
     862   132.5        0.20602      0.0496618              0     0.00156358
     862   133.5       0.197975      0.0435345              0     0.00154441
     862   134.5       0.189025      0.0328147              0     0.00156211
     862   135.5       0.180978      0.0280104              0     0.00152967
     862   136.5       0.172019      0.0159703              0     0.00156049
     862   137.5        0.16398      0.0120702              0      0.0015191
     862   138.5       0.155024   -0.000444026             -0     0.00155468
     862   139.5       0.145969    -0.00686451             -0     0.00152834
     862   140.5       0.138035     -0.0150182             -0     0.00153054
     862   141.5       0.128965     -0.0248892             -0     0.00153854
     862   142.5       0.120028     -0.0332589             -0     0.00153287
     862   143.5       0.110985     -0.0430644             -0     0.00154049
     862   144.5       0.102002      -0.051601             -0     0.00153602
     862   145.5      0.0925081     -0.0625537             -0     0.00155062
     862   146.5       0.083388     -0.0708212             -0     0.00154209
     862   147.5       0.074212     -0.0809273             -0     0.00155139
     862   148.5      0.0647893     -0.0904925             -0     0.00155282
     862   149.5      0.0555091      -0.100135             -0     0.00155644
     862   150.5       0.046093      -0.110276             -0     0.00156369
     862   151.5      0.0366041       -0.11986             -0     0.00156464
     862   152.5      0.0270993      -0.130115             -0     0.00157215
     862   153.5      0.0175978      -0.139848             -0     0.00157446
     862   154.5     0.00799391      -0.150275             -0     0.00158269
     862   155.5    -0.00162426      -0.160204              0      0.0015858
     862   156.5     -0.0112962      -0.170666              0      0.0015937
     862   157.5     -0.0209031      -0.180538              0     0.00159635
     862   158.5     -0.0306974      -0.191573              0     0.00160876
     862   159.5     -0.0404027      -0.201072              0     0.00160669
     862   160.5     -0.0501964      -0.212179              0     0.00161982
     862   161.5     -0.0600051      -0.222092              0     0.00162087
     862   162.5     -0.0697934      -0.232873              0     0.00163079
     862   163.5     -0.0797072      -0.243512              0     0.00163805
     862   164.5     -0.0895937      -0.253781              0     0.00164188
     862   165.5      -0.099504       -0.26458              0     0.00165076
     862   166.5      -0.108999      -0.273852              0     0.00164853
     862   167.5      -0.118998      -0.285664              0     0.00166666
     862   168.5      -0.129005      -0.295778              0     0.00166773
     862   169.5      -0.138993      -0.306712              0     0.00167719
     862   170.5      -0.150008      -0.319942              0     0.00169934
     862   171.5      -0.159994      -0.328629              0     0.00168635
     862   172.5      -0.170001      -0.340748              0     0.00170746
     862   173.5      -0.180006       -0.35023              0     0.00170224
     862   174.5      -0.189987      -0.361724              0     0.00171737
     862   175.5      -0.200017       -0.37178              0     0.00171763
     862   176.5      -0.209984      -0.382802              0     0.00172818
     862   177.5      -0.221012      -0.395918              0     0.00174906
     862   178.5      -0.230993      -0.404596              0     0.00173603
     862   179.5         -0.241      -0.416651              0     0.00175651
     862   180.5      -0.251007       -0.42634              0     0.00175333
     862   181.5      -0.261987      -0.440079              0     0.00178093
     862   182.5      -0.272017      -0.448327              0      0.0017631
     862   183.5      -0.281982      -0.460777              0     0.00178795
     862   184.5      -0.293018      -0.472444              0     0.00179426
     862   185.5      -0.302982      -0.482079              0     0.00179097
     862   186.5      -0.313016       -0.49358              0     0.00180564
     862   187.5      -0.323991      -0.505779              0     0.00181788
     862   188.5      -0.334001      -0.515086              0     0.00181085
     862   189.5      -0.345004      -0.529181              0     0.00184177
     862   190.5      -0.354998      -0.536925              0     0.00181927
     862   191.5      -0.365994       -0.55217              0     0.00186176
     862   192.5      -0.376018      -0.559039              0     0.00183022
     862   193.5      -0.386972      -0.574826              0     0.00187854
     862   194.5      -0.397035      -0.581342              0     0.00184307
     862   195.5       -0.40796      -0.597287              0     0.00189327
     862   196.5      -0.418042      -0.603705              0     0.00185663
     862   197.5      -0.428957      -0.619664              0     0.00190707
     862   198.5      -0.440043      -0.628735              0     0.00188692
     862   199.5      -0.449958      -0.640161              0     0.00190203
     862   200.5      -0.461038      -0.652337              0     0.00191299
     862   201.5       -0.47097      -0.661178              0     0.00190208
     862   202.5      -0.482017      -0.675505              0     0.00193488
     862   203.5      -0.492998      -0.685478              0     0.00192479
     862   204.5      -0.502988      -0.696097              0     0.00193109
     862   205.5       -0.51402      -0.708908              0     0.00194888
     862   206.5       -0.52498      -0.719951              0     0.00194971
     862   207.5      -0.535012      -0.730009              0     0.00194997
     862   208.5      -0.545998      -0.742852              0     0.00196854
     862   209.5      -0.556996      -0.753903              0     0.00196907
     862   210.5      -0.568004       -0.76628              0     0.00198276
     862   211.5      -0.578001      -0.774884              0     0.00196882
     862   212.5      -0.588993      -0.789019              0     0.00200027
     862   213.5      -0.600012       -0.79904              0     0.00199028
     862   214.5      -0.610984      -0.812052              0     0.00201068
     862   215.5      -0.622019      -0.823091              0     0.00201072
     862   216.5      -0.632981      -0.834961              0      0.0020198
     862   217.5      -0.644016      -0.846563              0     0.00202547
     862   218.5      -0.654989      -0.858202              0     0.00203213
     862   219.5      -0.665005      -0.867473              0     0.00202468
     862   220.5      -0.675998      -0.880666              0     0.00204668
     862   221.5      -0.687002      -0.891205              0     0.00204204
     862   222.5      -0.697995      -0.903708              0     0.00205714
     862   223.5      -0.709009      -0.914944              0     0.00205935
     862   224.5      -0.719988      -0.926553              0     0.00206565
     862   225.5      -0.731011      -0.938422              0     0.00207412
     862   226.5      -0.741993      -0.949495              0     0.00207502
     862   227.5      -0.754002      -0.964124              0     0.00210122
     862   228.5      -0.765003      -0.973313              0      0.0020831
     862   229.5      -0.775992      -0.986522              0      0.0021053
     862   230.5      -0.787013      -0.996975              0     0.00209962
     862   231.5      -0.797982       -1.00895              0     0.00210963
     862   232.5      -0.809018       -1.02013              0     0.00211115
     862   233.5      -0.819985       -1.03201              0     0.00212027
     862   234.5       -0.83101         -1.043              0     0.00211988
     862   235.5      -0.842994       -1.05744              0     0.00214445
     862   236.5      -0.854004       -1.06663              0     0.00212631
     862   237.5      -0.864994       -1.07967              0      0.0021468
     862   238.5      -0.876011       -1.08984              0     0.00213831
     862   239.5      -0.887984       -1.10479              0     0.00216806
     862   240.5      -0.899019       -1.11354              0     0.00214521
     862   241.5       -0.90998       -1.12676              0     0.00216777
     862   242.5      -0.921021       -1.13676              0     0.00215736
     862   243.5      -0.932979        -1.1517              0     0.00218725
     862   244.5      -0.944021       -1.16064              0     0.00216623
     862   245.5      -0.954979       -1.17337              0     0.00218395
     862   246.5       -0.96702       -1.18656              0     0.00219543
     862   247.5      -0.977982       -1.19608              0     0.00218101
     862   248.5      -0.990013       -1.21136              0     0.00221351
     862   249.5      -0.999997       -1.21685              0     0.00216849
     862   250.5       -1.00999       -1.22979              0     0.00219801
     862   251.5       -1.02002       -1.23726              0     0.00217231
     862   252.5       -1.03996        -1.2753              0     0.00235336
     862   253.5       -1.05005       -1.26377              0     0.00213725
     862   254.5       -1.05993       -1.28865              0     0.00228719
     862   255.5        -1.0701       -1.28668              0     0.00216578
     862   256.5       -1.07986       -1.30492              0     0.00225059
     862   257.5       -1.09016       -1.30855              0     0.00218392
     862   258.5       -1.09985       -1.32229              0     0.00222444
     862   259.5       -1.12012        -1.3562              0     0.00236084
     862   260.5       -1.12993       -1.34711              0     0.00217176
     862   261.5       -1.14001       -1.37048              0     0.00230474
     862   262.5       -1.15006       -1.36925              0      0.0021919
     862   263.5       -1.15989       -1.38674              0     0.00226851
     862   264.5       -1.17015       -1.39097              0     0.00220826
     862   265.5       -1.18986       -1.43058              0     0.00240721
     862   266.5       -1.20012       -1.41812              0     0.00217998
     862   267.5       -1.20989       -1.44334              0     0.00233449
     862   268.5       -1.22012        -1.4408              0     0.00220687
     862   269.5       -1.22986       -1.45912              0     0.00229265
     862   270.5       -1.24016       -1.46247              0     0.00222312
     862   271.5       -1.25985       -1.50251              0      0.0024266
     862   272.5       -1.27013       -1.48966              0      0.0021953
     862   273.5       -1.27989       -1.51477              0     0.00234878
     862   274.5       -1.29012       -1.51275              0      0.0022263
     862   275.5       -1.29985       -1.53002              0     0.00230168
     862   276.5       -1.32016       -1.56059              0     0.00240434
     862   277.5       -1.32986       -1.55369              0     0.00223826
     862   278.5       -1.34008       -1.57497              0     0.00234893
     862   279.5          -1.35       -1.57463              0     0.00224628
     862   280.5       -1.35992       -1.59127              0      0.0023135
     862   281.5       -1.37013       -1.59565              0     0.00225519
     862   282.5       -1.38987       -1.63473              0     0.00244867
     862   283.5       -1.40011       -1.62232              0     0.00222201
     862   284.5        -1.4099       -1.64691              0     0.00237009
     862   285.5       -1.42011       -1.64477              0     0.00224661
     862   286.5       -1.42986        -1.6622              0     0.00232341
     862   287.5       -1.44015       -1.66615              0     0.00225992
     862   288.5       -1.45986       -1.70558              0      0.0024572
     862   289.5       -1.47012       -1.69262              0     0.00222499
     862   290.5        -1.4799       -1.71747              0     0.00237571
     862   291.5       -1.49011       -1.71508              0     0.00224969
     862   292.5       -1.49986       -1.73259              0     0.00232725
     862   293.5       -1.51015       -1.73641              0     0.00226252
     862   294.5       -1.51986       -1.74934              0     0.00229489
     862   295.5       -1.53011       -1.75677              0     0.00226658
     862   296.5       -1.53993       -1.76733              0     0.00227398
     862   297.5       -1.55004       -1.77632              0     0.00226284
     862   298.5       -1.55998       -1.78634              0     0.00226359
     862   299.5       -1.57001        -1.7953              0     0.00225294
     862   300.5          -1.58       -1.80523              0     0.00225233
     862   301.5          -1.59       -1.81451              0     0.00224504
     862   302.5           -1.6       -1.82426              0     0.00224259
     862   303.5          -1.61       -1.83368              0     0.00223677
     862   304.5          -1.62       -1.84333              0     0.00223331
     862   305.5          -1.63       -1.85284              0     0.00222842
     862   306.5          -1.63       -1.83638              0     0.00206377
     862   307.5       -1.63999       -1.86574              0     0.00225743
     862   308.5       -1.65003       -1.86155              0      0.0021152
     862   309.5       -1.65993       -1.88247              0     0.00222536
     862   310.5       -1.67011       -1.88408              0     0.00213962
     862   311.5       -1.67986       -1.89954              0      0.0021968
     862   312.5       -1.68014       -1.87957              0     0.00199436
     862   313.5       -1.68988       -1.91124              0     0.00221356
     862   314.5        -1.7001       -1.90599              0     0.00205883
     862   315.5       -1.70989       -1.92729              0     0.00217405
     862   316.5       -1.72013       -1.92922              0     0.00209087
     862   317.5       -1.71985       -1.91853              0     0.00198676
     862   318.5       -1.73013       -1.94456              0      0.0021443
     862   319.5       -1.73992       -1.94266              0     0.00202736
     862   320.5       -1.74001       -1.93639              0     0.00196384
     862   321.5       -1.75006       -1.95884              0     0.00208776
     862   322.5       -1.75991       -1.96016              0     0.00200255
     862   323.5       -1.76006       -1.95175              0     0.00191689
     862   324.5          -1.77       -1.97575              0     0.00205753
     862   325.5       -1.77996       -1.97658              0     0.00196614
     862   326.5       -1.78003        -1.9682              0      0.0018817
     862   327.5       -1.79001        -1.9924              0     0.00202381
     862   328.5       -1.79996       -1.99282              0     0.00192861
     862   329.5       -1.80003       -1.98516              0     0.00185126
     862   330.5       -1.81002       -2.00916              0     0.00199147
     862   331.5       -1.80995       -1.98365              0     0.00173693
     862   332.5       -1.81003       -1.99574              0     0.00185716
     862   333.5       -1.82004       -2.00574              0     0.00185702
     862   334.5       -1.81989       -1.99189              0     0.00171997
     862   335.5       -1.82014       -1.99611              0     0.00175968
     862   336.5        -1.8199        -1.9862              0       0.001663
     862   337.5       -1.82002       -1.98843              0     0.00168407
     862   338.5       -1.82005       -1.98168              0      0.0016163
     862   339.5       -1.81991       -1.98151              0     0.00161595
     862   340.5       -1.82009       -1.97687              0     0.00156784
     862   341.5       -1.80994       -1.94959              0      0.0013965
     862   342.5       -1.81003       -1.96597              0     0.00155942
     862   343.5       -1.81001       -1.95025              0     0.00140242
     862   344.5       -1.79995       -1.93287              0     0.00132926
     862   345.5        -1.8001       -1.94268              0     0.00142587
     862   346.5        -1.7899       -1.90663              0     0.00116732
     862   347.5       -1.79006       -1.93143              0     0.00141373
     862   348.5       -1.78003        -1.8849              0     0.00104875
     862   349.5       -1.76987       -1.89177              0     0.00121896
     862   350.5       -1.77021       -1.88599              0     0.00115777
     862   351.5       -1.75975       -1.86256              0     0.00102816
     862   352.5       -1.75023       -1.85409              0     0.00103861
     862   353.5       -1.73985       -1.83309              0    0.000932331
     862   354.5       -1.73004       -1.82356              0    0.000935154
     862   355.5       -1.72004       -1.80512              0    0.000850757
     862   356.5       -1.70992       -1.79364              0    0.000837231
     862   357.5       -1.70008       -1.77773              0    0.000776438
     862   358.5       -1.68994       -1.76498              0    0.000750465
     862   359.5       -1.67004        -1.7245              0     0.00054467
     862   360.5       -1.65997       -1.73052              0    0.000705503
     862   361.5       -1.65003       -1.70321              0    0.000531734
     862   362.5       -1.62994       -1.67488              0    0.000449456
     862   363.5        -1.6201       -1.67356              0    0.000534603
     862   364.5        -1.5999       -1.62625              0    0.000263525
     862   365.5       -1.58006       -1.61427              0    0.000342047
     862   366.5       -1.57002       -1.60199              0    0.000319774
     862   367.5       -1.54991       -1.56461              0     0.00014703
     862   368.5       -1.53012       -1.54631              0    0.000161853
     862   369.5       -1.50991       -1.51363              0    3.71532e-05
     862   370.5       -1.49002        -1.4934              0    3.38281e-05
     862   371.5       -1.48005       -1.48916              0    9.10975e-05
     862   372.5       -1.45992       -1.44762              0    0.000123001
     862   373.5       -1.43006         -1.408              0    0.000220594
     862   374.5       -1.40999       -1.39313              0    0.000168649
     862   375.5       -1.38997         -1.361              0    0.000289692
     862   376.5       -1.38004       -1.36761              0    0.000124316
     862   377.5       -1.35999       -1.31961              0    0.000403802
     862   378.5       -1.33995       -1.31152              0    0.000284268
     862   379.5       -1.32012       -1.27443              0    0.000456834
     862   380.5       -1.29984       -1.25857              0    0.000412678
     862   381.5       -1.28017       -1.22865              0    0.000515142
     862   382.5       -1.25985       -1.20752              0    0.000523312
     862   383.5       -1.24011       -1.18162              0    0.000584906
     862   384.5       -1.22993         -1.184              0    0.000459308
     862   385.5       -1.21004        -1.1403              0    0.000697459
     862   386.5       -1.18996       -1.12976              0    0.000601987
     862   387.5       -1.17006       -1.09571              0    0.000743522
     862   388.5       -1.15991       -1.10378              0    0.000561283
     862   389.5       -1.14012       -1.05643              0    0.000836966
     862   390.5       -1.11986       -1.04851              0    0.000713472
     862   391.5       -1.11015       -1.03815              0     0.00071997
     862   392.5       -1.08985        -1.0035              0    0.000863573
     862   393.5       -1.07013      -0.987349              0    0.000827795
     862   394.5       -1.05992      -0.982398              0    0.000775224
     862   395.5       -1.04002      -0.944783              0    0.000952337
     862   396.5       -1.03003      -0.955243              0    0.000747825
     862   397.5       -1.00998      -0.905837              0     0.00104145
     862   398.5      -0.996963      -0.917437              0    0.000795258
     862   399.5      -0.982114      -0.879775              0     0.00102339
     862   400.5       -0.96682      -0.877641              0     0.00089179
     862   401.5      -0.953214      -0.852979              0     0.00100235
     862   402.5      -0.937792      -0.841123              0    0.000966691
     862   403.5      -0.924172      -0.823406              0     0.00100766
     862   404.5       -0.90988      -0.808794              0     0.00101086
     862   405.5      -0.896069      -0.793036              0     0.00103033
     862   406.5       -0.88197      -0.777605              0     0.00104364
     862   407.5      -0.868007      -0.761766              0     0.00106241
     862   408.5      -0.855003       -0.74912              0     0.00105883
     862   409.5      -0.840995      -0.731401              0     0.00109594
     862   410.5      -0.828001      -0.719529              0     0.00108472
     862   411.5      -0.815005      -0.703695              0      0.0011131
     862   412.5      -0.801988      -0.690687              0     0.00111302
     862   413.5      -0.789016      -0.675638              0     0.00113378
     862   414.5      -0.776983      -0.664453              0     0.00112529
     862   415.5      -0.764015      -0.648323              0     0.00115692
     862   416.5      -0.751987      -0.637543              0     0.00114445
     862   417.5      -0.740012       -0.62323              0     0.00116782
     862   418.5      -0.727988      -0.611357              0      0.0011663
     862   419.5      -0.716014      -0.597745              0     0.00118268
     862   420.5      -0.704986      -0.587769              0     0.00117217
     862   421.5      -0.693013      -0.572694              0     0.00120319
     862   422.5      -0.680989      -0.561178              0     0.00119811
     862   423.5       -0.67001      -0.549945              0     0.00120065
     862   424.5      -0.658989      -0.537842              0     0.00121147
     862   425.5       -0.64801      -0.526663              0     0.00121347
     862   426.5      -0.636993      -0.514678              0     0.00122315
     862   427.5      -0.626002      -0.503308              0     0.00122694
     862   428.5      -0.615002      -0.491719              0     0.00123283
     862   429.5      -0.604996      -0.482182              0     0.00122814
     862   430.5      -0.594004      -0.468937              0     0.00125068
     862   431.5      -0.583996      -0.460776              0      0.0012322
     862   432.5      -0.574005      -0.448932              0     0.00125073
     862   433.5      -0.563992      -0.439684              0     0.00124309
     862   434.5      -0.554011       -0.42851              0     0.00125501
     862   435.5      -0.543987      -0.418641              0     0.00125346
     862   436.5      -0.534013      -0.407882              0     0.00126131
     862   437.5       -0.52499      -0.400133              0     0.00124857
     862   438.5      -0.515007      -0.387767              0      0.0012724
     862   439.5      -0.505994      -0.381093              0     0.00124902
     862   440.5      -0.497007      -0.370301              0     0.00126706
     862   441.5       -0.48799      -0.362402              0     0.00125588
     862   442.5      -0.479013       -0.35238              0     0.00126634
     862   443.5      -0.469985      -0.343784              0       0.001262
     862   444.5      -0.461014      -0.334221              0     0.00126793
     862   445.5      -0.452989      -0.327696              0     0.00125293
     862   446.5      -0.444008      -0.316555              0     0.00127452
     862   447.5      -0.435994      -0.311074              0     0.00124919
     862   448.5      -0.428007      -0.301511              0     0.00126496
     862   449.5       -0.41999      -0.294805              0     0.00125186
     862   450.5      -0.412013      -0.285998              0     0.00126015
     862   451.5      -0.403985      -0.278591              0     0.00125394
     862   452.5      -0.396014      -0.270238              0     0.00125775
     862   453.5      -0.387989      -0.262437              0     0.00125553
     862   454.5      -0.381007      -0.256761              0     0.00124246
     862   455.5      -0.372996      -0.246989              0     0.00126007
     862   456.5         -0.366      -0.242591              0     0.00123409
     862   457.5      -0.359004      -0.234257              0     0.00124746
     862   458.5      -0.351992      -0.228991              0     0.00123001
     862   459.5      -0.345012      -0.220881              0     0.00124131
     862   460.5      -0.337985      -0.215278              0     0.00122708
     862   461.5      -0.331014      -0.207643              0     0.00123371
     862   462.5      -0.324987       -0.20349              0     0.00121498
     862   463.5       -0.31801      -0.194723              0     0.00123287
     862   464.5      -0.311991       -0.19157              0     0.00120421
     862   465.5      -0.306009      -0.184398              0     0.00121611
     862   466.5      -0.298989      -0.177552              0     0.00121437
     862   467.5      -0.298012      -0.185405              0     0.00112607
     862   468.5      -0.297989      -0.184312              0     0.00113677
     862   469.5      -0.298003      -0.189518              0     0.00108485
