# ENERGY      NU         SIGRAD        SIGBORN     STAT. ERR.     SYST. ERR.
   10380    9.48    3.59232e-13    9.62729e-13              0    6.03497e-15
   10380   9.481    1.74683e-12    4.68144e-12              0    2.93461e-14
   10380   9.482     3.9611e-12    1.06156e-11              0    6.65451e-14
   10380   9.483    7.04642e-12    1.88842e-11              0    1.18378e-13
   10380   9.484    1.11094e-11    2.97729e-11              0    1.86635e-13
   10380   9.485    1.62996e-11    4.36825e-11              0    2.73829e-13
   10380   9.486    2.28088e-11    6.11267e-11              0    3.83179e-13
   10380   9.487    3.08652e-11    8.27176e-11              0    5.18524e-13
   10380   9.488     4.0708e-11    1.09096e-10              0     6.8388e-13
   10380   9.489    5.25174e-11    1.40745e-10              0    8.82274e-13
   10380    9.49    6.62734e-11    1.77611e-10              0    1.11337e-12
   10380   9.491    8.15423e-11    2.18531e-10              0    1.36988e-12
   10380   9.492    9.72884e-11    2.60729e-10              0    1.63441e-12
   10380   9.493     1.1195e-10    3.00021e-10              0    1.88072e-12
   10380   9.494    1.23981e-10    3.32264e-10              0    2.08284e-12
   10380   9.495    1.32802e-10    3.55904e-10              0    2.23103e-12
   10380   9.496    1.39191e-10    3.73027e-10              0    2.33836e-12
   10380   9.497    1.44432e-10    3.87074e-10              0    2.42641e-12
   10380   9.498    1.49779e-10    4.01404e-10              0    2.51624e-12
   10380   9.499    1.56121e-10    4.18398e-10              0    2.62277e-12
   10380     9.5    1.63929e-10    4.39323e-10              0    2.75395e-12
   10380   9.501    1.73355e-10    4.64586e-10              0    2.91231e-12
   10380   9.502    1.84354e-10    4.94063e-10              0    3.09709e-12
   10380   9.503    1.96782e-10    5.27369e-10              0    3.30587e-12
   10380   9.504    2.10448e-10    5.63992e-10              0    3.53545e-12
   10380   9.505    2.25151e-10    6.03398e-10              0    3.78246e-12
   10380   9.506    2.40705e-10    6.45082e-10              0    4.04376e-12
   10380   9.507     2.5694e-10    6.88592e-10              0    4.31651e-12
   10380   9.508    2.73722e-10    7.33566e-10              0    4.59844e-12
   10380   9.509    2.90959e-10    7.79759e-10              0    4.88801e-12
   10380    9.51    3.08606e-10    8.27053e-10              0    5.18447e-12
   10380   9.511    3.26682e-10    8.75498e-10              0    5.48815e-12
   10380   9.512    3.45273e-10    9.25319e-10              0    5.80046e-12
   10380   9.513    3.64541e-10    9.76958e-10              0    6.12417e-12
   10380   9.514    3.84739e-10    1.03109e-09              0    6.46348e-12
   10380   9.515    4.06213e-10    1.08864e-09              0    6.82425e-12
   10380   9.516     4.2943e-10    1.15086e-09              0    7.21428e-12
   10380   9.517    4.54984e-10    1.21934e-09              0    7.64358e-12
   10380   9.518    4.83631e-10    1.29612e-09              0    8.12484e-12
   10380   9.519    5.16325e-10    1.38373e-09              0    8.67408e-12
   10380    9.52    5.54259e-10     1.4854e-09              0    9.31137e-12
   10380   9.521    5.98924e-10     1.6051e-09              0    1.00617e-11
   10380   9.522    6.52154e-10    1.74775e-09              0     1.0956e-11
   10380   9.523    7.16137e-10    1.91922e-09              0    1.20309e-11
   10380   9.524    7.93322e-10    2.12608e-09              0    1.33275e-11
   10380   9.525    8.86061e-10    2.37461e-09              0    1.48855e-11
   10380   9.526    9.95742e-10    2.66855e-09              0    1.67281e-11
   10380   9.527    1.12106e-09    3.00439e-09              0    1.88333e-11
   10380   9.528    1.25535e-09    3.36431e-09              0    2.10895e-11
   10380   9.529    1.38403e-09    3.70915e-09              0    2.32512e-11
   10380    9.53    1.48539e-09    3.98078e-09              0     2.4954e-11
   10380   9.531    1.53759e-09    4.12068e-09              0     2.5831e-11
   10380   9.532    1.53092e-09    4.10283e-09              0     2.5719e-11
   10380   9.533     1.4738e-09    3.94972e-09              0    2.47593e-11
   10380   9.534     1.3866e-09    3.71603e-09              0    2.32943e-11
   10380   9.535    1.29031e-09    3.45799e-09              0    2.16768e-11
   10380   9.536    1.19949e-09     3.2146e-09              0    2.01511e-11
   10380   9.537    1.12145e-09    3.00543e-09              0    1.88399e-11
   10380   9.538    1.05842e-09    2.83653e-09              0    1.77811e-11
   10380   9.539    1.01003e-09    2.70683e-09              0    1.69681e-11
   10380    9.54    9.74751e-10     2.6123e-09              0    1.63755e-11
   10380   9.541    9.50865e-10    2.54829e-09              0    1.59742e-11
   10380   9.542     9.3677e-10    2.51051e-09              0    1.57374e-11
   10380   9.543    9.31148e-10    2.49545e-09              0     1.5643e-11
   10380   9.544    9.32988e-10    2.50037e-09              0    1.56739e-11
   10380   9.545    9.41568e-10    2.52337e-09              0     1.5818e-11
   10380   9.546    9.56431e-10     2.5632e-09              0    1.60677e-11
   10380   9.547    9.77364e-10     2.6193e-09              0    1.64194e-11
   10380   9.548    1.00437e-09    2.69168e-09              0    1.68731e-11
   10380   9.549    1.03768e-09    2.78095e-09              0    1.74327e-11
   10380    9.55    1.07772e-09    2.88826e-09              0    1.81054e-11
   10380   9.551    1.12511e-09    3.01526e-09              0    1.89015e-11
   10380   9.552     1.1806e-09    3.16397e-09              0    1.98337e-11
   10380   9.553    1.24493e-09    3.33638e-09              0    2.09144e-11
   10380   9.554    1.31865e-09    3.53393e-09              0    2.21528e-11
   10380   9.555    1.40161e-09    3.75627e-09              0    2.35466e-11
   10380   9.556    1.49265e-09    4.00025e-09              0     2.5076e-11
   10380   9.557    1.58922e-09    4.25906e-09              0    2.66984e-11
   10380   9.558    1.68752e-09     4.5225e-09              0    2.83498e-11
   10380   9.559    1.78256e-09    4.77719e-09              0    2.99463e-11
   10380    9.56    1.86791e-09    5.00593e-09              0    3.13802e-11
   10380   9.561    1.93595e-09    5.18827e-09              0    3.25233e-11
   10380   9.562    1.97972e-09    5.30558e-09              0    3.32586e-11
   10380   9.563    1.99608e-09    5.34943e-09              0    3.35335e-11
   10380   9.564    1.98762e-09    5.32676e-09              0    3.33913e-11
   10380   9.565    1.96158e-09    5.25698e-09              0    3.29539e-11
   10380   9.566     1.9269e-09    5.16401e-09              0    3.23712e-11
   10380   9.567    1.89129e-09    5.06859e-09              0     3.1773e-11
   10380   9.568    1.86005e-09    4.98486e-09              0    3.12481e-11
   10380   9.569    1.83598e-09    4.92036e-09              0    3.08438e-11
   10380    9.57    1.82014e-09    4.87792e-09              0    3.05778e-11
   10380   9.571    1.81247e-09    4.85736e-09              0    3.04489e-11
   10380   9.572    1.81239e-09    4.85714e-09              0    3.04475e-11
   10380   9.573    1.81907e-09    4.87505e-09              0    3.05598e-11
   10380   9.574    1.83167e-09    4.90882e-09              0    3.07715e-11
   10380   9.575     1.8494e-09    4.95632e-09              0    3.10692e-11
   10380   9.576    1.87156e-09    5.01571e-09              0    3.14415e-11
   10380   9.577    1.89753e-09    5.08532e-09              0    3.18779e-11
   10380   9.578    1.92684e-09    5.16385e-09              0    3.23702e-11
   10380   9.579    1.95904e-09    5.25015e-09              0    3.29111e-11
   10380    9.58    1.99377e-09    5.34322e-09              0    3.34946e-11
   10380   9.581    2.03073e-09    5.44229e-09              0    3.41156e-11
   10380   9.582    2.06968e-09    5.54666e-09              0    3.47698e-11
   10380   9.583    2.11038e-09    5.65574e-09              0    3.54536e-11
   10380   9.584    2.15268e-09    5.76911e-09              0    3.61643e-11
   10380   9.585    2.19639e-09    5.88625e-09              0    3.68986e-11
   10380   9.586     2.2414e-09    6.00688e-09              0    3.76548e-11
   10380   9.587    2.28758e-09    6.13063e-09              0    3.84305e-11
   10380   9.588    2.33481e-09     6.2572e-09              0    3.92239e-11
   10380   9.589    2.38302e-09    6.38642e-09              0     4.0034e-11
   10380    9.59    2.43212e-09    6.51799e-09              0    4.08587e-11
   10380   9.591    2.48202e-09    6.65174e-09              0    4.16971e-11
   10380   9.592    2.53269e-09    6.78751e-09              0    4.25483e-11
   10380   9.593    2.58403e-09    6.92511e-09              0    4.34108e-11
   10380   9.594    2.63602e-09    7.06445e-09              0    4.42843e-11
   10380   9.595    2.68862e-09     7.2054e-09              0    4.51678e-11
   10380   9.596    2.74175e-09    7.34779e-09              0    4.60604e-11
   10380   9.597    2.79541e-09     7.4916e-09              0    4.69619e-11
   10380   9.598    2.84956e-09    7.63672e-09              0    4.78716e-11
   10380   9.599    2.90418e-09     7.7831e-09              0    4.87892e-11
   10380     9.6    2.95925e-09    7.93069e-09              0    4.97144e-11
   10380   9.601    3.01475e-09    8.07943e-09              0    5.06468e-11
   10380   9.602    3.07067e-09    8.22929e-09              0    5.15862e-11
   10380   9.603    3.12702e-09     8.3803e-09              0    5.25328e-11
   10380   9.604    3.18377e-09    8.53239e-09              0    5.34862e-11
   10380   9.605    3.24095e-09    8.68562e-09              0    5.44468e-11
   10380   9.606    3.29854e-09    8.83998e-09              0    5.54144e-11
   10380   9.607    3.35657e-09     8.9955e-09              0    5.63892e-11
   10380   9.608    3.41505e-09    9.15221e-09              0    5.73716e-11
   10380   9.609    3.47399e-09    9.31016e-09              0    5.83617e-11
   10380    9.61    3.53339e-09    9.46937e-09              0    5.93597e-11
   10380   9.611    3.59329e-09    9.62988e-09              0     6.0366e-11
   10380   9.612     3.6537e-09     9.7918e-09              0    6.13809e-11
   10380   9.613    3.71466e-09    9.95515e-09              0    6.24049e-11
   10380   9.614    3.77617e-09      1.012e-08              0    6.34384e-11
   10380   9.615    3.83827e-09    1.02864e-08              0    6.44815e-11
   10380   9.616    3.90097e-09    1.04545e-08              0    6.55349e-11
   10380   9.617    3.96432e-09    1.06242e-08              0    6.65992e-11
   10380   9.618    4.02832e-09    1.07958e-08              0    6.76744e-11
   10380   9.619    4.09303e-09    1.09692e-08              0    6.87614e-11
   10380    9.62    4.15844e-09    1.11445e-08              0    6.98603e-11
   10380   9.621     4.2246e-09    1.13218e-08              0    7.09717e-11
   10380   9.622    4.29154e-09    1.15012e-08              0    7.20963e-11
   10380   9.623    4.35926e-09    1.16827e-08              0    7.32341e-11
   10380   9.624    4.42782e-09    1.18664e-08              0    7.43859e-11
   10380   9.625    4.49724e-09    1.20524e-08              0     7.5552e-11
   10380   9.626    4.56753e-09    1.22408e-08              0    7.67328e-11
   10380   9.627    4.63872e-09    1.24316e-08              0    7.79289e-11
   10380   9.628    4.71084e-09    1.26249e-08              0    7.91404e-11
   10380   9.629    4.78391e-09    1.28207e-08              0     8.0368e-11
   10380    9.63    4.85794e-09    1.30191e-08              0    8.16117e-11
   10380   9.631    4.93298e-09    1.32202e-08              0    8.28722e-11
   10380   9.632    5.00903e-09     1.3424e-08              0    8.41499e-11
   10380   9.633    5.08611e-09    1.36306e-08              0    8.54448e-11
   10380   9.634    5.16425e-09      1.384e-08              0    8.67575e-11
   10380   9.635    5.24344e-09    1.40522e-08              0     8.8088e-11
   10380   9.636    5.32374e-09    1.42674e-08              0     8.9437e-11
   10380   9.637    5.40514e-09    1.44856e-08              0    9.08044e-11
   10380   9.638    5.48765e-09    1.47067e-08              0    9.21906e-11
   10380   9.639    5.57131e-09    1.49309e-08              0     9.3596e-11
   10380    9.64    5.65611e-09    1.51582e-08              0    9.50206e-11
   10380   9.641    5.74207e-09    1.53886e-08              0    9.64648e-11
   10380   9.642     5.8292e-09    1.56221e-08              0    9.79286e-11
   10380   9.643    5.91752e-09    1.58588e-08              0    9.94123e-11
   10380   9.644    6.00704e-09    1.60987e-08              0    1.00916e-10
   10380   9.645    6.09776e-09    1.63418e-08              0     1.0244e-10
   10380   9.646    6.18971e-09    1.65882e-08              0    1.03985e-10
   10380   9.647    6.28286e-09    1.68379e-08              0     1.0555e-10
   10380   9.648    6.37727e-09    1.70909e-08              0    1.07136e-10
   10380   9.649     6.4729e-09    1.73471e-08              0    1.08742e-10
   10380    9.65    6.56979e-09    1.76068e-08              0     1.1037e-10
   10380   9.651    6.66794e-09    1.78698e-08              0    1.12019e-10
   10380   9.652    6.76734e-09    1.81362e-08              0    1.13689e-10
   10380   9.653    6.86801e-09     1.8406e-08              0     1.1538e-10
   10380   9.654    6.96996e-09    1.86792e-08              0    1.17093e-10
   10380   9.655    7.07319e-09    1.89559e-08              0    1.18827e-10
   10380   9.656    7.17771e-09     1.9236e-08              0    1.20583e-10
   10380   9.657    7.28352e-09    1.95196e-08              0     1.2236e-10
   10380   9.658    7.39062e-09    1.98066e-08              0     1.2416e-10
   10380   9.659    7.49902e-09    2.00971e-08              0    1.25981e-10
   10380    9.66    7.60872e-09    2.03911e-08              0    1.27824e-10
   10380   9.661    7.71974e-09    2.06886e-08              0    1.29689e-10
   10380   9.662    7.83207e-09    2.09897e-08              0    1.31576e-10
   10380   9.663    7.94571e-09    2.12942e-08              0    1.33485e-10
   10380   9.664    8.06068e-09    2.16023e-08              0    1.35416e-10
   10380   9.665    8.17696e-09     2.1914e-08              0     1.3737e-10
   10380   9.666    8.29457e-09    2.22292e-08              0    1.39346e-10
   10380   9.667    8.41351e-09    2.25479e-08              0    1.41344e-10
   10380   9.668    8.53379e-09    2.28702e-08              0    1.43365e-10
   10380   9.669    8.65539e-09    2.31961e-08              0    1.45407e-10
   10380    9.67    8.77834e-09    2.35256e-08              0    1.47473e-10
   10380   9.671    8.90262e-09    2.38587e-08              0    1.49561e-10
   10380   9.672    9.02826e-09    2.41954e-08              0    1.51671e-10
   10380   9.673    9.15523e-09    2.45357e-08              0    1.53805e-10
   10380   9.674    9.28356e-09    2.48796e-08              0     1.5596e-10
   10380   9.675    9.41324e-09    2.52271e-08              0    1.58139e-10
   10380   9.676    9.54427e-09    2.55783e-08              0     1.6034e-10
   10380   9.677    9.67666e-09    2.59331e-08              0    1.62564e-10
   10380   9.678    9.81041e-09    2.62915e-08              0    1.64811e-10
   10380   9.679    9.94552e-09    2.66536e-08              0    1.67081e-10
   10380    9.68     1.0082e-08    2.70193e-08              0    1.69374e-10
   10380   9.681    1.02199e-08    2.73888e-08              0     1.7169e-10
   10380   9.682     1.0359e-08    2.77618e-08              0    1.74028e-10
   10380   9.683    1.04996e-08    2.81385e-08              0    1.76389e-10
   10380   9.684    1.06416e-08     2.8519e-08              0    1.78775e-10
   10380   9.685    1.07849e-08    2.89032e-08              0    1.81183e-10
   10380   9.686    1.09296e-08     2.9291e-08              0    1.83613e-10
   10380   9.687    1.10757e-08    2.96824e-08              0    1.86067e-10
   10380   9.688    1.12232e-08    3.00779e-08              0    1.88546e-10
   10380   9.689    1.13721e-08    3.04768e-08              0    1.91047e-10
   10380    9.69    1.15223e-08    3.08793e-08              0     1.9357e-10
   10380   9.691    1.16739e-08    3.12857e-08              0    1.96118e-10
   10380   9.692     1.1827e-08    3.16959e-08              0    1.98689e-10
   10380   9.693    1.19815e-08    3.21099e-08              0    2.01284e-10
   10380   9.694    1.21372e-08    3.25273e-08              0    2.03901e-10
   10380   9.695    1.22945e-08    3.29487e-08              0    2.06543e-10
   10380   9.696    1.24531e-08    3.33739e-08              0    2.09208e-10
   10380   9.697    1.26131e-08    3.38026e-08              0    2.11895e-10
   10380   9.698    1.27745e-08    3.42353e-08              0    2.14608e-10
   10380   9.699    1.29374e-08    3.46717e-08              0    2.17343e-10
   10380     9.7    1.31016e-08    3.51119e-08              0    2.20103e-10
   10380   9.701    1.32673e-08    3.55559e-08              0    2.22886e-10
   10380   9.702    1.34344e-08    3.60038e-08              0    2.25694e-10
   10380   9.703    1.36029e-08    3.64552e-08              0    2.28524e-10
   10380   9.704    1.37728e-08    3.69107e-08              0    2.31379e-10
   10380   9.705    1.39442e-08    3.73699e-08              0    2.34257e-10
   10380   9.706     1.4117e-08    3.78331e-08              0    2.37161e-10
   10380   9.707    1.42912e-08    3.82998e-08              0    2.40086e-10
   10380   9.708    1.44668e-08    3.87705e-08              0    2.43037e-10
   10380   9.709    1.46438e-08     3.9245e-08              0    2.46011e-10
   10380    9.71    1.48224e-08    3.97235e-08              0    2.49011e-10
   10380   9.711    1.50023e-08    4.02057e-08              0    2.52034e-10
   10380   9.712    1.51838e-08    4.06919e-08              0    2.55082e-10
   10380   9.713    1.53666e-08    4.11819e-08              0    2.58153e-10
   10380   9.714    1.55508e-08    4.16756e-08              0    2.61248e-10
   10380   9.715    1.57366e-08    4.21734e-08              0    2.64368e-10
   10380   9.716    1.59237e-08    4.26749e-08              0    2.67512e-10
   10380   9.717    1.61123e-08    4.31804e-08              0    2.70681e-10
   10380   9.718    1.63024e-08      4.369e-08              0    2.73875e-10
   10380   9.719     1.6494e-08    4.42032e-08              0    2.77093e-10
   10380    9.72    1.66869e-08    4.47203e-08              0    2.80334e-10
   10380   9.721    1.68814e-08    4.52416e-08              0    2.83602e-10
   10380   9.722    1.70773e-08    4.57667e-08              0    2.86893e-10
   10380   9.723    1.72747e-08    4.62955e-08              0    2.90208e-10
   10380   9.724    1.74736e-08    4.68286e-08              0     2.9355e-10
   10380   9.725    1.76739e-08    4.73654e-08              0    2.96915e-10
   10380   9.726    1.78757e-08    4.79063e-08              0    3.00306e-10
   10380   9.727    1.80789e-08    4.84509e-08              0     3.0372e-10
   10380   9.728    1.82838e-08    4.89998e-08              0     3.0716e-10
   10380   9.729      1.849e-08    4.95524e-08              0    3.10625e-10
   10380    9.73    1.86977e-08    5.01091e-08              0    3.14114e-10
   10380   9.731    1.89069e-08    5.06698e-08              0    3.17629e-10
   10380   9.732    1.91176e-08    5.12345e-08              0    3.21169e-10
   10380   9.733    1.93297e-08    5.18029e-08              0    3.24732e-10
   10380   9.734    1.95434e-08    5.23756e-08              0    3.28322e-10
   10380   9.735    1.97586e-08    5.29524e-08              0    3.31937e-10
   10380   9.736    1.99752e-08    5.35329e-08              0    3.35576e-10
   10380   9.737    2.01934e-08    5.41176e-08              0    3.39242e-10
   10380   9.738    2.04131e-08    5.47064e-08              0    3.42933e-10
   10380   9.739    2.06343e-08    5.52992e-08              0    3.46649e-10
   10380    9.74    2.08569e-08    5.58958e-08              0    3.50389e-10
   10380   9.741    2.10811e-08    5.64966e-08              0    3.54155e-10
   10380   9.742    2.13068e-08    5.71015e-08              0    3.57947e-10
   10380   9.743    2.15341e-08    5.77106e-08              0    3.61765e-10
   10380   9.744    2.17628e-08    5.83235e-08              0    3.65607e-10
   10380   9.745    2.19931e-08    5.89407e-08              0    3.69476e-10
   10380   9.746    2.22248e-08    5.95616e-08              0    3.73368e-10
   10380   9.747    2.24581e-08    6.01868e-08              0    3.77287e-10
   10380   9.748     2.2693e-08    6.08163e-08              0    3.81233e-10
   10380   9.749    2.29292e-08    6.14495e-08              0    3.85203e-10
   10380    9.75    2.31671e-08    6.20871e-08              0    3.89199e-10
   10380   9.751    2.34065e-08    6.27286e-08              0    3.93221e-10
   10380   9.752    2.36475e-08    6.33744e-08              0    3.97269e-10
   10380   9.753      2.389e-08    6.40243e-08              0    4.01343e-10
   10380   9.754     2.4134e-08    6.46781e-08              0    4.05442e-10
   10380   9.755    2.43795e-08    6.53363e-08              0    4.09567e-10
   10380   9.756    2.46266e-08    6.59984e-08              0    4.13718e-10
   10380   9.757    2.48753e-08    6.66648e-08              0    4.17896e-10
   10380   9.758    2.51255e-08    6.73353e-08              0    4.22098e-10
   10380   9.759    2.53772e-08      6.801e-08              0    4.26328e-10
   10380    9.76    2.56305e-08    6.86888e-08              0    4.30583e-10
   10380   9.761    2.58853e-08    6.93716e-08              0    4.34863e-10
   10380   9.762    2.61417e-08    7.00589e-08              0    4.39172e-10
   10380   9.763    2.63997e-08    7.07502e-08              0    4.43505e-10
   10380   9.764    2.66592e-08    7.14456e-08              0    4.47864e-10
   10380   9.765    2.69202e-08    7.21452e-08              0     4.5225e-10
   10380   9.766    2.71829e-08    7.28492e-08              0    4.56663e-10
   10380   9.767    2.74471e-08    7.35571e-08              0      4.611e-10
   10380   9.768    2.77128e-08    7.42693e-08              0    4.65565e-10
   10380   9.769    2.79802e-08    7.49858e-08              0    4.70057e-10
   10380    9.77    2.82491e-08    7.57066e-08              0    4.74575e-10
   10380   9.771    2.85196e-08    7.64314e-08              0    4.79118e-10
   10380   9.772    2.87916e-08    7.71605e-08              0    4.83689e-10
   10380   9.773    2.90653e-08    7.78939e-08              0    4.88286e-10
   10380   9.774    2.93405e-08    7.86316e-08              0     4.9291e-10
   10380   9.775    2.96173e-08    7.93732e-08              0    4.97559e-10
   10380   9.776    2.98957e-08    8.01195e-08              0    5.02237e-10
   10380   9.777    3.01757e-08    8.08697e-08              0     5.0694e-10
   10380   9.778    3.04572e-08    8.16243e-08              0     5.1167e-10
   10380   9.779    3.07404e-08    8.23831e-08              0    5.16427e-10
   10380    9.78    3.10251e-08    8.31462e-08              0     5.2121e-10
   10380   9.781    3.13115e-08    8.39135e-08              0    5.26021e-10
   10380   9.782    3.15994e-08    8.46852e-08              0    5.30858e-10
   10380   9.783    3.18888e-08    8.54609e-08              0    5.35721e-10
   10380   9.784      3.218e-08    8.62411e-08              0    5.40612e-10
   10380   9.785    3.24727e-08    8.70256e-08              0    5.45529e-10
   10380   9.786     3.2767e-08    8.78145e-08              0    5.50474e-10
   10380   9.787     3.3063e-08    8.86075e-08              0    5.55446e-10
   10380   9.788    3.33605e-08    8.94049e-08              0    5.60444e-10
   10380   9.789    3.36596e-08    9.02066e-08              0    5.65469e-10
   10380    9.79    3.39604e-08    9.10125e-08              0    5.70521e-10
   10380   9.791    3.42628e-08     9.1823e-08              0    5.75602e-10
   10380   9.792    3.45667e-08    9.26375e-08              0    5.80708e-10
   10380   9.793    3.48723e-08    9.34566e-08              0    5.85842e-10
   10380   9.794    3.51796e-08    9.42799e-08              0    5.91003e-10
   10380   9.795    3.54884e-08    9.51075e-08              0    5.96191e-10
   10380   9.796    3.57988e-08    9.59394e-08              0    6.01406e-10
   10380   9.797    3.61109e-08    9.67759e-08              0     6.0665e-10
   10380   9.798    3.64245e-08    9.76164e-08              0    6.11918e-10
   10380   9.799    3.67399e-08    9.84614e-08              0    6.17216e-10
   10380     9.8    3.70569e-08     9.9311e-08              0    6.22541e-10
   10380   9.801    3.73754e-08    1.00165e-07              0    6.27892e-10
   10380   9.802    3.76956e-08    1.01023e-07              0    6.33272e-10
   10380   9.803    3.80175e-08    1.01885e-07              0     6.3868e-10
   10380   9.804    3.83409e-08    1.02752e-07              0    6.44113e-10
   10380   9.805     3.8666e-08    1.03623e-07              0    6.49574e-10
   10380   9.806    3.89928e-08    1.04499e-07              0    6.55064e-10
   10380   9.807    3.93211e-08    1.05379e-07              0     6.6058e-10
   10380   9.808    3.96512e-08    1.06264e-07              0    6.66125e-10
   10380   9.809    3.99828e-08    1.07152e-07              0    6.71696e-10
   10380    9.81    4.03161e-08    1.08046e-07              0    6.77295e-10
   10380   9.811    4.06511e-08    1.08943e-07              0    6.82923e-10
   10380   9.812    4.09877e-08    1.09846e-07              0    6.88578e-10
   10380   9.813    4.13259e-08    1.10752e-07              0    6.94259e-10
   10380   9.814    4.16659e-08    1.11663e-07              0    6.99971e-10
   10380   9.815    4.20074e-08    1.12578e-07              0    7.05708e-10
   10380   9.816    4.23506e-08    1.13498e-07              0    7.11474e-10
   10380   9.817    4.26955e-08    1.14422e-07              0    7.17268e-10
   10380   9.818    4.30419e-08    1.15351e-07              0    7.23088e-10
   10380   9.819    4.33901e-08    1.16284e-07              0    7.28938e-10
   10380    9.82      4.374e-08    1.17222e-07              0    7.34816e-10
   10380   9.821    4.40915e-08    1.18164e-07              0     7.4072e-10
   10380   9.822    4.44446e-08     1.1911e-07              0    7.46652e-10
   10380   9.823    4.47995e-08    1.20061e-07              0    7.52614e-10
   10380   9.824    4.51559e-08    1.21016e-07              0    7.58603e-10
   10380   9.825    4.55141e-08    1.21976e-07              0     7.6462e-10
   10380   9.826    4.58739e-08     1.2294e-07              0    7.70664e-10
   10380   9.827    4.62354e-08    1.23909e-07              0    7.76736e-10
   10380   9.828    4.65985e-08    1.24882e-07              0    7.82838e-10
   10380   9.829    4.69634e-08     1.2586e-07              0    7.88967e-10
   10380    9.83    4.73299e-08    1.26842e-07              0    7.95124e-10
   10380   9.831     4.7698e-08    1.27829e-07              0    8.01309e-10
   10380   9.832    4.80679e-08     1.2882e-07              0    8.07522e-10
   10380   9.833    4.84395e-08    1.29816e-07              0    8.13764e-10
   10380   9.834    4.88126e-08    1.30816e-07              0    8.20033e-10
   10380   9.835    4.91876e-08    1.31821e-07              0    8.26333e-10
   10380   9.836    4.95641e-08     1.3283e-07              0    8.32659e-10
   10380   9.837    4.99424e-08    1.33844e-07              0    8.39013e-10
   10380   9.838    5.03224e-08    1.34862e-07              0    8.45396e-10
   10380   9.839     5.0704e-08    1.35885e-07              0    8.51808e-10
   10380    9.84    5.10873e-08    1.36912e-07              0    8.58247e-10
   10380   9.841    5.14723e-08    1.37944e-07              0    8.64715e-10
   10380   9.842    5.18591e-08     1.3898e-07              0    8.71212e-10
   10380   9.843    5.22474e-08    1.40021e-07              0    8.77737e-10
   10380   9.844    5.26375e-08    1.41066e-07              0    8.84289e-10
   10380   9.845    5.30293e-08    1.42117e-07              0    8.90872e-10
   10380   9.846    5.34228e-08    1.43171e-07              0    8.97482e-10
   10380   9.847     5.3818e-08     1.4423e-07              0    9.04122e-10
   10380   9.848    5.42148e-08    1.45294e-07              0    9.10788e-10
   10380   9.849    5.46134e-08    1.46362e-07              0    9.17484e-10
   10380    9.85    5.50137e-08    1.47435e-07              0    9.24209e-10
   10380   9.851    5.54156e-08    1.48512e-07              0    9.30962e-10
   10380   9.852    5.58194e-08    1.49594e-07              0    9.37744e-10
   10380   9.853    5.62248e-08     1.5068e-07              0    9.44555e-10
   10380   9.854    5.66318e-08    1.51771e-07              0    9.51393e-10
   10380   9.855    5.70407e-08    1.52867e-07              0    9.58261e-10
   10380   9.856    5.74512e-08    1.53967e-07              0    9.65158e-10
   10380   9.857    5.78634e-08    1.55072e-07              0    9.72083e-10
   10380   9.858    5.82774e-08    1.56181e-07              0    9.79037e-10
   10380   9.859    5.86931e-08    1.57295e-07              0    9.86021e-10
   10380    9.86    5.91104e-08    1.58414e-07              0    9.93032e-10
   10380   9.861    5.95295e-08    1.59537e-07              0    1.00007e-09
   10380   9.862    5.99503e-08    1.60665e-07              0    1.00714e-09
   10380   9.863    6.03729e-08    1.61797e-07              0    1.01424e-09
   10380   9.864    6.07971e-08    1.62934e-07              0    1.02137e-09
   10380   9.865    6.12231e-08    1.64076e-07              0    1.02852e-09
   10380   9.866    6.16508e-08    1.65222e-07              0    1.03571e-09
   10380   9.867    6.20802e-08    1.66373e-07              0    1.04292e-09
   10380   9.868    6.25113e-08    1.67528e-07              0    1.05017e-09
   10380   9.869    6.29442e-08    1.68688e-07              0    1.05744e-09
   10380    9.87    6.33788e-08    1.69853e-07              0    1.06474e-09
   10380   9.871    6.38151e-08    1.71022e-07              0    1.07207e-09
   10380   9.872    6.42532e-08    1.72196e-07              0    1.07943e-09
   10380   9.873     6.4693e-08    1.73375e-07              0    1.08682e-09
   10380   9.874    6.51346e-08    1.74558e-07              0    1.09424e-09
   10380   9.875    6.55778e-08    1.75746e-07              0    1.10168e-09
   10380   9.876    6.60228e-08    1.76938e-07              0    1.10916e-09
   10380   9.877    6.64695e-08    1.78136e-07              0    1.11666e-09
   10380   9.878    6.69179e-08    1.79337e-07              0     1.1242e-09
   10380   9.879    6.73682e-08    1.80544e-07              0    1.13176e-09
   10380    9.88    6.78201e-08    1.81755e-07              0    1.13935e-09
   10380   9.881    6.82739e-08    1.82971e-07              0    1.14698e-09
   10380   9.882    6.87293e-08    1.84192e-07              0    1.15463e-09
   10380   9.883    6.91865e-08    1.85417e-07              0    1.16231e-09
   10380   9.884    6.96455e-08    1.86647e-07              0    1.17002e-09
   10380   9.885    7.01062e-08    1.87882e-07              0    1.17776e-09
   10380   9.886    7.05685e-08    1.89121e-07              0    1.18552e-09
   10380   9.887    7.10328e-08    1.90365e-07              0    1.19332e-09
   10380   9.888    7.14987e-08    1.91614e-07              0    1.20115e-09
   10380   9.889    7.19664e-08    1.92867e-07              0    1.20901e-09
   10380    9.89    7.24358e-08    1.94125e-07              0    1.21689e-09
   10380   9.891    7.29071e-08    1.95388e-07              0    1.22481e-09
   10380   9.892    7.33801e-08    1.96656e-07              0    1.23276e-09
   10380   9.893    7.38548e-08    1.97928e-07              0    1.24073e-09
   10380   9.894    7.43312e-08    1.99205e-07              0    1.24874e-09
   10380   9.895    7.48095e-08    2.00487e-07              0    1.25677e-09
   10380   9.896    7.52896e-08    2.01773e-07              0    1.26484e-09
   10380   9.897    7.57713e-08    2.03064e-07              0    1.27293e-09
   10380   9.898    7.62549e-08     2.0436e-07              0    1.28105e-09
   10380   9.899    7.67403e-08    2.05661e-07              0    1.28921e-09
   10380     9.9    7.72273e-08    2.06966e-07              0    1.29739e-09
   10380   9.901    7.77162e-08    2.08276e-07              0     1.3056e-09
   10380   9.902    7.82068e-08    2.09591e-07              0    1.31384e-09
   10380   9.903    7.86992e-08    2.10911e-07              0    1.32212e-09
   10380   9.904    7.91934e-08    2.12235e-07              0    1.33042e-09
   10380   9.905    7.96894e-08    2.13564e-07              0    1.33875e-09
   10380   9.906    8.01871e-08    2.14898e-07              0    1.34711e-09
   10380   9.907    8.06867e-08    2.16237e-07              0     1.3555e-09
   10380   9.908    8.11879e-08     2.1758e-07              0    1.36393e-09
   10380   9.909    8.16911e-08    2.18929e-07              0    1.37238e-09
   10380    9.91    8.21959e-08    2.20282e-07              0    1.38086e-09
   10380   9.911    8.27026e-08     2.2164e-07              0    1.38937e-09
   10380   9.912     8.3211e-08    2.23002e-07              0    1.39791e-09
   10380   9.913    8.37212e-08     2.2437e-07              0    1.40648e-09
   10380   9.914    8.42333e-08    2.25742e-07              0    1.41509e-09
   10380   9.915    8.47471e-08    2.27119e-07              0    1.42372e-09
   10380   9.916    8.52627e-08    2.28501e-07              0    1.43238e-09
   10380   9.917    8.57802e-08    2.29887e-07              0    1.44107e-09
   10380   9.918    8.62994e-08    2.31279e-07              0     1.4498e-09
   10380   9.919    8.68204e-08    2.32675e-07              0    1.45855e-09
   10380    9.92    8.73433e-08    2.34076e-07              0    1.46733e-09
   10380   9.921    8.78679e-08    2.35482e-07              0    1.47615e-09
   10380   9.922    8.83943e-08    2.36893e-07              0    1.48499e-09
   10380   9.923    8.89225e-08    2.38309e-07              0    1.49386e-09
   10380   9.924    8.94525e-08    2.39729e-07              0    1.50277e-09
   10380   9.925    8.99845e-08    2.41155e-07              0     1.5117e-09
   10380   9.926    9.05181e-08    2.42585e-07              0    1.52067e-09
   10380   9.927    9.10536e-08     2.4402e-07              0    1.52966e-09
   10380   9.928    9.15909e-08     2.4546e-07              0    1.53869e-09
   10380   9.929      9.213e-08    2.46905e-07              0    1.54775e-09
   10380    9.93    9.26709e-08    2.48354e-07              0    1.55684e-09
   10380   9.931    9.32137e-08    2.49809e-07              0    1.56595e-09
   10380   9.932    9.37583e-08    2.51269e-07              0     1.5751e-09
   10380   9.933    9.43048e-08    2.52733e-07              0    1.58428e-09
   10380   9.934     9.4853e-08    2.54202e-07              0    1.59349e-09
   10380   9.935    9.54031e-08    2.55676e-07              0    1.60273e-09
   10380   9.936     9.5955e-08    2.57156e-07              0    1.61201e-09
   10380   9.937    9.65088e-08     2.5864e-07              0    1.62131e-09
   10380   9.938    9.70644e-08    2.60129e-07              0    1.63064e-09
   10380   9.939    9.76218e-08    2.61622e-07              0    1.64001e-09
   10380    9.94    9.81809e-08    2.63121e-07              0     1.6494e-09
   10380   9.941    9.87421e-08    2.64625e-07              0    1.65883e-09
   10380   9.942     9.9305e-08    2.66134e-07              0    1.66829e-09
   10380   9.943    9.98698e-08    2.67647e-07              0    1.67777e-09
   10380   9.944    1.00436e-07    2.69165e-07              0    1.68729e-09
   10380   9.945    1.01005e-07    2.70688e-07              0    1.69684e-09
   10380   9.946    1.01575e-07    2.72217e-07              0    1.70642e-09
   10380   9.947    1.02148e-07    2.73751e-07              0    1.71604e-09
   10380   9.948    1.02722e-07    2.75291e-07              0    1.72569e-09
   10380   9.949    1.03298e-07    2.76833e-07              0    1.73536e-09
   10380    9.95    1.03875e-07    2.78381e-07              0    1.74506e-09
   10380   9.951    1.04455e-07    2.79937e-07              0    1.75481e-09
   10380   9.952    1.05037e-07    2.81495e-07              0    1.76458e-09
   10380   9.953     1.0562e-07    2.83059e-07              0    1.77438e-09
   10380   9.954    1.06205e-07    2.84625e-07              0     1.7842e-09
   10380   9.955    1.06792e-07    2.86199e-07              0    1.79407e-09
   10380   9.956    1.07382e-07    2.87779e-07              0    1.80397e-09
   10380   9.957    1.07972e-07    2.89361e-07              0    1.81389e-09
   10380   9.958    1.08565e-07    2.90949e-07              0    1.82384e-09
   10380   9.959     1.0916e-07    2.92545e-07              0    1.83385e-09
   10380    9.96    1.09757e-07    2.94144e-07              0    1.84387e-09
   10380   9.961    1.10355e-07    2.95747e-07              0    1.85392e-09
   10380   9.962    1.10956e-07    2.97357e-07              0    1.86401e-09
   10380   9.963    1.11557e-07    2.98968e-07              0    1.87411e-09
   10380   9.964    1.12161e-07    3.00588e-07              0    1.88427e-09
   10380   9.965    1.12768e-07    3.02214e-07              0    1.89446e-09
   10380   9.966    1.13375e-07    3.03842e-07              0    1.90466e-09
   10380   9.967    1.13986e-07    3.05478e-07              0    1.91492e-09
   10380   9.968    1.14597e-07    3.07116e-07              0    1.92519e-09
   10380   9.969    1.15211e-07     3.0876e-07              0    1.93549e-09
   10380    9.97    1.15827e-07    3.10412e-07              0    1.94585e-09
   10380   9.971    1.16445e-07    3.12067e-07              0    1.95622e-09
   10380   9.972    1.17064e-07    3.13727e-07              0    1.96663e-09
   10380   9.973    1.17685e-07    3.15392e-07              0    1.97707e-09
   10380   9.974    1.18309e-07    3.17063e-07              0    1.98754e-09
   10380   9.975    1.18933e-07    3.18737e-07              0    1.99803e-09
   10380   9.976    1.19561e-07    3.20418e-07              0    2.00857e-09
   10380   9.977     1.2019e-07    3.22105e-07              0    2.01915e-09
   10380   9.978    1.20822e-07    3.23797e-07              0    2.02976e-09
   10380   9.979    1.21454e-07    3.25492e-07              0    2.04038e-09
   10380    9.98     1.2209e-07    3.27195e-07              0    2.05105e-09
   10380   9.981    1.22726e-07    3.28901e-07              0    2.06175e-09
   10380   9.982    1.23365e-07    3.30614e-07              0    2.07249e-09
   10380   9.983    1.24007e-07    3.32333e-07              0    2.08326e-09
   10380   9.984    1.24649e-07    3.34055e-07              0    2.09406e-09
   10380   9.985    1.25294e-07    3.35782e-07              0    2.10488e-09
   10380   9.986    1.25941e-07    3.37517e-07              0    2.11576e-09
   10380   9.987    1.26589e-07    3.39255e-07              0    2.12665e-09
   10380   9.988    1.27241e-07       3.41e-07              0     2.1376e-09
   10380   9.989    1.27893e-07    3.42749e-07              0    2.14856e-09
   10380    9.99    1.28548e-07    3.44503e-07              0    2.15955e-09
   10380   9.991    1.29205e-07    3.46264e-07              0    2.17059e-09
   10380   9.992    1.29863e-07    3.48029e-07              0    2.18165e-09
   10380   9.993    1.30524e-07    3.49799e-07              0    2.19275e-09
   10380   9.994    1.31187e-07    3.51577e-07              0    2.20389e-09
   10380   9.995    1.31852e-07    3.53357e-07              0    2.21506e-09
   10380   9.996    1.32519e-07    3.55146e-07              0    2.22627e-09
   10380   9.997    1.33187e-07    3.56937e-07              0     2.2375e-09
   10380   9.998    1.33859e-07    3.58736e-07              0    2.24878e-09
   10380   9.999    1.34531e-07    3.60538e-07              0    2.26007e-09
   10380      10    1.35207e-07    3.62348e-07              0    2.27142e-09
   10380  10.001    1.35883e-07    3.64161e-07              0    2.28278e-09
   10380  10.002    1.36562e-07    3.65982e-07              0    2.29419e-09
   10380  10.003    1.37244e-07    3.67808e-07              0    2.30564e-09
   10380  10.004    1.37927e-07    3.69639e-07              0    2.31712e-09
   10380  10.005    1.38612e-07    3.71473e-07              0    2.32862e-09
   10380  10.006    1.39299e-07    3.73316e-07              0    2.34017e-09
   10380  10.007    1.39988e-07    3.75163e-07              0    2.35175e-09
   10380  10.008     1.4068e-07    3.77016e-07              0    2.36336e-09
   10380  10.009    1.41374e-07    3.78877e-07              0    2.37503e-09
   10380   10.01    1.42069e-07     3.8074e-07              0    2.38671e-09
   10380  10.011    1.42767e-07    3.82609e-07              0    2.39842e-09
   10380  10.012    1.43467e-07    3.84486e-07              0    2.41019e-09
   10380  10.013    1.44169e-07    3.86366e-07              0    2.42197e-09
   10380  10.014    1.44873e-07    3.88253e-07              0    2.43381e-09
   10380  10.015    1.45579e-07    3.90147e-07              0    2.44567e-09
   10380  10.016    1.46288e-07    3.92045e-07              0    2.45757e-09
   10380  10.017    1.46998e-07    3.93949e-07              0    2.46951e-09
   10380  10.018     1.4771e-07    3.95858e-07              0    2.48147e-09
   10380  10.019    1.48425e-07    3.97772e-07              0    2.49347e-09
   10380   10.02    1.49142e-07    3.99695e-07              0    2.50553e-09
   10380  10.021    1.49861e-07    4.01622e-07              0    2.51761e-09
   10380  10.022    1.50582e-07    4.03553e-07              0    2.52971e-09
   10380  10.023    1.51305e-07    4.05491e-07              0    2.54186e-09
   10380  10.024    1.52031e-07    4.07438e-07              0    2.55407e-09
   10380  10.025    1.52759e-07    4.09387e-07              0    2.56629e-09
   10380  10.026    1.53489e-07    4.11345e-07              0    2.57855e-09
   10380  10.027     1.5422e-07    4.13305e-07              0    2.59084e-09
   10380  10.028    1.54955e-07    4.15272e-07              0    2.60318e-09
   10380  10.029    1.55692e-07    4.17249e-07              0    2.61556e-09
   10380   10.03     1.5643e-07    4.19227e-07              0    2.62797e-09
   10380  10.031    1.57172e-07    4.21214e-07              0    2.64042e-09
   10380  10.032    1.57915e-07    4.23206e-07              0    2.65291e-09
   10380  10.033     1.5866e-07    4.25203e-07              0    2.66543e-09
   10380  10.034    1.59408e-07    4.27206e-07              0    2.67799e-09
   10380  10.035    1.60158e-07    4.29217e-07              0    2.69059e-09
   10380  10.036     1.6091e-07    4.31233e-07              0    2.70323e-09
   10380  10.037    1.61665e-07    4.33255e-07              0     2.7159e-09
   10380  10.038    1.62422e-07    4.35284e-07              0    2.72862e-09
   10380  10.039    1.63181e-07    4.37319e-07              0    2.74138e-09
   10380   10.04    1.63943e-07     4.3936e-07              0    2.75417e-09
   10380  10.041    1.64706e-07    4.41405e-07              0    2.76699e-09
   10380  10.042    1.65472e-07    4.43459e-07              0    2.77987e-09
   10380  10.043    1.66241e-07    4.45518e-07              0    2.79277e-09
   10380  10.044    1.67012e-07    4.47585e-07              0    2.80573e-09
   10380  10.045    1.67784e-07    4.49655e-07              0    2.81871e-09
   10380  10.046     1.6856e-07    4.51735e-07              0    2.83175e-09
   10380  10.047    1.69338e-07    4.53818e-07              0    2.84481e-09
   10380  10.048    1.70118e-07    4.55909e-07              0    2.85791e-09
   10380  10.049      1.709e-07    4.58006e-07              0    2.87106e-09
   10380   10.05    1.71686e-07     4.6011e-07              0    2.88425e-09
   10380  10.051    1.72473e-07     4.6222e-07              0    2.89747e-09
   10380  10.052    1.73263e-07    4.64338e-07              0    2.91075e-09
   10380  10.053    1.74055e-07    4.66462e-07              0    2.92406e-09
   10380  10.054     1.7485e-07     4.6859e-07              0     2.9374e-09
   10380  10.055    1.75647e-07    4.70727e-07              0     2.9508e-09
   10380  10.056    1.76446e-07    4.72869e-07              0    2.96423e-09
   10380  10.057    1.77249e-07    4.75019e-07              0     2.9777e-09
   10380  10.058    1.78053e-07    4.77174e-07              0    2.99122e-09
   10380  10.059     1.7886e-07    4.79338e-07              0    3.00478e-09
   10380   10.06     1.7967e-07    4.81509e-07              0    3.01839e-09
   10380  10.061    1.80482e-07    4.83683e-07              0    3.03202e-09
   10380  10.062    1.81297e-07    4.85868e-07              0    3.04571e-09
   10380  10.063    1.82114e-07    4.88059e-07              0    3.05944e-09
   10380  10.064    1.82933e-07    4.90254e-07              0    3.07321e-09
   10380  10.065    1.83756e-07    4.92458e-07              0    3.08702e-09
   10380  10.066    1.84581e-07    4.94669e-07              0    3.10088e-09
   10380  10.067    1.85408e-07    4.96886e-07              0    3.11478e-09
   10380  10.068    1.86238e-07    4.99111e-07              0    3.12873e-09
   10380  10.069    1.87071e-07    5.01342e-07              0    3.14271e-09
   10380   10.07    1.87907e-07    5.03583e-07              0    3.15676e-09
   10380  10.071    1.88744e-07    5.05827e-07              0    3.17082e-09
   10380  10.072    1.89585e-07    5.08081e-07              0    3.18496e-09
   10380  10.073    1.90429e-07    5.10341e-07              0    3.19912e-09
   10380  10.074    1.91275e-07    5.12609e-07              0    3.21334e-09
   10380  10.075    1.92123e-07    5.14882e-07              0    3.22759e-09
   10380  10.076    1.92974e-07    5.17163e-07              0    3.24189e-09
   10380  10.077    1.93829e-07    5.19453e-07              0    3.25624e-09
   10380  10.078    1.94686e-07     5.2175e-07              0    3.27064e-09
   10380  10.079    1.95546e-07    5.24055e-07              0    3.28509e-09
   10380   10.08    1.96408e-07    5.26366e-07              0    3.29958e-09
   10380  10.081    1.97273e-07    5.28685e-07              0    3.31411e-09
   10380  10.082    1.98142e-07    5.31012e-07              0     3.3287e-09
   10380  10.083    1.99013e-07    5.33346e-07              0    3.34333e-09
   10380  10.084    1.99886e-07    5.35687e-07              0      3.358e-09
   10380  10.085    2.00763e-07    5.38037e-07              0    3.37274e-09
   10380  10.086    2.01643e-07    5.40394e-07              0    3.38751e-09
   10380  10.087    2.02526e-07    5.42761e-07              0    3.40235e-09
   10380  10.088    2.03411e-07    5.45133e-07              0    3.41722e-09
   10380  10.089    2.04299e-07    5.47513e-07              0    3.43214e-09
   10380   10.09     2.0519e-07    5.49902e-07              0    3.44711e-09
   10380  10.091    2.06084e-07    5.52298e-07              0    3.46213e-09
   10380  10.092    2.06982e-07    5.54702e-07              0    3.47721e-09
   10380  10.093    2.07882e-07    5.57115e-07              0    3.49233e-09
   10380  10.094    2.08785e-07    5.59535e-07              0     3.5075e-09
   10380  10.095    2.09692e-07    5.61966e-07              0    3.52274e-09
   10380  10.096    2.10601e-07    5.64403e-07              0    3.53802e-09
   10380  10.097    2.11514e-07    5.66848e-07              0    3.55334e-09
   10380  10.098     2.1243e-07    5.69303e-07              0    3.56873e-09
   10380  10.099    2.13348e-07    5.71764e-07              0    3.58416e-09
   10380    10.1     2.1427e-07    5.74235e-07              0    3.59965e-09
   10380  10.101    2.15195e-07    5.76714e-07              0    3.61519e-09
   10380  10.102    2.16123e-07    5.79202e-07              0    3.63078e-09
   10380  10.103    2.17056e-07      5.817e-07              0    3.64644e-09
   10380  10.104     2.1799e-07    5.84203e-07              0    3.66214e-09
   10380  10.105    2.18928e-07    5.86718e-07              0     3.6779e-09
   10380  10.106    2.19869e-07     5.8924e-07              0    3.69371e-09
   10380  10.107    2.20814e-07    5.91773e-07              0    3.70959e-09
   10380  10.108    2.21762e-07    5.94314e-07              0    3.72551e-09
   10380  10.109    2.22713e-07    5.96863e-07              0    3.74149e-09
   10380   10.11    2.23669e-07    5.99422e-07              0    3.75754e-09
   10380  10.111    2.24627e-07     6.0199e-07              0    3.77364e-09
   10380  10.112    2.25588e-07    6.04566e-07              0    3.78978e-09
   10380  10.113    2.26553e-07    6.07153e-07              0      3.806e-09
   10380  10.114    2.27522e-07     6.0975e-07              0    3.82228e-09
   10380  10.115    2.28494e-07    6.12355e-07              0    3.83861e-09
   10380  10.116    2.29469e-07    6.14968e-07              0    3.85499e-09
   10380  10.117    2.30449e-07    6.17595e-07              0    3.87145e-09
   10380  10.118    2.31432e-07    6.20227e-07              0    3.88795e-09
   10380  10.119    2.32419e-07    6.22872e-07              0    3.90454e-09
   10380   10.12    2.33409e-07    6.25526e-07              0    3.92117e-09
   10380  10.121    2.34403e-07     6.2819e-07              0    3.93787e-09
   10380  10.122      2.354e-07    6.30862e-07              0    3.95462e-09
   10380  10.123    2.36401e-07    6.33545e-07              0    3.97144e-09
   10380  10.124    2.37407e-07    6.36241e-07              0    3.98834e-09
   10380  10.125    2.38415e-07    6.38943e-07              0    4.00528e-09
   10380  10.126    2.39428e-07    6.41658e-07              0     4.0223e-09
   10380  10.127    2.40445e-07    6.44384e-07              0    4.03938e-09
   10380  10.128    2.41465e-07    6.47117e-07              0    4.05652e-09
   10380  10.129    2.42491e-07    6.49865e-07              0    4.07374e-09
   10380   10.13    2.43519e-07     6.5262e-07              0    4.09101e-09
   10380  10.131    2.44552e-07    6.55388e-07              0    4.10837e-09
   10380  10.132    2.45589e-07    6.58168e-07              0    4.12579e-09
   10380  10.133    2.46629e-07    6.60955e-07              0    4.14326e-09
   10380  10.134    2.47674e-07    6.63756e-07              0    4.16082e-09
   10380  10.135    2.48723e-07    6.66567e-07              0    4.17844e-09
   10380  10.136    2.49777e-07    6.69392e-07              0    4.19615e-09
   10380  10.137    2.50834e-07    6.72225e-07              0    4.21391e-09
   10380  10.138    2.51896e-07    6.75071e-07              0    4.23175e-09
   10380  10.139    2.52962e-07    6.77928e-07              0    4.24966e-09
   10380   10.14    2.54032e-07    6.80795e-07              0    4.26763e-09
   10380  10.141    2.55107e-07    6.83676e-07              0    4.28569e-09
   10380  10.142    2.56187e-07    6.86571e-07              0    4.30384e-09
   10380  10.143    2.57271e-07    6.89476e-07              0    4.32205e-09
   10380  10.144    2.58359e-07    6.92392e-07              0    4.34033e-09
   10380  10.145    2.59452e-07    6.95321e-07              0    4.35869e-09
   10380  10.146     2.6055e-07    6.98264e-07              0    4.37713e-09
   10380  10.147    2.61652e-07    7.01217e-07              0    4.39565e-09
   10380  10.148    2.62759e-07    7.04184e-07              0    4.41424e-09
   10380  10.149    2.63871e-07    7.07164e-07              0    4.43293e-09
   10380   10.15    2.64988e-07    7.10157e-07              0    4.45169e-09
   10380  10.151    2.66109e-07    7.13161e-07              0    4.47052e-09
   10380  10.152    2.67235e-07    7.16179e-07              0    4.48944e-09
   10380  10.153    2.68367e-07    7.19213e-07              0    4.50845e-09
   10380  10.154    2.69503e-07    7.22257e-07              0    4.52754e-09
   10380  10.155    2.70645e-07    7.25317e-07              0    4.54672e-09
   10380  10.156    2.71791e-07    7.28389e-07              0    4.56597e-09
   10380  10.157    2.72943e-07    7.31476e-07              0    4.58533e-09
   10380  10.158      2.741e-07    7.34576e-07              0    4.60476e-09
   10380  10.159    2.75263e-07    7.37693e-07              0     4.6243e-09
   10380   10.16     2.7643e-07     7.4082e-07              0     4.6439e-09
   10380  10.161    2.77604e-07    7.43966e-07              0    4.66363e-09
   10380  10.162    2.78782e-07    7.47123e-07              0    4.68341e-09
   10380  10.163    2.79966e-07    7.50296e-07              0     4.7033e-09
   10380  10.164    2.81156e-07    7.53485e-07              0    4.72329e-09
   10380  10.165     2.8235e-07    7.56687e-07              0    4.74337e-09
   10380  10.166    2.83552e-07    7.59908e-07              0    4.76356e-09
   10380  10.167    2.84758e-07     7.6314e-07              0    4.78382e-09
   10380  10.168    2.85971e-07    7.66391e-07              0     4.8042e-09
   10380  10.169     2.8719e-07    7.69657e-07              0    4.82467e-09
   10380   10.17    2.88414e-07    7.72937e-07              0    4.84523e-09
   10380  10.171    2.89645e-07    7.76236e-07              0    4.86591e-09
   10380  10.172    2.90882e-07    7.79551e-07              0    4.88669e-09
   10380  10.173    2.92125e-07    7.82882e-07              0    4.90757e-09
   10380  10.174    2.93374e-07    7.86229e-07              0    4.92855e-09
   10380  10.175    2.94629e-07    7.89594e-07              0    4.94965e-09
   10380  10.176    2.95891e-07    7.92976e-07              0    4.97085e-09
   10380  10.177     2.9716e-07    7.96376e-07              0    4.99216e-09
   10380  10.178    2.98435e-07    7.99793e-07              0    5.01358e-09
   10380  10.179    2.99717e-07    8.03228e-07              0    5.03511e-09
   10380   10.18    3.01005e-07     8.0668e-07              0    5.05675e-09
   10380  10.181      3.023e-07    8.10152e-07              0    5.07852e-09
   10380  10.182    3.03602e-07    8.13641e-07              0    5.10039e-09
   10380  10.183    3.04912e-07    8.17151e-07              0    5.12239e-09
   10380  10.184    3.06228e-07    8.20678e-07              0     5.1445e-09
   10380  10.185    3.07552e-07    8.24225e-07              0    5.16674e-09
   10380  10.186    3.08882e-07    8.27792e-07              0    5.18909e-09
   10380  10.187     3.1022e-07    8.31377e-07              0    5.21157e-09
   10380  10.188    3.11566e-07    8.34984e-07              0    5.23418e-09
   10380  10.189    3.12919e-07    8.38609e-07              0     5.2569e-09
   10380   10.19     3.1428e-07    8.42256e-07              0    5.27976e-09
   10380  10.191    3.15648e-07    8.45924e-07              0    5.30276e-09
   10380  10.192    3.17024e-07    8.49611e-07              0    5.32587e-09
   10380  10.193    3.18409e-07    8.53322e-07              0    5.34913e-09
   10380  10.194    3.19802e-07    8.57055e-07              0    5.37253e-09
   10380  10.195    3.21202e-07    8.60809e-07              0    5.39606e-09
   10380  10.196    3.22611e-07    8.64584e-07              0    5.41973e-09
   10380  10.197    3.24028e-07    8.68381e-07              0    5.44353e-09
   10380  10.198    3.25454e-07    8.72204e-07              0     5.4675e-09
   10380  10.199    3.26888e-07    8.76046e-07              0    5.49158e-09
   10380    10.2    3.28332e-07    8.79915e-07              0    5.51583e-09
   10380  10.201    3.29785e-07    8.83808e-07              0    5.54024e-09
   10380  10.202    3.31245e-07    8.87723e-07              0    5.56478e-09
   10380  10.203    3.32716e-07    8.91664e-07              0    5.58948e-09
   10380  10.204    3.34196e-07     8.9563e-07              0    5.61434e-09
   10380  10.205    3.35684e-07    8.99619e-07              0    5.63935e-09
   10380  10.206    3.37183e-07    9.03636e-07              0    5.66453e-09
   10380  10.207    3.38691e-07    9.07679e-07              0    5.68987e-09
   10380  10.208    3.40209e-07    9.11746e-07              0    5.71537e-09
   10380  10.209    3.41738e-07    9.15842e-07              0    5.74105e-09
   10380   10.21    3.43275e-07    9.19963e-07              0    5.76688e-09
   10380  10.211    3.44824e-07    9.24113e-07              0    5.79289e-09
   10380  10.212    3.46384e-07    9.28293e-07              0    5.81909e-09
   10380  10.213    3.47953e-07    9.32499e-07              0    5.84546e-09
   10380  10.214    3.49533e-07    9.36733e-07              0      5.872e-09
   10380  10.215    3.51124e-07    9.40998e-07              0    5.89874e-09
   10380  10.216    3.52727e-07    9.45293e-07              0    5.92566e-09
   10380  10.217     3.5434e-07    9.49617e-07              0    5.95277e-09
   10380  10.218    3.55965e-07    9.53971e-07              0    5.98006e-09
   10380  10.219    3.57602e-07    9.58359e-07              0    6.00757e-09
   10380   10.22    3.59251e-07    9.62777e-07              0    6.03526e-09
   10380  10.221    3.60911e-07    9.67227e-07              0    6.06316e-09
   10380  10.222    3.62584e-07    9.71709e-07              0    6.09125e-09
   10380  10.223    3.64268e-07    9.76223e-07              0    6.11955e-09
   10380  10.224    3.65967e-07    9.80775e-07              0    6.14808e-09
   10380  10.225    3.67677e-07    9.85359e-07              0    6.17682e-09
   10380  10.226    3.69401e-07    9.89978e-07              0    6.20577e-09
   10380  10.227    3.71137e-07    9.94632e-07              0    6.23494e-09
   10380  10.228    3.72888e-07    9.99323e-07              0    6.26435e-09
   10380  10.229    3.74651e-07    1.00405e-06              0    6.29397e-09
   10380   10.23    3.76429e-07    1.00881e-06              0    6.32385e-09
   10380  10.231    3.78221e-07    1.01362e-06              0    6.35394e-09
   10380  10.232    3.80027e-07    1.01846e-06              0    6.38429e-09
   10380  10.233    3.81848e-07    1.02334e-06              0    6.41489e-09
   10380  10.234    3.83684e-07    1.02826e-06              0    6.44572e-09
   10380  10.235    3.85535e-07    1.03322e-06              0    6.47682e-09
   10380  10.236    3.87401e-07    1.03822e-06              0    6.50818e-09
   10380  10.237    3.89284e-07    1.04326e-06              0     6.5398e-09
   10380  10.238    3.91182e-07    1.04835e-06              0    6.57169e-09
   10380  10.239    3.93096e-07    1.05348e-06              0    6.60385e-09
   10380   10.24    3.95027e-07    1.05865e-06              0    6.63627e-09
   10380  10.241    3.96975e-07    1.06388e-06              0      6.669e-09
   10380  10.242     3.9894e-07    1.06914e-06              0    6.70202e-09
   10380  10.243    4.00922e-07    1.07445e-06              0    6.73532e-09
   10380  10.244    4.02922e-07    1.07981e-06              0    6.76892e-09
   10380  10.245    4.04941e-07    1.08522e-06              0    6.80283e-09
   10380  10.246    4.06978e-07    1.09068e-06              0    6.83705e-09
   10380  10.247    4.09033e-07    1.09619e-06              0    6.87157e-09
   10380  10.248    4.11108e-07    1.10175e-06              0    6.90644e-09
   10380  10.249    4.13203e-07    1.10737e-06              0    6.94163e-09
   10380   10.25    4.15317e-07    1.11303e-06              0    6.97715e-09
   10380  10.251    4.17452e-07    1.11875e-06              0    7.01302e-09
   10380  10.252    4.19607e-07    1.12453e-06              0    7.04922e-09
   10380  10.253    4.21784e-07    1.13036e-06              0    7.08579e-09
   10380  10.254    4.23982e-07    1.13625e-06              0    7.12272e-09
   10380  10.255    4.26202e-07     1.1422e-06              0    7.16001e-09
   10380  10.256    4.28445e-07    1.14821e-06              0    7.19769e-09
   10380  10.257    4.30711e-07    1.15429e-06              0    7.23576e-09
   10380  10.258       4.33e-07    1.16042e-06              0    7.27421e-09
   10380  10.259    4.35313e-07    1.16662e-06              0    7.31307e-09
   10380   10.26     4.3765e-07    1.17288e-06              0    7.35233e-09
   10380  10.261    4.40013e-07    1.17922e-06              0    7.39202e-09
   10380  10.262    4.42401e-07    1.18561e-06              0    7.43214e-09
   10380  10.263    4.44813e-07    1.19208e-06              0    7.47267e-09
   10380  10.264    4.47254e-07    1.19862e-06              0    7.51368e-09
   10380  10.265    4.49721e-07    1.20523e-06              0    7.55512e-09
   10380  10.266    4.52216e-07    1.21192e-06              0    7.59703e-09
   10380  10.267    4.54738e-07    1.21868e-06              0    7.63941e-09
   10380  10.268    4.57291e-07    1.22552e-06              0    7.68229e-09
   10380  10.269    4.59873e-07    1.23244e-06              0    7.72566e-09
   10380   10.27    4.62484e-07    1.23944e-06              0    7.76954e-09
   10380  10.271    4.65127e-07    1.24652e-06              0    7.81393e-09
   10380  10.272    4.67802e-07    1.25369e-06              0    7.85886e-09
   10380  10.273    4.70508e-07    1.26094e-06              0    7.90433e-09
   10380  10.274    4.73248e-07    1.26828e-06              0    7.95035e-09
   10380  10.275    4.76021e-07    1.27572e-06              0    7.99695e-09
   10380  10.276     4.7883e-07    1.28324e-06              0    8.04413e-09
   10380  10.277    4.81673e-07    1.29086e-06              0     8.0919e-09
   10380  10.278    4.84553e-07    1.29858e-06              0    8.14029e-09
   10380  10.279    4.87471e-07     1.3064e-06              0     8.1893e-09
   10380   10.28    4.90427e-07    1.31432e-06              0    8.23896e-09
   10380  10.281    4.93421e-07    1.32235e-06              0    8.28926e-09
   10380  10.282    4.96456e-07    1.33048e-06              0    8.34024e-09
   10380  10.283    4.99532e-07    1.33872e-06              0    8.39192e-09
   10380  10.284     5.0265e-07    1.34708e-06              0     8.4443e-09
   10380  10.285    5.05811e-07    1.35555e-06              0    8.49741e-09
   10380  10.286    5.09016e-07    1.36414e-06              0    8.55125e-09
   10380  10.287    5.12267e-07    1.37285e-06              0    8.60587e-09
   10380  10.288    5.15565e-07    1.38169e-06              0    8.66127e-09
   10380  10.289     5.1891e-07    1.39066e-06              0    8.71747e-09
   10380   10.29    5.22305e-07    1.39976e-06              0     8.7745e-09
   10380  10.291    5.25751e-07    1.40899e-06              0    8.83239e-09
   10380  10.292    5.29248e-07    1.41836e-06              0    8.89113e-09
   10380  10.293    5.32799e-07    1.42788e-06              0    8.95079e-09
   10380  10.294    5.36404e-07    1.43754e-06              0    9.01134e-09
   10380  10.295    5.40065e-07    1.44735e-06              0    9.07286e-09
   10380  10.296    5.43785e-07    1.45732e-06              0    9.13535e-09
   10380  10.297    5.47564e-07    1.46745e-06              0    9.19884e-09
   10380  10.298    5.51405e-07    1.47774e-06              0    9.26336e-09
   10380  10.299    5.55308e-07     1.4882e-06              0    9.32894e-09
   10380    10.3    5.59277e-07    1.49884e-06              0    9.39561e-09
   10380  10.301    5.63313e-07    1.50965e-06              0    9.46341e-09
   10380  10.302    5.67418e-07    1.52065e-06              0    9.53236e-09
   10380  10.303    5.71594e-07    1.53185e-06              0    9.60252e-09
   10380  10.304    5.75842e-07    1.54323e-06              0    9.67389e-09
   10380  10.305    5.80167e-07    1.55482e-06              0    9.74655e-09
   10380  10.306    5.84569e-07    1.56662e-06              0     9.8205e-09
   10380  10.307    5.89053e-07    1.57864e-06              0    9.89583e-09
   10380  10.308    5.93619e-07    1.59087e-06              0    9.97253e-09
   10380  10.309    5.98271e-07    1.60334e-06              0    1.00507e-08
   10380   10.31     6.0301e-07    1.61604e-06              0    1.01303e-08
   10380  10.311    6.07843e-07    1.62899e-06              0    1.02115e-08
   10380  10.312    6.12769e-07     1.6422e-06              0    1.02943e-08
   10380  10.313    6.17794e-07    1.65566e-06              0    1.03787e-08
   10380  10.314    6.22919e-07     1.6694e-06              0    1.04648e-08
   10380  10.315     6.2815e-07    1.68341e-06              0    1.05526e-08
   10380  10.316    6.33489e-07    1.69772e-06              0    1.06423e-08
   10380  10.317    6.38941e-07    1.71233e-06              0    1.07339e-08
   10380  10.318    6.44509e-07    1.72725e-06              0    1.08275e-08
   10380  10.319    6.50198e-07     1.7425e-06              0     1.0923e-08
   10380   10.32    6.56012e-07    1.75808e-06              0    1.10207e-08
   10380  10.321    6.61957e-07    1.77402e-06              0    1.11206e-08
   10380  10.322    6.68036e-07    1.79031e-06              0    1.12227e-08
   10380  10.323    6.74257e-07    1.80698e-06              0    1.13272e-08
   10380  10.324    6.80623e-07    1.82404e-06              0    1.14342e-08
   10380  10.325    6.87141e-07    1.84151e-06              0    1.15437e-08
   10380  10.326    6.93817e-07     1.8594e-06              0    1.16558e-08
   10380  10.327    7.00658e-07    1.87773e-06              0    1.17707e-08
   10380  10.328    7.07671e-07    1.89653e-06              0    1.18886e-08
   10380  10.329    7.14861e-07     1.9158e-06              0    1.20093e-08
   10380   10.33    7.22239e-07    1.93557e-06              0    1.21333e-08
   10380  10.331    7.29812e-07    1.95586e-06              0    1.22605e-08
   10380  10.332    7.37587e-07     1.9767e-06              0    1.23911e-08
   10380  10.333    7.45575e-07    1.99811e-06              0    1.25253e-08
   10380  10.334    7.53786e-07    2.02011e-06              0    1.26633e-08
   10380  10.335    7.62229e-07    2.04274e-06              0    1.28051e-08
   10380  10.336    7.70917e-07    2.06602e-06              0    1.29511e-08
   10380  10.337     7.7986e-07    2.08999e-06              0    1.31013e-08
   10380  10.338    7.89072e-07    2.11468e-06              0    1.32561e-08
   10380  10.339    7.98566e-07    2.14012e-06              0    1.34156e-08
   10380   10.34    8.08356e-07    2.16636e-06              0      1.358e-08
   10380  10.341    8.18459e-07    2.19343e-06              0    1.37498e-08
   10380  10.342     8.2889e-07    2.22139e-06              0     1.3925e-08
   10380  10.343    8.39667e-07    2.25027e-06              0     1.4106e-08
   10380  10.344    8.50811e-07    2.28014e-06              0    1.42932e-08
   10380  10.345    8.62341e-07    2.31103e-06              0    1.44869e-08
   10380  10.346    8.74279e-07    2.34303e-06              0    1.46875e-08
   10380  10.347     8.8665e-07    2.37618e-06              0    1.48953e-08
   10380  10.348    8.99481e-07    2.41057e-06              0    1.51109e-08
   10380  10.349    9.12799e-07    2.44626e-06              0    1.53346e-08
   10380   10.35    9.26635e-07    2.48334e-06              0    1.55671e-08
   10380  10.351    9.41024e-07     2.5219e-06              0    1.58088e-08
   10380  10.352    9.56003e-07    2.56204e-06              0    1.60604e-08
   10380  10.353    9.71611e-07    2.60387e-06              0    1.63226e-08
   10380  10.354    9.87892e-07    2.64751e-06              0    1.65961e-08
   10380  10.355    1.00489e-06    2.69306e-06              0    1.68817e-08
   10380  10.356    1.02267e-06    2.74072e-06              0    1.71805e-08
   10380  10.357    1.04129e-06     2.7906e-06              0    1.74932e-08
   10380  10.358    1.06081e-06    2.84292e-06              0    1.78211e-08
   10380  10.359     1.0813e-06    2.89784e-06              0    1.81654e-08
   10380   10.36    1.10286e-06    2.95562e-06              0    1.85276e-08
   10380  10.361    1.12557e-06    3.01648e-06              0    1.89091e-08
   10380  10.362    1.14954e-06    3.08071e-06              0    1.93118e-08
   10380  10.363    1.17488e-06    3.14862e-06              0    1.97374e-08
   10380  10.364    1.20174e-06    3.22062e-06              0    2.01887e-08
   10380  10.365    1.23029e-06    3.29711e-06              0    2.06683e-08
   10380  10.366    1.26068e-06    3.37856e-06              0    2.11788e-08
   10380  10.367    1.29316e-06    3.46561e-06              0    2.17245e-08
   10380  10.368    1.32798e-06    3.55892e-06              0    2.23094e-08
   10380  10.369    1.36543e-06     3.6593e-06              0    2.29387e-08
   10380   10.37    1.40592e-06     3.7678e-06              0    2.36188e-08
   10380  10.371    1.44988e-06    3.88561e-06              0    2.43573e-08
   10380  10.372    1.49792e-06    4.01437e-06              0    2.51645e-08
   10380  10.373    1.55082e-06    4.15612e-06              0     2.6053e-08
   10380  10.374    1.60959e-06    4.31364e-06              0    2.70404e-08
   10380  10.375    1.67572e-06    4.49086e-06              0    2.81514e-08
   10380  10.376    1.75141e-06    4.69369e-06              0    2.94228e-08
   10380  10.377    1.84033e-06    4.93201e-06              0    3.09168e-08
   10380  10.378    1.94972e-06    5.22515e-06              0    3.27543e-08
   10380  10.379    2.09864e-06    5.62426e-06              0    3.52562e-08
