# ENERGY      NU         SIGRAD        SIGBORN     STAT. ERR.     SYST. ERR.
     862    15.5       -5.96748       -11.5525              0      0.0558505
     862    16.5       -6.50398        -12.176              0      0.0567203
     862    17.5       -6.90084       -12.5192              0      0.0561832
     862    18.5       -7.15649       -12.5835              0      0.0542702
     862    19.5       -7.27102        -12.389              0      0.0511796
     862    20.5       -7.23714       -11.9229              0      0.0468572
     862    21.5       -7.05789       -11.2021              0      0.0414421
     862    22.5       -6.71506       -10.1849              0      0.0346988
     862    23.5       -6.24918       -8.99082              0      0.0274163
     862    24.5       -5.73877       -7.82123              0      0.0208246
     862    25.5       -5.21708       -6.72292              0      0.0150584
     862    26.5       -4.68956       -5.67044              0     0.00980883
     862    27.5       -4.16135       -4.65865              0     0.00497307
     862    28.5       -3.64066       -3.69934              0    0.000586856
     862    29.5       -3.13022       -2.78978              0     0.00340447
     862    30.5       -2.63221       -1.92779              0     0.00704423
     862    31.5       -2.14811       -1.11189              0      0.0103622
     862    32.5       -1.67913      -0.340869              0      0.0133826
     862    33.5        -1.2257       0.387702             -0       0.016134
     862    34.5      -0.792389        1.06439             -0      0.0185678
     862    35.5      -0.378629        1.69463             -0      0.0207326
     862    36.5      0.0163876        2.28361              0      0.0226722
     862    37.5       0.391277        2.82872              0      0.0243745
     862    38.5       0.752144        3.34786              0      0.0259571
     862    39.5        1.08829        3.81171              0      0.0272342
     862    40.5        1.40972        4.25028              0      0.0284057
     862    41.5        1.71098        4.64902              0      0.0293804
     862    42.5        1.99199        5.00801              0      0.0301601
     862    43.5        2.25219        5.32781              0      0.0307562
     862    44.5        2.49674        5.62326              0      0.0312651
     862    45.5        2.72603        5.89397              0      0.0316793
     862    46.5        2.93486        6.12514              0      0.0319027
     862    47.5        3.12268        6.31732              0      0.0319463
     862    48.5        3.29436        6.48564              0      0.0319128
     862    49.5        3.44473        6.61527              0      0.0317053
     862    50.5        3.57899        6.72101              0      0.0314201
     862    51.5        3.69723        6.80277              0      0.0310553
     862    52.5        3.79428        6.84572              0      0.0305143
     862    53.5        3.87506        6.86494              0      0.0298988
     862    54.5        3.93406        6.84594              0      0.0291187
     862    55.5        3.97651        6.80349              0      0.0282698
     862    56.5        4.00246        6.73754              0      0.0273509
     862    57.5        4.01223        6.64777              0      0.0263553
     862    58.5        4.00039        6.51961              0      0.0251921
     862    59.5         3.9718         6.3682              0      0.0239639
     862    60.5        3.92101        6.17899              0      0.0225798
     862    61.5        3.85869        5.98131              0      0.0212263
     862    62.5         3.7745         5.7455              0        0.01971
     862    63.5        3.67916        5.50084              0      0.0182169
     862    64.5        3.57854        5.26146              0      0.0168293
     862    65.5        3.47414        5.02586              0      0.0155172
     862    66.5        3.37232        4.80768              0      0.0143536
     862    67.5        3.26866        4.59134              0      0.0132269
     862    68.5        3.16892        4.39108              0      0.0122217
     862    69.5        3.06815        4.19185              0      0.0112371
     862    70.5        2.96641        3.99359              0      0.0102718
     862    71.5        2.86899        3.81101              0     0.00942025
     862    72.5        2.77105        3.62895              0     0.00857902
     862    73.5        2.67809        3.46191              0     0.00783822
     862    74.5          2.585          3.295              0     0.00710009
     862    75.5        2.49712        3.14288              0     0.00645758
     862    76.5        2.40936        2.99064              0      0.0058128
     862    77.5        2.32161        2.83839              0     0.00516775
     862    78.5        2.23895        2.70105              0     0.00462091
     862    79.5        2.15653        2.56347              0     0.00406939
     862    80.5        2.07423        2.42577              0     0.00351541
     862    81.5        1.99721        2.30279              0     0.00305574
     862    82.5        1.92054        2.17946              0      0.0025892
     862    83.5        1.84412        2.05588              0     0.00211757
     862    84.5        1.77311        1.94689              0     0.00173774
     862    85.5        1.70259        1.83741              0      0.0013481
     862    86.5        1.63238        1.72762              0    0.000952346
     862    87.5        1.56772        1.63228              0     0.00064568
     862    88.5        1.50361        1.53639              0    0.000327821
     862    89.5        1.43996        1.44004              0    8.00133e-07
     862    90.5        1.37644        1.34356              0    0.000328829
     862    91.5        1.31838        1.26162              0     0.00056752
     862    92.5        1.26093        1.17907              0    0.000818598
     862    93.5        1.20399        1.09601              0     0.00107972
     862    94.5        1.15273        1.02727              0     0.00125466
     862    95.5        1.10211       0.957886              0     0.00144228
     862    96.5        1.05212       0.887879              0     0.00164242
     862    97.5        1.00456       0.823437              0     0.00181126
     862    98.5       0.958497       0.761503              0     0.00196995
     862    99.5       0.914522       0.703478              0     0.00211044
     862   100.5       0.872095       0.647905              0     0.00224191
     862   101.5       0.831759       0.596241              0     0.00235519
     862   102.5       0.792993       0.547007              0     0.00245985
     862   103.5       0.756337       0.501663              0     0.00254674
     862   104.5       0.721823       0.460177              0     0.00261646
     862   105.5       0.688953       0.421047              0     0.00267906
     862   106.5       0.657689       0.384311              0     0.00273377
     862   107.5       0.628543       0.351457              0     0.00277086
     862   108.5       0.601057       0.320943              0     0.00280114
     862   109.5       0.575702       0.294298              0     0.00281403
     862   110.5       0.551954       0.270046              0     0.00281909
     862   111.5        0.52988        0.24812              0      0.0028176
     862   112.5       0.509959       0.230041              0     0.00279917
     862   113.5       0.491734       0.214266              0     0.00277469
     862   114.5       0.475676       0.202324              0     0.00273351
     862   115.5        0.46126        0.19274              0     0.00268521
     862   116.5       0.448556       0.185444              0     0.00263112
     862   117.5       0.438041       0.181959              0     0.00256082
     862   118.5       0.428668       0.179332              0     0.00249337
     862   119.5       0.419855       0.176145              0      0.0024371
     862   120.5       0.411325       0.172675              0      0.0023865
     862   121.5       0.402598       0.167402              0     0.00235195
     862   122.5       0.394505       0.163495              0     0.00231009
     862   123.5       0.386651       0.159349              0     0.00227303
     862   124.5       0.378448       0.153552              0     0.00224895
     862   125.5       0.370336       0.147664              0     0.00222673
     862   126.5       0.362304       0.141696              0     0.00220608
     862   127.5       0.354369       0.135631              0     0.00218737
     862   128.5       0.345972       0.128028              0     0.00217944
     862   129.5        0.33815        0.12185              0     0.00216301
     862   130.5       0.329861       0.114139              0     0.00215721
     862   131.5       0.321614       0.106386              0     0.00215228
     862   132.5       0.313384      0.0986161              0     0.00214768
     862   133.5       0.305196       0.090804              0     0.00214392
     862   134.5       0.296498      0.0815019              0     0.00214996
     862   135.5       0.288332      0.0736683              0     0.00214663
     862   136.5       0.279703      0.0642972              0     0.00215406
     862   137.5        0.27159      0.0564098              0      0.0021518
     862   138.5       0.262928      0.0470723              0     0.00215855
     862   139.5       0.254318      0.0376816              0     0.00216637
     862   140.5       0.246246      0.0297543              0     0.00216491
     862   141.5       0.237694      0.0203057              0     0.00217389
     862   142.5       0.229152      0.0108481              0     0.00218304
     862   143.5       0.220592     0.00140812              0     0.00219184
     862   144.5        0.21204    -0.00804038             -0     0.00220081
     862   145.5       0.203223     -0.0182235             -0     0.00221447
     862   146.5       0.194656      -0.027856             -0     0.00222512
     862   147.5       0.185947     -0.0375467             -0     0.00223493
     862   148.5       0.177191     -0.0475908             -0     0.00224782
     862   149.5       0.168485     -0.0574847             -0     0.00225969
     862   150.5       0.159776     -0.0675756             -0     0.00227351
     862   151.5       0.150917     -0.0777172             -0     0.00228634
     862   152.5       0.142103     -0.0879027             -0     0.00230005
     862   153.5       0.133287      -0.098087             -0     0.00231374
     862   154.5       0.124413      -0.108433             -0     0.00232845
     862   155.5       0.115535      -0.118775             -0     0.00234309
     862   156.5       0.106615      -0.129215             -0      0.0023583
     862   157.5      0.0977357      -0.139536             -0     0.00237271
     862   158.5      0.0887989      -0.150199             -0     0.00238998
     862   159.5      0.0798079      -0.160608             -0     0.00240416
     862   160.5      0.0708094      -0.171209             -0     0.00242019
     862   161.5      0.0618075      -0.181807             -0     0.00243615
     862   162.5      0.0528005      -0.192401             -0     0.00245201
     862   163.5      0.0437882      -0.203188             -0     0.00246976
     862   164.5      0.0346643      -0.213864             -0     0.00248529
     862   165.5      0.0255855      -0.224585             -0     0.00250171
     862   166.5       0.016725      -0.234725             -0      0.0025145
     862   167.5     0.00760998       -0.24561             -0      0.0025322
     862   168.5    -0.00146263      -0.256537              0     0.00255075
     862   169.5     -0.0106627      -0.267337              0     0.00256675
     862   170.5     -0.0203718      -0.279628              0     0.00259256
     862   171.5     -0.0295954      -0.290405              0     0.00260809
     862   172.5     -0.0388184      -0.301182              0     0.00262363
     862   173.5     -0.0480125      -0.311987              0     0.00263975
     862   174.5     -0.0572033      -0.322797              0     0.00265593
     862   175.5     -0.0663932      -0.333607              0     0.00267214
     862   176.5     -0.0755838      -0.344416              0     0.00268832
     862   177.5      -0.085331      -0.356669              0     0.00271338
     862   178.5     -0.0945889      -0.367411              0     0.00272822
     862   179.5      -0.103844      -0.378156              0     0.00274312
     862   180.5      -0.113012      -0.388988              0     0.00275975
     862   181.5      -0.122844      -0.401156              0     0.00278312
     862   182.5      -0.132127      -0.411873              0     0.00279747
     862   183.5      -0.141348      -0.422652              0     0.00281305
     862   184.5      -0.151206      -0.434794              0     0.00283588
     862   185.5      -0.160511      -0.445489              0     0.00284979
     862   186.5      -0.169751      -0.456249              0     0.00286498
     862   187.5      -0.179629      -0.468371              0     0.00288742
     862   188.5      -0.188951      -0.479049              0     0.00290097
     862   189.5      -0.198822      -0.491178              0     0.00292356
     862   190.5      -0.208167      -0.501833              0     0.00293666
     862   191.5      -0.218057      -0.513943              0     0.00295887
     862   192.5      -0.227418      -0.524582              0     0.00297163
     862   193.5      -0.237323      -0.536677              0     0.00299353
     862   194.5        -0.2467        -0.5473              0     0.00300601
     862   195.5      -0.256618      -0.559382              0     0.00302763
     862   196.5      -0.266008      -0.569992              0     0.00303984
     862   197.5       -0.27594       -0.58206              0      0.0030612
     862   198.5      -0.285898      -0.594102              0     0.00308203
     862   199.5       -0.29529       -0.60471              0     0.00309421
     862   200.5      -0.305316      -0.616684              0     0.00311368
     862   201.5      -0.314747      -0.627253              0     0.00312506
     862   202.5      -0.324718      -0.639282              0     0.00314564
     862   203.5      -0.334713      -0.651287              0     0.00316573
     862   204.5      -0.344201      -0.661799              0     0.00317598
     862   205.5      -0.354201      -0.673799              0     0.00319597
     862   206.5      -0.364223      -0.685777              0     0.00321554
     862   207.5      -0.373672      -0.696328              0     0.00322657
     862   208.5      -0.383757      -0.708243              0     0.00324486
     862   209.5      -0.393801      -0.720199              0     0.00326399
     862   210.5       -0.40389       -0.73211              0      0.0032822
     862   211.5       -0.41344       -0.74256              0     0.00329119
     862   212.5      -0.423499      -0.754501              0     0.00331002
     862   213.5      -0.433576      -0.766424              0     0.00332849
     862   214.5      -0.443696      -0.778304              0     0.00334608
     862   215.5       -0.45377       -0.79023              0      0.0033646
     862   216.5      -0.463986      -0.802014              0     0.00338029
     862   217.5      -0.474149      -0.813851              0     0.00339701
     862   218.5      -0.484324      -0.825676              0     0.00341353
     862   219.5      -0.493886      -0.836114              0     0.00342229
     862   220.5       -0.50408       -0.84792              0      0.0034384
     862   221.5      -0.514224      -0.859776              0     0.00345553
     862   222.5      -0.524409      -0.871591              0     0.00347182
     862   223.5      -0.534544      -0.883456              0     0.00348912
     862   224.5      -0.544822      -0.895178              0     0.00350355
     862   225.5       -0.55498       -0.90702              0      0.0035204
     862   226.5      -0.565279      -0.918721              0     0.00353442
     862   227.5      -0.576079      -0.931921              0     0.00355842
     862   228.5      -0.586393      -0.943607              0     0.00357214
     862   229.5      -0.596711      -0.955289              0     0.00358579
     862   230.5      -0.606936      -0.967064              0     0.00360129
     862   231.5      -0.617296      -0.978704              0     0.00361409
     862   232.5      -0.627592      -0.990408              0     0.00362817
     862   233.5      -0.637825       -1.00218              0      0.0036435
     862   234.5      -0.648199        -1.0138              0     0.00365602
     862   235.5       -0.65907       -1.02693              0     0.00367861
     862   236.5      -0.669452       -1.03855              0     0.00369096
     862   237.5      -0.679835       -1.05016              0      0.0037033
     862   238.5      -0.690192       -1.06181              0     0.00371616
     862   239.5      -0.701106       -1.07489              0     0.00373787
     862   240.5      -0.711528       -1.08647              0     0.00374943
     862   241.5      -0.721949       -1.09805              0     0.00376102
     862   242.5      -0.732341       -1.10966              0     0.00377318
     862   243.5       -0.74329       -1.12271              0      0.0037942
     862   244.5      -0.753675       -1.13432              0      0.0038065
     862   245.5      -0.764198        -1.1458              0     0.00381604
     862   246.5      -0.775111       -1.15889              0     0.00383779
     862   247.5      -0.785666       -1.17033              0     0.00384668
     862   248.5      -0.796706       -1.18329              0     0.00386589
     862   249.5       -0.80666       -1.19334              0      0.0038668
     862   250.5      -0.816542       -1.20346              0     0.00386916
     862   251.5      -0.826332       -1.21367              0     0.00387336
     862   252.5      -0.841685       -1.23831              0     0.00396629
     862   253.5      -0.852064       -1.24794              0     0.00395872
     862   254.5      -0.862377       -1.25762              0     0.00395246
     862   255.5       -0.87235       -1.26765              0     0.00395299
     862   256.5      -0.882174       -1.27783              0     0.00395652
     862   257.5      -0.892094       -1.28791              0     0.00395811
     862   258.5      -0.901912       -1.29809              0     0.00396175
     862   259.5      -0.917309       -1.32269              0     0.00405383
     862   260.5      -0.927731       -1.33227              0     0.00404538
     862   261.5      -0.938091       -1.34191              0     0.00403818
     862   262.5      -0.948112       -1.35189              0     0.00403776
     862   263.5      -0.958056       -1.36194              0     0.00403889
     862   264.5      -0.967953       -1.37205              0     0.00404095
     862   265.5      -0.983422       -1.39658              0     0.00413157
     862   266.5      -0.993907       -1.40609              0     0.00412185
     862   267.5       -1.00425       -1.41575              0     0.00411494
     862   268.5        -1.0144        -1.4256              0     0.00411193
     862   269.5       -1.02433       -1.43567              0     0.00411346
     862   270.5       -1.03435       -1.44565              0     0.00411299
     862   271.5       -1.04987       -1.47013              0     0.00420252
     862   272.5       -1.06041       -1.47959              0      0.0041918
     862   273.5       -1.07088       -1.48912              0     0.00418244
     862   274.5       -1.08093       -1.49907              0     0.00418147
     862   275.5       -1.09105       -1.50895              0     0.00417905
     862   276.5       -1.10665       -1.53335              0     0.00426698
     862   277.5       -1.11718       -1.54282              0     0.00425641
     862   278.5       -1.12778       -1.55222              0     0.00424433
     862   279.5       -1.13796       -1.56204              0      0.0042407
     862   280.5       -1.14806       -1.57194              0     0.00423875
     862   281.5       -1.15811       -1.58189              0     0.00423784
     862   282.5       -1.17373       -1.60627              0     0.00432535
     862   283.5       -1.18436       -1.61564              0     0.00431277
     862   284.5       -1.19492       -1.62508              0     0.00430163
     862   285.5       -1.20513       -1.63487              0     0.00429737
     862   286.5       -1.21526       -1.64474              0     0.00429472
     862   287.5       -1.22534       -1.65466              0     0.00429311
     862   288.5       -1.24093       -1.67907              0     0.00438138
     862   289.5       -1.25168       -1.68832              0     0.00436649
     862   290.5       -1.26227       -1.69773              0     0.00435462
     862   291.5       -1.27252       -1.70748              0     0.00434959
     862   292.5       -1.28269       -1.71731              0     0.00434621
     862   293.5       -1.29281       -1.72719              0     0.00434383
     862   294.5       -1.30289       -1.73711              0     0.00434212
     862   295.5       -1.31296       -1.74704              0     0.00434087
     862   296.5         -1.323         -1.757              0     0.00433999
     862   297.5       -1.33303       -1.76697              0     0.00433934
     862   298.5       -1.34297       -1.77703              0      0.0043405
     862   299.5       -1.35307       -1.78693              0     0.00433864
     862   300.5       -1.36308       -1.79692              0     0.00433849
     862   301.5       -1.37308       -1.80692              0     0.00433844
     862   302.5       -1.38308       -1.81692              0     0.00433848
     862   303.5       -1.39307       -1.82693              0     0.00433857
     862   304.5       -1.40306       -1.83694              0      0.0043387
     862   305.5       -1.41306       -1.84694              0     0.00433888
     862   306.5       -1.41742       -1.84258              0     0.00425163
     862   307.5       -1.42676       -1.85324              0     0.00426474
     862   308.5       -1.43617       -1.86383              0     0.00427666
     862   309.5       -1.44582       -1.87418              0     0.00428368
     862   310.5        -1.4557        -1.8843              0     0.00428597
     862   311.5       -1.46555       -1.89445              0     0.00428902
     862   312.5       -1.46979       -1.89021              0     0.00420416
     862   313.5       -1.47904       -1.90096              0     0.00421918
     862   314.5       -1.48837       -1.91163              0      0.0042327
     862   315.5       -1.49803       -1.92197              0     0.00423945
     862   316.5       -1.50777       -1.93223              0     0.00424456
     862   317.5       -1.51193       -1.92807              0     0.00416135
     862   318.5       -1.52112       -1.93888              0     0.00417768
     862   319.5       -1.53039       -1.94961              0     0.00419228
     862   320.5       -1.53436       -1.94564              0     0.00411272
     862   321.5       -1.54342       -1.95658              0     0.00413157
     862   322.5        -1.5526        -1.9674              0     0.00414809
     862   323.5        -1.5565        -1.9635              0     0.00407008
     862   324.5       -1.56549       -1.97451              0     0.00409022
     862   325.5       -1.57453       -1.98547              0     0.00410948
     862   326.5       -1.57846       -1.98154              0     0.00403076
     862   327.5       -1.58741       -1.99259              0     0.00405176
     862   328.5        -1.5965        -2.0035              0     0.00407009
     862   329.5       -1.60031       -1.99969              0     0.00399376
     862   330.5       -1.60915       -2.01085              0     0.00401705
     862   331.5       -1.61264       -2.00736              0     0.00394712
     862   332.5       -1.61578       -2.00422              0      0.0038843
     862   333.5        -1.6241        -2.0159              0     0.00391805
     862   334.5       -1.62723       -2.01277              0     0.00385545
     862   335.5       -1.63016       -2.00984              0      0.0037968
     862   336.5       -1.63266       -2.00734              0     0.00374673
     862   337.5       -1.63501       -2.00499              0      0.0036998
     862   338.5       -1.63716       -2.00284              0     0.00365688
     862   339.5        -1.6393        -2.0007              0       0.003614
     862   340.5       -1.64146       -1.99854              0     0.00357086
     862   341.5       -1.63781       -1.98219              0      0.0034437
     862   342.5       -1.63912       -1.98088              0     0.00341761
     862   343.5       -1.64044       -1.97956              0     0.00339119
     862   344.5       -1.63639       -1.96361              0     0.00327217
     862   345.5       -1.63738       -1.96262              0     0.00325245
     862   346.5       -1.63278       -1.94722              0     0.00314438
     862   347.5       -1.63351       -1.94649              0     0.00312986
     862   348.5        -1.6287        -1.9313              0     0.00302593
     862   349.5        -1.6236        -1.9164              0     0.00292798
     862   350.5       -1.62356       -1.91644              0     0.00292872
     862   351.5       -1.61848       -1.90152              0      0.0028304
     862   352.5       -1.61308       -1.88692              0     0.00273846
     862   353.5       -1.60721       -1.87279              0     0.00265571
     862   354.5       -1.60117       -1.85883              0     0.00257668
     862   355.5       -1.59497       -1.84503              0     0.00250051
     862   356.5       -1.58867       -1.83133              0     0.00242667
     862   357.5       -1.58226       -1.81774              0     0.00235482
     862   358.5       -1.57567       -1.80433              0     0.00228651
     862   359.5       -1.56353       -1.77647              0     0.00212948
     862   360.5       -1.55623       -1.76377              0     0.00207543
     862   361.5       -1.54893       -1.75107              0     0.00202139
     862   362.5       -1.53623       -1.72377              0     0.00187542
     862   363.5       -1.52847       -1.71153              0     0.00183065
     862   364.5       -1.51527       -1.68473              0     0.00169455
     862   365.5       -1.50164       -1.65836              0     0.00156727
     862   366.5       -1.49304       -1.64696              0     0.00153928
     862   367.5       -1.47935       -1.62065              0     0.00141307
     862   368.5       -1.46531       -1.59469              0     0.00129389
     862   369.5       -1.45078       -1.56922              0     0.00118443
     862   370.5       -1.43595       -1.54405              0     0.00108104
     862   371.5       -1.42672       -1.53328              0     0.00106569
     862   372.5       -1.41232       -1.50768              0    0.000953564
     862   373.5       -1.39216       -1.46784              0    0.000756834
     862   374.5        -1.3764        -1.4436              0    0.000671945
     862   375.5       -1.36072       -1.41928              0    0.000585514
     862   376.5       -1.35082       -1.40918              0    0.000583577
     862   377.5       -1.33585       -1.38415              0    0.000482922
     862   378.5       -1.32077       -1.35923              0    0.000384685
     862   379.5       -1.30529       -1.33471              0    0.000294212
     862   380.5       -1.28968       -1.31032              0    0.000206461
     862   381.5       -1.27386       -1.28614              0    0.000122713
     862   382.5       -1.25815       -1.26185              0     3.7012e-05
     862   383.5       -1.24226       -1.23774              0    4.52555e-05
     862   384.5       -1.23189       -1.22811              0     3.7882e-05
     862   385.5       -1.21661       -1.20339              0    0.000132267
     862   386.5       -1.20111       -1.17889              0    0.000222179
     862   387.5       -1.18513       -1.15487              0    0.000302544
     862   388.5       -1.17489       -1.14511              0    0.000297731
     862   389.5       -1.15942       -1.12058              0    0.000388412
     862   390.5       -1.14381       -1.09619              0    0.000476152
     862   391.5       -1.13349       -1.08651              0    0.000469772
     862   392.5         -1.118         -1.062              0    0.000559912
     862   393.5       -1.10233       -1.03767              0    0.000646694
     862   394.5       -1.09187       -1.02813              0    0.000637301
     862   395.5        -1.0763        -1.0037              0     0.00072608
     862   396.5       -1.06636       -0.99364              0    0.000727191
     862   397.5       -1.05077      -0.969226              0    0.000815486
     862   398.5       -1.03915      -0.954847              0    0.000843053
     862   399.5       -1.02632      -0.937679              0    0.000886427
     862   400.5       -1.01361      -0.920391              0    0.000932189
     862   401.5       -1.00142      -0.904581              0    0.000968384
     862   402.5      -0.988614      -0.887386              0     0.00101228
     862   403.5      -0.976552      -0.871448              0     0.00105104
     862   404.5      -0.964412      -0.855588              0     0.00108823
     862   405.5      -0.952308      -0.839692              0     0.00112616
     862   406.5      -0.940114      -0.823886              0     0.00116228
     862   407.5      -0.928114      -0.807886              0     0.00120228
     862   408.5      -0.916484      -0.793516              0     0.00122969
     862   409.5      -0.904442      -0.777558              0     0.00126885
     862   410.5       -0.89305       -0.76295              0       0.001301
     862   411.5      -0.881586      -0.748414              0     0.00133171
     862   412.5      -0.870161      -0.733839              0     0.00136322
     862   413.5      -0.858747      -0.719253              0     0.00139493
     862   414.5      -0.847907      -0.706093              0     0.00141814
     862   415.5      -0.836464      -0.691536              0     0.00144928
     862   416.5      -0.825778      -0.678222              0     0.00147556
     862   417.5      -0.815023      -0.664977              0     0.00150045
     862   418.5      -0.804312      -0.651688              0     0.00152624
     862   419.5      -0.793617      -0.638383              0     0.00155233
     862   420.5      -0.783501      -0.626499              0     0.00157002
     862   421.5      -0.772883      -0.613117              0     0.00159766
     862   422.5       -0.76226       -0.59974              0     0.00162519
     862   423.5      -0.752076      -0.587924              0     0.00164152
     862   424.5      -0.742145      -0.575855              0     0.00166291
     862   425.5      -0.732167      -0.563833              0     0.00168334
     862   426.5      -0.722208      -0.551792              0     0.00170416
     862   427.5      -0.712261      -0.539739              0     0.00172521
     862   428.5      -0.702221      -0.527779              0     0.00174441
     862   429.5      -0.692957      -0.517043              0     0.00175914
     862   430.5      -0.683089      -0.504911              0     0.00178177
     862   431.5      -0.673787      -0.494213              0     0.00179574
     862   432.5      -0.664517      -0.483483              0     0.00181034
     862   433.5      -0.655298      -0.472702              0     0.00182595
     862   434.5      -0.646097      -0.461903              0     0.00184194
     862   435.5       -0.63691       -0.45109              0     0.00185819
     862   436.5      -0.627731      -0.440269              0     0.00187462
     862   437.5      -0.619132      -0.430868              0     0.00188263
     862   438.5      -0.610029      -0.419971              0     0.00190058
     862   439.5      -0.601496      -0.410504              0     0.00190992
     862   440.5      -0.592996      -0.401004              0     0.00191992
     862   441.5      -0.584549      -0.391451              0     0.00193098
     862   442.5      -0.576123      -0.381877              0     0.00194246
     862   443.5      -0.567712      -0.372288              0     0.00195425
     862   444.5      -0.559313      -0.362687              0     0.00196626
     862   445.5      -0.551496      -0.354504              0     0.00196991
     862   446.5      -0.543176      -0.344824              0     0.00198352
     862   447.5      -0.535429      -0.336571              0     0.00198858
     862   448.5      -0.527717      -0.328283              0     0.00199434
     862   449.5       -0.52006       -0.31994              0     0.00200121
     862   450.5      -0.512427      -0.311573              0     0.00200854
     862   451.5       -0.50481       -0.30319              0     0.00201621
     862   452.5      -0.497207      -0.294793              0     0.00202415
     862   453.5      -0.489615      -0.286385              0     0.00203229
     862   454.5      -0.482604      -0.279396              0     0.00203209
     862   455.5      -0.475092      -0.270908              0     0.00204183
     862   456.5      -0.468154      -0.263846              0     0.00204307
     862   457.5      -0.461251      -0.256749              0     0.00204503
     862   458.5        -0.4543        -0.2497              0     0.00204599
     862   459.5      -0.447584      -0.242416              0     0.00205167
     862   460.5      -0.440675      -0.235325              0     0.00205349
     862   461.5      -0.433885      -0.228115              0     0.00205771
     862   462.5      -0.427789      -0.222211              0     0.00205579
     862   463.5      -0.421087      -0.214913              0     0.00206174
     862   464.5      -0.414962      -0.209038              0     0.00205925
     862   465.5      -0.408876      -0.203124              0     0.00205752
     862   466.5      -0.402273      -0.195727              0     0.00206547
     862   467.5      -0.398977      -0.197023              0     0.00201955
     862   468.5      -0.396822      -0.199178              0     0.00197645
     862   469.5      -0.394975      -0.201025              0     0.00193951
