2379	-nan	0	0
2378	-nan	0	0
2377	-nan	0	0
2376	-nan	0	0
2375	-nan	0	0
2374	-nan	0	0
2373	-nan	0	0
2372	-nan	0	0
2371	-nan	0	0
2370	-nan	0	0
2369	-nan	0	0
2368	-nan	0	0
2367	-nan	0	0
2366	-nan	0	0
2365	-nan	0	0
2364	-nan	0	0
2363	-nan	0	0
2362	-nan	0	0
2361	-nan	0	0
2360	-nan	0	0
2359	-nan	0	0
2358	-nan	0	0
2357	-nan	0	0
2356	-nan	0	0
2355	-nan	0	0
2354	-nan	0	0
2353	-nan	0	0
2352	-nan	0	0
2351	-nan	0	0
2350	-nan	0	0
2349	-nan	0	0
2348	-nan	0	0
2347	-nan	0	0
2346	-nan	0	0
2345	-nan	0	0
2344	-nan	0	0
2343	-nan	0	0
2342	-nan	0	0
2341	-nan	0	0
2340	-nan	0	0
2339	-nan	0	0
2338	-nan	0	0
2337	-nan	0	0
2336	-nan	0	0
2335	-nan	0	0
2334	-nan	0	0
2333	-nan	0	0
2332	-nan	0	0
2331	-nan	0	0
2330	-nan	0	0
2329	-nan	0	0
2328	-nan	0	0
2327	-nan	0	0
2326	-nan	0	0
2325	-nan	0	0
2324	-nan	0	0
2323	-nan	0	0
2322	-nan	0	0
2321	-nan	0	0
2320	-nan	0	0
2319	-nan	0	0
2318	-nan	0	0
2317	-nan	0	0
2316	-nan	0	0
2315	-nan	0	0
2314	-nan	0	0
2313	-nan	0	0
2312	-nan	0	0
2311	-nan	0	0
2310	-nan	0	0
2309	-nan	0	0
2308	-nan	0	0
2307	-nan	0	0
2306	-nan	0	0
2305	-nan	0	0
2304	-nan	0	0
2303	-nan	0	0
2302	-nan	0	0
2301	-nan	0	0
2300	-nan	0	0
2299	-nan	0	0
2298	-nan	0	0
2297	-nan	0	0
2296	-nan	0	0
2295	-nan	0	0
2294	-nan	0	0
2293	-nan	0	0
2292	-nan	0	0
2291	-nan	0	0
2290	-nan	0	0
2289	-nan	0	0
2288	-nan	0	0
2287	-nan	0	0
2286	-nan	0	0
2285	-nan	0	0
2284	-nan	0	0
2283	-nan	0	0
2282	-nan	0	0
2281	-nan	0	0
2280	-nan	0	0
2279	-nan	0	0
2278	-nan	0	0
2277	-nan	0	0
2276	-nan	0	0
2275	-nan	0	0
2274	-nan	0	0
2273	-nan	0	0
2272	-nan	0	0
2271	-nan	0	0
2270	-nan	0	0
2269	-nan	0	0
2268	-nan	0	0
2267	-nan	0	0
2266	-nan	0	0
2265	-nan	0	0
2264	-nan	0	0
2263	-nan	0	0
2262	-nan	0	0
2261	-nan	0	0
2260	-nan	0	0
2259	-nan	0	0
2258	-nan	0	0
2257	-nan	0	0
2256	-nan	0	0
2255	-nan	0	0
2254	-nan	0	0
2253	-nan	0	0
2252	-nan	0	0
2251	-nan	0	0
2250	-nan	0	0
2249	-nan	0	0
2248	-nan	0	0
2247	-nan	0	0
2246	-nan	0	0
2245	-nan	0	0
2244	-nan	0	0
2243	-nan	0	0
2242	-nan	0	0
2241	-nan	0	0
2240	-nan	0	0
2239	-nan	0	0
2238	-nan	0	0
2237	-nan	0	0
2236	-nan	0	0
2235	-nan	0	0
2234	-nan	0	0
2233	-nan	0	0
2232	-nan	0	0
2231	-nan	0	0
2230	-nan	0	0
2229	-nan	0	0
2228	-nan	0	0
2227	-nan	0	0
2226	-nan	0	0
2225	-nan	0	0
2224	-nan	0	0
2223	-nan	0	0
2222	-nan	0	0
2221	-nan	0	0
2220	-nan	0	0
2219	-nan	0	0
2218	-nan	0	0
2217	-nan	0	0
2216	-nan	0	0
2215	-nan	0	0
2214	-nan	0	0
2213	-nan	0	0
2212	-nan	0	0
2211	-nan	0	0
2210	-nan	0	0
2209	-nan	0	0
2208	-nan	0	0
2207	-nan	0	0
2206	-nan	0	0
2205	-nan	0	0
2204	-nan	0	0
2203	-nan	0	0
2202	-nan	0	0
2201	-nan	0	0
2200	-nan	0	0
2199	-nan	0	0
2198	-nan	0	0
2197	-nan	0	0
2196	-nan	0	0
2195	-nan	0	0
2194	-nan	0	0
2193	-nan	0	0
2192	-nan	0	0
2191	-nan	0	0
2190	-nan	0	0
2189	-nan	0	0
2188	-nan	0	0
2187	-nan	0	0
2186	-nan	0	0
2185	-nan	0	0
2184	-nan	0	0
2183	-nan	0	0
2182	-nan	0	0
2181	-nan	0	0
2180	-nan	0	0
2179	-nan	0	0
2178	-nan	0	0
2177	-nan	0	0
2176	-nan	0	0
2175	-nan	0	0
2174	-nan	0	0
2173	-nan	0	0
2172	-nan	0	0
2171	-nan	0	0
2170	-nan	0	0
2169	-nan	0	0
2168	-nan	0	0
2167	-nan	0	0
2166	-nan	0	0
2165	-nan	0	0
2164	-nan	0	0
2163	-nan	0	0
2162	-nan	0	0
2161	-nan	0	0
2160	-nan	0	0
2159	-nan	0	0
2158	-nan	0	0
2157	-nan	0	0
2156	-nan	0	0
2155	-nan	0	0
2154	-nan	0	0
2153	-nan	0	0
2152	-nan	0	0
2151	-nan	0	0
2150	-nan	0	0
2149	-nan	0	0
2148	-nan	0	0
2147	-nan	0	0
2146	-nan	0	0
2145	-nan	0	0
2144	-nan	0	0
2143	-nan	0	0
2142	-nan	0	0
2141	-nan	0	0
2140	-nan	0	0
2139	-nan	0	0
2138	-nan	0	0
2137	-nan	0	0
2136	-nan	0	0
2135	-nan	0	0
2134	-nan	0	0
2133	-nan	0	0
2132	-nan	0	0
2131	-nan	0	0
2130	-nan	0	0
2129	-nan	0	0
2128	-nan	0	0
2127	-nan	0	0
2126	-nan	0	0
2125	-nan	0	0
2124	-nan	0	0
2123	-nan	0	0
2122	-nan	0	0
2121	-nan	0	0
2120	-nan	0	0
2119	-nan	0	0
2118	-nan	0	0
2117	-nan	0	0
2116	-nan	0	0
2115	-nan	0	0
2114	-nan	0	0
2113	-nan	0	0
2112	-nan	0	0
2111	-nan	0	0
2110	-nan	0	0
2109	-nan	0	0
2108	-nan	0	0
2107	-nan	0	0
2106	-nan	0	0
2105	-nan	0	0
2104	-nan	0	0
2103	-nan	0	0
2102	-nan	0	0
2101	-nan	0	0
2100	-nan	0	0
2099	-nan	0	0
2098	-nan	0	0
2097	-nan	0	0
2096	-nan	0	0
2095	-nan	0	0
2094	-nan	0	0
2093	-nan	0	0
2092	-nan	0	0
2091	-nan	0	0
2090	-nan	0	0
2089	-nan	0	0
2088	-nan	0	0
2087	-nan	0	0
2086	-nan	0	0
2085	-nan	0	0
2084	-nan	0	0
2083	-nan	0	0
2082	-nan	0	0
2081	-nan	0	0
2080	-nan	0	0
2079	-nan	0	0
2078	-nan	0	0
2077	-nan	0	0
2076	-nan	0	0
2075	-nan	0	0
2074	-nan	0	0
2073	-nan	0	0
2072	-nan	0	0
2071	-nan	0	0
2070	-nan	0	0
2069	-nan	0	0
2068	-nan	0	0
2067	-nan	0	0
2066	-nan	0	0
2065	-nan	0	0
2064	-nan	0	0
2063	-nan	0	0
2062	-nan	0	0
2061	-nan	0	0
2060	-nan	0	0
2059	-nan	0	0
2058	-nan	0	0
2057	-nan	0	0
2056	-nan	0	0
2055	-nan	0	0
2054	-nan	0	0
2053	-nan	0	0
2052	-nan	0	0
2051	-nan	0	0
2050	-nan	0	0
2049	-nan	0	0
2048	-nan	0	0
2047	-nan	0	0
2046	-nan	0	0
2045	-nan	0	0
2044	-nan	0	0
2043	-nan	0	0
2042	-nan	0	0
2041	-nan	0	0
2040	-nan	0	0
2039	-nan	0	0
2038	-nan	0	0
2037	-nan	0	0
2036	-nan	0	0
2035	-nan	0	0
2034	-nan	0	0
2033	-nan	0	0
2032	-nan	0	0
2031	-nan	0	0
2030	-nan	0	0
2029	-nan	0	0
2028	-nan	0	0
2027	-nan	0	0
2026	-nan	0	0
2025	-nan	0	0
2024	-nan	0	0
2023	-nan	0	0
2022	-nan	0	0
2021	-nan	0	0
2020	-nan	0	0
2019	-nan	0	0
2018	-nan	0	0
2017	-nan	0	0
2016	-nan	0	0
2015	-nan	0	0
2014	-nan	0	0
2013	-nan	0	0
2012	-nan	0	0
2011	-nan	0	0
2010	-nan	0	0
2009	-nan	0	0
2008	-nan	0	0
2007	-nan	0	0
2006	-nan	0	0
2005	-nan	0	0
2004	-nan	0	0
2003	-nan	0	0
2002	-nan	0	0
2001	-nan	0	0
2000	-nan	0	0
1999	-nan	0	0
1998	-nan	0	0
1997	-nan	0	0
1996	-nan	0	0
1995	-nan	0	0
1994	-nan	0	0
1993	-nan	0	0
1992	-nan	0	0
1991	-nan	0	0
1990	-nan	0	0
1989	-nan	0	0
1988	-nan	0	0
1987	-nan	0	0
1986	-nan	0	0
1985	-nan	0	0
1984	-nan	0	0
1983	-nan	0	0
1982	-nan	0	0
1981	-nan	0	0
1980	-nan	0	0
1979	-nan	0	0
1978	-nan	0	0
1977	-nan	0	0
1976	-nan	0	0
1975	-nan	0	0
1974	-nan	0	0
1973	-nan	0	0
1972	-nan	0	0
1971	-nan	0	0
1970	-nan	0	0
1969	-nan	0	0
1968	-nan	0	0
1967	-nan	0	0
1966	-nan	0	0
1965	-nan	0	0
1964	-nan	0	0
1963	-nan	0	0
1962	-nan	0	0
1961	-nan	0	0
1960	-nan	0	0
1959	-nan	0	0
1958	-nan	0	0
1957	-nan	0	0
1956	-nan	0	0
1955	-nan	0	0
1954	-nan	0	0
1953	-nan	0	0
1952	-nan	0	0
1951	-nan	0	0
1950	-3.76194	0	0
1949	-3.78426	0	0
1948	-3.80667	0	0
1947	-3.82919	0	0
1946	-3.8518	0	0
1945	-3.87452	0	0
1944	-3.89733	0	0
1943	-3.92024	0	0
1942	-3.66876	0	0
1941	-3.69037	0	0
1940	-3.71207	0	0
1939	-3.73386	0	0
1938	-3.75575	0	0
1937	-3.77774	0	0
1936	-3.79982	0	0
1935	-3.822	0	0
1934	-3.84427	0	0
1933	-3.86664	0	0
1932	-3.88911	0	0
1931	-3.91167	0	0
1930	-3.93433	0	0
1929	-3.68696	0	0
1928	-3.70834	0	0
1927	-3.72981	0	0
1926	-3.75138	0	0
1925	-3.77304	0	0
1924	-3.79479	0	0
1923	-3.81663	0	0
1922	-3.83857	0	0
1921	-3.8606	0	0
1920	-3.88273	0	0
1919	-3.90495	0	0
1918	-3.92727	0	0
1917	-3.94969	0	0
1916	-3.70641	0	0
1915	-3.72758	0	0
1914	-3.74885	0	0
1913	-3.7702	0	0
1912	-3.79165	0	0
1911	-3.81319	0	0
1910	-3.83482	0	0
1909	-3.85654	0	0
1908	-3.87835	0	0
1907	-3.90026	0	0
1906	-3.92226	0	0
1905	-3.94436	0	0
1904	-3.70616	0	0
1903	-3.72706	0	0
1902	-3.74805	0	0
1901	-3.76913	0	0
1900	-3.7903	0	0
1899	-3.81156	0	0
1898	-3.83291	0	0
1897	-3.85435	0	0
1896	-3.87588	0	0
1895	-3.89751	0	0
1894	-3.91922	0	0
1893	-3.94103	0	0
1892	-3.70761	0	0
1891	-3.72825	0	0
1890	-3.74899	0	0
1889	-3.76981	0	0
1888	-3.79072	0	0
1887	-3.81171	0	0
1886	-3.8328	0	0
1885	-3.85397	0	0
1884	-3.87524	0	0
1883	-3.89659	0	0
1882	-3.91803	0	0
1881	-3.93957	0	0
1880	-3.71085	0	0
1879	-3.73125	0	0
1878	-3.75173	0	0
1877	-3.7723	0	0
1876	-3.79296	0	0
1875	-3.8137	0	0
1874	-3.83453	0	0
1873	-3.85545	0	0
1872	-3.87646	0	0
1871	-3.89755	0	0
1870	-3.91873	0	0
1869	-3.94	0	0
1868	-3.71577	0	0
1867	-3.73594	0	0
1866	-3.75621	0	0
1865	-3.77655	0	0
1864	-3.79699	0	0
1863	-3.8175	0	0
1862	-3.8381	0	0
1861	-3.85879	0	0
1860	-3.87957	0	0
1859	-3.90043	0	0
1858	-3.92137	0	0
1857	-3.94241	0	0
1856	-3.7222	0	0
1855	-3.74218	0	0
1854	-3.76225	0	0
1853	-3.7824	0	0
1852	-3.80264	0	0
1851	-3.82296	0	0
1850	-3.84336	0	0
1849	-3.86385	0	0
1848	-3.88442	0	0
1847	-3.90508	0	0
1846	-3.92582	0	0
1845	-3.71078	0	0
1844	-3.73047	0	0
1843	-3.75025	0	0
1842	-3.77011	0	0
1841	-3.79004	0	0
1840	-3.81007	0	0
1839	-3.83017	0	0
1838	-3.85036	0	0
1837	-3.87063	0	0
1836	-3.89098	0	0
1835	-3.91142	0	0
1834	-3.93194	0	0
1833	-3.72069	0	0
1832	-3.74022	0	0
1831	-3.75984	0	0
1830	-3.77954	0	0
1829	-3.79932	0	0
1828	-3.81918	0	0
1827	-3.83912	0	0
1826	-3.85914	0	0
1825	-3.87925	0	0
1824	-3.89944	0	0
1823	-3.91971	0	0
1822	-3.71272	0	0
1821	-3.73203	0	0
1820	-3.75143	0	0
1819	-3.7709	0	0
1818	-3.79045	0	0
1817	-3.81008	0	0
1816	-3.8298	0	0
1815	-3.84959	0	0
1814	-3.86946	0	0
1813	-3.88941	0	0
1812	-3.90945	0	0
1811	-3.70674	0	0
1810	-3.72583	0	0
1809	-3.74499	0	0
1808	-3.76423	0	0
1807	-3.78355	0	0
1806	-3.80295	0	0
1805	-3.82243	0	0
1804	-3.84198	0	0
1803	-3.86162	0	0
1802	-3.88133	0	0
1801	-3.90112	0	0
1800	-3.70204	0	0
1799	-3.72097	0	0
1798	-3.73998	0	0
1797	-3.75907	0	0
1796	-3.77823	0	0
1795	-3.79747	0	0
1794	-3.81679	0	0
1793	-3.83619	0	0
1792	-3.85567	0	0
1791	-3.87522	0	0
1790	-3.89486	0	0
1789	-3.69854	0	0
1788	-3.71734	0	0
1787	-3.73621	0	0
1786	-3.75516	0	0
1785	-3.77418	0	0
1784	-3.79328	0	0
1783	-3.81245	0	0
1782	-3.83171	0	0
1781	-3.85104	0	0
1780	-3.87045	0	0
1779	-3.88993	0	0
1778	-3.69624	0	0
1777	-3.71491	0	0
1776	-3.73365	0	0
1775	-3.75247	0	0
1774	-3.77136	0	0
1773	-3.79033	0	0
1772	-3.80937	0	0
1771	-3.82849	0	0
1770	-3.84769	0	0
1769	-3.86696	0	0
1768	-3.88631	0	0
1767	-3.69309	0	0
1766	-3.71184	0	0
1765	-3.73067	0	0
1764	-3.74957	0	0
1763	-3.76855	0	0
1762	-3.78761	0	0
1761	-3.80674	0	0
1760	-3.82595	0	0
1759	-3.84524	0	0
1758	-3.86461	0	0
1757	-3.67217	0	0
1756	-3.69076	0	0
1755	-3.70942	0	0
1754	-3.72815	0	0
1753	-3.74696	0	0
1752	-3.76585	0	0
1751	-3.78481	0	0
1750	-3.80385	0	0
1749	-3.82297	0	0
1748	-3.84216	0	0
1747	-3.86144	0	0
1746	-3.66677	0	0
1745	-3.6857	0	0
1744	-3.7047	0	0
1743	-3.72379	0	0
1742	-3.74295	0	0
1741	-3.76219	0	0
1740	-3.7815	0	0
1739	-3.8009	0	0
1738	-3.82038	0	0
1737	-3.83993	0	0
1736	-3.63766	0	0
1735	-3.657	0	0
1734	-3.67643	0	0
1733	-3.69594	0	0
1732	-3.71553	0	0
1731	-3.73521	0	0
1730	-3.75496	0	0
1729	-3.7748	0	0
1728	-3.79472	0	0
1727	-3.81473	0	0
1726	-3.608	0	0
1725	-3.62728	0	0
1724	-3.64664	0	0
1723	-3.66609	0	0
1722	-3.68561	0	0
1721	-3.70522	0	0
1720	-3.72491	0	0
1719	-3.74468	0	0
1718	-3.76453	0	0
1717	-3.78447	0	0
1716	-3.55868	0	0
1715	-3.57993	0	0
1714	-3.60128	0	0
1713	-3.62272	0	0
1712	-3.64426	0	0
1711	-3.66589	0	0
1710	-3.68762	0	0
1709	-3.70945	0	0
1708	-3.73138	0	0
1707	-3.7534	0	0
1706	-3.50612	0	0
1705	-3.52747	0	0
1704	-3.54891	0	0
1703	-3.57044	0	0
1702	-3.59208	0	0
1701	-3.61381	0	0
1700	-3.63563	0	0
1699	-3.65756	0	0
1698	-3.67959	0	0
1697	-3.70171	0	0
1696	-3.43216	0	0
1695	-3.45571	0	0
1694	-3.47938	0	0
1693	-3.50315	0	0
1692	-3.52704	0	0
1691	-3.55104	0	0
1690	-3.57515	0	0
1689	-3.59938	0	0
1688	-3.62372	0	0
1687	-3.28897	0	0
1686	-3.3168	0	0
1685	-3.34477	0	0
1684	-3.37288	0	0
1683	-3.40113	0	0
1682	-3.42953	0	0
1681	-3.45807	0	0
1680	-3.48676	0	0
1679	-3.5156	0	0
1678	-3.54458	0	0
1677	-3.17194	0	0
1676	-3.19922	0	0
1675	-3.22664	0	0
1674	-3.25421	0	0
1673	-3.28191	0	0
1672	-3.30975	0	0
1671	-3.33774	0	0
1670	-3.36586	0	0
1669	-3.39413	0	0
1668	-2.92717	0	0
1667	-2.96459	0	0
1666	-3.00221	0	0
1665	-3.04004	0	0
1664	-3.07808	0	0
1663	-3.11633	0	0
1662	-3.1548	0	0
1661	-3.19348	0	0
1660	-3.23237	0	0
1659	-3.27148	0	0
1658	-2.68545	0	0
1657	-2.72553	0	0
1656	-2.76584	0	0
1655	-2.80638	0	0
1654	-2.84716	0	0
1653	-2.88816	0	0
1652	-2.92941	0	0
1651	-2.97088	0	0
1650	-3.0126	0	0
1649	-2.35646	0	0
1648	-2.40095	0	0
1647	-2.44571	0	0
1646	-2.49072	0	0
1645	-2.53599	0	0
1644	-2.58153	0	0
1643	-2.62733	0	0
1642	-2.67339	0	0
1641	-2.71971	0	0
1640	-1.84634	0	0
1639	-1.90969	0	0
1638	-1.97342	0	0
1637	-2.03756	0	0
1636	-2.10208	0	0
1635	-2.167	0	0
1634	-2.23232	0	0
1633	-2.29804	0	0
1632	-2.36416	0	0
1631	-1.34879	0	0
1630	-1.40819	0	0
1629	-1.46795	0	0
1628	-1.52808	0	0
1627	-1.58858	0	0
1626	-1.64945	0	0
1625	-1.7107	0	0
1624	-1.77232	0	0
1623	-1.83431	0	0
1622	-0.70818	0	0
1621	-0.782612	0	0
1620	-0.85751	0	0
1619	-0.932875	0	0
1618	-1.00871	0	0
1617	-1.08502	0	0
1616	-1.1618	0	0
1615	-1.23905	0	0
1614	-1.31679	0	0
1613	0.0707052	0	0
1612	-0.0176543	0	0
1611	-0.106581	0	0
1610	-0.196077	0	0
1609	-0.286145	0	0
1608	-0.376789	0	0
1607	-0.468009	0	0
1606	-0.55981	0	0
1605	-0.652194	0	0
1604	0.832025	0	0
1603	0.748637	0	0
1602	0.664715	0	0
1601	0.580257	0	0
1600	0.49526	0	0
1599	0.409723	0	0
1598	0.323642	0	0
1597	0.237015	0	0
1596	1.82847	0	0
1595	1.72995	0	0
1594	1.63079	0	0
1593	1.53099	0	0
1592	1.43054	0	0
1591	1.32945	0	0
1590	1.22771	0	0
1589	1.12531	0	0
1588	1.02226	0	0
1587	2.77541	0	0
1586	2.6747	0	0
1585	2.57332	0	0
1584	2.47129	0	0
1583	2.36858	0	0
1582	2.2652	0	0
1581	2.16115	0	0
1580	2.05643	0	0
1579	1.95102	0	0
1578	3.72876	0	0
1577	3.6299	0	0
1576	3.53039	0	0
1575	3.43023	0	0
1574	3.32941	0	0
1573	3.22793	0	0
1572	3.12579	0	0
1571	3.02298	0	0
1570	4.84644	0	0
1569	4.74227	0	0
1568	4.63739	0	0
1567	4.53182	0	0
1566	4.42555	0	0
1565	4.31857	0	0
1564	4.21088	0	0
1563	4.10248	0	0
1562	5.9352	0	0
1561	5.83849	0	0
1560	5.74112	0	0
1559	5.64309	0	0
1558	5.5444	0	0
1557	5.44503	0	0
1556	5.345	0	0
1555	5.24429	0	0
1554	7.00651	0	0
1553	6.91442	0	0
1552	6.8217	0	0
1551	6.72834	0	0
1550	6.63434	0	0
1549	6.53969	0	0
1548	6.44439	0	0
1547	6.34844	0	0
1546	6.25184	0	0
1545	7.97765	0	0
1544	7.88919	0	0
1543	7.80011	0	0
1542	7.71041	0	0
1541	7.62007	0	0
1540	7.5291	0	0
1539	7.4375	0	0
1538	7.34526	0	0
1537	8.95765	0	0
1536	8.88338	0	0
1535	8.80857	0	0
1534	8.73321	0	0
1533	8.65731	0	0
1532	8.58086	0	0
1531	8.50385	0	0
1530	8.4263	0	0
1529	9.86412	0	0
1528	9.80138	0	0
1527	9.73816	0	0
1526	9.67447	0	0
1525	9.61029	0	0
1524	9.54563	0	0
1523	9.48048	0	0
1522	10.779	0	0
1521	-2.90817	0	0
1520	-2.9251	0	0
1519	-2.94211	0	0
1518	-2.95919	0	0
1517	-2.97634	0	0
1516	-2.99358	0	0
1515	-3.01088	0	0
1514	-2.82484	0	0
1513	-2.84351	0	0
1512	-2.86227	0	0
1511	-2.88111	0	0
1510	-2.90004	0	0
1509	-2.91907	0	0
1508	-2.93817	0	0
1507	-2.95737	0	0
1506	-2.73899	0	0
1505	-2.7602	0	0
1504	-2.78152	0	0
1503	-2.80294	0	0
1502	-2.82446	0	0
1501	-2.84609	0	0
1500	-2.86783	0	0
1499	-2.88968	0	0
1498	-2.65118	0	0
1497	-2.6724	0	0
1496	-2.69373	0	0
1495	-2.71516	0	0
1494	-2.7367	0	0
1493	-2.75835	0	0
1492	-2.7801	0	0
1491	-2.55101	0	0
1490	-2.57076	0	0
1489	-2.5906	0	0
1488	-2.61055	0	0
1487	-2.63058	0	0
1486	-2.65072	0	0
1485	-2.67095	0	0
1484	-2.69128	0	0
1483	-2.42082	0	0
1482	-2.44805	0	0
1481	-2.47542	0	0
1480	-2.50295	0	0
1479	-2.53062	0	0
1478	-2.55844	0	0
1477	-2.58641	0	0
1476	-2.23286	0	0
1475	-2.26367	0	0
1474	-2.29466	0	0
1473	-2.32582	0	0
1472	-2.35716	0	0
1471	-2.38867	0	0
1470	-2.42036	0	0
1469	-2.04839	0	0
1468	-2.07783	0	0
1467	-2.10743	0	0
1466	-2.1372	0	0
1465	-2.16713	0	0
1464	-2.19723	0	0
1463	-2.2275	0	0
1462	-2.25794	0	0
1461	-1.891	0	0
1460	-1.92055	0	0
1459	-1.95027	0	0
1458	-1.98015	0	0
1457	-2.0102	0	0
1456	-2.04041	0	0
1455	-2.07079	0	0
1454	-1.59143	0	0
1453	-1.63757	0	0
1452	-1.68399	0	0
1451	-1.73069	0	0
1450	-1.77767	0	0
1449	-1.82493	0	0
1448	-1.87248	0	0
1447	-1.24592	0	0
1446	-1.29607	0	0
1445	-1.34652	0	0
1444	-1.39728	0	0
1443	-1.44836	0	0
1442	-1.49975	0	0
1441	-1.55145	0	0
1440	-0.926512	0	0
1439	-0.971439	0	0
1438	-1.01664	0	0
1437	-1.06212	0	0
1436	-1.10788	0	0
1435	-1.15391	0	0
1434	-1.20023	0	0
1433	-0.568094	0	0
1432	-0.618566	0	0
1431	-0.66935	0	0
1430	-0.720447	0	0
1429	-0.771859	0	0
1428	-0.823588	0	0
1427	-0.875635	0	0
1426	-0.0563471	0	0
1425	-0.129431	0	0
1424	-0.202983	0	0
1423	-0.277006	0	0
1422	-0.351501	0	0
1421	-0.426472	0	0
1420	-0.50192	0	0
1419	0.495157	0	0
1418	0.418719	0	0
1417	0.341785	0	0
1416	0.264353	0	0
1415	0.186421	0	0
1414	0.107986	0	0
1413	0.0290445	0	0
1412	1.00762	0	0
1411	0.939579	0	0
1410	0.871095	0	0
1409	0.80217	0	0
1408	0.7328	0	0
1407	0.662983	0	0
1406	1.6425	0	0
1405	1.56684	0	0
1404	1.4907	0	0
1403	1.41405	0	0
1402	1.33692	0	0
1401	1.25928	0	0
1400	1.18114	0	0
1399	2.33186	0	0
1398	2.23764	0	0
1397	2.14279	0	0
1396	2.04732	0	0
1395	1.95122	0	0
1394	1.85449	0	0
1393	1.75712	0	0
1392	3.04932	0	0
1391	2.95252	0	0
1390	2.85508	0	0
1389	2.75698	0	0
1388	2.65824	0	0
1387	2.55884	0	0
1386	3.83276	0	0
1385	3.74334	0	0
1384	3.65332	0	0
1383	3.56271	0	0
1382	3.47149	0	0
1381	3.37966	0	0
1380	3.28722	0	0
1379	4.55826	0	0
1378	4.46373	0	0
1377	4.36857	0	0
1376	4.27277	0	0
1375	4.17633	0	0
1374	4.07925	0	0
1373	5.44745	0	0
1372	5.34376	0	0
1371	5.23938	0	0
1370	5.13428	0	0
1369	5.02848	0	0
1368	4.92196	0	0
1367	6.34826	0	0
1366	6.24643	0	0
1365	6.1439	0	0
1364	6.04066	0	0
1363	5.93672	0	0
1362	5.83207	0	0
1361	5.7267	0	0
1360	7.13606	0	0
1359	7.03806	0	0
1358	6.93939	0	0
1357	6.84003	0	0
1356	6.73999	0	0
1355	6.63925	0	0
1354	8.03911	0	0
1353	7.94028	0	0
1352	7.84075	0	0
1351	7.74053	0	0
1350	7.63962	0	0
1349	7.538	0	0
1348	8.95869	0	0
1347	8.85954	0	0
1346	8.7597	0	0
1345	8.65914	0	0
1344	8.55788	0	0
1343	8.4559	0	0
1342	9.84206	0	0
1341	9.75158	0	0
1340	9.66043	0	0
1339	9.56863	0	0
1338	9.47616	0	0
1337	9.38303	0	0
1336	10.6876	0	0
1335	10.6053	0	0
1334	10.5223	0	0
1333	10.4386	0	0
1332	10.3544	0	0
1331	10.2696	0	0
1330	11.5283	0	0
1329	11.4485	0	0
1328	11.3681	0	0
1327	11.2871	0	0
1326	11.2055	0	0
1325	11.1233	0	0
1324	12.369	0	0
1323	12.2913	0	0
1322	12.213	0	0
1321	12.1341	0	0
1320	12.0546	0	0
1319	11.9745	0	0
1318	13.1517	0	0
1317	13.0866	0	0
1316	13.021	0	0
1315	12.9549	0	0
1314	12.8882	0	0
1313	12.821	0	0
1312	13.8555	0	0
1311	13.8067	0	0
1310	13.7575	0	0
1309	13.7078	0	0
1308	13.6577	0	0
1307	13.6072	0	0
1306	14.5367	0	0
1305	14.4933	0	0
1304	14.4495	0	0
1303	14.4053	0	0
1302	14.3606	0	0
1301	14.3156	0	0
1300	15.2007	0	0
1299	15.1625	0	0
1298	15.124	0	0
1297	15.085	0	0
1296	15.0457	0	0
1295	15.9003	0	0
1294	15.8641	0	0
1293	15.8276	0	0
1292	15.7907	0	0
1291	15.7534	0	0
1290	15.7157	0	0
1289	16.4858	0	0
1288	16.4668	0	0
1287	16.4475	0	0
1286	16.428	0	0
1285	16.4083	0	0
1284	16.9988	0	0
1283	16.9972	0	0
1282	16.9954	0	0
1281	16.9935	0	0
1280	16.9915	0	0
1279	16.9893	0	0
1278	17.5141	0	0
1277	17.5115	0	0
1276	17.5087	0	0
1275	17.5057	0	0
1274	17.5026	0	0
1273	17.4993	0	0
1272	18.0073	0	0
1271	18.0115	0	0
1270	18.0156	0	0
1269	18.0196	0	0
1268	18.0235	0	0
1267	18.5094	0	0
1266	18.5123	0	0
1265	18.515	0	0
1264	18.5176	0	0
1263	18.52	0	0
1262	18.9649	0	0
1261	18.9786	0	0
1260	18.9921	0	0
1259	19.0056	0	0
1258	19.019	0	0
1257	19.0324	0	0
1256	19.334	0	0
1255	19.3698	0	0
1254	19.4058	0	0
1253	19.4418	0	0
1252	19.4779	0	0
1251	19.7301	0	0
1250	19.7545	0	0
1249	19.7789	0	0
1248	19.8032	0	0
1247	19.8276	0	0
1246	20.1369	0	0
1245	20.1625	0	0
1244	20.188	0	0
1243	20.2136	0	0
1242	20.2392	0	0
1241	20.2647	0	0
1240	20.5257	0	0
1239	20.5632	0	0
1238	20.6007	0	0
1237	20.6383	0	0
1236	20.676	0	0
1235	20.9299	0	0
1234	20.9571	0	0
1233	20.9843	0	0
1232	21.0116	0	0
1231	21.0388	0	0
1230	21.2293	0	0
1229	21.2831	0	0
1228	21.3371	0	0
1227	21.3913	0	0
1226	21.4456	0	0
1225	21.5885	0	0
1224	21.6272	0	0
1223	21.6659	0	0
1222	21.7046	0	0
1221	21.7434	0	0
1220	22.0498	0	0
1219	22.0701	0	0
1218	22.0905	0	0
1217	22.1107	0	0
1216	22.1309	0	0
1215	22.4618	0	0
1214	22.4964	0	0
1213	22.531	0	0
1212	22.5657	0	0
1211	22.6005	0	0
1210	22.8591	0	0
1209	22.8976	0	0
1208	22.9361	0	0
1207	22.9746	0	0
1206	23.0132	0	0
1205	23.2822	0	0
1204	23.3165	0	0
1203	23.3508	0	0
1202	23.3851	0	0
1201	23.4195	0	0
1200	23.7184	0	0
1199	23.752	0	0
1198	23.7856	0	0
1197	23.8193	0	0
1196	23.853	0	0
1195	24.2549	0	0
1194	24.2665	0	0
1193	24.278	0	0
1192	24.2894	0	0
1191	24.3007	0	0
1190	24.964	0	0
1189	24.9373	0	0
1188	24.9101	0	0
1187	24.8826	0	0
1186	25.5567	0	0
1185	25.5688	0	0
1184	25.5808	0	0
1183	25.5926	0	0
1182	25.6043	0	0
1181	26.1501	0	0
1180	26.1592	0	0
1179	26.1682	0	0
1178	26.177	0	0
1177	26.1857	0	0
1176	26.8076	0	0
1175	26.8034	0	0
1174	26.799	0	0
1173	26.7942	0	0
1172	26.7892	0	0
1171	27.4737	0	0
1170	27.4714	0	0
1169	27.4687	0	0
1168	27.4658	0	0
1167	28.263	0	0
1166	28.2347	0	0
1165	28.2059	0	0
1164	28.1767	0	0
1163	28.1471	0	0
1162	29.2661	0	0
1161	29.184	0	0
1160	29.1012	0	0
1159	29.0175	0	0
1158	30.1046	0	0
1157	30.0873	0	0
1156	30.0695	0	0
1155	30.0513	0	0
1154	30.0327	0	0
1153	31.0232	0	0
1152	30.9703	0	0
1151	30.9168	0	0
1150	30.8626	0	0
1149	31.9505	0	0
1148	31.913	0	0
1147	31.875	0	0
1146	31.8364	0	0
1145	31.7972	0	0
1144	32.8506	0	0
1143	32.8107	0	0
1142	32.7703	0	0
1141	32.7293	0	0
1140	33.8951	0	0
1139	33.8331	0	0
1138	33.7704	0	0
1137	33.7069	0	0
1136	33.6427	0	0
1135	35.0259	0	0
1134	34.9292	0	0
1133	34.8315	0	0
1132	34.7328	0	0
1131	36.0755	0	0
1130	36.0338	0	0
1129	35.9914	0	0
1128	35.9484	0	0
1127	37.2756	0	0
1126	37.1872	0	0
1125	37.0978	0	0
1124	37.0075	0	0
1123	38.3681	0	0
1122	38.3154	0	0
1121	38.262	0	0
1120	38.2079	0	0
1119	38.153	0	0
1118	39.3977	0	0
1117	39.3487	0	0
1116	39.299	0	0
1115	39.2485	0	0
1114	40.5206	0	0
1113	40.4637	0	0
1112	40.4059	0	0
1111	40.3474	0	0
1110	41.6744	0	0
1109	41.6152	0	0
1108	41.5551	0	0
1107	41.4942	0	0
1106	42.7326	0	0
1105	42.7019	0	0
1104	42.6706	0	0
1103	42.6386	0	0
1102	43.8126	0	0
1101	43.7779	0	0
1100	43.7425	0	0
1099	43.7064	0	0
1098	43.6696	0	0
1097	44.8174	0	0
1096	44.8004	0	0
1095	44.7828	0	0
1094	44.7646	0	0
1093	45.7595	0	0
1092	24.8805	0	0
1091	24.921	0	0
1090	24.9616	0	0
1089	25.2425	0	0
1088	25.2768	0	0
1087	25.3111	0	0
1086	25.3455	0	0
1085	25.6819	0	0
1084	25.7084	0	0
1083	25.7349	0	0
1082	25.7613	0	0
1081	26.1311	0	0
1080	26.159	0	0
1079	26.1868	0	0
1078	26.2147	0	0
1077	26.56	0	0
1076	26.5968	0	0
1075	26.6335	0	0
1074	26.9812	0	0
1073	27.0103	0	0
1072	27.0393	0	0
1071	27.0683	0	0
1070	27.4211	0	0
1069	27.4568	0	0
1068	27.4926	0	0
1067	27.5283	0	0
1066	27.8123	0	0
1065	27.8636	0	0
1064	27.915	0	0
1063	27.9665	0	0
1062	28.2694	0	0
1061	28.3026	0	0
1060	28.3357	0	0
1059	28.3688	0	0
1058	28.7701	0	0
1057	28.7934	0	0
1056	28.8166	0	0
1055	28.8397	0	0
1054	29.3027	0	0
1053	29.3191	0	0
1052	29.3354	0	0
1051	29.7984	0	0
1050	29.8239	0	0
1049	29.8493	0	0
1048	29.8747	0	0
1047	30.2493	0	0
1046	30.2958	0	0
1045	30.3424	0	0
1044	30.3891	0	0
1043	30.7416	0	0
1042	30.7759	0	0
1041	30.8102	0	0
1040	31.1669	0	0
1039	31.2136	0	0
1038	31.2603	0	0
1037	31.3071	0	0
1036	31.6876	0	0
1035	31.719	0	0
1034	31.7503	0	0
1033	31.7816	0	0
1032	32.2518	0	0
1031	32.2708	0	0
1030	32.2896	0	0
1029	32.9214	0	0
1028	32.908	0	0
1027	32.8941	0	0
1026	32.8798	0	0
1025	33.6118	0	0
1024	33.5979	0	0
1023	33.5836	0	0
1022	34.1918	0	0
1021	34.216	0	0
1020	34.2401	0	0
1019	34.264	0	0
1018	34.7983	0	0
1017	34.817	0	0
1016	34.8355	0	0
1015	35.397	0	0
1014	35.4151	0	0
1013	35.433	0	0
1012	35.4507	0	0
1011	36.0643	0	0
1010	36.0681	0	0
1009	36.0715	0	0
1008	36.6688	0	0
1007	36.693	0	0
1006	36.717	0	0
1005	36.7409	0	0
1004	37.3902	0	0
1003	37.3796	0	0
1002	37.3686	0	0
1001	38.2726	0	0
1000	38.2182	0	0
999	38.1629	0	0
998	38.1069	0	0
997	39.0308	0	0
996	39.0201	0	0
995	39.0089	0	0
994	39.8304	0	0
993	39.808	0	0
992	39.785	0	0
991	40.6559	0	0
990	40.6319	0	0
989	40.6074	0	0
988	40.5821	0	0
987	41.41	0	0
986	41.4098	0	0
985	41.4091	0	0
984	42.2226	0	0
983	42.2026	0	0
982	42.182	0	0
981	43.0072	0	0
980	43.0063	0	0
979	43.0049	0	0
978	43.8191	0	0
977	43.8093	0	0
976	43.799	0	0
975	43.7881	0	0
974	44.6928	0	0
973	44.6579	0	0
972	44.6222	0	0
971	45.4837	0	0
970	45.4997	0	0
969	45.5154	0	0
968	46.3051	0	0
967	46.2978	0	0
966	46.29	0	0
965	47.1775	0	0
964	47.1615	0	0
963	47.1447	0	0
962	47.9104	0	0
961	47.9461	0	0
960	47.9816	0	0
959	48.6479	0	0
958	48.6805	0	0
957	48.7127	0	0
956	48.7445	0	0
955	49.4459	0	0
954	49.4702	0	0
953	49.4941	0	0
952	50.1413	0	0
951	50.2056	0	0
950	50.2698	0	0
949	50.784	0	0
948	50.8596	0	0
947	50.9352	0	0
946	51.4183	0	0
945	51.4977	0	0
944	51.5771	0	0
943	52.0595	0	0
942	52.1389	0	0
941	52.2183	0	0
940	52.6602	0	0
939	52.7618	0	0
938	52.8636	0	0
937	53.16	0	0
936	53.3039	0	0
935	53.4483	0	0
934	53.6526	0	0
933	53.7902	0	0
932	53.9283	0	0
931	54.1664	0	0
930	54.3007	0	0
929	54.4353	0	0
928	54.6839	0	0
927	54.8223	0	0
926	54.9612	0	0
925	55.092	0	0
924	55.2908	0	0
923	55.2594	0	0
922	55.4567	0	0
921	55.6549	0	0
920	55.6507	0	0
919	55.8417	0	0
918	56.0335	0	0
917	56.042	0	0
916	56.2369	0	0
915	56.4327	0	0
914	56.4206	0	0
913	56.6247	0	0
912	56.8297	0	0
911	56.7102	0	0
910	56.9593	0	0
909	57.2097	0	0
908	56.8764	0	0
907	57.183	0	0
906	56.8891	0	0
905	57.1256	0	0
904	57.3632	0	0
903	57.204	0	0
902	57.4426	0	0
901	57.6823	0	0
900	57.4526	0	0
899	57.726	0	0
898	58.0009	0	0
897	57.7118	0	0
896	57.978	0	0
895	57.729	0	0
894	57.9901	0	0
893	58.2525	0	0
892	57.9999	0	0
891	58.2697	0	0
890	58.5408	0	0
889	58.2885	0	0
888	58.5532	0	0
887	58.294	0	0
886	58.5693	0	0
885	58.846	0	0
884	58.5469	0	0
883	58.8348	0	0
882	59.1242	0	0
881	58.6619	0	0
880	59.0288	0	0
879	58.3519	0	0
878	58.7312	0	0
877	59.1129	0	0
876	58.6243	0	0
875	58.9032	0	0
874	59.1835	0	0
873	58.9001	0	0
872	59.1923	0	0
871	58.893	0	0
870	59.1808	0	0
869	59.4702	0	0
868	59.1906	0	0
867	59.4754	0	0
866	59.1813	0	0
865	59.4795	0	0
864	59.7793	0	0
863	59.4653	0	0
862	59.7644	0	0
861	59.4821	0	0
860	59.7701	0	0
859	60.0597	0	0
858	59.7817	0	0
857	60.0816	0	0
856	59.6702	0	0
855	60.0214	0	0
854	60.3747	0	0
853	59.6247	0	0
852	60.1263	0	0
851	59.3113	0	0
850	59.69	0	0
849	60.0711	0	0
848	59.6197	0	0
847	59.9078	0	0
846	59.6074	0	0
845	59.9292	0	0
844	59.5915	0	0
843	59.9047	0	0
842	60.2197	0	0
841	59.8868	0	0
840	60.2076	0	0
839	59.8347	0	0
838	60.1707	0	0
837	60.5088	0	0
836	60.1248	0	0
835	60.4557	0	0
834	60.0855	0	0
833	60.4199	0	0
832	60.0121	0	0
831	60.3626	0	0
830	60.7153	0	0
829	60.1288	0	0
828	60.584	0	0
827	59.5622	0	0
826	60.137	0	0
825	59.3116	0	0
824	59.6958	0	0
823	60.0825	0	0
822	59.5927	0	0
821	59.9414	0	0
820	59.4981	0	0
819	59.8702	0	0
818	59.4038	0	0
817	59.7676	0	0
816	59.2763	0	0
815	59.6592	0	0
814	60.0447	0	0
813	59.5074	0	0
812	59.9087	0	0
811	59.3587	0	0
810	59.7506	0	0
809	59.2179	0	0
808	59.6119	0	0
807	59.0425	0	0
806	59.4546	0	0
805	59.8695	0	0
804	59.127	0	0
803	59.6617	0	0
802	58.5868	0	0
801	59.1782	0	0
800	58.2698	0	0
799	58.6894	0	0
798	58.1008	0	0
797	58.5113	0	0
796	57.9198	0	0
795	58.3416	0	0
794	57.7368	0	0
793	58.1593	0	0
792	58.5848	0	0
791	57.9613	0	0
790	58.4038	0	0
789	57.7372	0	0
788	58.1889	0	0
787	57.5177	0	0
786	57.9622	0	0
785	57.3068	0	0
784	57.7527	0	0
783	57.082	0	0
782	57.5395	0	0
781	56.7172	0	0
780	57.2632	0	0
779	56.2746	0	0
778	56.8389	0	0
777	56.0116	0	0
776	56.4622	0	0
775	55.8074	0	0
774	56.2567	0	0
773	55.5993	0	0
772	56.0539	0	0
771	55.4064	0	0
770	55.8535	0	0
769	55.2041	0	0
768	55.661	0	0
767	54.9892	0	0
766	55.4544	0	0
765	54.7779	0	0
764	55.2421	0	0
763	54.576	0	0
762	55.0374	0	0
761	54.3694	0	0
760	54.8373	0	0
759	54.0976	0	0
758	54.6101	0	0
757	53.8129	0	0
756	54.3255	0	0
755	53.6126	0	0
754	54.0671	0	0
753	53.4478	0	0
752	53.9003	0	0
751	53.2882	0	0
750	53.7413	0	0
749	53.1422	0	0
748	53.587	0	0
747	53.0116	0	0
746	52.4486	0	0
745	52.8877	0	0
744	52.3169	0	0
743	52.7622	0	0
742	52.1957	0	0
741	52.6375	0	0
740	52.0823	0	0
739	52.5225	0	0
738	51.9468	0	0
737	52.4085	0	0
736	51.8211	0	0
735	52.2707	0	0
734	51.7384	0	0
733	51.2671	0	0
732	51.6828	0	0
731	51.2178	0	0
730	51.6314	0	0
729	51.185	0	0
728	51.5903	0	0
727	51.1684	0	0
726	51.5659	0	0
725	51.1661	0	0
724	50.7872	0	0
723	51.1742	0	0
722	50.8037	0	0
721	51.1895	0	0
720	50.8284	0	0
719	51.2119	0	0
718	50.8521	0	0
717	50.5022	0	0
716	50.8824	0	0
715	50.576	0	0
714	50.9337	0	0
713	50.6628	0	0
712	51.0149	0	0
711	50.7601	0	0
710	50.5287	0	0
709	50.8684	0	0
708	50.6558	0	0
707	50.9889	0	0
706	50.7945	0	0
705	50.6214	0	0
704	50.9433	0	0
703	50.785	0	0
702	51.1016	0	0
701	50.9601	0	0
700	50.8386	0	0
699	51.1446	0	0
698	51.0405	0	0
697	51.3383	0	0
696	51.26	0	0
695	51.2172	0	0
694	51.4937	0	0
693	51.4647	0	0
692	51.738	0	0
691	51.7215	0	0
690	51.7255	0	0
689	51.9878	0	0
688	52.0072	0	0
687	52.0573	0	0
686	52.3016	0	0
685	52.3751	0	0
684	52.6096	0	0
683	52.7015	0	0
682	52.8098	0	0
681	53.0359	0	0
680	53.1571	0	0
679	53.2996	0	0
678	53.5137	0	0
677	53.6744	0	0
676	53.868	0	0
675	54.0614	0	0
674	54.2768	0	0
673	54.4607	0	0
672	54.6941	0	0
671	54.9452	0	0
670	55.1196	0	0
669	55.3832	0	0
668	55.6654	0	0
667	55.8293	0	0
666	56.1245	0	0
665	56.4364	0	0
664	56.5912	0	0
663	51.0809	0	0
662	50.7888	0	0
661	51.212	0	0
660	50.9248	0	0
659	50.6225	0	0
658	51.0648	0	0
657	50.7458	0	0
656	50.4568	0	0
655	50.2262	0	0
654	50.6226	0	0
653	50.4021	0	0
652	50.1945	0	0
651	50.5842	0	0
650	50.3887	0	0
649	50.212	0	0
648	50.5891	0	0
647	50.4217	0	0
646	50.2615	0	0
645	50.1017	0	0
644	50.4778	0	0
643	50.3247	0	0
642	50.193	0	0
641	50.5538	0	0
640	50.4277	0	0
639	50.2971	0	0
638	50.2047	0	0
637	50.5451	0	0
636	50.475	0	0
635	50.4188	0	0
634	50.7509	0	0
633	50.6989	0	0
632	50.6629	0	0
631	50.6457	0	0
630	50.9575	0	0
629	50.9527	0	0
628	50.9691	0	0
627	50.998	0	0
626	51.2911	0	0
625	51.3264	0	0
624	51.3754	0	0
623	51.4341	0	0
622	51.717	0	0
621	51.7787	0	0
620	51.8524	0	0
619	51.9522	0	0
618	52.0754	0	0
617	52.3243	0	0
616	52.4595	0	0
615	52.612	0	0
614	52.7773	0	0
613	53.0077	0	0
612	53.1813	0	0
611	53.3698	0	0
610	53.5695	0	0
609	53.7794	0	0
608	53.9914	0	0
607	54.2101	0	0
606	54.4487	0	0
605	54.7028	0	0
604	54.973	0	0
603	55.1541	0	0
602	55.4335	0	0
601	55.728	0	0
600	56.0329	0	0
599	56.3472	0	0
598	56.6731	0	0
597	56.831	0	0
596	57.163	0	0
595	57.5025	0	0
594	57.8609	0	0
593	58.241	0	0
592	58.6302	0	0
591	58.7586	0	0
590	59.1532	0	0
589	59.5567	0	0
588	59.9687	0	0
587	60.3885	0	0
586	60.8188	0	0
585	61.2635	0	0
584	61.3687	0	0
583	61.8212	0	0
582	62.2862	0	0
581	62.7579	0	0
580	63.2338	0	0
579	63.7141	0	0
578	64.2012	0	0
577	64.6942	0	0
576	64.7874	0	0
575	65.2851	0	0
574	65.7863	0	0
573	66.2914	0	0
572	66.8079	0	0
571	67.3357	0	0
570	67.8646	0	0
569	68.395	0	0
568	68.929	0	0
567	69.4628	0	0
566	69.9967	0	0
565	70.0949	0	0
564	70.6338	0	0
563	71.1809	0	0
562	71.7335	0	0
561	72.2872	0	0
560	72.8412	0	0
559	73.3946	0	0
558	73.9435	0	0
557	74.4878	0	0
556	75.0298	0	0
555	75.5696	0	0
554	76.105	0	0
553	76.6381	0	0
552	77.1743	0	0
551	77.7117	0	0
550	78.2447	0	0
549	78.7702	0	0
548	79.2903	0	0
547	79.8081	0	0
546	80.3195	0	0
545	80.8246	0	0
544	81.3254	0	0
543	81.822	0	0
542	82.3107	0	0
541	82.7895	0	0
540	83.2596	0	0
539	83.7229	0	0
538	84.1801	0	0
537	84.63	0	0
536	85.0724	0	0
535	85.5072	0	0
534	85.9353	0	0
533	86.357	0	0
532	86.7697	0	0
531	87.1723	0	0
530	87.5668	0	0
529	87.9539	0	0
528	88.3316	0	0
527	88.699	0	0
526	89.0571	0	0
525	89.406	0	0
524	89.7445	0	0
523	90.0711	0	0
522	90.1542	0	0
521	90.4396	0	0
520	90.7117	0	0
519	90.9725	0	0
518	91.2221	0	0
517	91.4619	0	0
516	91.6948	0	0
515	91.9229	0	0
514	92.1452	0	0
513	92.359	0	0
512	91.9876	0	0
511	92.1542	0	0
510	92.3153	0	0
509	92.4696	0	0
508	92.6162	0	0
507	92.7546	0	0
506	92.8853	0	0
505	92.2022	0	0
504	92.2877	0	0
503	92.3682	0	0
502	92.4433	0	0
501	92.5126	0	0
500	92.5764	0	0
499	91.6692	0	0
498	91.7016	0	0
497	91.7232	0	0
496	91.7378	0	0
495	91.7491	0	0
494	90.6132	0	0
493	90.5878	0	0
492	90.559	0	0
491	90.5271	0	0
490	90.4924	0	0
489	89.1801	0	0
488	89.1193	0	0
487	89.0546	0	0
486	88.9874	0	0
485	87.542	0	0
484	87.4545	0	0
483	87.3659	0	0
482	85.8303	0	0
481	85.7244	0	0
480	85.6184	0	0
479	85.5123	0	0
478	83.8879	0	0
477	83.7661	0	0
476	83.6456	0	0
475	81.9694	0	0
474	81.8405	0	0
473	81.713	0	0
472	79.9969	0	0
471	79.8656	0	0
470	79.744	0	0
469	78.0702	0	0
468	77.9277	0	0
467	77.7877	0	0
466	75.9923	0	0
465	75.8455	0	0
464	75.7011	0	0
463	73.8759	0	0
462	73.7333	0	0
461	73.5938	0	0
460	71.7678	0	0
459	71.6282	0	0
458	69.8082	0	0
457	69.6735	0	0
456	69.5418	0	0
455	67.731	0	0
454	67.6043	0	0
453	65.8179	0	0
452	65.6979	0	0
451	63.9301	0	0
450	63.8168	0	0
449	62.0788	0	0
448	61.974	0	0
447	60.2699	0	0
446	60.1773	0	0
445	60.0882	0	0
444	58.443	0	0
443	58.381	0	0
442	56.8892	0	0
441	55.2197	0	0
440	55.1398	0	0
439	53.5055	0	0
438	53.4333	0	0
437	51.8378	0	0
436	51.774	0	0
435	50.2144	0	0
434	50.1596	0	0
433	48.6391	0	0
432	48.5935	0	0
431	47.1171	0	0
430	45.6775	0	0
429	45.648	0	0
428	44.2517	0	0
427	44.2306	0	0
426	42.8804	0	0
425	41.5703	0	0
424	41.5652	0	0
423	40.3058	0	0
422	39.0995	0	0
421	39.1094	0	0
420	38.0151	0	0
419	37.0786	0	0
418	37.1001	0	0
417	35.8671	0	0
416	34.7088	0	0
415	33.572	0	0
414	33.599	0	0
413	32.5037	0	0
412	31.4441	0	0
411	31.4814	0	0
410	30.462	0	0
409	29.4753	0	0
408	28.5221	0	0
407	27.6033	0	0
406	-773.547	0	0
405	-nan	0	0
404	-nan	0	0
403	-nan	0	0
402	-nan	0	0
401	-nan	0	0
400	-nan	0	0
399	-nan	0	0
398	-nan	0	0
397	-nan	0	0
396	-nan	0	0
395	-nan	0	0
394	-nan	0	0
393	-nan	0	0
392	-nan	0	0
391	-nan	0	0
390	-nan	0	0
389	-nan	0	0
388	-nan	0	0
387	-nan	0	0
386	-nan	0	0
385	-nan	0	0
384	-nan	0	0
383	-nan	0	0
382	-nan	0	0
381	-nan	0	0
380	-nan	0	0
379	338051	0	0
378	338696	0	0
377	339333	0	0
376	339961	0	0
375	340580	0	0
374	341191	0	0
373	341791	0	0
372	342383	0	0
371	342964	0	0
370	343536	0	0
369	344097	0	0
368	344647	0	0
367	345186	0	0
366	345714	0	0
365	346230	0	0
364	346735	0	0
363	347227	0	0
362	347706	0	0
361	348172	0	0
360	348625	0	0
359	349065	0	0
358	349490	0	0
357	349901	0	0
356	350297	0	0
355	350678	0	0
354	351043	0	0
353	351393	0	0
352	351726	0	0
351	352042	0	0
350	352340	0	0
349	352622	0	0
348	352884	0	0
347	353129	0	0
346	353354	0	0
345	353559	0	0
344	353744	0	0
343	353909	0	0
342	354053	0	0
341	354175	0	0
340	354274	0	0
339	354351	0	0
338	354404	0	0
337	354434	0	0
336	354439	0	0
335	354418	0	0
334	354372	0	0
333	354300	0	0
332	354200	0	0
331	354073	0	0
330	353917	0	0
329	353732	0	0
328	353517	0	0
327	353271	0	0
326	352994	0	0
325	352685	0	0
324	352343	0	0
323	351967	0	0
322	351557	0	0
321	351111	0	0
320	350629	0	0
319	350110	0	0
318	349553	0	0
317	348956	0	0
316	348320	0	0
315	347643	0	0
314	346923	0	0
313	346161	0	0
312	345355	0	0
311	344504	0	0
310	343607	0	0
309	342662	0	0
308	341669	0	0
307	340626	0	0
306	339533	0	0
305	338387	0	0
304	337188	0	0
303	335934	0	0
302	334625	0	0
301	333258	0	0
300	331833	0	0
299	330347	0	0
298	328800	0	0
297	327190	0	0
296	325515	0	0
295	323774	0	0
294	321965	0	0
293	320087	0	0
292	318137	0	0
291	316115	0	0
290	314018	0	0
289	311844	0	0
288	309593	0	0
287	307261	0	0
286	304846	0	0
285	302348	0	0
284	299763	0	0
283	297090	0	0
282	294326	0	0
281	291470	0	0
280	288518	0	0
279	285469	0	0
278	282320	0	0
277	279069	0	0
276	275713	0	0
275	272250	0	0
274	268676	0	0
273	264990	0	0
272	261188	0	0
271	257268	0	0
270	253226	0	0
269	249060	0	0
268	244767	0	0
267	240342	0	0
266	235784	0	0
265	231088	0	0
264	226252	0	0
263	221271	0	0
