4379	-nan	0	0
4378	-nan	0	0
4377	-nan	0	0
4376	-nan	0	0
4375	-nan	0	0
4374	-nan	0	0
4373	-nan	0	0
4372	-nan	0	0
4371	-nan	0	0
4370	-nan	0	0
4369	-nan	0	0
4368	-nan	0	0
4367	-nan	0	0
4366	-nan	0	0
4365	-nan	0	0
4364	-nan	0	0
4363	-nan	0	0
4362	-nan	0	0
4361	-nan	0	0
4360	-nan	0	0
4359	-nan	0	0
4358	-nan	0	0
4357	-nan	0	0
4356	-nan	0	0
4355	-nan	0	0
4354	-nan	0	0
4353	-nan	0	0
4352	-nan	0	0
4351	-nan	0	0
4350	-nan	0	0
4349	-nan	0	0
4348	-nan	0	0
4347	-nan	0	0
4346	-nan	0	0
4345	-nan	0	0
4344	-nan	0	0
4343	-nan	0	0
4342	-nan	0	0
4341	-nan	0	0
4340	-nan	0	0
4339	-nan	0	0
4338	-nan	0	0
4337	-nan	0	0
4336	-nan	0	0
4335	-nan	0	0
4334	-nan	0	0
4333	-nan	0	0
4332	-nan	0	0
4331	-nan	0	0
4330	-nan	0	0
4329	-nan	0	0
4328	-nan	0	0
4327	-nan	0	0
4326	-nan	0	0
4325	-nan	0	0
4324	-nan	0	0
4323	-nan	0	0
4322	-nan	0	0
4321	-nan	0	0
4320	-nan	0	0
4319	-nan	0	0
4318	-nan	0	0
4317	-nan	0	0
4316	-nan	0	0
4315	-nan	0	0
4314	-nan	0	0
4313	-nan	0	0
4312	-nan	0	0
4311	-nan	0	0
4310	-nan	0	0
4309	-nan	0	0
4308	-nan	0	0
4307	-nan	0	0
4306	-nan	0	0
4305	-nan	0	0
4304	-nan	0	0
4303	-nan	0	0
4302	-nan	0	0
4301	-nan	0	0
4300	-nan	0	0
4299	-nan	0	0
4298	-nan	0	0
4297	-nan	0	0
4296	-nan	0	0
4295	-nan	0	0
4294	-nan	0	0
4293	-nan	0	0
4292	-nan	0	0
4291	-nan	0	0
4290	-nan	0	0
4289	-nan	0	0
4288	-nan	0	0
4287	-nan	0	0
4286	-nan	0	0
4285	-nan	0	0
4284	-nan	0	0
4283	-nan	0	0
4282	-nan	0	0
4281	-nan	0	0
4280	-nan	0	0
4279	-nan	0	0
4278	-nan	0	0
4277	-nan	0	0
4276	-nan	0	0
4275	-nan	0	0
4274	-nan	0	0
4273	-nan	0	0
4272	-nan	0	0
4271	-nan	0	0
4270	-nan	0	0
4269	-nan	0	0
4268	-nan	0	0
4267	-nan	0	0
4266	-nan	0	0
4265	-nan	0	0
4264	-nan	0	0
4263	-nan	0	0
4262	-nan	0	0
4261	-nan	0	0
4260	-nan	0	0
4259	-nan	0	0
4258	-nan	0	0
4257	-nan	0	0
4256	-nan	0	0
4255	-nan	0	0
4254	-nan	0	0
4253	-nan	0	0
4252	-nan	0	0
4251	-nan	0	0
4250	-nan	0	0
4249	-nan	0	0
4248	-nan	0	0
4247	-nan	0	0
4246	-nan	0	0
4245	-nan	0	0
4244	-nan	0	0
4243	-nan	0	0
4242	-nan	0	0
4241	-nan	0	0
4240	-nan	0	0
4239	-nan	0	0
4238	-nan	0	0
4237	-nan	0	0
4236	-nan	0	0
4235	-nan	0	0
4234	-nan	0	0
4233	-nan	0	0
4232	-nan	0	0
4231	-nan	0	0
4230	-nan	0	0
4229	-nan	0	0
4228	-nan	0	0
4227	-nan	0	0
4226	-nan	0	0
4225	-nan	0	0
4224	-nan	0	0
4223	-nan	0	0
4222	-nan	0	0
4221	-nan	0	0
4220	-nan	0	0
4219	-nan	0	0
4218	-nan	0	0
4217	-nan	0	0
4216	-nan	0	0
4215	-nan	0	0
4214	-nan	0	0
4213	-nan	0	0
4212	-nan	0	0
4211	-nan	0	0
4210	-nan	0	0
4209	-nan	0	0
4208	-nan	0	0
4207	-nan	0	0
4206	-nan	0	0
4205	-nan	0	0
4204	-nan	0	0
4203	-nan	0	0
4202	-nan	0	0
4201	-nan	0	0
4200	-nan	0	0
4199	-nan	0	0
4198	-nan	0	0
4197	-nan	0	0
4196	-nan	0	0
4195	-nan	0	0
4194	-nan	0	0
4193	-nan	0	0
4192	-nan	0	0
4191	-nan	0	0
4190	-nan	0	0
4189	-nan	0	0
4188	-nan	0	0
4187	-nan	0	0
4186	-nan	0	0
4185	-nan	0	0
4184	-nan	0	0
4183	-nan	0	0
4182	-nan	0	0
4181	-nan	0	0
4180	-nan	0	0
4179	-nan	0	0
4178	-nan	0	0
4177	-nan	0	0
4176	-nan	0	0
4175	-nan	0	0
4174	-nan	0	0
4173	-nan	0	0
4172	-nan	0	0
4171	-nan	0	0
4170	-nan	0	0
4169	-nan	0	0
4168	-nan	0	0
4167	-nan	0	0
4166	-nan	0	0
4165	-nan	0	0
4164	-nan	0	0
4163	-nan	0	0
4162	-nan	0	0
4161	-nan	0	0
4160	-nan	0	0
4159	-nan	0	0
4158	-nan	0	0
4157	-nan	0	0
4156	-nan	0	0
4155	-nan	0	0
4154	-nan	0	0
4153	-nan	0	0
4152	-nan	0	0
4151	-nan	0	0
4150	-nan	0	0
4149	-nan	0	0
4148	-nan	0	0
4147	-nan	0	0
4146	-0.523761	0	0
4145	-0.52791	0	0
4144	-0.476447	0	0
4143	-0.480188	0	0
4142	-0.483946	0	0
4141	-0.487721	0	0
4140	-0.491513	0	0
4139	-0.495321	0	0
4138	-0.499147	0	0
4137	-0.502989	0	0
4136	-0.506849	0	0
4135	-0.510725	0	0
4134	-0.514619	0	0
4133	-0.51853	0	0
4132	-0.522458	0	0
4131	-0.526403	0	0
4130	-0.530365	0	0
4129	-0.534345	0	0
4128	-0.538342	0	0
4127	-0.488335	0	0
4126	-0.49197	0	0
4125	-0.495621	0	0
4124	-0.499288	0	0
4123	-0.502971	0	0
4122	-0.506669	0	0
4121	-0.510383	0	0
4120	-0.514113	0	0
4119	-0.517859	0	0
4118	-0.521621	0	0
4117	-0.525399	0	0
4116	-0.529193	0	0
4115	-0.533002	0	0
4114	-0.536828	0	0
4113	-0.54067	0	0
4112	-0.544528	0	0
4111	-0.548401	0	0
4110	-0.499437	0	0
4109	-0.502981	0	0
4108	-0.50654	0	0
4107	-0.510114	0	0
4106	-0.513703	0	0
4105	-0.517306	0	0
4104	-0.520925	0	0
4103	-0.524558	0	0
4102	-0.528206	0	0
4101	-0.531869	0	0
4100	-0.535547	0	0
4099	-0.53924	0	0
4098	-0.542948	0	0
4097	-0.546672	0	0
4096	-0.55041	0	0
4095	-0.554163	0	0
4094	-0.557932	0	0
4093	-0.509838	0	0
4092	-0.513299	0	0
4091	-0.516775	0	0
4090	-0.520264	0	0
4089	-0.523767	0	0
4088	-0.527284	0	0
4087	-0.530816	0	0
4086	-0.534361	0	0
4085	-0.53792	0	0
4084	-0.541494	0	0
4083	-0.545081	0	0
4082	-0.548683	0	0
4081	-0.552299	0	0
4080	-0.55593	0	0
4079	-0.559574	0	0
4078	-0.563233	0	0
4077	-0.566906	0	0
4076	-0.519611	0	0
4075	-0.522996	0	0
4074	-0.526395	0	0
4073	-0.529807	0	0
4072	-0.533232	0	0
4071	-0.53667	0	0
4070	-0.540122	0	0
4069	-0.543587	0	0
4068	-0.547066	0	0
4067	-0.550558	0	0
4066	-0.554063	0	0
4065	-0.557582	0	0
4064	-0.561114	0	0
4063	-0.564659	0	0
4062	-0.568219	0	0
4061	-0.571791	0	0
4060	-0.525538	0	0
4059	-0.52884	0	0
4058	-0.532154	0	0
4057	-0.535481	0	0
4056	-0.538821	0	0
4055	-0.542173	0	0
4054	-0.545538	0	0
4053	-0.548915	0	0
4052	-0.552306	0	0
4051	-0.555708	0	0
4050	-0.559124	0	0
4049	-0.562552	0	0
4048	-0.565994	0	0
4047	-0.569448	0	0
4046	-0.572914	0	0
4045	-0.576394	0	0
4044	-0.579886	0	0
4043	-0.534326	0	0
4042	-0.537564	0	0
4041	-0.540814	0	0
4040	-0.544076	0	0
4039	-0.54735	0	0
4038	-0.550637	0	0
4037	-0.553935	0	0
4036	-0.557245	0	0
4035	-0.560568	0	0
4034	-0.563902	0	0
4033	-0.567249	0	0
4032	-0.570608	0	0
4031	-0.573979	0	0
4030	-0.577362	0	0
4029	-0.580757	0	0
4028	-0.584165	0	0
4027	-0.539533	0	0
4026	-0.542698	0	0
4025	-0.545874	0	0
4024	-0.549062	0	0
4023	-0.552261	0	0
4022	-0.555472	0	0
4021	-0.558694	0	0
4020	-0.561927	0	0
4019	-0.565173	0	0
4018	-0.568429	0	0
4017	-0.571698	0	0
4016	-0.574977	0	0
4015	-0.578269	0	0
4014	-0.581572	0	0
4013	-0.584887	0	0
4012	-0.588214	0	0
4011	-0.544453	0	0
4010	-0.547552	0	0
4009	-0.550663	0	0
4008	-0.553784	0	0
4007	-0.556916	0	0
4006	-0.560059	0	0
4005	-0.563214	0	0
4004	-0.566379	0	0
4003	-0.569555	0	0
4002	-0.572743	0	0
4001	-0.575941	0	0
4000	-0.579151	0	0
3999	-0.582372	0	0
3998	-0.585603	0	0
3997	-0.588847	0	0
3996	-0.592101	0	0
3995	-0.549162	0	0
3994	-0.552198	0	0
3993	-0.555243	0	0
3992	-0.5583	0	0
3991	-0.561366	0	0
3990	-0.564444	0	0
3989	-0.567532	0	0
3988	-0.57063	0	0
3987	-0.573739	0	0
3986	-0.576859	0	0
3985	-0.579989	0	0
3984	-0.58313	0	0
3983	-0.586281	0	0
3982	-0.589444	0	0
3981	-0.592617	0	0
3980	-0.5958	0	0
3979	-0.553661	0	0
3978	-0.556638	0	0
3977	-0.559625	0	0
3976	-0.562623	0	0
3975	-0.56563	0	0
3974	-0.568648	0	0
3973	-0.571675	0	0
3972	-0.574713	0	0
3971	-0.577761	0	0
3970	-0.58082	0	0
3969	-0.583888	0	0
3968	-0.586967	0	0
3967	-0.590056	0	0
3966	-0.593155	0	0
3965	-0.596265	0	0
3964	-0.599384	0	0
3963	-0.557978	0	0
3962	-0.560901	0	0
3961	-0.563833	0	0
3960	-0.566774	0	0
3959	-0.569726	0	0
3958	-0.572687	0	0
3957	-0.575658	0	0
3956	-0.578639	0	0
3955	-0.58163	0	0
3954	-0.58463	0	0
3953	-0.58764	0	0
3952	-0.59066	0	0
3951	-0.59369	0	0
3950	-0.59673	0	0
3949	-0.59978	0	0
3948	-0.5593	0	0
3947	-0.56216	0	0
3946	-0.56503	0	0
3945	-0.567908	0	0
3944	-0.570796	0	0
3943	-0.573694	0	0
3942	-0.5766	0	0
3941	-0.579517	0	0
3940	-0.582442	0	0
3939	-0.585377	0	0
3938	-0.588322	0	0
3937	-0.591275	0	0
3936	-0.594239	0	0
3935	-0.597212	0	0
3934	-0.600194	0	0
3933	-0.603186	0	0
3932	-0.563374	0	0
3931	-0.566187	0	0
3930	-0.569009	0	0
3929	-0.571841	0	0
3928	-0.574681	0	0
3927	-0.57753	0	0
3926	-0.580389	0	0
3925	-0.583256	0	0
3924	-0.586132	0	0
3923	-0.589018	0	0
3922	-0.591913	0	0
3921	-0.594817	0	0
3920	-0.59773	0	0
3919	-0.600652	0	0
3918	-0.603583	0	0
3917	-0.564611	0	0
3916	-0.567368	0	0
3915	-0.570132	0	0
3914	-0.572906	0	0
3913	-0.634996	0	0
3912	-0.638136	0	0
3911	-0.641286	0	0
3910	-0.644446	0	0
3909	-0.647616	0	0
3908	-0.650796	0	0
3907	-0.653986	0	0
3906	-0.657186	0	0
3905	-0.660396	0	0
3904	-0.663616	0	0
3903	-0.666847	0	0
3902	-0.670088	0	0
3901	-0.625916	0	0
3900	-0.628971	0	0
3899	-0.632037	0	0
3898	-0.635112	0	0
3897	-0.638197	0	0
3896	-0.641291	0	0
3895	-0.644395	0	0
3894	-0.647509	0	0
3893	-0.650633	0	0
3892	-0.653766	0	0
3891	-0.65691	0	0
3890	-0.660063	0	0
3889	-0.663226	0	0
3888	-0.666398	0	0
3887	-0.669581	0	0
3886	-0.626115	0	0
3885	-0.629118	0	0
3884	-0.63213	0	0
3883	-0.635151	0	0
3882	-0.638182	0	0
3881	-0.641222	0	0
3880	-0.644272	0	0
3879	-0.647331	0	0
3878	-0.6504	0	0
3877	-0.653478	0	0
3876	-0.656565	0	0
3875	-0.659662	0	0
3874	-0.662769	0	0
3873	-0.665885	0	0
3872	-0.669011	0	0
3871	-0.62625	0	0
3870	-0.629202	0	0
3869	-0.632163	0	0
3868	-0.635134	0	0
3867	-0.638113	0	0
3866	-0.641101	0	0
3865	-0.644099	0	0
3864	-0.647106	0	0
3863	-0.650122	0	0
3862	-0.653147	0	0
3861	-0.656182	0	0
3860	-0.659225	0	0
3859	-0.662278	0	0
3858	-0.66534	0	0
3857	-0.668412	0	0
3856	-0.626306	0	0
3855	-0.629212	0	0
3854	-0.632126	0	0
3853	-0.635049	0	0
3852	-0.637982	0	0
3851	-0.640923	0	0
3850	-0.643873	0	0
3849	-0.646831	0	0
3848	-0.649799	0	0
3847	-0.652776	0	0
3846	-0.655762	0	0
3845	-0.658756	0	0
3844	-0.66176	0	0
3843	-0.664772	0	0
3842	-0.623447	0	0
3841	-0.626299	0	0
3840	-0.62916	0	0
3839	-0.632029	0	0
3838	-0.634907	0	0
3837	-0.637794	0	0
3836	-0.640689	0	0
3835	-0.643593	0	0
3834	-0.646505	0	0
3833	-0.649427	0	0
3832	-0.652356	0	0
3831	-0.655295	0	0
3830	-0.658242	0	0
3829	-0.661198	0	0
3828	-0.664163	0	0
3827	-0.623451	0	0
3826	-0.626259	0	0
3825	-0.629076	0	0
3824	-0.6319	0	0
3823	-0.634733	0	0
3822	-0.637575	0	0
3821	-0.640425	0	0
3820	-0.643283	0	0
3819	-0.64615	0	0
3818	-0.649025	0	0
3817	-0.651909	0	0
3816	-0.654801	0	0
3815	-0.657701	0	0
3814	-0.66061	0	0
3813	-0.663528	0	0
3812	-0.623414	0	0
3811	-0.626181	0	0
3810	-0.628956	0	0
3809	-0.631739	0	0
3808	-0.63453	0	0
3807	-0.63733	0	0
3806	-0.640137	0	0
3805	-0.642953	0	0
3804	-0.645777	0	0
3803	-0.64861	0	0
3802	-0.65145	0	0
3801	-0.654299	0	0
3800	-0.657156	0	0
3799	-0.660021	0	0
3798	-0.620608	0	0
3797	-0.623329	0	0
3796	-0.626057	0	0
3795	-0.628793	0	0
3794	-0.631538	0	0
3793	-0.63429	0	0
3792	-0.63705	0	0
3791	-0.639819	0	0
3790	-0.642595	0	0
3789	-0.645379	0	0
3788	-0.648172	0	0
3787	-0.650972	0	0
3786	-0.653781	0	0
3785	-0.656597	0	0
3784	-0.659422	0	0
3783	-0.620533	0	0
3782	-0.623216	0	0
3781	-0.625906	0	0
3780	-0.628605	0	0
3779	-0.631311	0	0
3778	-0.634025	0	0
3777	-0.636746	0	0
3776	-0.639476	0	0
3775	-0.642213	0	0
3774	-0.644958	0	0
3773	-0.647711	0	0
3772	-0.650472	0	0
3771	-0.65324	0	0
3770	-0.656017	0	0
3769	-0.617815	0	0
3768	-0.620453	0	0
3767	-0.623098	0	0
3766	-0.625751	0	0
3765	-0.628412	0	0
3764	-0.63108	0	0
3763	-0.633755	0	0
3762	-0.636439	0	0
3761	-0.63913	0	0
3760	-0.641828	0	0
3759	-0.644534	0	0
3758	-0.647248	0	0
3757	-0.649969	0	0
3756	-0.652698	0	0
3755	-0.61515	0	0
3754	-0.617746	0	0
3753	-0.62035	0	0
3752	-0.622962	0	0
3751	-0.62558	0	0
3750	-0.628206	0	0
3749	-0.63084	0	0
3748	-0.633481	0	0
3747	-0.636129	0	0
3746	-0.638785	0	0
3745	-0.641448	0	0
3744	-0.644119	0	0
3743	-0.646797	0	0
3742	-0.649483	0	0
3741	-0.612534	0	0
3740	-0.615091	0	0
3739	-0.617656	0	0
3738	-0.620227	0	0
3737	-0.622806	0	0
3736	-0.625392	0	0
3735	-0.627985	0	0
3734	-0.630586	0	0
3733	-0.633193	0	0
3732	-0.635808	0	0
3731	-0.63843	0	0
3730	-0.64106	0	0
3729	-0.643697	0	0
3728	-0.646341	0	0
3727	-0.610004	0	0
3726	-0.612521	0	0
3725	-0.615044	0	0
3724	-0.617575	0	0
3723	-0.620113	0	0
3722	-0.622658	0	0
3721	-0.62521	0	0
3720	-0.627769	0	0
3719	-0.630335	0	0
3718	-0.632908	0	0
3717	-0.635488	0	0
3716	-0.638075	0	0
3715	-0.64067	0	0
3714	-0.643271	0	0
3713	-0.607555	0	0
3712	-0.610033	0	0
3711	-0.612518	0	0
3710	-0.61501	0	0
3709	-0.617509	0	0
3708	-0.620015	0	0
3707	-0.622527	0	0
3706	-0.625047	0	0
3705	-0.627573	0	0
3704	-0.630106	0	0
3703	-0.632646	0	0
3702	-0.635194	0	0
3701	-0.637748	0	0
3700	-0.602727	0	0
3699	-0.605163	0	0
3698	-0.607606	0	0
3697	-0.610056	0	0
3696	-0.612512	0	0
3695	-0.614975	0	0
3694	-0.617445	0	0
3693	-0.619922	0	0
3692	-0.622405	0	0
3691	-0.624895	0	0
3690	-0.627392	0	0
3689	-0.629896	0	0
3688	-0.632406	0	0
3687	-0.634923	0	0
3686	-0.60044	0	0
3685	-0.602842	0	0
3684	-0.60525	0	0
3683	-0.607664	0	0
3682	-0.610085	0	0
3681	-0.612513	0	0
3680	-0.618863	0	0
3679	-0.621456	0	0
3678	-0.624056	0	0
3677	-0.626663	0	0
3676	-0.629277	0	0
3675	-0.631899	0	0
3674	-0.634528	0	0
3673	-0.637164	0	0
3672	-0.599225	0	0
3671	-0.601737	0	0
3670	-0.604257	0	0
3669	-0.606783	0	0
3668	-0.609317	0	0
3667	-0.611858	0	0
3666	-0.614406	0	0
3665	-0.616961	0	0
3664	-0.619523	0	0
3663	-0.622092	0	0
3662	-0.624668	0	0
3661	-0.627252	0	0
3660	-0.629842	0	0
3659	-0.592519	0	0
3658	-0.594991	0	0
3657	-0.59747	0	0
3656	-0.599955	0	0
3655	-0.602448	0	0
3654	-0.604948	0	0
3653	-0.607454	0	0
3652	-0.609967	0	0
3651	-0.612488	0	0
3650	-0.615015	0	0
3649	-0.617549	0	0
3648	-0.620091	0	0
3647	-0.622639	0	0
3646	-0.585905	0	0
3645	-0.588336	0	0
3644	-0.590774	0	0
3643	-0.593219	0	0
3642	-0.59567	0	0
3641	-0.598128	0	0
3640	-0.600594	0	0
3639	-0.603065	0	0
3638	-0.605544	0	0
3637	-0.608029	0	0
3636	-0.610522	0	0
3635	-0.613021	0	0
3634	-0.615527	0	0
3633	-0.61804	0	0
3632	-0.581764	0	0
3631	-0.584163	0	0
3630	-0.586569	0	0
3629	-0.588981	0	0
3628	-0.5914	0	0
3627	-0.593825	0	0
3626	-0.596258	0	0
3625	-0.598697	0	0
3624	-0.601142	0	0
3623	-0.603594	0	0
3622	-0.606053	0	0
3621	-0.608519	0	0
3620	-0.610992	0	0
3619	-0.575286	0	0
3618	-0.577646	0	0
3617	-0.580013	0	0
3616	-0.582386	0	0
3615	-0.584766	0	0
3614	-0.587152	0	0
3613	-0.589544	0	0
3612	-0.591943	0	0
3611	-0.594349	0	0
3610	-0.596761	0	0
3609	-0.59918	0	0
3608	-0.601605	0	0
3607	-0.604037	0	0
3606	-0.568916	0	0
3605	-0.571237	0	0
3604	-0.573565	0	0
3603	-0.575899	0	0
3602	-0.578239	0	0
3601	-0.580586	0	0
3600	-0.582938	0	0
3599	-0.585298	0	0
3598	-0.587663	0	0
3597	-0.590036	0	0
3596	-0.592414	0	0
3595	-0.594799	0	0
3594	-0.597191	0	0
3593	-0.562632	0	0
3592	-0.564917	0	0
3591	-0.567208	0	0
3590	-0.569506	0	0
3589	-0.571809	0	0
3588	-0.574119	0	0
3587	-0.576435	0	0
3586	-0.578757	0	0
3585	-0.581086	0	0
3584	-0.583421	0	0
3583	-0.585762	0	0
3582	-0.588109	0	0
3581	-0.590463	0	0
3580	-0.556432	0	0
3579	-0.558682	0	0
3578	-0.560937	0	0
3577	-0.563199	0	0
3576	-0.565467	0	0
3575	-0.567741	0	0
3574	-0.570021	0	0
3573	-0.572307	0	0
3572	-0.5746	0	0
3571	-0.576898	0	0
3570	-0.579203	0	0
3569	-0.581514	0	0
3568	-0.548105	0	0
3567	-0.550314	0	0
3566	-0.552529	0	0
3565	-0.55475	0	0
3564	-0.556977	0	0
3563	-0.55921	0	0
3562	-0.561449	0	0
3561	-0.563694	0	0
3560	-0.565945	0	0
3559	-0.568202	0	0
3558	-0.570466	0	0
3557	-0.572735	0	0
3556	-0.57501	0	0
3555	-0.542119	0	0
3554	-0.544294	0	0
3553	-0.546474	0	0
3552	-0.548659	0	0
3551	-0.550851	0	0
3550	-0.553049	0	0
3549	-0.555252	0	0
3548	-0.557461	0	0
3547	-0.559676	0	0
3546	-0.561897	0	0
3545	-0.564124	0	0
3544	-0.566357	0	0
3543	-0.568596	0	0
3542	-0.536229	0	0
3541	-0.538369	0	0
3540	-0.540515	0	0
3539	-0.542667	0	0
3538	-0.544824	0	0
3537	-0.546987	0	0
3536	-0.549156	0	0
3535	-0.55133	0	0
3534	-0.55351	0	0
3533	-0.555696	0	0
3532	-0.557888	0	0
3531	-0.560086	0	0
3530	-0.528327	0	0
3529	-0.530429	0	0
3528	-0.532536	0	0
3527	-0.534649	0	0
3526	-0.536767	0	0
3525	-0.538891	0	0
3524	-0.541021	0	0
3523	-0.543156	0	0
3522	-0.545297	0	0
3521	-0.547443	0	0
3520	-0.549595	0	0
3519	-0.551753	0	0
3518	-0.553916	0	0
3517	-0.522632	0	0
3516	-0.524703	0	0
3515	-0.526779	0	0
3514	-0.52886	0	0
3513	-0.530948	0	0
3512	-0.53304	0	0
3511	-0.535139	0	0
3510	-0.537242	0	0
3509	-0.539352	0	0
3508	-0.541466	0	0
3507	-0.543587	0	0
3506	-0.545713	0	0
3505	-0.514969	0	0
3504	-0.517004	0	0
3503	-0.519045	0	0
3502	-0.521091	0	0
3501	-0.523143	0	0
3500	-0.5252	0	0
3499	-0.527262	0	0
3498	-0.52933	0	0
3497	-0.531403	0	0
3496	-0.533482	0	0
3495	-0.535566	0	0
3494	-0.537655	0	0
3493	-0.507464	0	0
3492	-0.509463	0	0
3491	-0.511467	0	0
3490	-0.513476	0	0
3489	-0.51549	0	0
3488	-0.51751	0	0
3487	-0.519535	0	0
3486	-0.521565	0	0
3485	-0.523601	0	0
3484	-0.525641	0	0
3483	-0.527688	0	0
3482	-0.529739	0	0
3481	-0.500111	0	0
3480	-0.502074	0	0
3479	-0.504042	0	0
3478	-0.506016	0	0
3477	-0.507994	0	0
3476	-0.509978	0	0
3475	-0.511967	0	0
3474	-0.513961	0	0
3473	-0.51596	0	0
3472	-0.517964	0	0
3471	-0.519974	0	0
3470	-0.521989	0	0
3469	-0.492915	0	0
3468	-0.494843	0	0
3467	-0.496775	0	0
3466	-0.498713	0	0
3465	-0.500656	0	0
3464	-0.502603	0	0
3463	-0.504556	0	0
3462	-0.506513	0	0
3461	-0.508476	0	0
3460	-0.510444	0	0
3459	-0.512417	0	0
3458	-0.514395	0	0
3457	-0.48585	0	0
3456	-0.487745	0	0
3455	-0.489645	0	0
3454	-0.491549	0	0
3453	-0.493458	0	0
3452	-0.495373	0	0
3451	-0.497292	0	0
3450	-0.499216	0	0
3449	-0.501145	0	0
3448	-0.50308	0	0
3447	-0.475979	0	0
3446	-0.477997	0	0
3445	-0.446935	0	0
3444	-0.448863	0	0
3443	-0.450797	0	0
3442	-0.452736	0	0
3441	-0.45468	0	0
3440	-0.45663	0	0
3439	-0.458584	0	0
3438	-0.460544	0	0
3437	-0.46251	0	0
3436	-0.46448	0	0
3435	-0.466456	0	0
3434	-0.468437	0	0
3433	-0.437864	0	0
3432	-0.439758	0	0
3431	-0.441658	0	0
3430	-0.443562	0	0
3429	-0.445472	0	0
3428	-0.447387	0	0
3427	-0.449307	0	0
3426	-0.451232	0	0
3425	-0.453163	0	0
3424	-0.455098	0	0
3423	-0.457039	0	0
3422	-0.458985	0	0
3421	-0.428883	0	0
3420	-0.430744	0	0
3419	-0.43261	0	0
3418	-0.43448	0	0
3417	-0.436356	0	0
3416	-0.438237	0	0
3415	-0.440122	0	0
3414	-0.442013	0	0
3413	-0.443909	0	0
3412	-0.44581	0	0
3411	-0.447716	0	0
3410	-0.418163	0	0
3409	-0.419986	0	0
3408	-0.421814	0	0
3407	-0.423646	0	0
3406	-0.425484	0	0
3405	-0.427327	0	0
3404	-0.429174	0	0
3403	-0.431026	0	0
3402	-0.432884	0	0
3401	-0.434746	0	0
3400	-0.436614	0	0
3399	-0.438486	0	0
3398	-0.409383	0	0
3397	-0.411173	0	0
3396	-0.412968	0	0
3395	-0.414768	0	0
3394	-0.416573	0	0
3393	-0.418382	0	0
3392	-0.420196	0	0
3391	-0.422015	0	0
3390	-0.423839	0	0
3389	-0.425668	0	0
3388	-0.427502	0	0
3387	-0.398942	0	0
3386	-0.400695	0	0
3385	-0.402452	0	0
3384	-0.404213	0	0
3383	-0.40598	0	0
3382	-0.407751	0	0
3381	-0.409527	0	0
3380	-0.411307	0	0
3379	-0.413093	0	0
3378	-0.414883	0	0
3377	-0.416678	0	0
3376	-0.418478	0	0
3375	-0.390368	0	0
3374	-0.392089	0	0
3373	-0.393814	0	0
3372	-0.395543	0	0
3371	-0.397277	0	0
3370	-0.399016	0	0
3369	-0.400759	0	0
3368	-0.402507	0	0
3367	-0.40426	0	0
3366	-0.406017	0	0
3365	-0.407779	0	0
3364	-0.380193	0	0
3363	-0.381877	0	0
3362	-0.383566	0	0
3361	-0.385258	0	0
3360	-0.386956	0	0
3359	-0.388658	0	0
3358	-0.390364	0	0
3357	-0.392075	0	0
3356	-0.39379	0	0
3355	-0.39551	0	0
3354	-0.397235	0	0
3353	-0.370151	0	0
3352	-0.3718	0	0
3351	-0.373454	0	0
3350	-0.375112	0	0
3349	-0.376774	0	0
3348	-0.378441	0	0
3347	-0.380113	0	0
3346	-0.381788	0	0
3345	-0.383469	0	0
3344	-0.385153	0	0
3343	-0.386843	0	0
3342	-0.388536	0	0
3341	-0.361845	0	0
3340	-0.363465	0	0
3339	-0.36509	0	0
3338	-0.366718	0	0
3337	-0.368352	0	0
3336	-0.369989	0	0
3335	-0.371631	0	0
3334	-0.373277	0	0
3333	-0.374927	0	0
3332	-0.376582	0	0
3331	-0.378242	0	0
3330	-0.352023	0	0
3329	-0.353608	0	0
3328	-0.355198	0	0
3327	-0.356792	0	0
3326	-0.358391	0	0
3325	-0.359993	0	0
3324	-0.3616	0	0
3323	-0.363211	0	0
3322	-0.364826	0	0
3321	-0.366446	0	0
3320	-0.36807	0	0
3319	-0.342327	0	0
3318	-0.343879	0	0
3317	-0.345435	0	0
3316	-0.346996	0	0
3315	-0.34856	0	0
3314	-0.350128	0	0
3313	-0.351701	0	0
3312	-0.353278	0	0
3311	-0.354859	0	0
3310	-0.356444	0	0
3309	-0.358033	0	0
3308	-0.332787	0	0
3307	-0.334303	0	0
3306	-0.335822	0	0
3305	-0.337346	0	0
3304	-0.338874	0	0
3303	-0.340405	0	0
3302	-0.341941	0	0
3301	-0.343481	0	0
3300	-0.345025	0	0
3299	-0.346573	0	0
3298	-0.348125	0	0
3297	-0.323388	0	0
3296	-0.324869	0	0
3295	-0.326354	0	0
3294	-0.327843	0	0
3293	-0.329336	0	0
3292	-0.330832	0	0
3291	-0.332333	0	0
3290	-0.333837	0	0
3289	-0.335346	0	0
3288	-0.336858	0	0
3287	-0.338375	0	0
3286	-0.314118	0	0
3285	-0.315565	0	0
3284	-0.317016	0	0
3283	-0.318472	0	0
3282	-0.319931	0	0
3281	-0.321393	0	0
3280	-0.32286	0	0
3279	-0.324331	0	0
3278	-0.325805	0	0
3277	-0.327283	0	0
3276	-0.303544	0	0
3275	-0.304956	0	0
3274	-0.306372	0	0
3273	-0.307792	0	0
3272	-0.309215	0	0
3271	-0.310643	0	0
3270	-0.312074	0	0
3269	-0.313508	0	0
3268	-0.314947	0	0
3267	-0.316389	0	0
3266	-0.317835	0	0
3265	-0.294519	0	0
3264	-0.2959	0	0
3263	-0.297285	0	0
3262	-0.298673	0	0
3261	-0.300065	0	0
3260	-0.301461	0	0
3259	-0.30286	0	0
3258	-0.304263	0	0
3257	-0.30567	0	0
3256	-0.307081	0	0
3255	-0.308495	0	0
3254	-0.285614	0	0
3253	-0.286962	0	0
3252	-0.288314	0	0
3251	-0.28967	0	0
3250	-0.291029	0	0
3249	-0.292391	0	0
3248	-0.293758	0	0
3247	-0.295128	0	0
3246	-0.296501	0	0
3245	-0.297878	0	0
3244	-0.275525	0	0
3243	-0.276836	0	0
3242	-0.278151	0	0
3241	-0.27947	0	0
3240	-0.280791	0	0
3239	-0.282117	0	0
3238	-0.283445	0	0
3237	-0.284778	0	0
3236	-0.286113	0	0
3235	-0.287452	0	0
3234	-0.288795	0	0
3233	-0.266918	0	0
3232	-0.268195	0	0
3231	-0.269475	0	0
3230	-0.270759	0	0
3229	-0.272046	0	0
3228	-0.273337	0	0
3227	-0.274631	0	0
3226	-0.275928	0	0
3225	-0.277228	0	0
3224	-0.278532	0	0
3223	-0.257176	0	0
3222	-0.258418	0	0
3221	-0.259664	0	0
3220	-0.260913	0	0
3219	-0.262165	0	0
3218	-0.263421	0	0
3217	-0.26468	0	0
3216	-0.265942	0	0
3215	-0.267207	0	0
3214	-0.268476	0	0
3213	-0.197722	0	0
3212	-0.198962	0	0
3211	-0.200205	0	0
3210	-0.201452	0	0
3209	-0.202702	0	0
3208	-0.203956	0	0
3207	-0.205213	0	0
3206	-0.206474	0	0
3205	-0.207738	0	0
3204	-0.209006	0	0
3203	-0.210277	0	0
3202	-0.187429	0	0
3201	-0.188638	0	0
3200	-0.189851	0	0
3199	-0.191067	0	0
3198	-0.192286	0	0
3197	-0.193508	0	0
3196	-0.194734	0	0
3195	-0.195964	0	0
3194	-0.197197	0	0
3193	-0.198433	0	0
3192	-0.176023	0	0
3191	-0.177197	0	0
3190	-0.178375	0	0
3189	-0.179556	0	0
3188	-0.180741	0	0
3187	-0.181928	0	0
3186	-0.183119	0	0
3185	-0.184314	0	0
3184	-0.185511	0	0
3183	-0.186712	0	0
3182	-0.164766	0	0
3181	-0.165903	0	0
3180	-0.167044	0	0
3179	-0.168188	0	0
3178	-0.169335	0	0
3177	-0.170485	0	0
3176	-0.171639	0	0
3175	-0.172796	0	0
3174	-0.173956	0	0
3173	-0.175119	0	0
3172	-0.153633	0	0
3171	-0.154736	0	0
3170	-0.155842	0	0
3169	-0.156952	0	0
3168	-0.158064	0	0
3167	-0.15918	0	0
3166	-0.160299	0	0
3165	-0.161421	0	0
3164	-0.162546	0	0
3163	-0.163674	0	0
3162	-0.142641	0	0
3161	-0.143708	0	0
3160	-0.144778	0	0
3159	-0.145851	0	0
3158	-0.146927	0	0
3157	-0.148006	0	0
3156	-0.149088	0	0
3155	-0.150173	0	0
3154	-0.151261	0	0
3153	-0.152352	0	0
3152	-0.13179	0	0
3151	-0.132821	0	0
3150	-0.133854	0	0
3149	-0.134891	0	0
3148	-0.13593	0	0
3147	-0.136973	0	0
3146	-0.138018	0	0
3145	-0.139066	0	0
3144	-0.140117	0	0
3143	-0.141171	0	0
3142	-0.121082	0	0
3141	-0.122076	0	0
3140	-0.123073	0	0
3139	-0.124073	0	0
3138	-0.125075	0	0
3137	-0.12608	0	0
3136	-0.127089	0	0
3135	-0.128099	0	0
3134	-0.129113	0	0
3133	-0.13013	0	0
3132	-0.110469	0	0
3131	-0.111432	0	0
3130	-0.112397	0	0
3129	-0.113365	0	0
3128	-0.114335	0	0
3127	-0.115309	0	0
3126	-0.116285	0	0
3125	-0.117264	0	0
3124	-0.118245	0	0
3123	-0.11923	0	0
3122	-0.0999656	0	0
3121	-0.100895	0	0
3120	-0.101826	0	0
3119	-0.10276	0	0
3118	-0.103697	0	0
3117	-0.104636	0	0
3116	-0.105579	0	0
3115	-0.106523	0	0
3114	-0.107471	0	0
3113	-0.0886776	0	0
3112	-0.0895704	0	0
3111	-0.0904657	0	0
3110	-0.0913636	0	0
3109	-0.0922641	0	0
3108	-0.093167	0	0
3107	-0.0940726	0	0
3106	-0.0949807	0	0
3105	-0.0958913	0	0
3104	-0.0968045	0	0
3103	-0.0784388	0	0
3102	-0.0792963	0	0
3101	-0.0801563	0	0
3100	-0.0810187	0	0
3099	-0.0818836	0	0
3098	-0.0827509	0	0
3097	-0.0836207	0	0
3096	-0.0844929	0	0
3095	-0.0853676	0	0
3094	-0.0862448	0	0
3093	-0.0683026	0	0
3092	-0.0691269	0	0
3091	-0.0699536	0	0
3090	-0.0707826	0	0
3089	-0.071614	0	0
3088	-0.0724477	0	0
3087	-0.0732838	0	0
3086	-0.0741223	0	0
3085	-0.0749632	0	0
3084	-0.057511	0	0
3083	-0.0582963	0	0
3082	-0.0590837	0	0
3081	-0.0598735	0	0
3080	-0.0606654	0	0
3079	-0.0614596	0	0
3078	-0.0622561	0	0
3077	-0.0630548	0	0
3076	-0.0638558	0	0
3075	-0.064659	0	0
3074	-0.0476373	0	0
3073	-0.0483897	0	0
3072	-0.0491441	0	0
3071	-0.0499008	0	0
3070	-0.0506596	0	0
3069	-0.0514205	0	0
3068	-0.0521836	0	0
3067	-0.0529489	0	0
3066	-0.0537164	0	0
3065	-0.037129	0	0
3064	-0.0378475	0	0
3063	-0.0385682	0	0
3062	-0.0392909	0	0
3061	-0.0400157	0	0
3060	-0.0407425	0	0
3059	-0.0414714	0	0
3058	-0.0422024	0	0
3057	-0.0429355	0	0
3056	-0.026776	0	0
3055	-0.02746	0	0
3054	-0.0281459	0	0
3053	-0.0288339	0	0
3052	-0.0295238	0	0
3051	-0.0302157	0	0
3050	-0.0309095	0	0
3049	-0.0316054	0	0
3048	-0.0323032	0	0
3047	-0.033003	0	0
3046	-0.0172127	0	0
3045	-0.0178657	0	0
3044	-0.0185206	0	0
3043	-0.0191774	0	0
3042	-0.0198361	0	0
3041	-0.0204966	0	0
3040	-0.0211591	0	0
3039	-0.0218234	0	0
3038	-0.0224897	0	0
3037	-0.00712099	0	0
3036	-0.00773887	0	0
3035	-0.00835853	0	0
3034	-0.00897997	0	0
3033	-0.0096032	0	0
3032	-0.0102282	0	0
3031	-0.010855	0	0
3030	-0.0114837	0	0
3029	-0.0121141	0	0
3028	0.00283017	0	0
3027	0.00224563	0	0
3026	0.0016594	0	0
3025	0.00107148	0	0
3024	0.00048186	0	0
3023	-0.000109462	0	0
3022	-0.000702488	0	0
3021	-0.00129722	0	0
3020	-0.00189367	0	0
3019	0.0126256	0	0
3018	0.0120765	0	0
3017	0.0115257	0	0
3016	0.0109734	0	0
3015	0.0104194	0	0
3014	0.00986388	0	0
3013	0.00930673	0	0
3012	0.00874796	0	0
3011	0.00818759	0	0
3010	0.0222806	0	0
3009	0.0217652	0	0
3008	0.0212483	0	0
3007	0.0207299	0	0
3006	0.02021	0	0
3005	0.0196886	0	0
3004	0.0191656	0	0
3003	0.0186412	0	0
3002	0.0181152	0	0
3001	0.0317675	0	0
3000	0.0312892	0	0
2999	0.0308096	0	0
2998	0.0303285	0	0
2997	0.0298461	0	0
2996	0.0293622	0	0
2995	0.0288769	0	0
2994	0.0283902	0	0
2993	0.0279022	0	0
2992	0.0411227	0	0
2991	0.0406776	0	0
2990	0.0402312	0	0
2989	0.0397835	0	0
2988	0.0393345	0	0
2987	0.0388842	0	0
2986	0.0384326	0	0
2985	0.0379796	0	0
2984	0.0375253	0	0
2983	0.0503799	0	0
2982	0.0499645	0	0
2981	0.0495478	0	0
2980	0.110281	0	0
2979	0.109858	0	0
2978	0.109433	0	0
2977	0.109007	0	0
2976	0.108579	0	0
2975	0.10815	0	0
2974	0.122421	0	0
2973	0.122036	0	0
2972	0.121649	0	0
2971	0.121261	0	0
2970	0.120871	0	0
2969	0.12048	0	0
2968	0.120088	0	0
2967	0.119694	0	0
2966	0.119299	0	0
2965	0.133199	0	0
2964	0.132848	0	0
2963	0.132496	0	0
2962	0.132142	0	0
2961	0.131787	0	0
2960	0.131431	0	0
2959	0.131073	0	0
2958	0.130714	0	0
2957	0.130354	0	0
2956	0.143871	0	0
2955	0.143555	0	0
2954	0.143237	0	0
2953	0.142919	0	0
2952	0.1426	0	0
2951	0.142279	0	0
2950	0.141958	0	0
2949	0.141635	0	0
2948	0.154713	0	0
2947	0.154434	0	0
2946	0.154153	0	0
2945	0.153872	0	0
2944	0.15359	0	0
2943	0.153307	0	0
2942	0.153022	0	0
2941	0.152737	0	0
2940	0.15245	0	0
2939	0.165106	0	0
2938	0.164866	0	0
2937	0.164625	0	0
2936	0.164383	0	0
2935	0.16414	0	0
2934	0.163897	0	0
2933	0.163652	0	0
2932	0.163406	0	0
2931	0.16316	0	0
2930	0.175373	0	0
2929	0.175171	0	0
2928	0.174969	0	0
2927	0.174766	0	0
2926	0.174562	0	0
2925	0.174358	0	0
2924	0.174152	0	0
2923	0.173946	0	0
2922	0.185696	0	0
2921	0.185532	0	0
2920	0.185367	0	0
2919	0.185202	0	0
2918	0.185036	0	0
2917	0.184869	0	0
2916	0.184701	0	0
2915	0.184533	0	0
2914	0.184364	0	0
2913	0.195725	0	0
2912	0.195597	0	0
2911	0.195467	0	0
2910	0.195337	0	0
2909	0.195207	0	0
2908	0.195076	0	0
2907	0.194944	0	0
2906	0.194811	0	0
2905	0.205774	0	0
2904	0.205679	0	0
2903	0.205583	0	0
2902	0.205487	0	0
2901	0.205391	0	0
2900	0.205294	0	0
2899	0.205196	0	0
2898	0.205098	0	0
2897	0.204999	0	0
2896	0.215612	0	0
2895	0.215552	0	0
2894	0.215491	0	0
2893	0.215429	0	0
2892	0.215368	0	0
2891	0.215305	0	0
2890	0.215243	0	0
2889	0.215179	0	0
2888	0.225403	0	0
2887	0.225377	0	0
2886	0.22535	0	0
2885	0.225323	0	0
2884	0.225296	0	0
2883	0.225268	0	0
2882	0.22524	0	0
2881	0.225212	0	0
2880	0.235034	0	0
2879	0.235044	0	0
2878	0.235055	0	0
2877	0.235065	0	0
2876	0.235074	0	0
2875	0.235084	0	0
2874	0.235093	0	0
2873	0.235102	0	0
2872	0.244496	0	0
2871	0.244544	0	0
2870	0.244592	0	0
2869	0.24464	0	0
2868	0.244688	0	0
2867	0.244736	0	0
2866	0.244784	0	0
2865	0.244831	0	0
2864	0.244878	0	0
2863	0.253898	0	0
2862	0.253981	0	0
2861	0.254064	0	0
2860	0.254147	0	0
2859	0.254231	0	0
2858	0.254314	0	0
2857	0.254397	0	0
2856	0.25448	0	0
2855	0.263093	0	0
2854	0.263214	0	0
2853	0.263335	0	0
2852	0.263455	0	0
2851	0.263576	0	0
2850	0.263697	0	0
2849	0.263818	0	0
2848	0.263939	0	0
2847	0.272177	0	0
2846	0.27233	0	0
2845	0.272482	0	0
2844	0.272634	0	0
2843	0.272787	0	0
2842	0.272939	0	0
2841	0.273092	0	0
2840	0.273245	0	0
2839	0.281187	0	0
2838	0.281367	0	0
2837	0.281547	0	0
2836	0.281727	0	0
2835	0.281907	0	0
2834	0.282087	0	0
2833	0.282268	0	0
2832	0.282449	0	0
2831	0.29009	0	0
2830	0.290302	0	0
2829	0.290514	0	0
2828	0.290727	0	0
2827	0.29094	0	0
2826	0.291153	0	0
2825	0.291366	0	0
2824	0.29158	0	0
2823	0.298874	0	0
2822	0.29912	0	0
2821	0.299366	0	0
2820	0.299613	0	0
2819	0.29986	0	0
2818	0.300108	0	0
2817	0.300356	0	0
2816	0.300604	0	0
2815	0.307537	0	0
2814	0.307817	0	0
2813	0.308098	0	0
2812	0.30838	0	0
2811	0.308662	0	0
2810	0.308944	0	0
2809	0.309227	0	0
2808	0.30951	0	0
2807	0.316076	0	0
2806	0.316391	0	0
2805	0.316707	0	0
2804	0.317024	0	0
2803	0.317342	0	0
2802	0.31766	0	0
2801	0.317979	0	0
2800	0.318298	0	0
2799	0.324498	0	0
2798	0.324848	0	0
2797	0.325199	0	0
2796	0.32555	0	0
2795	0.325903	0	0
2794	0.326256	0	0
2793	0.326609	0	0
2792	0.326964	0	0
2791	0.332842	0	0
2790	0.333221	0	0
2789	0.333602	0	0
2788	0.333983	0	0
2787	0.334365	0	0
2786	0.334748	0	0
2785	0.335131	0	0
2784	0.34087	0	0
2783	0.341256	0	0
2782	0.341644	0	0
2781	0.342032	0	0
2780	0.342421	0	0
2779	0.342811	0	0
2778	0.343202	0	0
2777	0.343594	0	0
2776	0.349307	0	0
2775	0.349709	0	0
2774	0.350113	0	0
2773	0.350517	0	0
2772	0.350922	0	0
2771	0.351327	0	0
2770	0.351734	0	0
2769	0.352141	0	0
2768	0.357651	0	0
2767	0.358087	0	0
2766	0.358524	0	0
2765	0.358963	0	0
2764	0.359402	0	0
2763	0.359842	0	0
2762	0.360283	0	0
2761	0.365434	0	0
2760	0.365903	0	0
2759	0.366373	0	0
2758	0.366844	0	0
2757	0.367316	0	0
2756	0.367789	0	0
2755	0.368263	0	0
2754	0.368739	0	0
2753	0.373563	0	0
2752	0.374066	0	0
2751	0.37457	0	0
2750	0.375075	0	0
2749	0.375581	0	0
2748	0.376088	0	0
2747	0.454591	0	0
2746	0.455187	0	0
2745	0.4602	0	0
2744	0.460826	0	0
2743	0.461454	0	0
2742	0.462084	0	0
2741	0.462714	0	0
2740	0.463346	0	0
2739	0.46398	0	0
2738	0.468608	0	0
2737	0.469271	0	0
2736	0.469934	0	0
2735	0.4706	0	0
2734	0.471267	0	0
2733	0.471935	0	0
2732	0.472605	0	0
2731	0.473276	0	0
2730	0.477561	0	0
2729	0.47826	0	0
2728	0.478961	0	0
2727	0.479664	0	0
2726	0.480368	0	0
2725	0.481073	0	0
2724	0.48178	0	0
2723	0.485682	0	0
2722	0.48642	0	0
2721	0.487159	0	0
2720	0.4879	0	0
2719	0.488642	0	0
2718	0.489386	0	0
2717	0.490132	0	0
2716	0.49374	0	0
2715	0.494501	0	0
2714	0.495264	0	0
2713	0.496028	0	0
2712	0.496794	0	0
2711	0.497562	0	0
2710	0.498331	0	0
2709	0.499102	0	0
2708	0.502549	0	0
2707	0.503333	0	0
2706	0.504119	0	0
2705	0.504906	0	0
2704	0.505695	0	0
2703	0.506486	0	0
2702	0.507279	0	0
2701	0.510471	0	0
2700	0.51129	0	0
2699	0.512112	0	0
2698	0.512935	0	0
2697	0.51376	0	0
2696	0.514588	0	0
2695	0.515417	0	0
2694	0.518263	0	0
2693	0.519117	0	0
2692	0.519973	0	0
2691	0.52083	0	0
2690	0.52169	0	0
2689	0.522551	0	0
2688	0.523415	0	0
2687	0.524281	0	0
2686	0.52681	0	0
2685	0.527701	0	0
2684	0.528594	0	0
2683	0.529489	0	0
2682	0.530387	0	0
2681	0.531286	0	0
2680	0.532188	0	0
2679	0.534361	0	0
2678	0.535289	0	0
2677	0.536219	0	0
2676	0.537151	0	0
2675	0.538086	0	0
2674	0.539023	0	0
2673	0.539962	0	0
2672	0.541734	0	0
2671	0.542705	0	0
2670	0.543677	0	0
2669	0.544653	0	0
2668	0.54563	0	0
2667	0.54661	0	0
2666	0.547592	0	0
2665	0.548989	0	0
2664	0.549992	0	0
2663	0.550998	0	0
2662	0.552007	0	0
2661	0.553018	0	0
2660	0.554031	0	0
2659	0.555047	0	0
2658	0.556151	0	0
2657	0.557185	0	0
2656	0.558222	0	0
2655	0.559261	0	0
2654	0.560303	0	0
2653	0.561348	0	0
2652	0.562395	0	0
2651	0.563618	0	0
2650	0.564624	0	0
2649	0.565632	0	0
2648	0.566643	0	0
2647	0.567657	0	0
2646	0.568672	0	0
2645	0.56969	0	0
2644	0.571084	0	0
2643	0.572113	0	0
2642	0.573144	0	0
2641	0.574177	0	0
2640	0.575213	0	0
2639	0.576252	0	0
2638	0.577292	0	0
2637	0.578484	0	0
2636	0.579542	0	0
2635	0.580603	0	0
2634	0.581666	0	0
2633	0.582731	0	0
2632	0.583799	0	0
2631	0.58487	0	0
2630	0.585797	0	0
2629	0.586887	0	0
2628	0.58798	0	0
2627	0.589076	0	0
2626	0.590175	0	0
2625	0.591276	0	0
2624	0.59238	0	0
2623	0.593062	0	0
2622	0.594179	0	0
2621	0.595299	0	0
2620	0.596421	0	0
2619	0.597546	0	0
2618	0.598674	0	0
2617	0.599805	0	0
2616	0.600059	0	0
2615	0.601239	0	0
2614	0.602423	0	0
2613	0.603609	0	0
2612	0.604798	0	0
2611	0.60599	0	0
2610	0.607185	0	0
2609	0.606833	0	0
2608	0.608066	0	0
2607	0.609303	0	0
2606	0.610543	0	0
2605	0.611786	0	0
2604	0.613033	0	0
2603	0.612184	0	0
2602	0.613456	0	0
2601	0.614732	0	0
2600	0.616011	0	0
2599	0.617294	0	0
2598	0.618579	0	0
2597	0.619868	0	0
2596	0.619271	0	0
2595	0.620485	0	0
2594	0.621702	0	0
2593	0.622922	0	0
2592	0.624145	0	0
2591	0.625371	0	0
2590	0.6266	0	0
2589	0.627161	0	0
2588	0.628265	0	0
2587	0.629373	0	0
2586	0.630483	0	0
2585	0.631595	0	0
2584	0.63271	0	0
2583	0.633828	0	0
2582	0.635059	0	0
2581	0.636194	0	0
2580	0.637331	0	0
2579	0.638472	0	0
2578	0.639615	0	0
2577	0.64076	0	0
2576	0.641829	0	0
2575	0.642979	0	0
2574	0.644132	0	0
2573	0.645288	0	0
2572	0.646446	0	0
2571	0.647608	0	0
2570	0.648772	0	0
2569	0.649702	0	0
2568	0.65088	0	0
2567	0.652062	0	0
2566	0.653246	0	0
2565	0.654434	0	0
2564	0.655624	0	0
2563	0.656524	0	0
2562	0.6577	0	0
2561	0.65888	0	0
2560	0.660062	0	0
2559	0.661247	0	0
2558	0.662434	0	0
2557	0.663625	0	0
2556	0.663645	0	0
2555	0.664992	0	0
2554	0.666342	0	0
2553	0.667695	0	0
2552	0.669052	0	0
2551	0.670413	0	0
2550	0.669053	0	0
2549	0.67047	0	0
2548	0.671891	0	0
2547	0.673316	0	0
2546	0.674744	0	0
2545	0.676176	0	0
2544	0.677611	0	0
2543	0.675575	0	0
2542	0.677058	0	0
2541	0.678545	0	0
2540	0.680035	0	0
2539	0.68153	0	0
2538	0.683029	0	0
2537	0.683292	0	0
2536	0.684367	0	0
2535	0.685444	0	0
2534	0.686524	0	0
2533	0.687607	0	0
2532	0.688691	0	0
2531	0.689778	0	0
2530	0.693485	0	0
2529	0.694383	0	0
2528	0.695282	0	0
2527	0.696182	0	0
2526	0.697084	0	0
2525	0.697988	0	0
2524	0.702784	0	0
2523	0.70371	0	0
2522	0.704637	0	0
2521	0.705567	0	0
2520	0.706497	0	0
2519	0.70743	0	0
2518	0.71239	0	0
2517	0.713287	0	0
2516	0.714186	0	0
2515	0.715086	0	0
2514	0.78426	0	0
2513	0.78595	0	0
2512	0.787644	0	0
2511	0.784876	0	0
2510	0.786578	0	0
2509	0.788284	0	0
2508	0.789995	0	0
2507	0.79171	0	0
2506	0.793429	0	0
2505	0.790481	0	0
2504	0.792208	0	0
2503	0.793938	0	0
2502	0.795673	0	0
2501	0.797413	0	0
2500	0.799157	0	0
2499	0.795871	0	0
2498	0.797649	0	0
2497	0.799431	0	0
2496	0.801218	0	0
2495	0.803009	0	0
2494	0.804805	0	0
2493	0.806606	0	0
2492	0.802501	0	0
2491	0.804402	0	0
2490	0.806308	0	0
2489	0.808219	0	0
2488	0.810135	0	0
2487	0.812057	0	0
2486	0.8072	0	0
2485	0.809124	0	0
2484	0.811053	0	0
2483	0.812987	0	0
2482	0.814927	0	0
2481	0.816871	0	0
2480	0.811965	0	0
2479	0.813893	0	0
2478	0.815825	0	0
2477	0.817763	0	0
2476	0.819707	0	0
2475	0.821655	0	0
2474	0.817855	0	0
2473	0.819604	0	0
2472	0.821358	0	0
2471	0.823116	0	0
2470	0.824879	0	0
2469	0.826646	0	0
2468	0.824371	0	0
2467	0.82605	0	0
2466	0.827734	0	0
2465	0.829421	0	0
2464	0.831113	0	0
2463	0.83281	0	0
2462	0.830971	0	0
2461	0.832662	0	0
2460	0.834358	0	0
2459	0.836058	0	0
2458	0.837762	0	0
2457	0.839471	0	0
2456	0.837649	0	0
2455	0.839348	0	0
2454	0.841051	0	0
2453	0.842759	0	0
2452	0.84447	0	0
2451	0.846186	0	0
2450	0.84436	0	0
2449	0.846075	0	0
2448	0.847794	0	0
2447	0.849517	0	0
2446	0.851244	0	0
2445	0.852976	0	0
2444	0.851226	0	0
2443	0.852935	0	0
2442	0.854649	0	0
2441	0.856366	0	0
2440	0.858088	0	0
2439	0.859814	0	0
2438	0.857402	0	0
2437	0.859255	0	0
2436	0.861113	0	0
2435	0.862975	0	0
2434	0.864842	0	0
2433	0.866714	0	0
2432	0.862333	0	0
2431	0.864424	0	0
2430	0.866521	0	0
2429	0.868624	0	0
2428	0.870732	0	0
2427	0.872846	0	0
2426	0.867176	0	0
2425	0.869292	0	0
2424	0.871413	0	0
2423	0.873541	0	0
2422	0.875674	0	0
2421	0.877813	0	0
2420	0.87344	0	0
2419	0.875307	0	0
2418	0.877179	0	0
2417	0.879055	0	0
2416	0.880936	0	0
2415	0.882822	0	0
2414	0.882432	0	0
2413	0.88381	0	0
2412	0.885192	0	0
2411	0.886576	0	0
2410	0.887964	0	0
2409	0.889354	0	0
2408	0.892425	0	0
2407	0.893687	0	0
2406	0.89495	0	0
2405	0.896217	0	0
2404	0.897485	0	0
2403	0.901422	0	0
2402	0.902676	0	0
2401	0.903933	0	0
2400	0.905193	0	0
2399	0.906455	0	0
2398	0.907719	0	0
2397	0.912002	0	0
2396	0.913224	0	0
2395	0.914449	0	0
2394	0.915675	0	0
2393	0.916904	0	0
2392	0.918135	0	0
2391	0.922719	0	0
2390	0.923945	0	0
2389	0.925174	0	0
2388	0.926405	0	0
2387	0.927638	0	0
2386	0.928873	0	0
2385	0.933911	0	0
2384	0.935069	0	0
2383	0.936229	0	0
2382	0.93739	0	0
2381	0.938554	0	0
2380	0.942411	0	0
2379	0.943889	0	0
2378	0.94537	0	0
2377	0.946855	0	0
2376	0.948342	0	0
2375	0.949833	0	0
2374	0.94902	0	0
2373	0.951137	0	0
2372	0.95326	0	0
2371	0.955389	0	0
2370	0.957523	0	0
2369	0.95376	0	0
2368	0.955817	0	0
2367	0.957879	0	0
2366	0.959947	0	0
2365	0.96202	0	0
2364	0.964099	0	0
2363	0.965745	0	0
2362	0.96683	0	0
2361	0.967917	0	0
2360	0.969005	0	0
2359	0.970095	0	0
2358	0.971186	0	0
2357	0.982042	0	0
2356	0.98225	0	0
2355	0.982457	0	0
2354	0.982662	0	0
2353	0.982864	0	0
2352	0.999987	0	0
2351	0.999951	0	0
2350	0.999911	0	0
2349	0.999869	0	0
2348	0.999824	0	0
2347	0.999777	0	0
2346	1.01801	0	0
2345	1.01803	0	0
2344	1.01806	0	0
2343	1.01808	0	0
2342	1.0181	0	0
2341	1.03687	0	0
2340	1.03676	0	0
2339	1.03665	0	0
2338	1.03654	0	0
2337	1.03643	0	0
2336	1.03631	0	0
2335	1.05644	0	0
2334	1.05623	0	0
2333	1.05601	0	0
2332	1.05578	0	0
2331	1.05556	0	0
2330	1.07638	0	0
2329	1.07618	0	0
2328	1.07599	0	0
2327	1.07578	0	0
2326	1.07558	0	0
2325	1.09413	0	0
2324	1.09438	0	0
2323	1.09462	0	0
2322	1.09486	0	0
2321	1.0951	0	0
2320	1.09534	0	0
2319	1.10444	0	0
2318	1.1063	0	0
2317	1.10816	0	0
2316	1.11002	0	0
2315	1.11189	0	0
2314	1.11426	0	0
2313	1.11587	0	0
2312	1.11749	0	0
2311	1.1191	0	0
2310	1.12073	0	0
2309	1.12235	0	0
2308	1.13569	0	0
2307	1.13511	0	0
2306	1.13452	0	0
2305	1.13393	0	0
2304	1.13333	0	0
2303	1.16492	0	0
2302	1.16297	0	0
2301	1.16102	0	0
2300	1.15905	0	0
2299	1.15707	0	0
2298	1.19697	0	0
2297	1.19477	0	0
2296	1.19255	0	0
2295	1.19033	0	0
2294	1.18809	0	0
2293	1.22959	0	0
2292	1.22737	0	0
2291	1.22513	0	0
2290	1.22288	0	0
2289	1.22063	0	0
2288	1.21836	0	0
2287	1.26017	0	0
2286	1.25796	0	0
2285	1.25574	0	0
2284	1.25351	0	0
2283	1.25127	0	0
2282	1.29385	0	0
2281	1.29151	0	0
2280	1.09929	0	0
2279	1.10062	0	0
2278	1.10195	0	0
2277	1.108	0	0
2276	1.10932	0	0
2275	1.11064	0	0
2274	1.11197	0	0
2273	1.11329	0	0
2272	1.11664	0	0
2271	1.11854	0	0
2270	1.12045	0	0
2269	1.12236	0	0
2268	1.12427	0	0
2267	1.12127	0	0
2266	1.12394	0	0
2265	1.12662	0	0
2264	1.12931	0	0
2263	1.132	0	0
2262	1.1347	0	0
2261	1.12916	0	0
2260	1.13168	0	0
2259	1.13421	0	0
2258	1.13674	0	0
2257	1.13928	0	0
2256	1.13732	0	0
2255	1.13921	0	0
2254	1.14111	0	0
2253	1.143	0	0
2252	1.14491	0	0
2251	1.15453	0	0
2250	1.15448	0	0
2249	1.15443	0	0
2248	1.15438	0	0
2247	1.15433	0	0
2246	1.1747	0	0
2245	1.1744	0	0
2244	1.17409	0	0
2243	1.17379	0	0
2242	1.17347	0	0
2241	1.19497	0	0
2240	1.19474	0	0
2239	1.19451	0	0
2238	1.19427	0	0
2237	1.19403	0	0
2236	1.21561	0	0
2235	1.21533	0	0
2234	1.21505	0	0
2233	1.21476	0	0
2232	1.21447	0	0
2231	1.2375	0	0
2230	1.23699	0	0
2229	1.23646	0	0
2228	1.23594	0	0
2227	1.23541	0	0
2226	1.26008	0	0
2225	1.25949	0	0
2224	1.2589	0	0
2223	1.2583	0	0
2222	1.25769	0	0
2221	1.28233	0	0
2220	1.28189	0	0
2219	1.28144	0	0
2218	1.28098	0	0
2217	1.28052	0	0
2216	1.30061	0	0
2215	1.30117	0	0
2214	1.30173	0	0
2213	1.30229	0	0
2212	1.30285	0	0
2211	1.31166	0	0
2210	1.3139	0	0
2209	1.31616	0	0
2208	1.31842	0	0
2207	1.31976	0	0
2206	1.32187	0	0
2205	1.32398	0	0
2204	1.3261	0	0
2203	1.32823	0	0
2202	1.3391	0	0
2201	1.33929	0	0
2200	1.33948	0	0
2199	1.33967	0	0
2198	1.33985	0	0
2197	1.37174	0	0
2196	1.36902	0	0
2195	1.36628	0	0
2194	1.36353	0	0
2193	1.36076	0	0
2192	1.40457	0	0
2191	1.40204	0	0
2190	1.39949	0	0
2189	1.39693	0	0
2188	1.39435	0	0
2187	1.438	0	0
2186	1.43536	0	0
2185	1.43271	0	0
2184	1.43004	0	0
2183	1.47418	0	0
2182	1.4716	0	0
2181	1.469	0	0
2180	1.46639	0	0
2179	1.46377	0	0
2178	1.50795	0	0
2177	1.50538	0	0
2176	1.5028	0	0
2175	1.5002	0	0
2174	1.49758	0	0
2173	1.5435	0	0
2172	1.54056	0	0
2171	1.53762	0	0
2170	1.53465	0	0
2169	1.53168	0	0
2168	1.57844	0	0
2167	1.57576	0	0
2166	1.57307	0	0
2165	1.57036	0	0
2164	1.60926	0	0
2163	1.60812	0	0
2162	1.60697	0	0
2161	1.60581	0	0
2160	1.60464	0	0
2159	1.62623	0	0
2158	1.62787	0	0
2157	1.62952	0	0
2156	1.63116	0	0
2155	1.63281	0	0
2154	1.64274	0	0
2153	1.64443	0	0
2152	1.64612	0	0
2151	1.64782	0	0
2150	1.66911	0	0
2149	1.66822	0	0
2148	1.66733	0	0
2147	1.66642	0	0
2146	1.66551	0	0
2145	1.70934	0	0
2144	1.70537	0	0
2143	1.70138	0	0
2142	1.69737	0	0
2141	1.7523	0	0
2140	1.74882	0	0
2139	1.74532	0	0
2138	1.7418	0	0
2137	1.73827	0	0
2136	1.7914	0	0
2135	1.78801	0	0
2134	1.7846	0	0
2133	1.78117	0	0
2132	1.77772	0	0
2131	1.83069	0	0
2130	1.82732	0	0
2129	1.82393	0	0
2128	1.82053	0	0
2127	1.87254	0	0
2126	1.86944	0	0
2125	1.86633	0	0
2124	1.86319	0	0
2123	1.86004	0	0
2122	1.91234	0	0
2121	1.90897	0	0
2120	1.90557	0	0
2119	1.90216	0	0
2118	1.95497	0	0
2117	1.95183	0	0
2116	1.94867	0	0
2115	1.9455	0	0
2114	1.94231	0	0
2113	1.98904	0	0
2112	1.98743	0	0
2111	1.98582	0	0
2110	1.98419	0	0
2109	2.01306	0	0
2108	2.01428	0	0
2107	2.0155	0	0
2106	2.01672	0	0
2105	2.01794	0	0
2104	2.03346	0	0
2103	2.03542	0	0
2102	2.03738	0	0
2101	2.03935	0	0
2100	2.06017	0	0
2099	2.05994	0	0
2098	2.0597	0	0
2097	2.05946	0	0
2096	2.09775	0	0
2095	2.09552	0	0
2094	2.09328	0	0
2093	2.09102	0	0
2092	2.08875	0	0
2091	2.13316	0	0
2090	2.13131	0	0
2089	2.12945	0	0
2088	2.12757	0	0
2087	2.17113	0	0
2086	2.16915	0	0
2085	2.16716	0	0
2084	2.16516	0	0
2083	2.21037	0	0
2082	2.20819	0	0
2081	2.20599	0	0
2080	2.20378	0	0
2079	2.20156	0	0
2078	2.245	0	0
2077	2.2436	0	0
2076	2.24218	0	0
2075	2.24076	0	0
2074	2.2807	0	0
2073	2.27943	0	0
2072	2.27816	0	0
2071	2.27687	0	0
2070	2.31763	0	0
2069	2.31611	0	0
2068	2.31458	0	0
2067	2.31303	0	0
2066	2.31148	0	0
2065	2.34906	0	0
2064	2.34883	0	0
2063	2.34859	0	0
2062	2.34835	0	0
2061	2.37356	0	0
2060	2.37532	0	0
2059	2.37708	0	0
2058	2.37884	0	0
2057	2.39169	0	0
2056	2.3947	0	0
2055	2.39772	0	0
2054	2.40074	0	0
2053	2.41091	0	0
2052	2.4135	0	0
2051	2.41609	0	0
2050	2.41868	0	0
2049	2.42128	0	0
2048	2.43791	0	0
2047	1.8834	0	0
2046	1.88084	0	0
2045	1.87826	0	0
2044	1.92167	0	0
2043	1.91918	0	0
2042	1.91668	0	0
2041	1.91415	0	0
2040	1.95699	0	0
2039	1.95467	0	0
2038	1.95234	0	0
2037	1.94999	0	0
2036	1.99224	0	0
2035	1.98998	0	0
2034	1.98769	0	0
2033	1.9854	0	0
2032	2.0268	0	0
2031	2.02478	0	0
2030	2.02274	0	0
2029	2.02069	0	0
2028	2.06191	0	0
2027	2.05978	0	0
2026	2.05763	0	0
2025	2.05548	0	0
2024	2.09703	0	0
2023	2.09497	0	0
2022	2.0929	0	0
2021	2.09081	0	0
2020	2.12747	0	0
2019	2.12663	0	0
2018	2.12577	0	0
2017	2.12491	0	0
2016	2.12404	0	0
2015	2.14995	0	0
2014	2.15142	0	0
2013	2.1529	0	0
2012	2.15437	0	0
2011	2.16412	0	0
2010	2.16781	0	0
2009	2.17151	0	0
2008	2.17521	0	0
2007	2.1802	0	0
2006	2.18265	0	0
2005	2.18509	0	0
2004	2.18755	0	0
2003	2.2042	0	0
2002	2.20455	0	0
2001	2.20489	0	0
2000	2.20523	0	0
1999	2.23111	0	0
1998	2.23118	0	0
1997	2.23125	0	0
1996	2.23132	0	0
1995	2.25823	0	0
1994	2.25838	0	0
1993	2.25852	0	0
1992	2.25866	0	0
1991	2.286	0	0
1990	2.28598	0	0
1989	2.28596	0	0
1988	2.28593	0	0
1987	2.31441	0	0
1986	2.3143	0	0
1985	2.31418	0	0
1984	2.33992	0	0
1983	2.34065	0	0
1982	2.34138	0	0
1981	2.34211	0	0
1980	2.3651	0	0
1979	2.36596	0	0
1978	2.36681	0	0
1977	2.36766	0	0
1976	2.39146	0	0
1975	2.39206	0	0
1974	2.39265	0	0
1973	2.39324	0	0
1972	2.41378	0	0
1971	2.41555	0	0
1970	2.41733	0	0
1969	2.41911	0	0
1968	2.42957	0	0
1967	2.43322	0	0
1966	2.43687	0	0
1965	2.44054	0	0
1964	2.44075	0	0
1963	2.44568	0	0
1962	2.45062	0	0
1961	2.45558	0	0
1960	2.45177	0	0
1959	2.45663	0	0
1958	2.46151	0	0
1957	2.4664	0	0
1956	2.46421	0	0
1955	2.46865	0	0
1954	2.47311	0	0
1953	2.47608	0	0
1952	2.47961	0	0
1951	2.48315	0	0
1950	2.4867	0	0
1949	2.49258	0	0
1948	2.49607	0	0
1947	2.49957	0	0
1946	2.50307	0	0
1945	2.50677	0	0
1944	2.511	0	0
1943	2.51524	0	0
1942	2.5195	0	0
1941	2.52124	0	0
1940	2.52538	0	0
1939	2.52952	0	0
1938	2.53368	0	0
1937	2.53902	0	0
1936	2.54206	0	0
1935	2.54511	0	0
1934	2.5512	0	0
1933	2.55521	0	0
1932	2.55922	0	0
1931	2.56325	0	0
1930	2.56448	0	0
1929	2.56915	0	0
1928	2.57383	0	0
1927	2.57853	0	0
1926	2.5791	0	0
1925	2.58334	0	0
1924	2.58758	0	0
1923	2.58671	0	0
1922	2.59179	0	0
1921	2.59688	0	0
1920	2.60199	0	0
1919	2.59225	0	0
1918	2.59932	0	0
1917	2.60642	0	0
1916	2.61353	0	0
1915	2.5972	0	0
1914	2.6045	0	0
1913	2.61182	0	0
1912	2.59634	0	0
1911	2.60323	0	0
1910	2.61014	0	0
1909	2.61708	0	0
1908	2.60107	0	0
1907	2.60848	0	0
1906	2.61591	0	0
1905	2.62337	0	0
1904	2.60404	0	0
1903	2.6121	0	0
1902	2.6202	0	0
1901	2.60091	0	0
1900	2.60837	0	0
1899	2.61585	0	0
1898	2.62335	0	0
1897	2.60671	0	0
1896	2.61388	0	0
1895	2.62106	0	0
1894	2.62827	0	0
1893	2.61216	0	0
1892	2.61952	0	0
1891	2.62691	0	0
1890	2.61034	0	0
1889	2.61767	0	0
1888	2.62503	0	0
1887	2.6324	0	0
1886	2.61566	0	0
1885	2.62311	0	0
1884	2.63059	0	0
1883	2.61457	0	0
1882	2.62172	0	0
1881	2.6289	0	0
1880	2.63609	0	0
1879	2.62252	0	0
1878	2.62913	0	0
1877	2.63576	0	0
1876	2.62261	0	0
1875	2.62966	0	0
1874	2.63673	0	0
1873	2.64383	0	0
1872	2.62739	0	0
1871	2.6352	0	0
1870	2.64304	0	0
1869	2.6224	0	0
1868	2.63078	0	0
1867	2.6392	0	0
1866	2.64764	0	0
1865	2.62612	0	0
1864	2.6343	0	0
1863	2.6425	0	0
1862	2.62174	0	0
1861	2.62993	0	0
1860	2.63814	0	0
1859	2.64639	0	0
1858	2.62477	0	0
1857	2.63328	0	0
1856	2.64183	0	0
1855	2.61536	0	0
1854	2.62512	0	0
1853	2.63492	0	0
1852	2.64476	0	0
1851	2.61398	0	0
1850	2.6241	0	0
1849	2.63426	0	0
1848	2.60418	0	0
1847	2.61372	0	0
1846	2.62329	0	0
1845	2.59629	0	0
1844	2.60542	0	0
1843	2.61458	0	0
1842	2.62377	0	0
1841	2.59809	0	0
1840	2.60713	0	0
1839	2.61619	0	0
1838	2.59008	0	0
1837	2.59939	0	0
1836	2.60873	0	0
1835	2.6181	0	0
1834	2.59076	0	0
1833	2.60029	0	0
1832	2.60985	0	0
1831	2.58369	0	0
1830	2.5926	0	0
1829	2.60153	0	0
1828	2.57929	0	0
1827	2.58754	0	0
1826	2.59581	0	0
1825	2.60412	0	0
1824	2.58288	0	0
1823	2.59142	0	0
1822	2.59999	0	0
1821	2.57908	0	0
1820	2.58721	0	0
1819	2.59538	0	0
1818	2.57543	0	0
1817	2.58364	0	0
1816	2.59189	0	0
1815	2.60016	0	0
1814	2.42541	0	0
1813	2.4342	0	0
1812	2.44301	0	0
1811	2.4189	0	0
1810	2.42768	0	0
1809	2.43649	0	0
1808	2.41219	0	0
1807	2.42105	0	0
1806	2.42995	0	0
1805	2.4051	0	0
1804	2.41408	0	0
1803	2.4231	0	0
1802	2.43214	0	0
1801	2.4067	0	0
1800	2.41584	0	0
1799	2.42501	0	0
1798	2.40261	0	0
1797	2.41044	0	0
1796	2.4183	0	0
1795	2.3999	0	0
1794	2.40766	0	0
1793	2.41545	0	0
1792	2.39644	0	0
1791	2.40448	0	0
1790	2.41255	0	0
1789	2.42065	0	0
1788	2.39875	0	0
1787	2.40782	0	0
1786	2.41693	0	0
1785	2.39088	0	0
1784	2.40037	0	0
1783	2.40989	0	0
1782	2.38401	0	0
1781	2.39297	0	0
1780	2.40196	0	0
1779	2.37808	0	0
1778	2.38686	0	0
1777	2.39567	0	0
1776	2.37106	0	0
1775	2.38027	0	0
1774	2.38952	0	0
1773	2.35991	0	0
1772	2.37045	0	0
1771	2.38102	0	0
1770	2.34752	0	0
1769	2.35834	0	0
1768	2.3692	0	0
1767	2.38011	0	0
1766	2.34719	0	0
1765	2.3575	0	0
1764	2.36784	0	0
1763	2.33713	0	0
1762	2.34723	0	0
1761	2.35736	0	0
1760	2.32823	0	0
1759	2.33794	0	0
1758	2.34769	0	0
1757	2.31991	0	0
1756	2.32952	0	0
1755	2.33917	0	0
1754	2.31103	0	0
1753	2.3209	0	0
1752	2.33082	0	0
1751	2.30233	0	0
1750	2.31209	0	0
1749	2.32189	0	0
1748	2.29614	0	0
1747	2.30501	0	0
1746	2.31391	0	0
1745	2.29036	0	0
1744	2.29923	0	0
1743	2.30815	0	0
1742	2.2854	0	0
1741	2.29399	0	0
1740	2.30262	0	0
1739	2.28256	0	0
1738	2.29044	0	0
1737	2.29835	0	0
1736	2.27894	0	0
1735	2.2872	0	0
1734	2.29548	0	0
1733	2.27329	0	0
1732	2.28226	0	0
1731	2.29127	0	0
1730	2.26678	0	0
1729	2.27602	0	0
1728	2.28529	0	0
1727	2.26063	0	0
1726	2.26973	0	0
1725	2.27887	0	0
1724	2.25686	0	0
1723	2.26511	0	0
1722	2.2734	0	0
1721	2.25176	0	0
1720	2.26062	0	0
1719	2.26951	0	0
1718	2.24127	0	0
1717	2.25216	0	0
1716	2.26309	0	0
1715	2.22968	0	0
1714	2.24078	0	0
1713	2.25191	0	0
1712	2.21933	0	0
1711	2.22991	0	0
1710	2.24053	0	0
1709	2.21039	0	0
1708	2.22048	0	0
1707	2.23061	0	0
1706	2.20219	0	0
1705	2.21208	0	0
1704	2.22201	0	0
1703	2.1932	0	0
1702	2.20353	0	0
1701	2.2139	0	0
1700	2.18488	0	0
1699	2.19477	0	0
1698	2.20469	0	0
1697	2.17788	0	0
1696	2.18729	0	0
1695	2.16234	0	0
1694	2.17158	0	0
1693	2.18085	0	0
1692	2.15584	0	0
1691	2.16522	0	0
1690	2.17463	0	0
1689	2.15171	0	0
1688	2.16016	0	0
1687	2.16864	0	0
1686	2.15372	0	0
1685	2.15965	0	0
1684	2.16559	0	0
1683	2.15446	0	0
1682	2.16142	0	0
1681	2.16841	0	0
1680	2.15063	0	0
1679	2.15968	0	0
1678	2.13706	0	0
1677	2.14585	0	0
1676	2.15467	0	0
1675	2.13305	0	0
1674	2.14163	0	0
1673	2.15025	0	0
1672	2.13395	0	0
1671	2.14049	0	0
1670	2.14707	0	0
1669	2.13856	0	0
1668	2.14362	0	0
1667	2.14871	0	0
1666	2.13808	0	0
1665	2.14616	0	0
1664	2.1207	0	0
1663	2.13135	0	0
1662	2.14205	0	0
1661	2.11122	0	0
1660	2.12212	0	0
1659	2.13306	0	0
1658	2.1034	0	0
1657	2.11356	0	0
1656	2.12376	0	0
1655	2.09874	0	0
1654	2.1074	0	0
1653	2.08903	0	0
1652	2.09665	0	0
1651	2.10429	0	0
1650	2.08558	0	0
1649	2.09416	0	0
1648	2.10276	0	0
1647	2.08011	0	0
1646	2.08966	0	0
1645	2.09924	0	0
1644	2.07504	0	0
1643	2.0842	0	0
1642	2.0644	0	0
1641	2.07221	0	0
1640	2.08005	0	0
1639	2.0653	0	0
1638	2.07197	0	0
1637	2.07867	0	0
1636	2.07104	0	0
1635	2.07522	0	0
1634	2.07649	0	0
1633	2.07967	0	0
1632	2.08286	0	0
1631	2.08407	0	0
1630	2.08819	0	0
1629	2.09232	0	0
1628	2.09002	0	0
1627	2.095	0	0
1626	2.08624	0	0
1625	2.09302	0	0
1624	2.09982	0	0
1623	2.09074	0	0
1622	2.09604	0	0
1621	2.10135	0	0
1620	2.10103	0	0
1619	2.10309	0	0
1618	2.10919	0	0
1617	2.11215	0	0
1616	2.11513	0	0
1615	2.11696	0	0
1614	2.12129	0	0
1613	2.11813	0	0
1612	2.12322	0	0
1611	2.12831	0	0
1610	2.12004	0	0
1609	2.127	0	0
1608	2.13399	0	0
1607	2.12098	0	0
1606	2.12843	0	0
1605	2.11759	0	0
1604	2.12353	0	0
1603	2.12949	0	0
1602	2.12137	0	0
1601	2.12745	0	0
1600	2.11776	0	0
1599	2.12441	0	0
1598	2.13108	0	0
1597	2.12048	0	0
1596	2.12709	0	0
1595	2.11645	0	0
1594	2.12314	0	0
1593	2.12985	0	0
1592	2.12011	0	0
1591	2.12629	0	0
1590	2.12309	0	0
1589	2.12709	0	0
1588	2.13109	0	0
1587	2.13634	0	0
1586	2.13785	0	0
1585	2.1479	0	0
1584	2.14958	0	0
1583	2.15127	0	0
1582	2.15994	0	0
1581	1.75325	0	0
1580	1.74249	0	0
1579	1.7486	0	0
1578	1.75473	0	0
1577	1.74076	0	0
1576	1.74843	0	0
1575	1.72975	0	0
1574	1.73808	0	0
1573	1.74644	0	0
1572	1.7316	0	0
1571	1.73736	0	0
1570	1.7311	0	0
1569	1.73549	0	0
1568	1.73989	0	0
1567	1.73811	0	0
1566	1.74123	0	0
1565	1.74748	0	0
1564	1.74824	0	0
1563	1.74901	0	0
1562	1.75879	0	0
1561	1.75981	0	0
1560	1.7664	0	0
1559	1.76869	0	0
1558	1.771	0	0
1557	1.77402	0	0
1556	1.77722	0	0
1555	1.77683	0	0
1554	1.78073	0	0
1553	1.78264	0	0
1552	1.78502	0	0
1551	1.7874	0	0
1550	1.7954	0	0
1549	1.7956	0	0
1548	1.80659	0	0
1547	1.80753	0	0
1546	1.80847	0	0
1545	1.81716	0	0
1544	1.81885	0	0
1543	1.82559	0	0
1542	1.82745	0	0
1541	1.82666	0	0
1540	1.83173	0	0
1539	1.83682	0	0
1538	1.82913	0	0
1537	1.83554	0	0
1536	1.82815	0	0
1535	1.83302	0	0
1534	1.82935	0	0
1533	1.83378	0	0
1532	1.83823	0	0
1531	1.83384	0	0
1530	1.83909	0	0
1529	1.83289	0	0
1528	1.83825	0	0
1527	1.83207	0	0
1526	1.83736	0	0
1525	1.84267	0	0
1524	1.83589	0	0
1523	1.84162	0	0
1522	1.83736	0	0
1521	1.84139	0	0
1520	1.8464	0	0
1519	1.84762	0	0
1518	1.84883	0	0
1517	1.85898	0	0
1516	1.85939	0	0
1515	1.86963	0	0
1514	1.87092	0	0
1513	1.88015	0	0
1512	1.88123	0	0
1511	1.8823	0	0
1510	1.89342	0	0
1509	1.89343	0	0
1508	1.90587	0	0
1507	1.9065	0	0
1506	1.91751	0	0
1505	1.91832	0	0
1504	1.92976	0	0
1503	1.93027	0	0
1502	1.93078	0	0
1501	1.94173	0	0
1500	1.94291	0	0
1499	1.95213	0	0
1498	1.95356	0	0
1497	1.96245	0	0
1496	1.96385	0	0
1495	1.9742	0	0
1494	1.97498	0	0
1493	1.97575	0	0
1492	1.98612	0	0
1491	1.98753	0	0
1490	1.99188	0	0
1489	1.99628	0	0
1488	1.99364	0	0
1487	1.99889	0	0
1486	1.99565	0	0
1485	2.00054	0	0
1484	2.00545	0	0
1483	2.00261	0	0
1482	2.00763	0	0
1481	2.00451	0	0
1480	2.00959	0	0
1479	2.00597	0	0
1478	2.01132	0	0
1477	2.00737	0	0
1476	2.01267	0	0
1475	2.0117	0	0
1474	2.01552	0	0
1473	2.01955	0	0
1472	2.02202	0	0
1471	2.02449	0	0
1470	2.03002	0	0
1469	2.03268	0	0
1468	2.03728	0	0
1467	2.04038	0	0
1466	2.0441	0	0
1465	2.04727	0	0
1464	2.05069	0	0
1463	2.05401	0	0
1462	2.05679	0	0
1461	2.06036	0	0
1460	2.06234	0	0
1459	2.06617	0	0
1458	2.06872	0	0
1457	2.07214	0	0
1456	2.07557	0	0
1455	2.08052	0	0
1454	2.08237	0	0
1453	2.09114	0	0
1452	2.09259	0	0
1451	2.10129	0	0
1450	2.10341	0	0
1449	2.11094	0	0
1448	2.11307	0	0
1447	2.12125	0	0
1446	2.123	0	0
1445	2.12954	0	0
1444	2.13269	0	0
1443	2.134	0	0
1442	2.13898	0	0
1441	2.13787	0	0
1440	2.14278	0	0
1439	2.14236	0	0
1438	2.14699	0	0
1437	2.14679	0	0
1436	2.15152	0	0
1435	2.15078	0	0
1434	2.15576	0	0
1433	2.15478	0	0
1432	2.15977	0	0
1431	2.16478	0	0
1430	2.16478	0	0
1429	2.16891	0	0
1428	2.17168	0	0
1427	2.17496	0	0
1426	2.17913	0	0
1425	2.1827	0	0
1424	2.18663	0	0
1423	2.18999	0	0
1422	2.19501	0	0
1421	2.19786	0	0
1420	2.20276	0	0
1419	2.20655	0	0
1418	2.20858	0	0
1417	2.21337	0	0
1416	2.21337	0	0
1415	2.2184	0	0
1414	2.21749	0	0
1413	2.22298	0	0
1412	2.22087	0	0
1411	2.22673	0	0
1410	2.22416	0	0
1409	2.2299	0	0
1408	2.22744	0	0
1407	2.23333	0	0
1406	2.23108	0	0
1405	2.23662	0	0
1404	2.23769	0	0
1403	2.24088	0	0
1402	2.24781	0	0
1401	2.24962	0	0
1400	2.25733	0	0
1399	2.26091	0	0
1398	2.26367	0	0
1397	2.26264	0	0
1396	2.26822	0	0
1395	2.26662	0	0
1394	2.27239	0	0
1393	2.2711	0	0
1392	2.27663	0	0
1391	2.2767	0	0
1390	2.28164	0	0
1389	2.28297	0	0
1388	2.28759	0	0
1387	2.28992	0	0
1386	2.2942	0	0
1385	2.29687	0	0
1384	2.30126	0	0
1383	2.30298	0	0
1382	2.30798	0	0
1381	2.30856	0	0
1380	2.31383	0	0
1379	2.31424	0	0
1378	2.31937	0	0
1377	2.32024	0	0
1376	2.32523	0	0
1375	2.32655	0	0
1374	2.3314	0	0
1373	2.33326	0	0
1372	2.33543	0	0
1371	2.34016	0	0
1370	2.33968	0	0
1369	2.34598	0	0
1368	2.34174	0	0
1367	2.34942	0	0
1366	2.34333	0	0
1365	2.35117	0	0
1364	2.34493	0	0
1363	2.35277	0	0
1362	2.34677	0	0
1361	2.35446	0	0
1360	2.34877	0	0
1359	2.342	0	0
1358	2.35033	0	0
1357	2.34409	0	0
1356	2.35176	0	0
1355	2.34853	0	0
1354	2.35466	0	0
1353	2.35338	0	0
1352	2.35952	0	0
1351	2.35757	0	0
1350	2.36437	0	0
1349	2.36128	0	0
1348	2.358	0	0
1347	2.09103	0	0
1346	2.0935	0	0
1345	2.09702	0	0
1344	2.10176	0	0
1343	2.10468	0	0
1342	2.10953	0	0
1341	2.11309	0	0
1340	2.11604	0	0
1339	2.11603	0	0
1338	2.12139	0	0
1337	2.1206	0	0
1336	2.12611	0	0
1335	2.12525	0	0
1334	2.13073	0	0
1333	2.13019	0	0
1332	2.13546	0	0
1331	2.13573	0	0
1330	2.13724	0	0
1329	2.14181	0	0
1328	2.14304	0	0
1327	2.14799	0	0
1326	2.14839	0	0
1325	2.15375	0	0
1324	2.15343	0	0
1323	2.15264	0	0
1322	2.15832	0	0
1321	2.15754	0	0
1320	2.1632	0	0
1319	2.16255	0	0
1318	2.16816	0	0
1317	2.16777	0	0
1316	2.16793	0	0
1315	2.17324	0	0
1314	2.17294	0	0
1313	2.17876	0	0
1312	2.17676	0	0
1311	2.17074	0	0
1310	2.17912	0	0
1309	2.1714	0	0
1308	2.1803	0	0
1307	2.1724	0	0
1306	2.18106	0	0
1305	2.1736	0	0
1304	2.16614	0	0
1303	2.17485	0	0
1302	2.16751	0	0
1301	2.17605	0	0
1300	2.16954	0	0
1299	2.16511	0	0
1298	2.17233	0	0
1297	2.16899	0	0
1296	2.17582	0	0
1295	2.17277	0	0
1294	2.16903	0	0
1293	2.17635	0	0
1292	2.17254	0	0
1291	2.1798	0	0
1290	2.17617	0	0
1289	2.17245	0	0
1288	2.1798	0	0
1287	2.17613	0	0
1286	2.1834	0	0
1285	2.18008	0	0
1284	2.17719	0	0
1283	2.1842	0	0
1282	2.18128	0	0
1281	2.18837	0	0
1280	2.18541	0	0
1279	2.18243	0	0
1278	2.18957	0	0
1277	2.18655	0	0
1276	2.19377	0	0
1275	2.19059	0	0
1274	2.18721	0	0
1273	2.19461	0	0
1272	2.19151	0	0
1271	2.18906	0	0
1270	2.19604	0	0
1269	2.19357	0	0
1268	2.20071	0	0
1267	2.19782	0	0
1266	2.19322	0	0
1265	2.20163	0	0
1264	2.19578	0	0
1263	2.18939	0	0
1262	2.1983	0	0
1261	2.19207	0	0
1260	2.20096	0	0
1259	2.19484	0	0
1258	2.1894	0	0
1257	2.19781	0	0
1256	2.19336	0	0
1255	2.1905	0	0
1254	2.19778	0	0
1253	2.19554	0	0
1252	2.20262	0	0
1251	2.20061	0	0
1250	2.19839	0	0
1249	2.20569	0	0
1248	2.20332	0	0
1247	2.20075	0	0
1246	2.20825	0	0
1245	2.20562	0	0
1244	2.20316	0	0
1243	2.21058	0	0
1242	2.2084	0	0
1241	2.20675	0	0
1240	2.21382	0	0
1239	2.2125	0	0
1238	2.21159	0	0
1237	2.21838	0	0
1236	2.21764	0	0
1235	2.2244	0	0
1234	2.22376	0	0
1233	2.22322	0	0
1232	2.22995	0	0
1231	2.22957	0	0
1230	2.2296	0	0
1229	2.23606	0	0
1228	2.23629	0	0
1227	2.23656	0	0
1226	2.24306	0	0
1225	2.24321	0	0
1224	2.24282	0	0
1223	2.24983	0	0
1222	2.24901	0	0
1221	2.24777	0	0
1220	2.25513	0	0
1219	2.254	0	0
1218	2.25335	0	0
1217	2.26035	0	0
1216	2.26011	0	0
1215	2.26061	0	0
1214	2.26176	0	0
1213	2.26798	0	0
1212	2.26934	0	0
1211	2.27084	0	0
1210	2.277	0	0
1209	2.27863	0	0
1208	2.28054	0	0
1207	2.28652	0	0
1206	2.28853	0	0
1205	2.29047	0	0
1204	2.29656	0	0
1203	2.29852	0	0
1202	2.30076	0	0
1201	2.30666	0	0
1200	2.30922	0	0
1199	2.3124	0	0
1198	2.31588	0	0
1197	2.32128	0	0
1196	2.32478	0	0
1195	2.32828	0	0
1194	2.33374	0	0
1193	2.33734	0	0
1192	2.34109	0	0
1191	2.34648	0	0
1190	2.35031	0	0
1189	2.35418	0	0
1188	2.35813	0	0
1187	2.36352	0	0
1186	2.36754	0	0
1185	2.37148	0	0
1184	2.37699	0	0
1183	2.3808	0	0
1182	2.3843	0	0
1181	2.38801	0	0
1180	2.39367	0	0
1179	2.39767	0	0
1178	2.40212	0	0
1177	2.40742	0	0
1176	2.41207	0	0
1175	2.41695	0	0
1174	2.42198	0	0
1173	2.42711	0	0
1172	2.43219	0	0
1171	2.43727	0	0
1170	2.4423	0	0
1169	2.44755	0	0
1168	2.4526	0	0
1167	2.45765	0	0
1166	2.46297	0	0
1165	2.46804	0	0
1164	2.47318	0	0
1163	2.47857	0	0
1162	2.48374	0	0
1161	2.48931	0	0
1160	2.49496	0	0
1159	2.50048	0	0
1158	2.50577	0	0
1157	2.51129	0	0
1156	2.51693	0	0
1155	2.52262	0	0
1154	2.52789	0	0
1153	2.53359	0	0
1152	2.53915	0	0
1151	2.54464	0	0
1150	2.55016	0	0
1149	2.55565	0	0
1148	2.56106	0	0
1147	2.5662	0	0
1146	2.5721	0	0
1145	2.57714	0	0
1144	2.58204	0	0
1143	2.58696	0	0
1142	2.59178	0	0
1141	2.59798	0	0
1140	2.60275	0	0
1139	2.60739	0	0
1138	2.61196	0	0
1137	2.61843	0	0
1136	2.62298	0	0
1135	2.62736	0	0
1134	2.63152	0	0
1133	2.6384	0	0
1132	2.64249	0	0
1131	2.64638	0	0
1130	2.65006	0	0
1129	2.65362	0	0
1128	2.66101	0	0
1127	2.66456	0	0
1126	2.66802	0	0
1125	2.67123	0	0
1124	2.67414	0	0
1123	2.68212	0	0
1122	2.68495	0	0
1121	2.68762	0	0
1120	2.69021	0	0
1119	2.69273	0	0
1118	2.7011	0	0
1117	2.70357	0	0
1116	2.70582	0	0
1115	2.70787	0	0
1114	2.31521	0	0
1113	2.32167	0	0
1112	2.32494	0	0
1111	2.32815	0	0
1110	2.33127	0	0
1109	2.33423	0	0
1108	2.34107	0	0
1107	2.34397	0	0
1106	2.34663	0	0
1105	2.34914	0	0
1104	2.35154	0	0
1103	2.3589	0	0
1102	2.36127	0	0
1101	2.36342	0	0
1100	2.36532	0	0
1099	2.36706	0	0
1098	2.36866	0	0
1097	2.37675	0	0
1096	2.37831	0	0
1095	2.3797	0	0
1094	2.3809	0	0
1093	2.3819	0	0
1092	2.38265	0	0
1091	2.39155	0	0
1090	2.39221	0	0
1089	2.39256	0	0
1088	2.39267	0	0
1087	2.39259	0	0
1086	2.3923	0	0
1085	2.39186	0	0
1084	2.40178	0	0
1083	2.40133	0	0
1082	2.4007	0	0
1081	2.39979	0	0
1080	2.39862	0	0
1079	2.39732	0	0
1078	2.39594	0	0
1077	2.40675	0	0
1076	2.40536	0	0
1075	2.4038	0	0
1074	2.40199	0	0
1073	2.39993	0	0
1072	2.39765	0	0
1071	2.39512	0	0
1070	2.40704	0	0
1069	2.40445	0	0
1068	2.40155	0	0
1067	2.39839	0	0
1066	2.39504	0	0
1065	2.3915	0	0
1064	2.38769	0	0
1063	2.38355	0	0
1062	2.3791	0	0
1061	2.39276	0	0
1060	2.38825	0	0
1059	2.38347	0	0
1058	2.37842	0	0
1057	2.37307	0	0
1056	2.36744	0	0
1055	2.36151	0	0
1054	2.35536	0	0
1053	2.34908	0	0
1052	2.36443	0	0
1051	2.35816	0	0
1050	2.35189	0	0
1049	2.34562	0	0
1048	2.33927	0	0
1047	2.3327	0	0
1046	2.32587	0	0
1045	2.31883	0	0
1044	2.31168	0	0
1043	2.30442	0	0
1042	2.29703	0	0
1041	2.28941	0	0
1040	2.3062	0	0
1039	2.29854	0	0
1038	2.29051	0	0
1037	2.28205	0	0
1036	2.27317	0	0
1035	2.26395	0	0
1034	2.25446	0	0
1033	2.24476	0	0
1032	2.23488	0	0
1031	2.22479	0	0
1030	2.21446	0	0
1029	2.20399	0	0
1028	2.19351	0	0
1027	2.18311	0	0
1026	2.17273	0	0
1025	2.16228	0	0
1024	2.15169	0	0
1023	2.17143	0	0
1022	2.16083	0	0
1021	2.15004	0	0
1020	2.13903	0	0
1019	2.12784	0	0
1018	2.11647	0	0
1017	2.10492	0	0
1016	2.09315	0	0
1015	2.08118	0	0
1014	2.06902	0	0
1013	2.0567	0	0
1012	2.04423	0	0
1011	2.03163	0	0
1010	2.0189	0	0
1009	2.00601	0	0
1008	1.99298	0	0
1007	1.97987	0	0
1006	1.96675	0	0
1005	1.95366	0	0
1004	1.9406	0	0
1003	1.9275	0	0
1002	1.91433	0	0
1001	1.90108	0	0
1000	1.88779	0	0
999	1.87447	0	0
998	1.86109	0	0
997	1.84766	0	0
996	1.83417	0	0
995	1.82062	0	0
994	1.80701	0	0
993	1.79334	0	0
992	1.77964	0	0
991	1.76588	0	0
990	1.75208	0	0
989	1.73823	0	0
988	1.72435	0	0
987	1.71042	0	0
986	1.69647	0	0
985	1.68252	0	0
984	1.66863	0	0
983	1.6548	0	0
982	1.64103	0	0
981	1.62731	0	0
980	1.6136	0	0
979	1.59991	0	0
978	1.58627	0	0
977	1.53598	0	0
976	1.52251	0	0
975	1.50916	0	0
974	1.49598	0	0
973	1.483	0	0
972	1.47017	0	0
971	1.45738	0	0
970	1.44453	0	0
969	1.43151	0	0
968	1.41828	0	0
967	1.4049	0	0
966	1.39142	0	0
965	1.37792	0	0
964	1.36446	0	0
963	1.35111	0	0
962	1.30217	0	0
961	1.28928	0	0
960	1.27644	0	0
959	1.26364	0	0
958	1.25091	0	0
957	1.23826	0	0
956	1.22568	0	0
955	1.21319	0	0
954	1.20077	0	0
953	1.18842	0	0
952	1.17613	0	0
951	1.12991	0	0
950	1.11775	0	0
949	1.10564	0	0
948	1.09359	0	0
947	1.08159	0	0
946	1.06963	0	0
945	1.05772	0	0
944	1.04586	0	0
943	1.0341	0	0
942	0.990332	0	0
941	0.979118	0	0
940	0.967982	0	0
939	0.956916	0	0
938	0.945924	0	0
937	0.935027	0	0
936	0.924249	0	0
935	-nan	0	0
934	-nan	0	0
933	-nan	0	0
932	-nan	0	0
931	-nan	0	0
930	-nan	0	0
929	-nan	0	0
928	43410.9	0	0
927	42633.8	0	0
926	41850.2	0	0
925	41060.3	0	0
924	40264	0	0
923	39461.1	0	0
922	38651.8	0	0
921	37835.8	0	0
920	37013.2	0	0
919	36184	0	0
918	35348	0	0
917	34505.3	0	0
916	33655.7	0	0
915	32799.3	0	0
914	31936	0	0
913	31065.7	0	0
912	30188.3	0	0
911	29303.9	0	0
910	28412.4	0	0
909	27513.8	0	0
908	26607.9	0	0
907	25694.7	0	0
906	24774.2	0	0
905	23846.3	0	0
904	22911	0	0
903	21968.2	0	0
902	21017.9	0	0
901	20060	0	0
900	19094.4	0	0
899	18121.1	0	0
898	17140.1	0	0
897	16151.2	0	0
896	15154.4	0	0
895	14149.8	0	0
894	13137.1	0	0
893	12116.4	0	0
892	11087.6	0	0
891	10050.6	0	0
890	9005.42	0	0
889	7951.93	0	0
888	6890.1	0	0
887	5819.86	0	0
886	4741.16	0	0
885	3653.92	0	0
884	2558.1	0	0
883	1453.61	0	0
882	340.415	0	0
881	262546	0	0
880	262447	0	0
879	262344	0	0
878	262237	0	0
877	262126	0	0
876	262012	0	0
875	261893	0	0
874	261770	0	0
873	261643	0	0
872	261512	0	0
871	261377	0	0
870	261237	0	0
869	261093	0	0
868	260945	0	0
867	260793	0	0
866	260636	0	0
865	260475	0	0
864	260309	0	0
863	260139	0	0
862	259965	0	0
861	259786	0	0
860	259602	0	0
859	259413	0	0
858	259220	0	0
857	259022	0	0
856	258819	0	0
855	258612	0	0
854	258399	0	0
853	258182	0	0
852	257960	0	0
851	257733	0	0
850	257500	0	0
849	257263	0	0
848	257020	0	0
847	256772	0	0
846	256519	0	0
845	256261	0	0
844	255997	0	0
843	255728	0	0
842	255454	0	0
841	255174	0	0
840	254889	0	0
839	254598	0	0
838	254301	0	0
837	253999	0	0
836	253691	0	0
835	253377	0	0
834	253057	0	0
833	252731	0	0
832	252400	0	0
831	252062	0	0
830	251719	0	0
829	251369	0	0
828	251013	0	0
827	250651	0	0
826	250283	0	0
825	249908	0	0
824	249527	0	0
823	249140	0	0
822	248746	0	0
821	248345	0	0
820	247938	0	0
819	247524	0	0
818	247104	0	0
817	246676	0	0
816	246242	0	0
815	245801	0	0
