5379	-nan	0	0
5378	-nan	0	0
5377	-nan	0	0
5376	-nan	0	0
5375	-nan	0	0
5374	-nan	0	0
5373	-nan	0	0
5372	-nan	0	0
5371	-nan	0	0
5370	-nan	0	0
5369	-nan	0	0
5368	-nan	0	0
5367	-nan	0	0
5366	-nan	0	0
5365	-nan	0	0
5364	-nan	0	0
5363	-nan	0	0
5362	-nan	0	0
5361	-nan	0	0
5360	-nan	0	0
5359	-nan	0	0
5358	-nan	0	0
5357	-nan	0	0
5356	-nan	0	0
5355	-nan	0	0
5354	-nan	0	0
5353	-nan	0	0
5352	-nan	0	0
5351	-nan	0	0
5350	-nan	0	0
5349	-nan	0	0
5348	-nan	0	0
5347	-nan	0	0
5346	-nan	0	0
5345	-nan	0	0
5344	-nan	0	0
5343	-nan	0	0
5342	-nan	0	0
5341	-nan	0	0
5340	-nan	0	0
5339	-nan	0	0
5338	-nan	0	0
5337	-nan	0	0
5336	-nan	0	0
5335	-nan	0	0
5334	-nan	0	0
5333	-nan	0	0
5332	-nan	0	0
5331	-nan	0	0
5330	-nan	0	0
5329	-nan	0	0
5328	-nan	0	0
5327	-nan	0	0
5326	-nan	0	0
5325	-nan	0	0
5324	-nan	0	0
5323	-nan	0	0
5322	-nan	0	0
5321	-nan	0	0
5320	-nan	0	0
5319	-nan	0	0
5318	-nan	0	0
5317	-nan	0	0
5316	-nan	0	0
5315	-nan	0	0
5314	-nan	0	0
5313	-nan	0	0
5312	-nan	0	0
5311	-nan	0	0
5310	-nan	0	0
5309	-nan	0	0
5308	-nan	0	0
5307	-nan	0	0
5306	-nan	0	0
5305	-nan	0	0
5304	-nan	0	0
5303	-nan	0	0
5302	-nan	0	0
5301	-nan	0	0
5300	-nan	0	0
5299	-nan	0	0
5298	-nan	0	0
5297	-nan	0	0
5296	-nan	0	0
5295	-nan	0	0
5294	-nan	0	0
5293	-nan	0	0
5292	-nan	0	0
5291	-nan	0	0
5290	-nan	0	0
5289	-nan	0	0
5288	-nan	0	0
5287	-nan	0	0
5286	-nan	0	0
5285	-nan	0	0
5284	-nan	0	0
5283	-nan	0	0
5282	-nan	0	0
5281	-nan	0	0
5280	-nan	0	0
5279	-nan	0	0
5278	-nan	0	0
5277	-nan	0	0
5276	-nan	0	0
5275	-nan	0	0
5274	-nan	0	0
5273	-nan	0	0
5272	-nan	0	0
5271	-nan	0	0
5270	-nan	0	0
5269	-nan	0	0
5268	-nan	0	0
5267	-nan	0	0
5266	-nan	0	0
5265	-nan	0	0
5264	-nan	0	0
5263	-nan	0	0
5262	-nan	0	0
5261	-nan	0	0
5260	-nan	0	0
5259	-nan	0	0
5258	-nan	0	0
5257	-nan	0	0
5256	-nan	0	0
5255	-nan	0	0
5254	-nan	0	0
5253	-nan	0	0
5252	-nan	0	0
5251	-nan	0	0
5250	-nan	0	0
5249	-nan	0	0
5248	-nan	0	0
5247	-nan	0	0
5246	-nan	0	0
5245	-nan	0	0
5244	-nan	0	0
5243	-nan	0	0
5242	-nan	0	0
5241	-nan	0	0
5240	-nan	0	0
5239	-nan	0	0
5238	-nan	0	0
5237	-nan	0	0
5236	-nan	0	0
5235	-nan	0	0
5234	-nan	0	0
5233	-nan	0	0
5232	-nan	0	0
5231	-nan	0	0
5230	-nan	0	0
5229	-nan	0	0
5228	-nan	0	0
5227	-nan	0	0
5226	-nan	0	0
5225	-nan	0	0
5224	-nan	0	0
5223	-nan	0	0
5222	-nan	0	0
5221	-nan	0	0
5220	-nan	0	0
5219	-nan	0	0
5218	-nan	0	0
5217	-nan	0	0
5216	-nan	0	0
5215	-nan	0	0
5214	-nan	0	0
5213	-nan	0	0
5212	-nan	0	0
5211	-nan	0	0
5210	-nan	0	0
5209	-nan	0	0
5208	-nan	0	0
5207	-nan	0	0
5206	-nan	0	0
5205	-nan	0	0
5204	-nan	0	0
5203	-nan	0	0
5202	-nan	0	0
5201	-nan	0	0
5200	-nan	0	0
5199	-nan	0	0
5198	-nan	0	0
5197	-nan	0	0
5196	-nan	0	0
5195	-nan	0	0
5194	-nan	0	0
5193	-nan	0	0
5192	-nan	0	0
5191	-nan	0	0
5190	-0.242091	0	0
5189	-0.244346	0	0
5188	-0.246612	0	0
5187	-0.248889	0	0
5186	-0.251177	0	0
5185	-0.253477	0	0
5184	-0.255788	0	0
5183	-0.258111	0	0
5182	-0.260446	0	0
5181	-0.262791	0	0
5180	-0.265149	0	0
5179	-0.267517	0	0
5178	-0.269898	0	0
5177	-0.240102	0	0
5176	-0.242211	0	0
5175	-0.24433	0	0
5174	-0.246459	0	0
5173	-0.248598	0	0
5172	-0.250748	0	0
5171	-0.252907	0	0
5170	-0.255077	0	0
5169	-0.257257	0	0
5168	-0.259447	0	0
5167	-0.261647	0	0
5166	-0.263858	0	0
5165	-0.266079	0	0
5164	-0.26831	0	0
5163	-0.270552	0	0
5162	-0.272803	0	0
5161	-0.275065	0	0
5160	-0.277338	0	0
5159	-0.248677	0	0
5158	-0.250706	0	0
5157	-0.252743	0	0
5156	-0.25479	0	0
5155	-0.256846	0	0
5154	-0.258911	0	0
5153	-0.260985	0	0
5152	-0.263068	0	0
5151	-0.265161	0	0
5150	-0.267263	0	0
5149	-0.269374	0	0
5148	-0.271494	0	0
5147	-0.273624	0	0
5146	-0.275763	0	0
5145	-0.277911	0	0
5144	-0.280068	0	0
5143	-0.282235	0	0
5142	-0.284411	0	0
5141	-0.256713	0	0
5140	-0.258675	0	0
5139	-0.260646	0	0
5138	-0.262625	0	0
5137	-0.264612	0	0
5136	-0.266607	0	0
5135	-0.268611	0	0
5134	-0.270624	0	0
5133	-0.272645	0	0
5132	-0.274674	0	0
5131	-0.276712	0	0
5130	-0.278758	0	0
5129	-0.280813	0	0
5128	-0.282876	0	0
5127	-0.284948	0	0
5126	-0.287029	0	0
5125	-0.289117	0	0
5124	-0.262295	0	0
5123	-0.264195	0	0
5122	-0.266103	0	0
5121	-0.268018	0	0
5120	-0.269942	0	0
5119	-0.271873	0	0
5118	-0.273811	0	0
5117	-0.275758	0	0
5116	-0.277713	0	0
5115	-0.279675	0	0
5114	-0.281645	0	0
5113	-0.283623	0	0
5112	-0.285609	0	0
5111	-0.287603	0	0
5110	-0.289605	0	0
5109	-0.291614	0	0
5108	-0.293632	0	0
5107	-0.267452	0	0
5106	-0.269298	0	0
5105	-0.271151	0	0
5104	-0.273011	0	0
5103	-0.274879	0	0
5102	-0.276754	0	0
5101	-0.278636	0	0
5100	-0.280526	0	0
5099	-0.282422	0	0
5098	-0.284327	0	0
5097	-0.286238	0	0
5096	-0.288157	0	0
5095	-0.290083	0	0
5094	-0.292017	0	0
5093	-0.293958	0	0
5092	-0.295906	0	0
5091	-0.297862	0	0
5090	-0.299825	0	0
5089	-0.274023	0	0
5088	-0.275826	0	0
5087	-0.277636	0	0
5086	-0.279453	0	0
5085	-0.281276	0	0
5084	-0.283107	0	0
5083	-0.284944	0	0
5082	-0.286788	0	0
5081	-0.28864	0	0
5080	-0.290498	0	0
5079	-0.292362	0	0
5078	-0.294234	0	0
5077	-0.296113	0	0
5076	-0.297999	0	0
5075	-0.299892	0	0
5074	-0.301791	0	0
5073	-0.303698	0	0
5072	-0.278407	0	0
5071	-0.280164	0	0
5070	-0.281928	0	0
5069	-0.283698	0	0
5068	-0.285475	0	0
5067	-0.287258	0	0
5066	-0.289047	0	0
5065	-0.290843	0	0
5064	-0.292646	0	0
5063	-0.294455	0	0
5062	-0.296271	0	0
5061	-0.298093	0	0
5060	-0.299921	0	0
5059	-0.301757	0	0
5058	-0.303599	0	0
5057	-0.305447	0	0
5056	-0.307302	0	0
5055	-0.282494	0	0
5054	-0.284209	0	0
5053	-0.285929	0	0
5052	-0.287656	0	0
5051	-0.289388	0	0
5050	-0.291127	0	0
5049	-0.292872	0	0
5048	-0.294623	0	0
5047	-0.29638	0	0
5046	-0.298143	0	0
5045	-0.299913	0	0
5044	-0.301689	0	0
5043	-0.30347	0	0
5042	-0.305258	0	0
5041	-0.307053	0	0
5040	-0.308853	0	0
5039	-0.31066	0	0
5038	-0.286306	0	0
5037	-0.287981	0	0
5036	-0.289661	0	0
5035	-0.291348	0	0
5034	-0.293041	0	0
5033	-0.294739	0	0
5032	-0.296443	0	0
5031	-0.298153	0	0
5030	-0.299869	0	0
5029	-0.30159	0	0
5028	-0.303318	0	0
5027	-0.305051	0	0
5026	-0.30679	0	0
5025	-0.308536	0	0
5024	-0.310287	0	0
5023	-0.312043	0	0
5022	-0.288258	0	0
5021	-0.289889	0	0
5020	-0.291527	0	0
5019	-0.293169	0	0
5018	-0.294817	0	0
5017	-0.296471	0	0
5016	-0.29813	0	0
5015	-0.299795	0	0
5014	-0.301465	0	0
5013	-0.303141	0	0
5012	-0.304822	0	0
5011	-0.306509	0	0
5010	-0.308202	0	0
5009	-0.3099	0	0
5008	-0.311603	0	0
5007	-0.313313	0	0
5006	-0.315027	0	0
5005	-0.291652	0	0
5004	-0.293249	0	0
5003	-0.294852	0	0
5002	-0.296461	0	0
5001	-0.298074	0	0
5000	-0.3325	0	0
4999	-0.334313	0	0
4998	-0.336132	0	0
4997	-0.337957	0	0
4996	-0.339787	0	0
4995	-0.341624	0	0
4994	-0.343467	0	0
4993	-0.345315	0	0
4992	-0.34717	0	0
4991	-0.34903	0	0
4990	-0.350897	0	0
4989	-0.325137	0	0
4988	-0.326881	0	0
4987	-0.32863	0	0
4986	-0.330385	0	0
4985	-0.332145	0	0
4984	-0.333912	0	0
4983	-0.335684	0	0
4982	-0.337461	0	0
4981	-0.339244	0	0
4980	-0.341033	0	0
4979	-0.342828	0	0
4978	-0.344628	0	0
4977	-0.346434	0	0
4976	-0.348246	0	0
4975	-0.350064	0	0
4974	-0.351887	0	0
4973	-0.353716	0	0
4972	-0.328297	0	0
4971	-0.330008	0	0
4970	-0.331725	0	0
4969	-0.333446	0	0
4968	-0.335174	0	0
4967	-0.336906	0	0
4966	-0.338644	0	0
4965	-0.340388	0	0
4964	-0.342137	0	0
4963	-0.343891	0	0
4962	-0.345651	0	0
4961	-0.347417	0	0
4960	-0.349188	0	0
4959	-0.350964	0	0
4958	-0.352746	0	0
4957	-0.354533	0	0
4956	-0.329565	0	0
4955	-0.33124	0	0
4954	-0.332921	0	0
4953	-0.334606	0	0
4952	-0.336297	0	0
4951	-0.337994	0	0
4950	-0.339695	0	0
4949	-0.341402	0	0
4948	-0.343114	0	0
4947	-0.344831	0	0
4946	-0.346553	0	0
4945	-0.348281	0	0
4944	-0.350014	0	0
4943	-0.351752	0	0
4942	-0.353496	0	0
4941	-0.355245	0	0
4940	-0.330684	0	0
4939	-0.332326	0	0
4938	-0.333974	0	0
4937	-0.335626	0	0
4936	-0.337284	0	0
4935	-0.338946	0	0
4934	-0.340614	0	0
4933	-0.342286	0	0
4932	-0.343964	0	0
4931	-0.345647	0	0
4930	-0.347335	0	0
4929	-0.349027	0	0
4928	-0.350725	0	0
4927	-0.352428	0	0
4926	-0.354137	0	0
4925	-0.35585	0	0
4924	-0.357568	0	0
4923	-0.333297	0	0
4922	-0.334912	0	0
4921	-0.336532	0	0
4920	-0.338156	0	0
4919	-0.339786	0	0
4918	-0.34142	0	0
4917	-0.343059	0	0
4916	-0.344703	0	0
4915	-0.346352	0	0
4914	-0.348005	0	0
4913	-0.349664	0	0
4912	-0.351327	0	0
4911	-0.352996	0	0
4910	-0.354669	0	0
4909	-0.356347	0	0
4908	-0.35803	0	0
4907	-0.334157	0	0
4906	-0.335742	0	0
4905	-0.337331	0	0
4904	-0.338924	0	0
4903	-0.340523	0	0
4902	-0.342126	0	0
4901	-0.343734	0	0
4900	-0.345346	0	0
4899	-0.346964	0	0
4898	-0.348586	0	0
4897	-0.350212	0	0
4896	-0.351844	0	0
4895	-0.35348	0	0
4894	-0.355121	0	0
4893	-0.356766	0	0
4892	-0.333353	0	0
4891	-0.334905	0	0
4890	-0.336461	0	0
4889	-0.338022	0	0
4888	-0.339587	0	0
4887	-0.341157	0	0
4886	-0.342731	0	0
4885	-0.34431	0	0
4884	-0.345893	0	0
4883	-0.347481	0	0
4882	-0.349074	0	0
4881	-0.350671	0	0
4880	-0.352273	0	0
4879	-0.353879	0	0
4878	-0.35549	0	0
4877	-0.357105	0	0
4876	-0.334038	0	0
4875	-0.335562	0	0
4874	-0.33709	0	0
4873	-0.338623	0	0
4872	-0.34016	0	0
4871	-0.341702	0	0
4870	-0.343248	0	0
4869	-0.344799	0	0
4868	-0.346353	0	0
4867	-0.347912	0	0
4866	-0.349476	0	0
4865	-0.351044	0	0
4864	-0.352616	0	0
4863	-0.354193	0	0
4862	-0.355774	0	0
4861	-0.35736	0	0
4860	-0.334642	0	0
4859	-0.336139	0	0
4858	-0.337641	0	0
4857	-0.339148	0	0
4856	-0.340658	0	0
4855	-0.342173	0	0
4854	-0.343691	0	0
4853	-0.345214	0	0
4852	-0.346742	0	0
4851	-0.348273	0	0
4850	-0.349809	0	0
4849	-0.351349	0	0
4848	-0.352894	0	0
4847	-0.354442	0	0
4846	-0.355995	0	0
4845	-0.357553	0	0
4844	-0.33516	0	0
4843	-0.336634	0	0
4842	-0.338111	0	0
4841	-0.339592	0	0
4840	-0.341078	0	0
4839	-0.342568	0	0
4838	-0.344061	0	0
4837	-0.345559	0	0
4836	-0.347061	0	0
4835	-0.348568	0	0
4834	-0.350078	0	0
4833	-0.351592	0	0
4832	-0.353111	0	0
4831	-0.354633	0	0
4830	-0.35616	0	0
4829	-0.334159	0	0
4828	-0.335605	0	0
4827	-0.337054	0	0
4826	-0.338508	0	0
4825	-0.339966	0	0
4824	-0.341427	0	0
4823	-0.342893	0	0
4822	-0.344362	0	0
4821	-0.345836	0	0
4820	-0.347313	0	0
4819	-0.348795	0	0
4818	-0.35028	0	0
4817	-0.35177	0	0
4816	-0.353263	0	0
4815	-0.354761	0	0
4814	-0.333152	0	0
4813	-0.334571	0	0
4812	-0.335993	0	0
4811	-0.337419	0	0
4810	-0.349967	0	0
4809	-0.351489	0	0
4808	-0.353015	0	0
4807	-0.354545	0	0
4806	-0.35608	0	0
4805	-0.357618	0	0
4804	-0.359161	0	0
4803	-0.360708	0	0
4802	-0.36226	0	0
4801	-0.363815	0	0
4800	-0.365375	0	0
4799	-0.366939	0	0
4798	-0.343657	0	0
4797	-0.34514	0	0
4796	-0.346627	0	0
4795	-0.348117	0	0
4794	-0.349612	0	0
4793	-0.351111	0	0
4792	-0.352614	0	0
4791	-0.35412	0	0
4790	-0.355631	0	0
4789	-0.357146	0	0
4788	-0.358666	0	0
4787	-0.360189	0	0
4786	-0.361716	0	0
4785	-0.363248	0	0
4784	-0.364783	0	0
4783	-0.341858	0	0
4782	-0.343314	0	0
4781	-0.344774	0	0
4780	-0.346238	0	0
4779	-0.347706	0	0
4778	-0.349178	0	0
4777	-0.350654	0	0
4776	-0.352134	0	0
4775	-0.353617	0	0
4774	-0.355105	0	0
4773	-0.356597	0	0
4772	-0.358093	0	0
4771	-0.359592	0	0
4770	-0.361096	0	0
4769	-0.362604	0	0
4768	-0.340024	0	0
4767	-0.341455	0	0
4766	-0.34289	0	0
4765	-0.344329	0	0
4764	-0.345772	0	0
4763	-0.347219	0	0
4762	-0.348669	0	0
4761	-0.350123	0	0
4760	-0.351581	0	0
4759	-0.353043	0	0
4758	-0.354509	0	0
4757	-0.355979	0	0
4756	-0.357453	0	0
4755	-0.35893	0	0
4754	-0.360412	0	0
4753	-0.33815	0	0
4752	-0.339558	0	0
4751	-0.34097	0	0
4750	-0.342385	0	0
4749	-0.343804	0	0
4748	-0.345227	0	0
4747	-0.346653	0	0
4746	-0.348084	0	0
4745	-0.349518	0	0
4744	-0.350955	0	0
4743	-0.352397	0	0
4742	-0.353842	0	0
4741	-0.355291	0	0
4740	-0.356744	0	0
4739	-0.358201	0	0
4738	-0.336245	0	0
4737	-0.33763	0	0
4736	-0.339018	0	0
4735	-0.34041	0	0
4734	-0.341806	0	0
4733	-0.343206	0	0
4732	-0.344609	0	0
4731	-0.346016	0	0
4730	-0.347426	0	0
4729	-0.34884	0	0
4728	-0.350258	0	0
4727	-0.351679	0	0
4726	-0.353104	0	0
4725	-0.354533	0	0
4724	-0.355966	0	0
4723	-0.33432	0	0
4722	-0.335682	0	0
4721	-0.337048	0	0
4720	-0.338417	0	0
4719	-0.33979	0	0
4718	-0.341166	0	0
4717	-0.342546	0	0
4716	-0.343929	0	0
4715	-0.345316	0	0
4714	-0.346707	0	0
4713	-0.348101	0	0
4712	-0.349498	0	0
4711	-0.3509	0	0
4710	-0.352305	0	0
4709	-0.331038	0	0
4708	-0.332375	0	0
4707	-0.333715	0	0
4706	-0.335059	0	0
4705	-0.336406	0	0
4704	-0.337757	0	0
4703	-0.339111	0	0
4702	-0.340468	0	0
4701	-0.341829	0	0
4700	-0.343194	0	0
4699	-0.344562	0	0
4698	-0.345934	0	0
4697	-0.347309	0	0
4696	-0.348687	0	0
4695	-0.350069	0	0
4694	-0.329088	0	0
4693	-0.330405	0	0
4692	-0.331724	0	0
4691	-0.333047	0	0
4690	-0.334374	0	0
4689	-0.335704	0	0
4688	-0.337037	0	0
4687	-0.338374	0	0
4686	-0.339714	0	0
4685	-0.341057	0	0
4684	-0.342404	0	0
4683	-0.343754	0	0
4682	-0.345108	0	0
4681	-0.346465	0	0
4680	-0.347825	0	0
4679	-0.327119	0	0
4678	-0.328415	0	0
4677	-0.329715	0	0
4676	-0.331018	0	0
4675	-0.332324	0	0
4674	-0.333633	0	0
4673	-0.334946	0	0
4672	-0.336262	0	0
4671	-0.337581	0	0
4670	-0.338904	0	0
4669	-0.34023	0	0
4668	-0.341559	0	0
4667	-0.342891	0	0
4666	-0.344227	0	0
4665	-0.323862	0	0
4664	-0.325135	0	0
4663	-0.326411	0	0
4662	-0.327691	0	0
4661	-0.328974	0	0
4660	-0.33026	0	0
4659	-0.331549	0	0
4658	-0.332842	0	0
4657	-0.334138	0	0
4656	-0.335437	0	0
4655	-0.336739	0	0
4654	-0.338045	0	0
4653	-0.339353	0	0
4652	-0.340665	0	0
4651	-0.320636	0	0
4650	-0.321887	0	0
4649	-0.323141	0	0
4648	-0.324398	0	0
4647	-0.325658	0	0
4646	-0.326922	0	0
4645	-0.328188	0	0
4644	-0.329458	0	0
4643	-0.330731	0	0
4642	-0.332007	0	0
4641	-0.333286	0	0
4640	-0.334568	0	0
4639	-0.335853	0	0
4638	-0.337142	0	0
4637	-0.338434	0	0
4636	-0.318659	0	0
4635	-0.319892	0	0
4634	-0.321128	0	0
4633	-0.322367	0	0
4632	-0.32361	0	0
4631	-0.324855	0	0
4630	-0.326103	0	0
4629	-0.327355	0	0
4628	-0.328609	0	0
4627	-0.329867	0	0
4626	-0.331128	0	0
4625	-0.332392	0	0
4624	-0.333659	0	0
4623	-0.334929	0	0
4622	-0.315459	0	0
4621	-0.316671	0	0
4620	-0.317602	0	0
4619	-0.318869	0	0
4618	-0.32014	0	0
4617	-0.321414	0	0
4616	-0.322691	0	0
4615	-0.323972	0	0
4614	-0.325255	0	0
4613	-0.326542	0	0
4612	-0.327832	0	0
4611	-0.329125	0	0
4610	-0.330421	0	0
4609	-0.331721	0	0
4608	-0.311103	0	0
4607	-0.312343	0	0
4606	-0.313586	0	0
4605	-0.314832	0	0
4604	-0.316082	0	0
4603	-0.317335	0	0
4602	-0.31859	0	0
4601	-0.319849	0	0
4600	-0.321111	0	0
4599	-0.322377	0	0
4598	-0.323645	0	0
4597	-0.324916	0	0
4596	-0.326191	0	0
4595	-0.327469	0	0
4594	-0.30714	0	0
4593	-0.30836	0	0
4592	-0.309582	0	0
4591	-0.310807	0	0
4590	-0.312036	0	0
4589	-0.313267	0	0
4588	-0.314502	0	0
4587	-0.31574	0	0
4586	-0.316981	0	0
4585	-0.318224	0	0
4584	-0.319471	0	0
4583	-0.320721	0	0
4582	-0.321974	0	0
4581	-0.32323	0	0
4580	-0.303195	0	0
4579	-0.304393	0	0
4578	-0.305595	0	0
4577	-0.3068	0	0
4576	-0.308007	0	0
4575	-0.309218	0	0
4574	-0.310432	0	0
4573	-0.311648	0	0
4572	-0.312868	0	0
4571	-0.31409	0	0
4570	-0.315316	0	0
4569	-0.316545	0	0
4568	-0.317777	0	0
4567	-0.319011	0	0
4566	-0.299258	0	0
4565	-0.300437	0	0
4564	-0.301619	0	0
4563	-0.302804	0	0
4562	-0.303992	0	0
4561	-0.305183	0	0
4560	-0.306377	0	0
4559	-0.307573	0	0
4558	-0.308773	0	0
4557	-0.309976	0	0
4556	-0.311181	0	0
4555	-0.31239	0	0
4554	-0.313601	0	0
4553	-0.314816	0	0
4552	-0.295334	0	0
4551	-0.296494	0	0
4550	-0.297657	0	0
4549	-0.298822	0	0
4548	-0.299991	0	0
4547	-0.301162	0	0
4546	-0.302336	0	0
4545	-0.303513	0	0
4544	-0.304693	0	0
4543	-0.305875	0	0
4542	-0.307061	0	0
4541	-0.308249	0	0
4540	-0.309441	0	0
4539	-0.290284	0	0
4538	-0.291422	0	0
4537	-0.292563	0	0
4536	-0.293707	0	0
4535	-0.294853	0	0
4534	-0.296003	0	0
4533	-0.297155	0	0
4532	-0.29831	0	0
4531	-0.299468	0	0
4530	-0.300628	0	0
4529	-0.301792	0	0
4528	-0.302958	0	0
4527	-0.304127	0	0
4526	-0.305299	0	0
4525	-0.286404	0	0
4524	-0.287523	0	0
4523	-0.288646	0	0
4522	-0.289771	0	0
4521	-0.290899	0	0
4520	-0.29203	0	0
4519	-0.293163	0	0
4518	-0.294299	0	0
4517	-0.295438	0	0
4516	-0.29658	0	0
4515	-0.297724	0	0
4514	-0.298871	0	0
4513	-0.300021	0	0
4512	-0.281436	0	0
4511	-0.282535	0	0
4510	-0.283637	0	0
4509	-0.284741	0	0
4508	-0.285848	0	0
4507	-0.286958	0	0
4506	-0.288071	0	0
4505	-0.289186	0	0
4504	-0.290304	0	0
4503	-0.291424	0	0
4502	-0.292548	0	0
4501	-0.293673	0	0
4500	-0.294802	0	0
4499	-0.295933	0	0
4498	-0.277601	0	0
4497	-0.278683	0	0
4496	-0.279766	0	0
4495	-0.280853	0	0
4494	-0.281942	0	0
4493	-0.283034	0	0
4492	-0.284128	0	0
4491	-0.285225	0	0
4490	-0.286325	0	0
4489	-0.287427	0	0
4488	-0.288532	0	0
4487	-0.289639	0	0
4486	-0.290749	0	0
4485	-0.272717	0	0
4484	-0.273778	0	0
4483	-0.274842	0	0
4482	-0.275909	0	0
4481	-0.276978	0	0
4480	-0.27805	0	0
4479	-0.279124	0	0
4478	-0.280201	0	0
4477	-0.28128	0	0
4476	-0.282363	0	0
4475	-0.283447	0	0
4474	-0.284534	0	0
4473	-0.285624	0	0
4472	-0.286716	0	0
4471	-0.268921	0	0
4470	-0.269965	0	0
4469	-0.271013	0	0
4468	-0.272063	0	0
4467	-0.273115	0	0
4466	-0.27417	0	0
4465	-0.275227	0	0
4464	-0.276287	0	0
4463	-0.277349	0	0
4462	-0.278414	0	0
4461	-0.279482	0	0
4460	-0.280552	0	0
4459	-0.281624	0	0
4458	-0.264111	0	0
4457	-0.265137	0	0
4456	-0.266165	0	0
4455	-0.267196	0	0
4454	-0.268229	0	0
4453	-0.269264	0	0
4452	-0.270302	0	0
4451	-0.271343	0	0
4450	-0.272386	0	0
4449	-0.273431	0	0
4448	-0.274479	0	0
4447	-0.27553	0	0
4446	-0.276583	0	0
4445	-0.259349	0	0
4444	-0.260356	0	0
4443	-0.261365	0	0
4442	-0.262377	0	0
4441	-0.263391	0	0
4440	-0.264408	0	0
4439	-0.265427	0	0
4438	-0.266449	0	0
4437	-0.267473	0	0
4436	-0.268499	0	0
4435	-0.269528	0	0
4434	-0.270559	0	0
4433	-0.271593	0	0
4432	-0.254634	0	0
4431	-0.255622	0	0
4430	-0.252044	0	0
4429	-0.253072	0	0
4428	-0.254103	0	0
4427	-0.255137	0	0
4426	-0.256173	0	0
4425	-0.257211	0	0
4424	-0.258252	0	0
4423	-0.259296	0	0
4422	-0.260342	0	0
4421	-0.26139	0	0
4420	-0.262442	0	0
4419	-0.244615	0	0
4418	-0.24562	0	0
4417	-0.246627	0	0
4416	-0.247637	0	0
4415	-0.24865	0	0
4414	-0.249665	0	0
4413	-0.250682	0	0
4412	-0.251702	0	0
4411	-0.252724	0	0
4410	-0.253749	0	0
4409	-0.254776	0	0
4408	-0.255805	0	0
4407	-0.256837	0	0
4406	-0.239268	0	0
4405	-0.240255	0	0
4404	-0.241244	0	0
4403	-0.242236	0	0
4402	-0.24323	0	0
4401	-0.244226	0	0
4400	-0.245225	0	0
4399	-0.246226	0	0
4398	-0.247229	0	0
4397	-0.248235	0	0
4396	-0.249244	0	0
4395	-0.250254	0	0
4394	-0.251268	0	0
4393	-0.233955	0	0
4392	-0.234924	0	0
4391	-0.235895	0	0
4390	-0.236868	0	0
4389	-0.237844	0	0
4388	-0.238822	0	0
4387	-0.239802	0	0
4386	-0.240785	0	0
4385	-0.24177	0	0
4384	-0.242757	0	0
4383	-0.243747	0	0
4382	-0.244739	0	0
4381	-0.227721	0	0
4380	-0.22867	0	0
4379	-0.229621	0	0
4378	-0.230574	0	0
4377	-0.23153	0	0
4376	-0.232488	0	0
4375	-0.233449	0	0
4374	-0.234411	0	0
4373	-0.235376	0	0
4372	-0.236344	0	0
4371	-0.237313	0	0
4370	-0.238285	0	0
4369	-0.23926	0	0
4368	-0.222484	0	0
4367	-0.223415	0	0
4366	-0.224349	0	0
4365	-0.225285	0	0
4364	-0.226223	0	0
4363	-0.227163	0	0
4362	-0.228106	0	0
4361	-0.229051	0	0
4360	-0.229998	0	0
4359	-0.230947	0	0
4358	-0.231899	0	0
4357	-0.232853	0	0
4356	-0.233809	0	0
4355	-0.217276	0	0
4354	-0.21819	0	0
4353	-0.219107	0	0
4352	-0.220025	0	0
4351	-0.220946	0	0
4350	-0.221869	0	0
4349	-0.222795	0	0
4348	-0.223722	0	0
4347	-0.224652	0	0
4346	-0.225584	0	0
4345	-0.226518	0	0
4344	-0.227454	0	0
4343	-0.211193	0	0
4342	-0.212088	0	0
4341	-0.212987	0	0
4340	-0.213887	0	0
4339	-0.214789	0	0
4338	-0.215694	0	0
4337	-0.2166	0	0
4336	-0.217509	0	0
4335	-0.21842	0	0
4334	-0.219334	0	0
4333	-0.220249	0	0
4332	-0.221166	0	0
4331	-0.222086	0	0
4330	-0.206048	0	0
4329	-0.206928	0	0
4328	-0.207809	0	0
4327	-0.208693	0	0
4326	-0.209578	0	0
4325	-0.210466	0	0
4324	-0.211356	0	0
4323	-0.212248	0	0
4322	-0.213142	0	0
4321	-0.214038	0	0
4320	-0.214936	0	0
4319	-0.215837	0	0
4318	-0.20007	0	0
4317	-0.200931	0	0
4316	-0.201794	0	0
4315	-0.202659	0	0
4314	-0.203526	0	0
4313	-0.204395	0	0
4312	-0.205266	0	0
4311	-0.206139	0	0
4310	-0.207014	0	0
4309	-0.207892	0	0
4308	-0.208771	0	0
4307	-0.209652	0	0
4306	-0.194146	0	0
4305	-0.194989	0	0
4304	-0.195834	0	0
4303	-0.196681	0	0
4302	-0.197531	0	0
4301	-0.198382	0	0
4300	-0.199235	0	0
4299	-0.20009	0	0
4298	-0.200947	0	0
4297	-0.201807	0	0
4296	-0.202668	0	0
4295	-0.203531	0	0
4294	-0.204397	0	0
4293	-0.189103	0	0
4292	-0.189931	0	0
4291	-0.19076	0	0
4290	-0.191591	0	0
4289	-0.192424	0	0
4288	-0.19326	0	0
4287	-0.194097	0	0
4286	-0.194936	0	0
4285	-0.195777	0	0
4284	-0.19662	0	0
4283	-0.197465	0	0
4282	-0.198313	0	0
4281	-0.183275	0	0
4280	-0.184084	0	0
4279	-0.184896	0	0
4278	-0.185709	0	0
4277	-0.186525	0	0
4276	-0.187342	0	0
4275	-0.188161	0	0
4274	-0.188982	0	0
4273	-0.189805	0	0
4272	-0.190631	0	0
4271	-0.191458	0	0
4270	-0.192286	0	0
4269	-0.177499	0	0
4268	-0.178291	0	0
4267	-0.179086	0	0
4266	-0.179882	0	0
4265	-0.18068	0	0
4264	-0.18148	0	0
4263	-0.182282	0	0
4262	-0.183085	0	0
4261	-0.183891	0	0
4260	-0.184698	0	0
4259	-0.185508	0	0
4258	-0.186319	0	0
4257	-0.171778	0	0
4256	-0.172553	0	0
4255	-0.17333	0	0
4254	-0.174109	0	0
4253	-0.174889	0	0
4252	-0.175672	0	0
4251	-0.176456	0	0
4250	-0.177242	0	0
4249	-0.17803	0	0
4248	-0.17882	0	0
4247	-0.179612	0	0
4246	-0.180406	0	0
4245	-0.166114	0	0
4244	-0.166871	0	0
4243	-0.167631	0	0
4242	-0.168392	0	0
4241	-0.169156	0	0
4240	-0.164089	0	0
4239	-0.164886	0	0
4238	-0.165684	0	0
4237	-0.166484	0	0
4236	-0.167286	0	0
4235	-0.16809	0	0
4234	-0.168896	0	0
4233	-0.153923	0	0
4232	-0.154692	0	0
4231	-0.155463	0	0
4230	-0.156236	0	0
4229	-0.157011	0	0
4228	-0.157788	0	0
4227	-0.158566	0	0
4226	-0.159347	0	0
4225	-0.160129	0	0
4224	-0.160913	0	0
4223	-0.161699	0	0
4222	-0.162487	0	0
4221	-0.147757	0	0
4220	-0.148508	0	0
4219	-0.149262	0	0
4218	-0.150017	0	0
4217	-0.150774	0	0
4216	-0.151533	0	0
4215	-0.152294	0	0
4214	-0.153057	0	0
4213	-0.153821	0	0
4212	-0.154588	0	0
4211	-0.155356	0	0
4210	-0.140887	0	0
4209	-0.141621	0	0
4208	-0.142357	0	0
4207	-0.143094	0	0
4206	-0.143834	0	0
4205	-0.144575	0	0
4204	-0.145318	0	0
4203	-0.146062	0	0
4202	-0.146809	0	0
4201	-0.147557	0	0
4200	-0.148307	0	0
4199	-0.149059	0	0
4198	-0.134808	0	0
4197	-0.135525	0	0
4196	-0.136244	0	0
4195	-0.136965	0	0
4194	-0.137687	0	0
4193	-0.138411	0	0
4192	-0.139137	0	0
4191	-0.139865	0	0
4190	-0.140594	0	0
4189	-0.141325	0	0
4188	-0.142058	0	0
4187	-0.142793	0	0
4186	-0.128774	0	0
4185	-0.129474	0	0
4184	-0.130175	0	0
4183	-0.130879	0	0
4182	-0.131584	0	0
4181	-0.132291	0	0
4180	-0.132999	0	0
4179	-0.133709	0	0
4178	-0.134421	0	0
4177	-0.135135	0	0
4176	-0.13585	0	0
4175	-0.122107	0	0
4174	-0.122788	0	0
4173	-0.123471	0	0
4172	-0.124155	0	0
4171	-0.124841	0	0
4170	-0.125528	0	0
4169	-0.126217	0	0
4168	-0.126908	0	0
4167	-0.127601	0	0
4166	-0.128295	0	0
4165	-0.128991	0	0
4164	-0.129688	0	0
4163	-0.116181	0	0
4162	-0.116845	0	0
4161	-0.117511	0	0
4160	-0.118178	0	0
4159	-0.118847	0	0
4158	-0.119518	0	0
4157	-0.12019	0	0
4156	-0.120864	0	0
4155	-0.121539	0	0
4154	-0.122216	0	0
4153	-0.122895	0	0
4152	-0.109641	0	0
4151	-0.110287	0	0
4150	-0.110935	0	0
4149	-0.111585	0	0
4148	-0.112237	0	0
4147	-0.11289	0	0
4146	-0.113544	0	0
4145	-0.1142	0	0
4144	-0.114858	0	0
4143	-0.115517	0	0
4142	-0.116178	0	0
4141	-0.11684	0	0
4140	-0.103791	0	0
4139	-0.104423	0	0
4138	-0.105055	0	0
4137	-0.10569	0	0
4136	-0.106325	0	0
4135	-0.106963	0	0
4134	-0.107602	0	0
4133	-0.108242	0	0
4132	-0.108884	0	0
4131	-0.109528	0	0
4130	-0.110173	0	0
4129	-0.0973641	0	0
4128	-0.0979776	0	0
4127	-0.0985927	0	0
4126	-0.0992092	0	0
4125	-0.0998272	0	0
4124	-0.100447	0	0
4123	-0.101068	0	0
4122	-0.10169	0	0
4121	-0.102314	0	0
4120	-0.10294	0	0
4119	-0.103567	0	0
4118	-0.0910095	0	0
4117	-0.0916051	0	0
4116	-0.0922022	0	0
4115	-0.0928007	0	0
4114	-0.0934007	0	0
4113	-0.0940022	0	0
4112	-0.0946051	0	0
4111	-0.0952095	0	0
4110	-0.0958153	0	0
4109	-0.0964227	0	0
4108	-0.0970315	0	0
4107	-0.0847194	0	0
4106	-0.0852979	0	0
4105	-0.0858779	0	0
4104	-0.0864592	0	0
4103	-0.087042	0	0
4102	-0.0876262	0	0
4101	-0.0882118	0	0
4100	-0.0887988	0	0
4099	-0.0893873	0	0
4098	-0.0899772	0	0
4097	-0.0905685	0	0
4096	-0.0911613	0	0
4095	-0.07905	0	0
4094	-0.0796133	0	0
4093	-0.080178	0	0
4092	-0.080744	0	0
4091	-0.0813115	0	0
4090	-0.0818803	0	0
4089	-0.0824505	0	0
4088	-0.0830221	0	0
4087	-0.0835951	0	0
4086	-0.0841695	0	0
4085	-0.0847453	0	0
4084	-0.0728595	0	0
4083	-0.0734063	0	0
4082	-0.0739545	0	0
4081	-0.0745039	0	0
4080	-0.0750548	0	0
4079	-0.075607	0	0
4078	-0.0761605	0	0
4077	-0.0767154	0	0
4076	-0.0772716	0	0
4075	-0.0778292	0	0
4074	-0.0783882	0	0
4073	-0.0667272	0	0
4072	-0.0672574	0	0
4071	-0.0677889	0	0
4070	-0.0683218	0	0
4069	-0.0688559	0	0
4068	-0.0693914	0	0
4067	-0.0699282	0	0
4066	-0.0704663	0	0
4065	-0.0710057	0	0
4064	-0.0715464	0	0
4063	-0.0720884	0	0
4062	-0.0606551	0	0
4061	-0.0611686	0	0
4060	-0.0616833	0	0
4059	-0.0621993	0	0
4058	-0.0627166	0	0
4057	-0.0632351	0	0
4056	-0.063755	0	0
4055	-0.064276	0	0
4054	-0.0647984	0	0
4053	-0.065322	0	0
4052	-0.0541413	0	0
4051	-0.0546374	0	0
4050	-0.0453973	0	0
4049	-0.0459173	0	0
4048	-0.0464387	0	0
4047	-0.0469614	0	0
4046	-0.0474854	0	0
4045	-0.0480107	0	0
4044	-0.0485374	0	0
4043	-0.0490654	0	0
4042	-0.0495948	0	0
4041	-0.0378608	0	0
4040	-0.0383612	0	0
4039	-0.038863	0	0
4038	-0.039366	0	0
4037	-0.0398703	0	0
4036	-0.0403759	0	0
4035	-0.0408828	0	0
4034	-0.041391	0	0
4033	-0.0419004	0	0
4032	-0.0424112	0	0
4031	-0.0429232	0	0
4030	-0.0314149	0	0
4029	-0.0318981	0	0
4028	-0.0323826	0	0
4027	-0.0328683	0	0
4026	-0.0333553	0	0
4025	-0.0338435	0	0
4024	-0.0343329	0	0
4023	-0.0348236	0	0
4022	-0.0353156	0	0
4021	-0.0358088	0	0
4020	-0.0363033	0	0
4019	-0.0250216	0	0
4018	-0.0254878	0	0
4017	-0.0259551	0	0
4016	-0.0264237	0	0
4015	-0.0268935	0	0
4014	-0.0273644	0	0
4013	-0.0278366	0	0
4012	-0.02831	0	0
4011	-0.0287846	0	0
4010	-0.0292604	0	0
4009	-0.0182228	0	0
4008	-0.0186716	0	0
4007	-0.0191216	0	0
4006	-0.0195727	0	0
4005	-0.020025	0	0
4004	-0.0204785	0	0
4003	-0.0209332	0	0
4002	-0.021389	0	0
4001	-0.021846	0	0
4000	-0.0223041	0	0
3999	-0.0227635	0	0
3998	-0.0119265	0	0
3997	-0.0123596	0	0
3996	-0.0127939	0	0
3995	-0.0132293	0	0
3994	-0.0136658	0	0
3993	-0.0141035	0	0
3992	-0.0145423	0	0
3991	-0.0149822	0	0
3990	-0.0154233	0	0
3989	-0.0158655	0	0
3988	-0.0163088	0	0
3987	-0.00567213	0	0
3986	-0.00608911	0	0
3985	-0.00650719	0	0
3984	-0.00692635	0	0
3983	-0.00734661	0	0
3982	-0.00776796	0	0
3981	-0.00819041	0	0
3980	-0.00861396	0	0
3979	-0.00903861	0	0
3978	-0.00946436	0	0
3977	0.000933652	0	0
3976	0.000534578	0	0
3975	0.000134454	0	0
3974	-0.000266721	0	0
3973	-0.000668949	0	0
3972	-0.00107223	0	0
3971	-0.00147657	0	0
3970	-0.00188197	0	0
3969	-0.00228842	0	0
3968	-0.00269594	0	0
3967	-0.00310452	0	0
3966	0.00708605	0	0
3965	0.00670279	0	0
3964	0.00631852	0	0
3963	0.00593323	0	0
3962	0.00554693	0	0
3961	0.0051596	0	0
3960	0.00477126	0	0
3959	0.0043819	0	0
3958	0.00399151	0	0
3957	0.00360009	0	0
3956	0.0135701	0	0
3955	0.0132034	0	0
3954	0.0128358	0	0
3953	0.0124671	0	0
3952	0.0120975	0	0
3951	0.011727	0	0
3950	0.0113554	0	0
3949	0.0109828	0	0
3948	0.0106093	0	0
3947	0.0102348	0	0
3946	0.0199856	0	0
3945	0.0196357	0	0
3944	0.0192848	0	0
3943	0.018933	0	0
3942	0.0185803	0	0
3941	0.0182266	0	0
3940	0.0178719	0	0
3939	0.0175164	0	0
3938	0.0171598	0	0
3937	0.0168023	0	0
3936	0.0164439	0	0
3935	0.0259988	0	0
3934	0.0256648	0	0
3933	0.0253299	0	0
3932	0.0249941	0	0
3931	0.0246574	0	0
3930	0.0243197	0	0
3929	0.0239812	0	0
3928	0.0236418	0	0
3927	0.0233014	0	0
3926	0.0229601	0	0
3925	0.0322882	0	0
3924	0.0319715	0	0
3923	0.031654	0	0
3922	0.0313356	0	0
3921	0.0310164	0	0
3920	0.0306963	0	0
3919	0.0303753	0	0
3918	0.0300534	0	0
3917	0.0297307	0	0
3916	0.0294071	0	0
3915	0.0385164	0	0
3914	0.0382158	0	0
3913	0.0379144	0	0
3912	0.0376121	0	0
3911	0.037309	0	0
3910	0.0370051	0	0
3909	0.0367003	0	0
3908	0.0363947	0	0
3907	0.0360883	0	0
3906	0.035781	0	0
3905	0.0446762	0	0
3904	0.0443925	0	0
3903	0.0441081	0	0
3902	0.0438229	0	0
3901	0.0435368	0	0
3900	0.04325	0	0
3899	0.0429624	0	0
3898	0.042674	0	0
3897	0.0423848	0	0
3896	0.0420947	0	0
3895	0.050769	0	0
3894	0.0505022	0	0
3893	0.0502346	0	0
3892	0.0499662	0	0
3891	0.0496971	0	0
3890	0.0494272	0	0
3889	0.0491565	0	0
3888	0.0488851	0	0
3887	0.048613	0	0
3886	0.0483401	0	0
3885	0.0567922	0	0
3884	0.0565424	0	0
3883	0.056292	0	0
3882	0.0560408	0	0
3881	0.055789	0	0
3880	0.0555364	0	0
3879	0.0552831	0	0
3878	0.0550291	0	0
3877	0.0547743	0	0
3876	0.0545189	0	0
3875	0.0627507	0	0
3874	0.0625176	0	0
3873	0.0622839	0	0
3872	0.0620495	0	0
3871	0.0618144	0	0
3870	0.0615786	0	0
3869	0.0613422	0	0
3868	0.0611051	0	0
3867	0.0608673	0	0
3866	0.0606288	0	0
3865	0.0686506	0	0
3864	0.0684337	0	0
3863	0.0682161	0	0
3862	0.0679979	0	0
3861	0.0677791	0	0
3860	0.0814436	0	0
3859	0.0812069	0	0
3858	0.0809694	0	0
3857	0.0807312	0	0
3856	0.0804923	0	0
3855	0.0889948	0	0
3854	0.0887788	0	0
3853	0.0885621	0	0
3852	0.0883447	0	0
3851	0.0881266	0	0
3850	0.0879079	0	0
3849	0.0876884	0	0
3848	0.0874683	0	0
3847	0.0872475	0	0
3846	0.087026	0	0
3845	0.0953128	0	0
3844	0.0951142	0	0
3843	0.094915	0	0
3842	0.0947151	0	0
3841	0.0945146	0	0
3840	0.0943134	0	0
3839	0.0941116	0	0
3838	0.0939092	0	0
3837	0.0937061	0	0
3836	0.0935023	0	0
3835	0.101575	0	0
3834	0.101393	0	0
3833	0.101211	0	0
3832	0.101028	0	0
3831	0.100845	0	0
3830	0.100661	0	0
3829	0.100476	0	0
3828	0.100291	0	0
3827	0.100105	0	0
3826	0.107948	0	0
3825	0.107784	0	0
3824	0.107619	0	0
3823	0.107454	0	0
3822	0.107288	0	0
3821	0.107122	0	0
3820	0.106955	0	0
3819	0.106787	0	0
3818	0.106619	0	0
3817	0.10645	0	0
3816	0.114087	0	0
3815	0.11394	0	0
3814	0.113792	0	0
3813	0.113644	0	0
3812	0.113495	0	0
3811	0.113346	0	0
3810	0.113196	0	0
3809	0.113045	0	0
3808	0.112894	0	0
3807	0.112743	0	0
3806	0.120172	0	0
3805	0.120042	0	0
3804	0.119912	0	0
3803	0.11978	0	0
3802	0.119649	0	0
3801	0.119517	0	0
3800	0.119384	0	0
3799	0.119251	0	0
3798	0.119117	0	0
3797	0.12633	0	0
3796	0.126216	0	0
3795	0.126101	0	0
3794	0.125987	0	0
3793	0.125872	0	0
3792	0.125756	0	0
3791	0.12564	0	0
3790	0.125523	0	0
3789	0.125406	0	0
3788	0.125289	0	0
3787	0.13232	0	0
3786	0.132221	0	0
3785	0.132123	0	0
3784	0.132023	0	0
3783	0.131924	0	0
3782	0.131824	0	0
3781	0.131723	0	0
3780	0.131623	0	0
3779	0.131521	0	0
3778	0.138343	0	0
3777	0.138262	0	0
3776	0.13818	0	0
3775	0.138098	0	0
3774	0.138016	0	0
3773	0.137934	0	0
3772	0.137851	0	0
3771	0.137767	0	0
3770	0.137684	0	0
3769	0.1376	0	0
3768	0.14422	0	0
3767	0.144156	0	0
3766	0.144092	0	0
3765	0.144027	0	0
3764	0.143962	0	0
3763	0.143896	0	0
3762	0.14383	0	0
3761	0.143764	0	0
3760	0.143698	0	0
3759	0.150097	0	0
3758	0.15005	0	0
3757	0.150003	0	0
3756	0.149956	0	0
3755	0.149908	0	0
3754	0.14986	0	0
3753	0.149812	0	0
3752	0.149764	0	0
3751	0.149715	0	0
3750	0.155892	0	0
3749	0.155862	0	0
3748	0.155833	0	0
3747	0.155803	0	0
3746	0.155773	0	0
3745	0.155743	0	0
3744	0.155712	0	0
3743	0.155682	0	0
3742	0.15565	0	0
3741	0.155619	0	0
3740	0.161603	0	0
3739	0.161589	0	0
3738	0.161576	0	0
3737	0.161563	0	0
3736	0.161549	0	0
3735	0.161535	0	0
3734	0.161521	0	0
3733	0.161506	0	0
3732	0.161491	0	0
3731	0.167277	0	0
3730	0.16728	0	0
3729	0.167282	0	0
3728	0.167285	0	0
3727	0.167287	0	0
3726	0.167289	0	0
3725	0.167291	0	0
3724	0.167293	0	0
3723	0.167294	0	0
3722	0.172879	0	0
3721	0.172898	0	0
3720	0.172918	0	0
3719	0.172937	0	0
3718	0.172957	0	0
3717	0.172976	0	0
3716	0.172995	0	0
3715	0.173013	0	0
3714	0.173032	0	0
3713	0.178428	0	0
3712	0.178462	0	0
3711	0.178496	0	0
3710	0.178531	0	0
3709	0.178564	0	0
3708	0.178598	0	0
3707	0.178632	0	0
3706	0.178666	0	0
3705	0.178699	0	0
3704	0.18392	0	0
3703	0.18397	0	0
3702	0.18402	0	0
3701	0.184069	0	0
3700	0.184118	0	0
3699	0.184168	0	0
3698	0.184217	0	0
3697	0.184266	0	0
3696	0.184315	0	0
3695	0.189347	0	0
3694	0.189413	0	0
3693	0.189479	0	0
3692	0.189545	0	0
3691	0.189611	0	0
3690	0.189677	0	0
3689	0.189743	0	0
3688	0.189808	0	0
3687	0.189874	0	0
3686	0.194727	0	0
3685	0.194808	0	0
3684	0.194888	0	0
3683	0.194968	0	0
3682	0.195049	0	0
3681	0.195129	0	0
3680	0.195209	0	0
3679	0.195289	0	0
3678	0.19537	0	0
3677	0.200049	0	0
3676	0.200146	0	0
3675	0.200242	0	0
3674	0.200338	0	0
3673	0.200434	0	0
3672	0.20053	0	0
3671	0.218844	0	0
3670	0.218934	0	0
3669	0.219023	0	0
3668	0.224054	0	0
3667	0.22416	0	0
3666	0.224266	0	0
3665	0.224372	0	0
3664	0.224478	0	0
3663	0.224584	0	0
3662	0.22469	0	0
3661	0.224795	0	0
3660	0.224901	0	0
3659	0.229754	0	0
3658	0.229875	0	0
3657	0.229996	0	0
3656	0.230118	0	0
3655	0.230239	0	0
3654	0.23036	0	0
3653	0.230482	0	0
3652	0.230603	0	0
3651	0.230725	0	0
3650	0.235405	0	0
3649	0.235542	0	0
3648	0.235679	0	0
3647	0.235817	0	0
3646	0.235954	0	0
3645	0.236091	0	0
3644	0.236228	0	0
3643	0.236366	0	0
3642	0.236503	0	0
3641	0.240997	0	0
3640	0.241151	0	0
3639	0.241306	0	0
3638	0.24146	0	0
3637	0.241615	0	0
3636	0.24177	0	0
3635	0.241925	0	0
3634	0.24208	0	0
3633	0.242235	0	0
3632	0.246523	0	0
3631	0.246695	0	0
3630	0.246868	0	0
3629	0.247041	0	0
3628	0.247214	0	0
3627	0.247387	0	0
3626	0.24756	0	0
3625	0.247734	0	0
3624	0.2518	0	0
3623	0.251989	0	0
3622	0.252179	0	0
3621	0.25237	0	0
3620	0.25256	0	0
3619	0.25275	0	0
3618	0.252941	0	0
3617	0.253132	0	0
3616	0.253323	0	0
3615	0.2572	0	0
3614	0.257406	0	0
3613	0.257612	0	0
3612	0.257819	0	0
3611	0.258026	0	0
3610	0.258233	0	0
3609	0.25844	0	0
3608	0.258648	0	0
3607	0.258856	0	0
3606	0.262557	0	0
3605	0.262779	0	0
3604	0.263001	0	0
3603	0.263223	0	0
3602	0.263446	0	0
3601	0.263669	0	0
3600	0.263892	0	0
3599	0.264116	0	0
3598	0.267644	0	0
3597	0.26788	0	0
3596	0.268117	0	0
3595	0.268354	0	0
3594	0.268591	0	0
3593	0.268828	0	0
3592	0.269066	0	0
3591	0.269304	0	0
3590	0.269543	0	0
3589	0.272923	0	0
3588	0.273174	0	0
3587	0.273425	0	0
3586	0.273676	0	0
3585	0.273928	0	0
3584	0.27418	0	0
3583	0.274432	0	0
3582	0.274685	0	0
3581	0.277892	0	0
3580	0.278159	0	0
3579	0.278426	0	0
3578	0.278693	0	0
3577	0.278961	0	0
3576	0.279229	0	0
3575	0.279498	0	0
3574	0.279767	0	0
3573	0.280036	0	0
3572	0.283067	0	0
3571	0.28335	0	0
3570	0.283634	0	0
3569	0.283918	0	0
3568	0.284203	0	0
3567	0.284488	0	0
3566	0.284773	0	0
3565	0.285059	0	0
3564	0.287897	0	0
3563	0.288196	0	0
3562	0.288497	0	0
3561	0.288797	0	0
3560	0.289098	0	0
3559	0.2894	0	0
3558	0.289702	0	0
3557	0.290005	0	0
3556	0.290308	0	0
3555	0.292965	0	0
3554	0.293281	0	0
3553	0.293599	0	0
3552	0.293916	0	0
3551	0.294235	0	0
3550	0.294553	0	0
3549	0.294873	0	0
3548	0.295192	0	0
3547	0.29766	0	0
3546	0.297992	0	0
3545	0.298326	0	0
3544	0.29866	0	0
3543	0.298994	0	0
3542	0.299329	0	0
3541	0.299664	0	0
3540	0.3	0	0
3539	0.302291	0	0
3538	0.302639	0	0
3537	0.302987	0	0
3536	0.303336	0	0
3535	0.303686	0	0
3534	0.304036	0	0
3533	0.304386	0	0
3532	0.304738	0	0
3531	0.30509	0	0
3530	0.307213	0	0
3529	0.307578	0	0
3528	0.307943	0	0
3527	0.30831	0	0
3526	0.308676	0	0
3525	0.309044	0	0
3524	0.309411	0	0
3523	0.30978	0	0
3522	0.311725	0	0
3521	0.312104	0	0
3520	0.312485	0	0
3519	0.312866	0	0
3518	0.313248	0	0
3517	0.313631	0	0
3516	0.314014	0	0
3515	0.314397	0	0
3514	0.316185	0	0
3513	0.316579	0	0
3512	0.316973	0	0
3511	0.317369	0	0
3510	0.317764	0	0
3509	0.318161	0	0
3508	0.318558	0	0
3507	0.318956	0	0
3506	0.320579	0	0
3505	0.320989	0	0
3504	0.3214	0	0
3503	0.321811	0	0
3502	0.322223	0	0
3501	0.322636	0	0
3500	0.323049	0	0
3499	0.323464	0	0
3498	0.324909	0	0
3497	0.325334	0	0
3496	0.325761	0	0
3495	0.326188	0	0
3494	0.326616	0	0
3493	0.327044	0	0
3492	0.327474	0	0
3491	0.327904	0	0
3490	0.329187	0	0
3489	0.329627	0	0
3488	0.330068	0	0
3487	0.330509	0	0
3486	0.330951	0	0
3485	0.331395	0	0
3484	0.331838	0	0
3483	0.332283	0	0
3482	0.333418	0	0
3481	0.352826	0	0
3480	0.353277	0	0
3479	0.353729	0	0
3478	0.354182	0	0
3477	0.354635	0	0
3476	0.355089	0	0
3475	0.355544	0	0
3474	0.356965	0	0
3473	0.357431	0	0
3472	0.357897	0	0
3471	0.358365	0	0
3470	0.358833	0	0
3469	0.359302	0	0
3468	0.359772	0	0
3467	0.360242	0	0
3466	0.361502	0	0
3465	0.361983	0	0
3464	0.362465	0	0
3463	0.362948	0	0
3462	0.363432	0	0
3461	0.363917	0	0
3460	0.364402	0	0
3459	0.364889	0	0
3458	0.365986	0	0
3457	0.366483	0	0
3456	0.366981	0	0
3455	0.36748	0	0
3454	0.367979	0	0
3453	0.36848	0	0
3452	0.368981	0	0
3451	0.369484	0	0
3450	0.370417	0	0
3449	0.37093	0	0
3448	0.371444	0	0
3447	0.371959	0	0
3446	0.372474	0	0
3445	0.372991	0	0
3444	0.373508	0	0
3443	0.374027	0	0
3442	0.374802	0	0
3441	0.37533	0	0
3440	0.375859	0	0
3439	0.376389	0	0
3438	0.37692	0	0
3437	0.377452	0	0
3436	0.377985	0	0
3435	0.378519	0	0
3434	0.379132	0	0
3433	0.379677	0	0
3432	0.380222	0	0
3431	0.380769	0	0
3430	0.381317	0	0
3429	0.381865	0	0
3428	0.382415	0	0
3427	0.382965	0	0
3426	0.383416	0	0
3425	0.383976	0	0
3424	0.384537	0	0
3423	0.385099	0	0
3422	0.385662	0	0
3421	0.386226	0	0
3420	0.386791	0	0
3419	0.387074	0	0
3418	0.387649	0	0
3417	0.388225	0	0
3416	0.388802	0	0
3415	0.389381	0	0
3414	0.38996	0	0
3413	0.390541	0	0
3412	0.391122	0	0
3411	0.391239	0	0
3410	0.391831	0	0
3409	0.392423	0	0
3408	0.393017	0	0
3407	0.393612	0	0
3406	0.394208	0	0
3405	0.394806	0	0
3404	0.395404	0	0
3403	0.395358	0	0
3402	0.395966	0	0
3401	0.396574	0	0
3400	0.397184	0	0
3399	0.397795	0	0
3398	0.398407	0	0
3397	0.399021	0	0
3396	0.398798	0	0
3395	0.399422	0	0
3394	0.400047	0	0
3393	0.400673	0	0
3392	0.4013	0	0
3391	0.401929	0	0
3390	0.402559	0	0
3389	0.40319	0	0
3388	0.402796	0	0
3387	0.403436	0	0
3386	0.404078	0	0
3385	0.404721	0	0
3384	0.405365	0	0
3383	0.40601	0	0
3382	0.406657	0	0
3381	0.407305	0	0
3380	0.40676	0	0
3379	0.407415	0	0
3378	0.408071	0	0
3377	0.408729	0	0
3376	0.409388	0	0
3375	0.410048	0	0
3374	0.410709	0	0
3373	0.410026	0	0
3372	0.410694	0	0
3371	0.411363	0	0
3370	0.412033	0	0
3369	0.412705	0	0
3368	0.413379	0	0
3367	0.414053	0	0
3366	0.414729	0	0
3365	0.413931	0	0
3364	0.414611	0	0
3363	0.415292	0	0
3362	0.415975	0	0
3361	0.416659	0	0
3360	0.417344	0	0
3359	0.418031	0	0
3358	0.417119	0	0
3357	0.417812	0	0
3356	0.418505	0	0
3355	0.4192	0	0
3354	0.419897	0	0
3353	0.420595	0	0
3352	0.421294	0	0
3351	0.421995	0	0
3350	0.420957	0	0
3349	0.421664	0	0
3348	0.422372	0	0
3347	0.423082	0	0
3346	0.423793	0	0
3345	0.424506	0	0
3344	0.42522	0	0
3343	0.424039	0	0
3342	0.42476	0	0
3341	0.425483	0	0
3340	0.426207	0	0
3339	0.426932	0	0
3338	0.427659	0	0
3337	0.428388	0	0
3336	0.427032	0	0
3335	0.427771	0	0
3334	0.428511	0	0
3333	0.429253	0	0
3332	0.429996	0	0
3331	0.430741	0	0
3330	0.431488	0	0
3329	0.432236	0	0
3328	0.430713	0	0
3327	0.431468	0	0
3326	0.432224	0	0
3325	0.432982	0	0
3324	0.433741	0	0
3323	0.434502	0	0
3322	0.435264	0	0
3321	0.433575	0	0
3320	0.434347	0	0
3319	0.43512	0	0
3318	0.435894	0	0
3317	0.43667	0	0
3316	0.437448	0	0
3315	0.438228	0	0
3314	0.436362	0	0
3313	0.437149	0	0
3312	0.437938	0	0
3311	0.438729	0	0
3310	0.439521	0	0
3309	0.440315	0	0
3308	0.441111	0	0
3307	0.441908	0	0
3306	0.43989	0	0
3305	0.440693	0	0
3304	0.441498	0	0
3303	0.442305	0	0
3302	0.443113	0	0
3301	0.443923	0	0
3300	0.444734	0	0
3299	0.442573	0	0
3298	0.44339	0	0
3297	0.444209	0	0
3296	0.44503	0	0
3295	0.445852	0	0
3294	0.446676	0	0
3293	0.447502	0	0
3292	0.44523	0	0
3291	0.468367	0	0
3290	0.4692	0	0
3289	0.470035	0	0
3288	0.470871	0	0
3287	0.471709	0	0
3286	0.472549	0	0
3285	0.470496	0	0
3284	0.471342	0	0
3283	0.47219	0	0
3282	0.473039	0	0
3281	0.47389	0	0
3280	0.474743	0	0
3279	0.475598	0	0
3278	0.4734	0	0
3277	0.474261	0	0
3276	0.475123	0	0
3275	0.475988	0	0
3274	0.476854	0	0
3273	0.477722	0	0
3272	0.478591	0	0
3271	0.479463	0	0
3270	0.477131	0	0
3269	0.478007	0	0
3268	0.478886	0	0
3267	0.479766	0	0
3266	0.480647	0	0
3265	0.481531	0	0
3264	0.482416	0	0
3263	0.479964	0	0
3262	0.480852	0	0
3261	0.481743	0	0
3260	0.482635	0	0
3259	0.48353	0	0
3258	0.484426	0	0
3257	0.485324	0	0
3256	0.482756	0	0
3255	0.483658	0	0
3254	0.484562	0	0
3253	0.485467	0	0
3252	0.486375	0	0
3251	0.487284	0	0
3250	0.488195	0	0
3249	0.485501	0	0
3248	0.486417	0	0
3247	0.487335	0	0
3246	0.488255	0	0
3245	0.489177	0	0
3244	0.490101	0	0
3243	0.491027	0	0
3242	0.488202	0	0
3241	0.489132	0	0
3240	0.490064	0	0
3239	0.490998	0	0
3238	0.491934	0	0
3237	0.492871	0	0
3236	0.493811	0	0
3235	0.490859	0	0
3234	0.491803	0	0
3233	0.492749	0	0
3232	0.493697	0	0
3231	0.494647	0	0
3230	0.495599	0	0
3229	0.492519	0	0
3228	0.493475	0	0
3227	0.494433	0	0
3226	0.495393	0	0
3225	0.496354	0	0
3224	0.497318	0	0
3223	0.498284	0	0
3222	0.495092	0	0
3221	0.49606	0	0
3220	0.497029	0	0
3219	0.498001	0	0
3218	0.498975	0	0
3217	0.499951	0	0
3216	0.500929	0	0
3215	0.497599	0	0
3214	0.498585	0	0
3213	0.499572	0	0
3212	0.500562	0	0
3211	0.501553	0	0
3210	0.502547	0	0
3209	0.503543	0	0
3208	0.500062	0	0
3207	0.501062	0	0
3206	0.502064	0	0
3205	0.503068	0	0
3204	0.504075	0	0
3203	0.505083	0	0
3202	0.506094	0	0
3201	0.502476	0	0
3200	0.503491	0	0
3199	0.504509	0	0
3198	0.505529	0	0
3197	0.506551	0	0
3196	0.507575	0	0
3195	0.508602	0	0
3194	0.504848	0	0
3193	0.505878	0	0
3192	0.50691	0	0
3191	0.507944	0	0
3190	0.508981	0	0
3189	0.510019	0	0
3188	0.506147	0	0
3187	0.507187	0	0
3186	0.50823	0	0
3185	0.509276	0	0
3184	0.510323	0	0
3183	0.511373	0	0
3182	0.512425	0	0
3181	0.508505	0	0
3180	0.509549	0	0
3179	0.510595	0	0
3178	0.511644	0	0
3177	0.512694	0	0
3176	0.513747	0	0
3175	0.514802	0	0
3174	0.510843	0	0
3173	0.511899	0	0
3172	0.512957	0	0
3171	0.514017	0	0
3170	0.51508	0	0
3169	0.516145	0	0
3168	0.512091	0	0
3167	0.513156	0	0
3166	0.514225	0	0
3165	0.515295	0	0
3164	0.516368	0	0
3163	0.517443	0	0
3162	0.518521	0	0
3161	0.514361	0	0
3160	0.51544	0	0
3159	0.516522	0	0
3158	0.517606	0	0
3157	0.518693	0	0
3156	0.519782	0	0
3155	0.520873	0	0
3154	0.516608	0	0
3153	0.5177	0	0
3152	0.518794	0	0
3151	0.519891	0	0
3150	0.52099	0	0
3149	0.522092	0	0
3148	0.517729	0	0
3147	0.518831	0	0
3146	0.519936	0	0
3145	0.521043	0	0
3144	0.522153	0	0
3143	0.523265	0	0
3142	0.524379	0	0
3141	0.519901	0	0
3140	0.521019	0	0
3139	0.522139	0	0
3138	0.523262	0	0
3137	0.524387	0	0
3136	0.525515	0	0
3135	0.520862	0	0
3134	0.522	0	0
3133	0.52314	0	0
3132	0.524282	0	0
3131	0.525428	0	0
3130	0.526575	0	0
3129	0.527725	0	0
3128	0.522881	0	0
3127	0.524038	0	0
3126	0.525198	0	0
3125	0.52636	0	0
3124	0.527524	0	0
3123	0.528692	0	0
3122	0.523699	0	0
3121	0.524868	0	0
3120	0.526039	0	0
3119	0.527214	0	0
3118	0.528391	0	0
3117	0.52957	0	0
3116	0.530753	0	0
3115	0.525636	0	0
3114	0.526821	0	0
3113	0.528008	0	0
3112	0.529197	0	0
3111	0.53039	0	0
3110	0.531585	0	0
3109	0.526347	0	0
3108	0.527544	0	0
3107	0.528743	0	0
3106	0.529945	0	0
3105	0.53115	0	0
3104	0.532357	0	0
3103	0.533567	0	0
3102	0.528461	0	0
3101	0.555101	0	0
3100	0.556331	0	0
3099	0.557564	0	0
3098	0.5588	0	0
3097	0.560038	0	0
3096	0.554769	0	0
3095	0.556009	0	0
3094	0.557252	0	0
3093	0.558497	0	0
3092	0.559746	0	0
3091	0.560997	0	0
3090	0.55562	0	0
3089	0.556871	0	0
3088	0.558124	0	0
3087	0.559381	0	0
3086	0.560641	0	0
3085	0.561903	0	0
3084	0.563168	0	0
3083	0.557782	0	0
3082	0.55903	0	0
3081	0.56028	0	0
3080	0.561534	0	0
3079	0.56279	0	0
3078	0.564049	0	0
3077	0.558713	0	0
3076	0.559965	0	0
3075	0.561219	0	0
3074	0.562477	0	0
3073	0.563737	0	0
3072	0.565	0	0
3071	0.559623	0	0
3070	0.560883	0	0
3069	0.562147	0	0
3068	0.563414	0	0
3067	0.564683	0	0
3066	0.565955	0	0
3065	0.560503	0	0
3064	0.561774	0	0
3063	0.563047	0	0
3062	0.564323	0	0
3061	0.565602	0	0
3060	0.566884	0	0
3059	0.568169	0	0
3058	0.562635	0	0
3057	0.563918	0	0
3056	0.565204	0	0
3055	0.566492	0	0
3054	0.567784	0	0
3053	0.569079	0	0
3052	0.563463	0	0
3051	0.564756	0	0
3050	0.566053	0	0
3049	0.567352	0	0
3048	0.568654	0	0
3047	0.569959	0	0
3046	0.564249	0	0
3045	0.565555	0	0
3044	0.566863	0	0
3043	0.568175	0	0
3042	0.569489	0	0
3041	0.570806	0	0
3040	0.564988	0	0
3039	0.566307	0	0
3038	0.567628	0	0
3037	0.568952	0	0
3036	0.57028	0	0
3035	0.57161	0	0
3034	0.565547	0	0
3033	0.566902	0	0
3032	0.568259	0	0
3031	0.56962	0	0
3030	0.570984	0	0
3029	0.572351	0	0
3028	0.566085	0	0
3027	0.567446	0	0
3026	0.56881	0	0
3025	0.570177	0	0
3024	0.571547	0	0
3023	0.57292	0	0
3022	0.566587	0	0
3021	0.567959	0	0
3020	0.569335	0	0
3019	0.570713	0	0
3018	0.572095	0	0
3017	0.57348	0	0
3016	0.567028	0	0
3015	0.568416	0	0
3014	0.569807	0	0
3013	0.571201	0	0
3012	0.572599	0	0
3011	0.574	0	0
3010	0.567451	0	0
3009	0.568847	0	0
3008	0.570246	0	0
3007	0.571649	0	0
3006	0.573055	0	0
3005	0.574464	0	0
3004	0.568195	0	0
3003	0.569542	0	0
3002	0.570891	0	0
3001	0.572243	0	0
3000	0.573598	0	0
2999	0.574957	0	0
2998	0.568961	0	0
2997	0.570311	0	0
2996	0.571665	0	0
2995	0.573021	0	0
2994	0.574381	0	0
2993	0.575744	0	0
2992	0.569719	0	0
2991	0.571077	0	0
2990	0.572438	0	0
2989	0.573802	0	0
2988	0.575169	0	0
2987	0.57654	0	0
2986	0.570497	0	0
2985	0.571858	0	0
2984	0.573221	0	0
2983	0.574588	0	0
2982	0.575958	0	0
2981	0.57733	0	0
2980	0.571271	0	0
2979	0.572639	0	0
2978	0.57401	0	0
2977	0.575384	0	0
2976	0.576761	0	0
2975	0.578141	0	0
2974	0.572039	0	0
2973	0.573414	0	0
2972	0.574793	0	0
2971	0.576174	0	0
2970	0.577559	0	0
2969	0.578947	0	0
2968	0.572822	0	0
2967	0.5742	0	0
2966	0.575582	0	0
2965	0.576968	0	0
2964	0.578356	0	0
2963	0.579748	0	0
2962	0.57358	0	0
2961	0.57497	0	0
2960	0.576364	0	0
2959	0.577762	0	0
2958	0.579162	0	0
2957	0.572498	0	0
2956	0.57397	0	0
2955	0.575445	0	0
2954	0.576925	0	0
2953	0.578407	0	0
2952	0.579893	0	0
2951	0.572761	0	0
2950	0.574248	0	0
2949	0.575739	0	0
2948	0.577233	0	0
2947	0.57873	0	0
2946	0.580231	0	0
2945	0.573027	0	0
2944	0.574519	0	0
2943	0.576016	0	0
2942	0.577515	0	0
2941	0.579019	0	0
2940	0.580526	0	0
2939	0.57322	0	0
2938	0.574734	0	0
2937	0.576252	0	0
2936	0.577773	0	0
2935	0.579298	0	0
2934	0.572032	0	0
2933	0.573523	0	0
2932	0.575017	0	0
2931	0.576515	0	0
2930	0.578017	0	0
2929	0.579522	0	0
2928	0.573207	0	0
2927	0.574541	0	0
2926	0.575878	0	0
2925	0.577217	0	0
2924	0.578561	0	0
2923	0.579907	0	0
2922	0.574493	0	0
2921	0.575817	0	0
2920	0.577145	0	0
2919	0.578475	0	0
2918	0.579809	0	0
2917	0.574458	0	0
2916	0.575787	0	0
2915	0.57712	0	0
2914	0.578455	0	0
2913	0.579794	0	0
2912	0.581136	0	0
2911	0.595769	0	0
2910	0.59728	0	0
2909	0.598795	0	0
2908	0.600313	0	0
2907	0.601835	0	0
2906	0.603361	0	0
2905	0.596487	0	0
2904	0.597992	0	0
2903	0.599501	0	0
2902	0.601013	0	0
2901	0.602529	0	0
2900	0.595705	0	0
2899	0.597214	0	0
2898	0.598727	0	0
2897	0.600243	0	0
2896	0.601763	0	0
2895	0.603286	0	0
2894	0.596454	0	0
2893	0.597966	0	0
2892	0.59948	0	0
2891	0.600998	0	0
2890	0.60252	0	0
2889	0.59568	0	0
2888	0.597197	0	0
2887	0.598719	0	0
2886	0.600244	0	0
2885	0.601772	0	0
2884	0.603304	0	0
2883	0.596406	0	0
2882	0.597934	0	0
2881	0.599465	0	0
2880	0.601	0	0
2879	0.602538	0	0
2878	0.59566	0	0
2877	0.597181	0	0
2876	0.598706	0	0
2875	0.600234	0	0
2874	0.601766	0	0
2873	0.603301	0	0
2872	0.596382	0	0
2871	0.597923	0	0
2870	0.599467	0	0
2869	0.601016	0	0
2868	0.602567	0	0
2867	0.595214	0	0
2866	0.596827	0	0
2865	0.598443	0	0
2864	0.600063	0	0
2863	0.601687	0	0
2862	0.603315	0	0
2861	0.595401	0	0
2860	0.597065	0	0
2859	0.598733	0	0
2858	0.600406	0	0
2857	0.602082	0	0
2856	0.593934	0	0
2855	0.595596	0	0
2854	0.597263	0	0
2853	0.598934	0	0
2852	0.600609	0	0
2851	0.592402	0	0
2850	0.59408	0	0
2849	0.595762	0	0
2848	0.597448	0	0
2847	0.599139	0	0
2846	0.600833	0	0
2845	0.592532	0	0
2844	0.59422	0	0
2843	0.595911	0	0
2842	0.597606	0	0
2841	0.599306	0	0
2840	0.591621	0	0
2839	0.593183	0	0
2838	0.594749	0	0
2837	0.596318	0	0
2836	0.597891	0	0
2835	0.591554	0	0
2834	0.592978	0	0
2833	0.594404	0	0
2832	0.595835	0	0
2831	0.597268	0	0
2830	0.598705	0	0
2829	0.593054	0	0
2828	0.594466	0	0
2827	0.595881	0	0
2826	0.5973	0	0
2825	0.598721	0	0
2824	0.593132	0	0
2823	0.594552	0	0
2822	0.595975	0	0
2821	0.597402	0	0
2820	0.598832	0	0
2819	0.59332	0	0
2818	0.594722	0	0
2817	0.596128	0	0
2816	0.597537	0	0
2815	0.598949	0	0
2814	0.600364	0	0
2813	0.59497	0	0
2812	0.59637	0	0
2811	0.597773	0	0
2810	0.599179	0	0
2809	0.600588	0	0
2808	0.595246	0	0
2807	0.596647	0	0
2806	0.598051	0	0
2805	0.599459	0	0
2804	0.600869	0	0
2803	0.595677	0	0
2802	0.597051	0	0
2801	0.598428	0	0
2800	0.599808	0	0
2799	0.601191	0	0
2798	0.596068	0	0
2797	0.597459	0	0
2796	0.598854	0	0
2795	0.600251	0	0
2794	0.601652	0	0
2793	0.595587	0	0
2792	0.597153	0	0
2791	0.598722	0	0
2790	0.600296	0	0
2789	0.601873	0	0
2788	0.603454	0	0
2787	0.596054	0	0
2786	0.597765	0	0
2785	0.599479	0	0
2784	0.601198	0	0
2783	0.602921	0	0
2782	0.594862	0	0
2781	0.596563	0	0
2780	0.598269	0	0
2779	0.599978	0	0
2778	0.601692	0	0
2777	0.593461	0	0
2776	0.595215	0	0
2775	0.596974	0	0
2774	0.598737	0	0
2773	0.600505	0	0
2772	0.592289	0	0
2771	0.593987	0	0
2770	0.59569	0	0
2769	0.597397	0	0
2768	0.599109	0	0
2767	0.592824	0	0
2766	0.594164	0	0
2765	0.595506	0	0
2764	0.596852	0	0
2763	0.598201	0	0
2762	0.594906	0	0
2761	0.595963	0	0
2760	0.597022	0	0
2759	0.598083	0	0
2758	0.599147	0	0
2757	0.597406	0	0
2756	0.598411	0	0
2755	0.599418	0	0
2754	0.600428	0	0
2753	0.601439	0	0
2752	0.600038	0	0
2751	0.601028	0	0
2750	0.60202	0	0
2749	0.603014	0	0
2748	0.60401	0	0
2747	0.602764	0	0
2746	0.603744	0	0
2745	0.604725	0	0
2744	0.605709	0	0
2743	0.606695	0	0
2742	0.605695	0	0
2741	0.60664	0	0
2740	0.607587	0	0
2739	0.608536	0	0
2738	0.609486	0	0
2737	0.608781	0	0
2736	0.609704	0	0
2735	0.610629	0	0
2734	0.611555	0	0
2733	0.612483	0	0
2732	0.612034	0	0
2731	0.612931	0	0
2730	0.61383	0	0
2729	0.61473	0	0
2728	0.615632	0	0
2727	0.615574	0	0
2726	0.616418	0	0
2725	0.617264	0	0
2724	0.618111	0	0
2723	0.61896	0	0
2722	0.617787	0	0
2721	0.599755	0	0
2720	0.601187	0	0
2719	0.602624	0	0
2718	0.604063	0	0
2717	0.599143	0	0
2716	0.600518	0	0
2715	0.601897	0	0
2714	0.603279	0	0
2713	0.604665	0	0
2712	0.599789	0	0
2711	0.601222	0	0
2710	0.602659	0	0
2709	0.604098	0	0
2708	0.605542	0	0
2707	0.599388	0	0
2706	0.601086	0	0
2705	0.602788	0	0
2704	0.604495	0	0
2703	0.596479	0	0
2702	0.598304	0	0
2701	0.600134	0	0
2700	0.601968	0	0
2699	0.603807	0	0
2698	0.595297	0	0
2697	0.597121	0	0
2696	0.59895	0	0
2695	0.600784	0	0
2694	0.602622	0	0
2693	0.594013	0	0
2692	0.595866	0	0
2691	0.597723	0	0
2690	0.599585	0	0
2689	0.601452	0	0
2688	0.592343	0	0
2687	0.594292	0	0
2686	0.596247	0	0
2685	0.598206	0	0
2684	0.600171	0	0
2683	0.592764	0	0
2682	0.59417	0	0
2681	0.59558	0	0
2680	0.596992	0	0
2679	0.59417	0	0
2678	0.595143	0	0
2677	0.596118	0	0
2676	0.597095	0	0
2675	0.598074	0	0
2674	0.597027	0	0
2673	0.597987	0	0
2672	0.598948	0	0
2671	0.599912	0	0
2670	0.600878	0	0
2669	0.600127	0	0
2668	0.601037	0	0
2667	0.601949	0	0
2666	0.602863	0	0
2665	0.603778	0	0
2664	0.603339	0	0
2663	0.604235	0	0
2662	0.605133	0	0
2661	0.606033	0	0
2660	0.605845	0	0
2659	0.606708	0	0
2658	0.607573	0	0
2657	0.60844	0	0
2656	0.609308	0	0
2655	0.609466	0	0
2654	0.610285	0	0
2653	0.611106	0	0
2652	0.611928	0	0
2651	0.612752	0	0
2650	0.613152	0	0
2649	0.613968	0	0
2648	0.614786	0	0
2647	0.615605	0	0
2646	0.616411	0	0
2645	0.617148	0	0
2644	0.617885	0	0
2643	0.618624	0	0
2642	0.619364	0	0
2641	0.620455	0	0
2640	0.621208	0	0
2639	0.621963	0	0
2638	0.622718	0	0
2637	0.621031	0	0
2636	0.622382	0	0
2635	0.623736	0	0
2634	0.625094	0	0
2633	0.626454	0	0
2632	0.620821	0	0
2631	0.622601	0	0
2630	0.624385	0	0
2629	0.626175	0	0
2628	0.627969	0	0
2627	0.620829	0	0
2626	0.622555	0	0
2625	0.624286	0	0
2624	0.626021	0	0
2623	0.618973	0	0
2622	0.62074	0	0
2621	0.622512	0	0
2620	0.624288	0	0
2619	0.626069	0	0
2618	0.618082	0	0
2617	0.620057	0	0
2616	0.622037	0	0
2615	0.624023	0	0
2614	0.620597	0	0
2613	0.621321	0	0
2612	0.622046	0	0
2611	0.622772	0	0
2610	0.623498	0	0
2609	0.627601	0	0
2608	0.627593	0	0
2607	0.627583	0	0
2606	0.627573	0	0
2605	0.634646	0	0
2604	0.634677	0	0
2603	0.634707	0	0
2602	0.634736	0	0
2601	0.634764	0	0
2600	0.641863	0	0
2599	0.641864	0	0
2598	0.641864	0	0
2597	0.641863	0	0
2596	0.649312	0	0
2595	0.649274	0	0
2594	0.649233	0	0
2593	0.649191	0	0
2592	0.649148	0	0
2591	0.657054	0	0
2590	0.656948	0	0
2589	0.65684	0	0
2588	0.65673	0	0
2587	0.665214	0	0
2586	0.66505	0	0
2585	0.664884	0	0
2584	0.664716	0	0
2583	0.664547	0	0
2582	0.673153	0	0
2581	0.673034	0	0
2580	0.672913	0	0
2579	0.67279	0	0
2578	0.681565	0	0
2577	0.681367	0	0
2576	0.681167	0	0
2575	0.680965	0	0
2574	0.69072	0	0
2573	0.690381	0	0
2572	0.690039	0	0
2571	0.689694	0	0
2570	0.689347	0	0
2569	0.696429	0	0
2568	0.696973	0	0
2567	0.697518	0	0
2566	0.698063	0	0
2565	0.697393	0	0
2564	0.698973	0	0
2563	0.700557	0	0
2562	0.702145	0	0
2561	0.696493	0	0
2560	0.698336	0	0
2559	0.700183	0	0
2558	0.702034	0	0
2557	0.703891	0	0
2556	0.697598	0	0
2555	0.69938	0	0
2554	0.701167	0	0
2553	0.702957	0	0
2552	0.696673	0	0
2551	0.698523	0	0
2550	0.700377	0	0
2549	0.702237	0	0
2548	0.702347	0	0
2547	0.702645	0	0
2546	0.702943	0	0
2545	0.70324	0	0
2544	0.703537	0	0
2543	0.711612	0	0
2542	0.711147	0	0
2541	0.710679	0	0
2540	0.710208	0	0
2539	0.72179	0	0
2538	0.721233	0	0
2537	0.720673	0	0
2536	0.720109	0	0
2535	0.732569	0	0
2534	0.731898	0	0
2533	0.731224	0	0
2532	0.730545	0	0
2531	0.615065	0	0
2530	0.620527	0	0
2529	0.620403	0	0
2528	0.620277	0	0
2527	0.620149	0	0
2526	0.627767	0	0
2525	0.627644	0	0
2524	0.627519	0	0
2523	0.627392	0	0
2522	0.635013	0	0
2521	0.634902	0	0
2520	0.634789	0	0
2519	0.634675	0	0
2518	0.64253	0	0
2517	0.642361	0	0
2516	0.64219	0	0
2515	0.642017	0	0
2514	0.650463	0	0
2513	0.650213	0	0
2512	0.64996	0	0
2511	0.649706	0	0
2510	0.649449	0	0
2509	0.658252	0	0
2508	0.657992	0	0
2507	0.657729	0	0
2506	0.657464	0	0
2505	0.666308	0	0
2504	0.666062	0	0
2503	0.665813	0	0
2502	0.665563	0	0
2501	0.67456	0	0
2500	0.67427	0	0
2499	0.673978	0	0
2498	0.673684	0	0
2497	0.683227	0	0
2496	0.682848	0	0
2495	0.682467	0	0
2494	0.682082	0	0
2493	0.690364	0	0
2492	0.690421	0	0
2491	0.690477	0	0
2490	0.690531	0	0
2489	0.691984	0	0
2488	0.693427	0	0
2487	0.694872	0	0
2486	0.696322	0	0
2485	0.690053	0	0
2484	0.692277	0	0
2483	0.694506	0	0
2482	0.696741	0	0
2481	0.689182	0	0
2480	0.691097	0	0
2479	0.693018	0	0
2478	0.694943	0	0
2477	0.696873	0	0
2476	0.689499	0	0
2475	0.691678	0	0
2474	0.693862	0	0
2473	0.696053	0	0
2472	0.690302	0	0
2471	0.691625	0	0
2470	0.692951	0	0
2469	0.69428	0	0
2468	0.695683	0	0
2467	0.695828	0	0
2466	0.695973	0	0
2465	0.696117	0	0
2464	0.703319	0	0
2463	0.703116	0	0
2462	0.702911	0	0
2461	0.702703	0	0
2460	0.711885	0	0
2459	0.711504	0	0
2458	0.71112	0	0
2457	0.710733	0	0
2456	0.720565	0	0
2455	0.720214	0	0
2454	0.719861	0	0
2453	0.719505	0	0
2452	0.72857	0	0
2451	0.728444	0	0
2450	0.728317	0	0
2449	0.728187	0	0
2448	0.736389	0	0
2447	0.736278	0	0
2446	0.736166	0	0
2445	0.736052	0	0
2444	0.744845	0	0
2443	0.744538	0	0
2442	0.744228	0	0
2441	0.743916	0	0
2440	0.753725	0	0
2439	0.753352	0	0
2438	0.752977	0	0
2437	0.762549	0	0
2436	0.762317	0	0
2435	0.762082	0	0
2434	0.761846	0	0
2433	0.770537	0	0
2432	0.770441	0	0
2431	0.770344	0	0
2430	0.770245	0	0
2429	0.777616	0	0
2428	0.777777	0	0
2427	0.777937	0	0
2426	0.778096	0	0
2425	0.780642	0	0
2424	0.78193	0	0
2423	0.783221	0	0
2422	0.784515	0	0
2421	0.77925	0	0
2420	0.781753	0	0
2419	0.784262	0	0
2418	0.786778	0	0
2417	0.777286	0	0
2416	0.77986	0	0
2415	0.782442	0	0
2414	0.78503	0	0
2413	0.775014	0	0
2412	0.777681	0	0
2411	0.780356	0	0
2410	0.783038	0	0
2409	0.77549	0	0
2408	0.777243	0	0
2407	0.779	0	0
2406	0.780761	0	0
2405	0.779182	0	0
2404	0.780033	0	0
2403	0.780885	0	0
2402	0.782687	0	0
2401	0.783565	0	0
2400	0.784444	0	0
2399	0.785324	0	0
2398	0.786332	0	0
2397	0.787425	0	0
2396	0.788519	0	0
2395	0.789616	0	0
2394	0.790365	0	0
2393	0.791341	0	0
2392	0.792319	0	0
2391	0.793298	0	0
2390	0.794739	0	0
2389	0.795628	0	0
2388	0.796519	0	0
2387	0.797411	0	0
2386	0.798658	0	0
2385	0.799738	0	0
2384	0.800821	0	0
2383	0.800674	0	0
2382	0.801954	0	0
2381	0.803237	0	0
2380	0.804522	0	0
2379	0.803927	0	0
2378	0.805173	0	0
2377	0.806421	0	0
2376	0.807671	0	0
2375	0.80739	0	0
2374	0.808581	0	0
2373	0.809773	0	0
2372	0.810969	0	0
2371	0.811045	0	0
2370	0.812188	0	0
2369	0.813333	0	0
2368	0.812936	0	0
2367	0.814275	0	0
2366	0.815618	0	0
2365	0.816963	0	0
2364	0.813685	0	0
2363	0.815756	0	0
2362	0.817834	0	0
2361	0.819917	0	0
2360	0.81135	0	0
2359	0.81445	0	0
2358	0.817558	0	0
2357	0.804576	0	0
2356	0.807899	0	0
2355	0.811231	0	0
2354	0.814573	0	0
2353	0.801833	0	0
2352	0.804878	0	0
2351	0.807931	0	0
2350	0.810994	0	0
2349	0.800474	0	0
2348	0.803053	0	0
2347	0.805639	0	0
2346	0.797761	0	0
2345	0.800054	0	0
2344	0.802354	0	0
2343	0.80466	0	0
2342	0.797833	0	0
2341	0.726922	0	0
2340	0.729851	0	0
2339	0.732788	0	0
2338	0.722286	0	0
2337	0.724813	0	0
2336	0.727346	0	0
2335	0.721875	0	0
2334	0.723316	0	0
2333	0.72476	0	0
2332	0.726207	0	0
2331	0.724059	0	0
2330	0.725448	0	0
2329	0.72684	0	0
2328	0.723619	0	0
2327	0.72537	0	0
2326	0.727126	0	0
2325	0.728886	0	0
2324	0.725093	0	0
2323	0.72672	0	0
2322	0.72835	0	0
2321	0.729985	0	0
2320	0.726796	0	0
2319	0.728351	0	0
2318	0.72991	0	0
2317	0.726584	0	0
2316	0.728269	0	0
2315	0.729959	0	0
2314	0.731653	0	0
2313	0.727491	0	0
2312	0.729349	0	0
2311	0.731211	0	0
2310	0.726312	0	0
2309	0.728225	0	0
2308	0.730143	0	0
2307	0.732067	0	0
2306	0.726979	0	0
2305	0.728908	0	0
2304	0.730842	0	0
2303	0.725963	0	0
2302	0.727821	0	0
2301	0.729683	0	0
2300	0.731551	0	0
2299	0.727571	0	0
2298	0.72918	0	0
2297	0.730794	0	0
2296	0.725401	0	0
2295	0.727697	0	0
2294	0.729999	0	0
2293	0.732308	0	0
2292	0.722611	0	0
2291	0.725797	0	0
2290	0.728993	0	0
2289	0.715376	0	0
2288	0.718891	0	0
2287	0.722416	0	0
2286	0.725953	0	0
2285	0.711355	0	0
2284	0.714895	0	0
2283	0.718446	0	0
2282	0.704275	0	0
2281	0.707656	0	0
2280	0.711047	0	0
2279	0.714449	0	0
2278	0.701389	0	0
2277	0.704504	0	0
2276	0.707628	0	0
2275	0.696679	0	0
2274	0.699389	0	0
2273	0.702108	0	0
2272	0.692384	0	0
2271	0.695078	0	0
2270	0.69778	0	0
2269	0.700491	0	0
2268	0.690521	0	0
2267	0.693319	0	0
2266	0.696125	0	0
2265	0.685411	0	0
2264	0.68835	0	0
2263	0.691298	0	0
2262	0.694254	0	0
2261	0.682933	0	0
2260	0.685964	0	0
2259	0.689003	0	0
2258	0.677374	0	0
2257	0.680416	0	0
2256	0.683467	0	0
2255	0.671746	0	0
2254	0.674803	0	0
2253	0.67787	0	0
2252	0.680946	0	0
2251	0.669028	0	0
2250	0.672145	0	0
2249	0.675272	0	0
2248	0.66306	0	0
2247	0.666221	0	0
2246	0.669391	0	0
2245	0.656763	0	0
2244	0.66001	0	0
2243	0.663268	0	0
2242	0.666536	0	0
2241	0.653648	0	0
2240	0.656914	0	0
2239	0.660191	0	0
2238	0.64665	0	0
2237	0.650126	0	0
2236	0.653612	0	0
2235	0.638176	0	0
2234	0.642057	0	0
2233	0.64595	0	0
2232	0.649855	0	0
2231	0.632902	0	0
2230	0.636996	0	0
2229	0.641104	0	0
2228	0.623949	0	0
2227	0.627889	0	0
2226	0.631842	0	0
2225	0.61592	0	0
2224	0.619594	0	0
2223	0.623279	0	0
2222	0.626977	0	0
2221	0.61214	0	0
2220	0.615627	0	0
2219	0.619125	0	0
2218	0.604888	0	0
2217	0.608382	0	0
2216	0.611887	0	0
2215	0.597514	0	0
2214	0.601044	0	0
2213	0.604585	0	0
2212	0.590681	0	0
2211	0.594024	0	0
2210	0.597378	0	0
2209	0.600742	0	0
2208	0.587571	0	0
2207	0.590787	0	0
2206	0.594013	0	0
2205	0.581547	0	0
2204	0.584652	0	0
2203	0.587767	0	0
2202	0.575358	0	0
2201	0.578556	0	0
2200	0.581764	0	0
2199	0.568902	0	0
2198	0.572165	0	0
2197	0.575439	0	0
2196	0.562734	0	0
2195	0.565892	0	0
2194	0.56906	0	0
2193	0.572238	0	0
2192	0.55977	0	0
2191	0.562926	0	0
2190	0.566091	0	0
2189	0.553148	0	0
2188	0.556506	0	0
2187	0.559876	0	0
2186	0.546125	0	0
2185	0.549564	0	0
2184	0.553014	0	0
2183	0.538812	0	0
2182	0.542331	0	0
2181	0.545861	0	0
2180	0.531129	0	0
2179	0.534756	0	0
2178	0.538394	0	0
2177	0.52345	0	0
2176	0.527058	0	0
2175	0.530678	0	0
2174	0.53431	0	0
2173	0.519459	0	0
2172	0.523039	0	0
2171	0.52663	0	0
2170	0.511558	0	0
2169	0.515281	0	0
2168	0.519017	0	0
2167	0.503448	0	0
2166	0.507197	0	0
2165	0.510957	0	0
2164	0.496532	0	0
2163	0.499793	0	0
2162	0.503064	0	0
2161	0.490737	0	0
2160	0.493694	0	0
2159	0.496659	0	0
2158	0.484579	0	0
2157	0.487734	0	0
2156	0.490899	0	0
2155	0.477682	0	0
2154	0.481066	0	0
2153	0.484461	0	0
2152	0.471624	0	0
2151	0.45912	0	0
2150	0.46242	0	0
2149	0.449369	0	0
2148	0.452561	0	0
2147	0.455763	0	0
2146	0.443505	0	0
2145	0.446497	0	0
2144	0.4495	0	0
2143	0.437883	0	0
2142	0.440803	0	0
2141	0.443733	0	0
2140	0.432508	0	0
2139	0.435346	0	0
2138	0.438193	0	0
2137	0.426922	0	0
2136	0.42983	0	0
2135	0.432748	0	0
2134	0.421219	0	0
2133	0.424162	0	0
2132	0.427115	0	0
2131	0.430078	0	0
2130	0.418683	0	0
2129	0.42152	0	0
2128	0.424367	0	0
2127	0.413298	0	0
2126	0.416143	0	0
2125	0.418997	0	0
2124	0.407434	0	0
2123	0.410512	0	0
2122	0.397833	0	0
2121	0.401046	0	0
2120	0.404269	0	0
2119	0.391551	0	0
2118	0.394676	0	0
2117	0.397811	0	0
2116	0.385245	0	0
2115	0.388376	0	0
2114	0.391517	0	0
2113	0.378901	0	0
2112	0.382042	0	0
2111	0.385194	0	0
2110	0.372555	0	0
2109	0.375693	0	0
2108	0.378842	0	0
2107	0.365953	0	0
2106	0.369182	0	0
2105	0.372422	0	0
2104	0.359457	0	0
2103	0.362638	0	0
2102	0.36583	0	0
2101	0.353937	0	0
2100	0.356741	0	0
2099	0.359555	0	0
2098	0.34921	0	0
2097	0.351734	0	0
2096	0.354268	0	0
2095	0.344076	0	0
2094	0.346807	0	0
2093	0.349549	0	0
2092	0.338441	0	0
2091	0.34135	0	0
2090	0.34427	0	0
2089	0.333483	0	0
2088	0.336037	0	0
2087	0.3386	0	0
2086	0.329534	0	0
2085	0.331699	0	0
2084	0.333873	0	0
2083	0.326618	0	0
2082	0.328389	0	0
2081	0.322771	0	0
2080	0.324352	0	0
2079	0.32594	0	0
2078	0.319398	0	0
2077	0.321461	0	0
2076	0.323531	0	0
2075	0.315171	0	0
2074	0.31756	0	0
2073	0.319957	0	0
2072	0.31129	0	0
2071	0.3135	0	0
2070	0.315717	0	0
2069	0.308055	0	0
2068	0.309994	0	0
2067	0.311939	0	0
2066	0.305251	0	0
2065	0.30704	0	0
2064	0.301107	0	0
2063	0.302766	0	0
2062	0.304432	0	0
2061	0.29845	0	0
2060	0.300213	0	0
2059	0.301982	0	0
2058	0.294948	0	0
2057	0.297058	0	0
2056	0.299175	0	0
2055	0.290603	0	0
2054	0.293061	0	0
2053	0.295528	0	0
2052	0.286103	0	0
2051	0.28857	0	0
2050	0.279911	0	0
2049	0.282092	0	0
2048	0.28428	0	0
2047	0.276487	0	0
2046	0.278522	0	0
2045	0.280564	0	0
2044	0.27354	0	0
2043	0.275368	0	0
2042	0.277202	0	0
2041	0.271105	0	0
2040	0.272707	0	0
2039	0.274315	0	0
2038	0.268739	0	0
2037	0.270358	0	0
2036	0.264553	0	0
2035	0.266241	0	0
2034	0.267936	0	0
2033	0.262505	0	0
2032	0.263967	0	0
2031	0.265435	0	0
2030	0.26067	0	0
2029	0.262047	0	0
2028	0.26343	0	0
2027	0.258361	0	0
2026	0.260032	0	0
2025	0.253557	0	0
2024	0.255475	0	0
2023	0.2574	0	0
2022	0.251241	0	0
2021	0.25278	0	0
2020	0.254324	0	0
2019	0.250204	0	0
2018	0.251106	0	0
2017	0.249153	0	0
2016	0.249841	0	0
2015	0.250532	0	0
2014	0.249051	0	0
2013	0.249702	0	0
2012	0.250355	0	0
2011	0.248871	0	0
2010	0.249566	0	0
2009	0.24724	0	0
2008	0.248218	0	0
2007	0.2492	0	0
2006	0.24506	0	0
2005	0.246621	0	0
2004	0.248187	0	0
2003	0.242728	0	0
2002	0.24434	0	0
2001	0.239772	0	0
2000	0.240983	0	0
1999	0.242199	0	0
1998	0.238943	0	0
1997	0.239872	0	0
1996	0.240805	0	0
1995	0.238472	0	0
1994	0.23922	0	0
1993	0.237143	0	0
1992	0.237968	0	0
1991	0.238796	0	0
1990	0.235737	0	0
1989	0.236967	0	0
1988	0.238202	0	0
1987	0.233961	0	0
1986	0.235367	0	0
1985	0.231034	0	0
1984	0.232283	0	0
1983	0.233537	0	0
1982	0.230142	0	0
1981	0.23105	0	0
1980	0.229025	0	0
1979	0.2297	0	0
1978	0.230377	0	0
1977	0.228887	0	0
1976	0.229495	0	0
1975	0.230105	0	0
1974	0.229182	0	0
1973	0.229531	0	0
1972	0.229624	0	0
1971	0.22981	0	0
1970	0.229997	0	0
1969	0.230263	0	0
1968	0.23053	0	0
1967	0.230961	0	0
1966	0.231077	0	0
1965	0.231194	0	0
1964	0.232533	0	0
1963	0.232312	0	0
1962	0.155114	0	0
1961	0.155539	0	0
1960	0.155966	0	0
1959	0.155401	0	0
1958	0.155599	0	0
1957	0.156209	0	0
1956	0.15613	0	0
1955	0.156051	0	0
1954	0.156913	0	0
1953	0.156923	0	0
1952	0.156932	0	0
1951	0.156769	0	0
1950	0.157322	0	0
1949	0.15511	0	0
1948	0.155997	0	0
1947	0.156888	0	0
1946	0.154049	0	0
1945	0.154912	0	0
1944	0.152622	0	0
1943	0.153248	0	0
1942	0.153877	0	0
1941	0.152633	0	0
1940	0.15288	0	0
1939	0.153585	0	0
1938	0.153332	0	0
1937	0.153079	0	0
1936	0.154483	0	0
1935	0.154401	0	0
1934	0.154267	0	0
1933	0.154742	0	0
1932	0.155219	0	0
1931	0.153923	0	0
1930	0.154449	0	0
1929	0.153667	0	0
1928	0.153864	0	0
1927	0.154378	0	0
1926	0.154306	0	0
1925	0.154234	0	0
1924	0.155321	0	0
1923	0.15516	0	0
1922	0.156823	0	0
1921	0.156491	0	0
1920	0.156158	0	0
1919	0.158464	0	0
1918	0.157919	0	0
1917	0.160837	0	0
1916	0.160222	0	0
1915	0.159604	0	0
1914	0.162631	0	0
1913	0.162026	0	0
1912	0.16517	0	0
1911	0.164496	0	0
1910	0.168379	0	0
1909	0.167454	0	0
1908	0.166525	0	0
1907	0.17118	0	0
1906	0.17003	0	0
1905	0.175443	0	0
1904	0.174155	0	0
1903	0.172862	0	0
1902	0.178715	0	0
1901	0.177296	0	0
1900	0.183365	0	0
1899	0.181981	0	0
1898	0.188022	0	0
1897	0.186629	0	0
1896	0.18523	0	0
1895	0.191205	0	0
1894	0.189861	0	0
1893	0.194924	0	0
1892	0.193962	0	0
1891	0.192996	0	0
1890	0.197159	0	0
1889	0.196391	0	0
1888	0.200489	0	0
1887	0.199522	0	0
1886	0.204361	0	0
1885	0.203231	0	0
1884	0.202097	0	0
1883	0.207414	0	0
1882	0.20614	0	0
1881	0.211707	0	0
1880	0.210466	0	0
1879	0.2148	0	0
1878	0.21409	0	0
1877	0.213376	0	0
1876	0.216175	0	0
1875	0.215961	0	0
1874	0.217619	0	0
1873	0.217456	0	0
1872	0.219558	0	0
1871	0.219154	0	0
1870	0.218749	0	0
1869	0.221399	0	0
1868	0.220866	0	0
1867	0.223832	0	0
1866	0.223278	0	0
1865	0.22721	0	0
1864	0.226222	0	0
1863	0.22523	0	0
1862	0.230915	0	0
1861	0.22915	0	0
1860	0.236794	0	0
1859	0.234876	0	0
1858	0.242461	0	0
1857	0.240725	0	0
1856	0.2487	0	0
1855	0.246671	0	0
1854	0.244634	0	0
1853	0.253496	0	0
1852	0.251146	0	0
1851	0.260755	0	0
1850	0.25835	0	0
1849	0.268261	0	0
1848	0.265766	0	0
1847	0.263261	0	0
1846	0.273631	0	0
1845	0.270901	0	0
1844	0.282008	0	0
1843	0.279137	0	0
1842	0.290564	0	0
1841	0.287679	0	0
1840	0.299331	0	0
1839	0.296358	0	0
1838	0.293374	0	0
1837	0.305016	0	0
1836	0.302162	0	0
1835	0.312765	0	0
1834	0.310422	0	0
1833	0.319664	0	0
1832	0.317545	0	0
1831	0.326915	0	0
1830	0.324545	0	0
1829	0.334669	0	0
1828	0.332133	0	0
1827	0.329586	0	0
1826	0.339978	0	0
1825	0.337412	0	0
1824	0.348307	0	0
1823	0.34546	0	0
1822	0.35727	0	0
1821	0.35421	0	0
1820	0.365007	0	0
1819	0.362648	0	0
1818	0.369402	0	0
1817	0.368466	0	0
1816	0.367525	0	0
1815	0.371305	0	0
1814	0.371303	0	0
1813	0.373278	0	0
1812	0.373217	0	0
1811	0.375953	0	0
1810	0.375511	0	0
1809	0.379263	0	0
1808	0.378621	0	0
1807	0.382801	0	0
1806	0.382101	0	0
1805	0.381396	0	0
1804	0.385697	0	0
1803	0.38497	0	0
1802	0.389344	0	0
1801	0.388609	0	0
1800	0.392893	0	0
1799	0.39224	0	0
1798	0.396004	0	0
1797	0.395592	0	0
1796	0.398552	0	0
1795	0.398378	0	0
1794	0.401981	0	0
1793	0.40127	0	0
1792	0.408416	0	0
1791	0.406306	0	0
1790	0.417033	0	0
1789	0.414077	0	0
1788	0.411107	0	0
1787	0.422725	0	0
1786	0.419849	0	0
1785	0.431114	0	0
1784	0.428379	0	0
1783	0.439452	0	0
1782	0.436679	0	0
1781	0.447771	0	0
1780	0.445044	0	0
1779	0.455856	0	0
1778	0.453268	0	0
1777	0.46358	0	0
1776	0.461168	0	0
1775	0.470921	0	0
1774	0.468687	0	0
1773	0.477957	0	0
1772	0.349532	0	0
1771	0.36024	0	0
1770	0.35761	0	0
1769	0.364525	0	0
1768	0.363456	0	0
1767	0.36238	0	0
1766	0.366489	0	0
1765	0.366399	0	0
1764	0.368434	0	0
1763	0.368401	0	0
1762	0.370477	0	0
1761	0.370324	0	0
1760	0.372736	0	0
1759	0.372508	0	0
1758	0.375191	0	0
1757	0.374869	0	0
1756	0.377826	0	0
1755	0.377434	0	0
1754	0.380526	0	0
1753	0.380134	0	0
1752	0.383192	0	0
1751	0.382833	0	0
1750	0.385552	0	0
1749	0.385401	0	0
1748	0.387363	0	0
1747	0.387508	0	0
1746	0.389401	0	0
1745	0.389278	0	0
1744	0.392877	0	0
1743	0.391894	0	0
1742	0.397948	0	0
1741	0.39622	0	0
1740	0.404174	0	0
1739	0.401948	0	0
1738	0.411064	0	0
1737	0.408577	0	0
1736	0.41802	0	0
1735	0.415589	0	0
1734	0.424773	0	0
1733	0.422471	0	0
1732	0.431347	0	0
1731	0.429134	0	0
1730	0.437739	0	0
1729	0.435631	0	0
1728	0.443867	0	0
1727	0.441918	0	0
1726	0.449678	0	0
1725	0.447906	0	0
1724	0.455278	0	0
1723	0.453601	0	0
1722	0.460641	0	0
1721	0.459113	0	0
1720	0.465587	0	0
1719	0.464325	0	0
1718	0.470194	0	0
1717	0.469081	0	0
1716	0.474709	0	0
1715	0.4736	0	0
1714	0.47922	0	0
1713	0.478126	0	0
1712	0.48356	0	0
1711	0.482629	0	0
1710	0.487464	0	0
1709	0.48685	0	0
1708	0.49085	0	0
1707	0.494381	0	0
1706	0.494018	0	0
1705	0.497898	0	0
1704	0.497361	0	0
1703	0.500478	0	0
1702	0.500506	0	0
1701	0.500993	0	0
1700	0.502257	0	0
1699	0.50022	0	0
1698	0.502159	0	0
1697	0.499278	0	0
1696	0.501203	0	0
1695	0.498429	0	0
1694	0.500297	0	0
1693	0.497551	0	0
1692	0.499474	0	0
1691	0.496624	0	0
1690	0.498573	0	0
1689	0.49578	0	0
1688	0.497641	0	0
1687	0.495095	0	0
1686	0.492644	0	0
1685	0.494461	0	0
1684	0.491714	0	0
1683	0.493687	0	0
1682	0.491022	0	0
1681	0.492835	0	0
1680	0.491222	0	0
1679	0.492429	0	0
1678	0.492442	0	0
1677	0.493014	0	0
1676	0.494487	0	0
1675	0.494601	0	0
1674	0.497026	0	0
1673	0.499681	0	0
1672	0.499668	0	0
1671	0.501999	0	0
1670	0.502144	0	0
1669	0.504222	0	0
1668	0.504435	0	0
1667	0.506389	0	0
1666	0.506644	0	0
1665	0.508468	0	0
1664	0.508797	0	0
1663	0.510456	0	0
1662	0.510851	0	0
1661	0.512398	0	0
1660	0.513829	0	0
1659	0.5143	0	0
1658	0.515384	0	0
1657	0.51606	0	0
1656	0.516618	0	0
1655	0.517526	0	0
1654	0.517683	0	0
1653	0.518686	0	0
1652	0.518696	0	0
1651	0.518651	0	0
1650	0.519692	0	0
1649	0.5196	0	0
1648	0.520668	0	0
1647	0.520486	0	0
1646	0.521609	0	0
1645	0.521328	0	0
1644	0.522489	0	0
1643	0.522258	0	0
1642	0.52243	0	0
1641	0.523358	0	0
1640	0.52313	0	0
1639	0.524418	0	0
1638	0.522809	0	0
1637	0.524904	0	0
1636	0.521737	0	0
1635	0.524335	0	0
1634	0.520379	0	0
1633	0.516462	0	0
1632	0.519034	0	0
1631	0.515202	0	0
1630	0.517762	0	0
1629	0.513988	0	0
1628	0.516519	0	0
1627	0.51284	0	0
1626	0.509246	0	0
1625	0.511733	0	0
1624	0.50806	0	0
1623	0.510608	0	0
1622	0.507013	0	0
1621	0.509429	0	0
1620	0.506354	0	0
1619	0.504656	0	0
1618	0.506218	0	0
1617	0.505371	0	0
1616	0.506602	0	0
1615	0.506342	0	0
1614	0.506389	0	0
1613	0.507424	0	0
1612	0.507439	0	0
1611	0.508515	0	0
1610	0.508492	0	0
1609	0.509575	0	0
1608	0.509548	0	0
1607	0.509444	0	0
1606	0.510584	0	0
1605	0.51038	0	0
1604	0.511575	0	0
1603	0.511312	0	0
1602	0.511098	0	0
1601	0.512272	0	0
1600	0.512069	0	0
1599	0.513259	0	0
1598	0.512963	0	0
1597	0.514238	0	0
1596	0.513801	0	0
1595	0.513317	0	0
1594	0.514624	0	0
1593	0.514222	0	0
1592	0.515484	0	0
1591	0.515177	0	0
1590	0.514964	0	0
1589	0.516173	0	0
1588	0.515969	0	0
1587	0.517195	0	0
1586	0.516978	0	0
1585	0.516897	0	0
1584	0.518037	0	0
1583	0.518139	0	0
1582	0.448263	0	0
1581	0.445704	0	0
1580	0.443034	0	0
1579	0.445187	0	0
1578	0.442733	0	0
1577	0.444644	0	0
1576	0.442898	0	0
1575	0.442634	0	0
1574	0.443555	0	0
1573	0.443769	0	0
1572	0.444002	0	0
1571	0.444904	0	0
1570	0.445112	0	0
1569	0.446015	0	0
1568	0.446251	0	0
1567	0.446519	0	0
1566	0.447406	0	0
1565	0.44765	0	0
1564	0.448564	0	0
1563	0.448774	0	0
1562	0.448965	0	0
1561	0.4499	0	0
1560	0.45009	0	0
1559	0.450268	0	0
1558	0.451219	0	0
1557	0.451384	0	0
1556	0.45235	0	0
1555	0.452488	0	0
1554	0.452559	0	0
1553	0.453579	0	0
1552	0.453639	0	0
1551	0.453733	0	0
1550	0.454737	0	0
1549	0.454863	0	0
1548	0.455857	0	0
1547	0.456006	0	0
1546	0.456175	0	0
1545	0.457162	0	0
1544	0.457352	0	0
1543	0.45756	0	0
1542	0.458541	0	0
1541	0.458746	0	0
1540	0.459738	0	0
1539	0.459884	0	0
1538	0.459586	0	0
1537	0.460936	0	0
1536	0.460164	0	0
1535	0.45882	0	0
1534	0.460595	0	0
1533	0.459234	0	0
1532	0.458106	0	0
1531	0.459714	0	0
1530	0.458707	0	0
1529	0.457806	0	0
1528	0.459337	0	0
1527	0.458441	0	0
1526	0.459991	0	0
1525	0.459077	0	0
1524	0.458302	0	0
1523	0.459731	0	0
1522	0.459252	0	0
1521	0.4593	0	0
1520	0.46034	0	0
1519	0.460526	0	0
1518	0.460658	0	0
1517	0.461749	0	0
1516	0.461832	0	0
1515	0.461888	0	0
1514	0.463007	0	0
1513	0.463067	0	0
1512	0.463131	0	0
1511	0.464255	0	0
1510	0.464312	0	0
1509	0.464322	0	0
1508	0.46549	0	0
1507	0.465473	0	0
1506	0.465446	0	0
1505	0.466631	0	0
1504	0.466625	0	0
1503	0.466645	0	0
1502	0.467815	0	0
1501	0.467845	0	0
1500	0.46789	0	0
1499	0.469057	0	0
1498	0.469114	0	0
1497	0.469162	0	0
1496	0.470343	0	0
1495	0.47037	0	0
1494	0.470347	0	0
1493	0.471576	0	0
1492	0.471536	0	0
1491	0.47148	0	0
1490	0.472731	0	0
1489	0.472673	0	0
1488	0.472595	0	0
1487	0.473872	0	0
1486	0.473737	0	0
1485	0.473346	0	0
1484	0.474855	0	0
1483	0.474272	0	0
1482	0.473464	0	0
1481	0.472659	0	0
1480	0.474319	0	0
1479	0.47355	0	0
1478	0.472789	0	0
1477	0.474447	0	0
1476	0.473651	0	0
1475	0.472818	0	0
1474	0.474516	0	0
1473	0.47373	0	0
1472	0.473121	0	0
1471	0.474671	0	0
1470	0.474155	0	0
1469	0.47367	0	0
1468	0.473129	0	0
1467	0.474701	0	0
1466	0.474133	0	0
1465	0.473523	0	0
1464	0.47514	0	0
1463	0.474511	0	0
1462	0.473851	0	0
1461	0.473197	0	0
1460	0.47484	0	0
1459	0.474193	0	0
1458	0.473539	0	0
1457	0.475195	0	0
1456	0.474537	0	0
1455	0.473871	0	0
1454	0.475543	0	0
1453	0.47487	0	0
1452	0.47416	0	0
1451	0.473408	0	0
1450	0.475143	0	0
1449	0.474375	0	0
1448	0.473581	0	0
1447	0.472748	0	0
1446	0.474538	0	0
1445	0.473681	0	0
1444	0.472781	0	0
1443	0.474619	0	0
1442	0.473702	0	0
1441	0.472742	0	0
1440	0.471725	0	0
1439	0.473643	0	0
1438	0.472586	0	0
1437	0.471414	0	0
1436	0.470083	0	0
1435	0.472201	0	0
1434	0.470799	0	0
1433	0.469316	0	0
1432	0.471523	0	0
1431	0.470019	0	0
1430	0.468476	0	0
1429	0.466875	0	0
1428	0.469161	0	0
1427	0.46754	0	0
1426	0.465916	0	0
1425	0.464289	0	0
1424	0.466593	0	0
1423	0.464947	0	0
1422	0.463239	0	0
1421	0.461476	0	0
1420	0.463875	0	0
1419	0.462089	0	0
1418	0.460261	0	0
1417	0.45839	0	0
1416	0.460862	0	0
1415	0.458969	0	0
1414	0.457033	0	0
1413	0.455058	0	0
1412	0.457602	0	0
1411	0.455615	0	0
1410	0.453621	0	0
1409	0.451617	0	0
1408	0.454185	0	0
1407	0.452166	0	0
1406	0.450074	0	0
1405	0.447971	0	0
1404	0.450593	0	0
1403	0.448497	0	0
1402	0.446332	0	0
1401	0.444135	0	0
1400	0.441906	0	0
1399	0.444633	0	0
1398	0.442388	0	0
1397	0.440104	0	0
1396	0.437771	0	0
1395	0.440577	0	0
1394	0.438218	0	0
1393	0.435799	0	0
1392	0.384825	0	0
1391	0.382825	0	0
1390	0.385275	0	0
1389	0.383261	0	0
1388	0.381211	0	0
1387	0.379119	0	0
1386	0.381641	0	0
1385	0.379529	0	0
1384	0.377384	0	0
1383	0.375215	0	0
1382	0.373016	0	0
1381	0.375612	0	0
1380	0.373396	0	0
1379	0.371142	0	0
1378	0.368854	0	0
1377	0.366544	0	0
1376	0.369218	0	0
1375	0.366903	0	0
1374	0.364587	0	0
1373	0.362259	0	0
1372	0.359903	0	0
1371	0.362617	0	0
1370	0.360242	0	0
1369	0.35782	0	0
1368	0.355364	0	0
1367	0.352889	0	0
1366	0.355688	0	0
1365	0.353207	0	0
1364	0.350709	0	0
1363	0.348185	0	0
1362	0.345625	0	0
1361	0.348495	0	0
1360	0.345916	0	0
1359	0.343288	0	0
1358	0.340599	0	0
1357	0.337836	0	0
1356	0.334991	0	0
1355	0.338067	0	0
1354	0.335192	0	0
1353	0.332265	0	0
1352	0.329312	0	0
1351	0.326348	0	0
1350	0.323376	0	0
1349	0.326536	0	0
1348	0.323561	0	0
1347	0.320583	0	0
1346	0.317605	0	0
1345	0.314628	0	0
1344	0.317798	0	0
1343	0.31482	0	0
1342	0.311845	0	0
1341	0.308873	0	0
1340	0.305901	0	0
1339	0.302931	0	0
1338	0.29996	0	0
1337	0.30313	0	0
1336	0.300153	0	0
1335	0.297162	0	0
1334	0.294166	0	0
1333	0.291177	0	0
1332	0.288198	0	0
1331	0.291377	0	0
1330	0.288397	0	0
1329	0.285415	0	0
1328	0.282429	0	0
1327	0.279448	0	0
1326	0.276474	0	0
1325	0.2735	0	0
1324	0.276681	0	0
1323	0.273702	0	0
1322	0.270708	0	0
1321	0.267684	0	0
1320	0.26462	0	0
1319	0.261514	0	0
1318	0.25837	0	0
1317	0.255194	0	0
1316	0.258533	0	0
1315	0.255346	0	0
1314	0.252143	0	0
1313	0.24895	0	0
1312	0.245772	0	0
1311	0.242607	0	0
1310	0.239446	0	0
1309	0.236288	0	0
1308	0.239611	0	0
1307	0.236452	0	0
1306	0.2333	0	0
1305	0.230163	0	0
1304	0.227049	0	0
1303	0.223961	0	0
1302	0.220895	0	0
1301	0.217845	0	0
1300	0.214803	0	0
1299	0.218032	0	0
1298	0.21499	0	0
1297	0.211953	0	0
1296	0.208919	0	0
1295	0.205888	0	0
1294	0.202863	0	0
1293	0.199844	0	0
1292	-69.9571	0	0
1291	-nan	0	0
1290	-nan	0	0
1289	-nan	0	0
1288	-nan	0	0
1287	-nan	0	0
1286	52533.9	0	0
1285	52047.6	0	0
1284	51558.4	0	0
1283	51066.1	0	0
1282	50570.7	0	0
1281	50072.3	0	0
1280	49570.8	0	0
1279	49066.1	0	0
1278	48558.4	0	0
1277	48047.5	0	0
1276	47533.4	0	0
1275	47016.1	0	0
1274	46495.7	0	0
1273	45972	0	0
1272	45445.2	0	0
1271	44915	0	0
1270	44381.6	0	0
1269	43845	0	0
1268	43305	0	0
1267	42761.7	0	0
1266	42215.1	0	0
1265	41665.2	0	0
1264	41111.8	0	0
1263	40555.1	0	0
1262	39995	0	0
1261	39431.5	0	0
1260	38864.5	0	0
1259	38294.1	0	0
1258	37720.1	0	0
1257	37142.7	0	0
1256	36561.8	0	0
1255	35977.4	0	0
1254	35389.4	0	0
1253	34797.8	0	0
1252	34202.7	0	0
1251	33603.9	0	0
1250	33001.5	0	0
1249	32395.5	0	0
1248	31785.8	0	0
1247	31172.4	0	0
1246	30555.3	0	0
1245	29934.5	0	0
1244	29310	0	0
1243	28681.6	0	0
1242	28049.5	0	0
1241	27413.6	0	0
1240	26773.9	0	0
1239	26130.3	0	0
1238	25482.9	0	0
1237	24831.6	0	0
1236	24176.4	0	0
1235	23517.2	0	0
1234	22854.1	0	0
1233	22187	0	0
1232	21516	0	0
1231	20840.9	0	0
1230	20161.8	0	0
1229	19478.6	0	0
1228	18791.4	0	0
1227	18100	0	0
1226	17404.5	0	0
1225	16704.9	0	0
1224	16001.2	0	0
1223	15293.2	0	0
1222	14581	0	0
1221	13864.6	0	0
1220	13144	0	0
1219	12419.1	0	0
1218	11689.8	0	0
1217	10956.3	0	0
1216	10218.4	0	0
1215	9476.07	0	0
1214	8729.4	0	0
1213	7978.31	0	0
1212	7222.77	0	0
1211	6462.77	0	0
1210	5698.28	0	0
1209	4929.27	0	0
1208	4155.73	0	0
1207	3377.62	0	0
1206	2594.93	0	0
1205	1807.62	0	0
1204	1015.67	0	0
1203	219.06	0	0
1202	152243	0	0
1201	151884	0	0
1200	151521	0	0
1199	151155	0	0
1198	150786	0	0
1197	150414	0	0
1196	150038	0	0
1195	149660	0	0
1194	149278	0	0
1193	148892	0	0
1192	148504	0	0
1191	148112	0	0
1190	147717	0	0
1189	147319	0	0
1188	146917	0	0
1187	146512	0	0
1186	146103	0	0
1185	145691	0	0
1184	145276	0	0
1183	144857	0	0
1182	144434	0	0
1181	144008	0	0
1180	143579	0	0
