6379	-0.281875	0	0
6378	-0.281744	0	0
6377	-0.282401	0	0
6376	-0.283211	0	0
6375	-0.284036	0	0
6374	-0.284836	0	0
6373	-0.285599	0	0
6372	-0.28632	0	0
6371	-0.287001	0	0
6370	-0.287644	0	0
6369	-0.288252	0	0
6368	-0.288827	0	0
6367	-0.289372	0	0
6366	-0.28989	0	0
6365	-0.290382	0	0
6364	-0.290851	0	0
6363	-0.291298	0	0
6362	-0.291726	0	0
6361	-0.292135	0	0
6360	-0.292527	0	0
6359	-0.292904	0	0
6358	-0.293266	0	0
6357	-0.293614	0	0
6356	-0.29395	0	0
6355	-0.294273	0	0
6354	-0.294585	0	0
6353	-0.294887	0	0
6352	-0.295179	0	0
6351	-0.295461	0	0
6350	-0.295735	0	0
6349	-0.296	0	0
6348	-0.296257	0	0
6347	-0.296506	0	0
6346	-0.296749	0	0
6345	-0.296984	0	0
6344	-0.297213	0	0
6343	-0.297435	0	0
6342	-0.297652	0	0
6341	-0.297862	0	0
6340	-0.298067	0	0
6339	-0.298267	0	0
6338	-0.298462	0	0
6337	-0.298651	0	0
6336	-0.298836	0	0
6335	-0.299016	0	0
6334	-0.299192	0	0
6333	-0.299363	0	0
6332	-0.299531	0	0
6331	-0.299694	0	0
6330	-0.299853	0	0
6329	-0.300008	0	0
6328	-0.30016	0	0
6327	-0.300308	0	0
6326	-0.300452	0	0
6325	-0.300593	0	0
6324	-0.300731	0	0
6323	-0.300865	0	0
6322	-0.300997	0	0
6321	-0.301125	0	0
6320	-0.30125	0	0
6319	-0.301371	0	0
6318	-0.30149	0	0
6317	-0.301607	0	0
6316	-0.30172	0	0
6315	-0.30183	0	0
6314	-0.301938	0	0
6313	-0.302043	0	0
6312	-0.302146	0	0
6311	-0.302246	0	0
6310	-0.302343	0	0
6309	-0.302438	0	0
6308	-0.302531	0	0
6307	-0.302621	0	0
6306	-0.302709	0	0
6305	-0.302794	0	0
6304	-0.302878	0	0
6303	-0.302959	0	0
6302	-0.303037	0	0
6301	-0.303114	0	0
6300	-0.303188	0	0
6299	-0.303261	0	0
6298	-0.303331	0	0
6297	-0.303399	0	0
6296	-0.303465	0	0
6295	-0.303529	0	0
6294	-0.303591	0	0
6293	-0.303652	0	0
6292	-0.30371	0	0
6291	-0.303766	0	0
6290	-0.303821	0	0
6289	-0.303874	0	0
6288	-0.303925	0	0
6287	-0.303974	0	0
6286	-0.304021	0	0
6285	-0.304067	0	0
6284	-0.304111	0	0
6283	-0.304153	0	0
6282	-0.304193	0	0
6281	-0.304232	0	0
6280	-0.304269	0	0
6279	-0.304305	0	0
6278	-0.304339	0	0
6277	-0.304371	0	0
6276	-0.304402	0	0
6275	-0.304431	0	0
6274	-0.304459	0	0
6273	-0.304485	0	0
6272	-0.30451	0	0
6271	-0.304533	0	0
6270	-0.304555	0	0
6269	-0.304575	0	0
6268	-0.304594	0	0
6267	-0.304611	0	0
6266	-0.304627	0	0
6265	-0.304642	0	0
6264	-0.304655	0	0
6263	-0.304667	0	0
6262	-0.304678	0	0
6261	-0.304687	0	0
6260	-0.304695	0	0
6259	-0.304702	0	0
6258	-0.304707	0	0
6257	-0.304711	0	0
6256	-0.304714	0	0
6255	-0.304716	0	0
6254	-0.304716	0	0
6253	-0.304715	0	0
6252	-0.304713	0	0
6251	-0.30471	0	0
6250	-0.304706	0	0
6249	-0.3047	0	0
6248	-0.304693	0	0
6247	-0.304685	0	0
6246	-0.304676	0	0
6245	-0.304666	0	0
6244	-0.304655	0	0
6243	-0.304643	0	0
6242	-0.304629	0	0
6241	-0.304615	0	0
6240	-0.304599	0	0
6239	-0.304583	0	0
6238	-0.304565	0	0
6237	-0.304546	0	0
6236	-0.304527	0	0
6235	-0.304506	0	0
6234	-0.304484	0	0
6233	-0.304462	0	0
6232	-0.304438	0	0
6231	-0.304413	0	0
6230	-0.304388	0	0
6229	-0.304361	0	0
6228	-0.304334	0	0
6227	-0.304305	0	0
6226	-0.304276	0	0
6225	-0.304245	0	0
6224	-0.304214	0	0
6223	-0.304182	0	0
6222	-0.304149	0	0
6221	-0.304115	0	0
6220	-0.30408	0	0
6219	-0.304045	0	0
6218	-0.304008	0	0
6217	-0.303971	0	0
6216	-0.303933	0	0
6215	-0.303894	0	0
6214	-0.303854	0	0
6213	-0.303813	0	0
6212	-0.303772	0	0
6211	-0.303729	0	0
6210	-0.303686	0	0
6209	-0.303642	0	0
6208	-0.303598	0	0
6207	-0.303552	0	0
6206	-0.303506	0	0
6205	-0.303459	0	0
6204	-0.303411	0	0
6203	-0.303363	0	0
6202	-0.303313	0	0
6201	-0.303263	0	0
6200	-0.303213	0	0
6199	-0.303161	0	0
6198	-0.303109	0	0
6197	-0.303056	0	0
6196	-0.303002	0	0
6195	-0.302948	0	0
6194	-0.302893	0	0
6193	-0.302837	0	0
6192	-0.302781	0	0
6191	-0.302724	0	0
6190	-0.302666	0	0
6189	-0.302608	0	0
6188	-0.302549	0	0
6187	-0.302489	0	0
6186	-0.302429	0	0
6185	-0.302368	0	0
6184	-0.302306	0	0
6183	-0.302244	0	0
6182	-0.302181	0	0
6181	-0.302117	0	0
6180	-0.302053	0	0
6179	-0.301988	0	0
6178	-0.301923	0	0
6177	-0.301857	0	0
6176	-0.30179	0	0
6175	-0.301723	0	0
6174	-0.301655	0	0
6173	-0.301587	0	0
6172	-0.301518	0	0
6171	-0.301448	0	0
6170	-0.301378	0	0
6169	-0.301308	0	0
6168	-0.301237	0	0
6167	-0.301165	0	0
6166	-0.301092	0	0
6165	-0.301019	0	0
6164	-0.300946	0	0
6163	-0.300872	0	0
6162	-0.300798	0	0
6161	-0.300723	0	0
6160	-0.300647	0	0
6159	-0.300571	0	0
6158	-0.300494	0	0
6157	-0.300417	0	0
6156	-0.300339	0	0
6155	-0.300261	0	0
6154	-0.300183	0	0
6153	-0.300103	0	0
6152	-0.300024	0	0
6151	-0.299943	0	0
6150	-0.299863	0	0
6149	-0.299782	0	0
6148	-0.2997	0	0
6147	-0.299618	0	0
6146	-0.299535	0	0
6145	-0.299452	0	0
6144	-0.299369	0	0
6143	-0.299285	0	0
6142	-0.2992	0	0
6141	-0.299115	0	0
6140	-0.29903	0	0
6139	-0.298944	0	0
6138	-0.298857	0	0
6137	-0.298771	0	0
6136	-0.298683	0	0
6135	-0.298596	0	0
6134	-0.298508	0	0
6133	-0.298419	0	0
6132	-0.29833	0	0
6131	-0.298241	0	0
6130	-0.298151	0	0
6129	-0.298061	0	0
6128	-0.29797	0	0
6127	-0.297879	0	0
6126	-0.297787	0	0
6125	-0.297695	0	0
6124	-0.297603	0	0
6123	-0.29751	0	0
6122	-0.297417	0	0
6121	-0.297323	0	0
6120	-0.297229	0	0
6119	-0.297135	0	0
6118	-0.29704	0	0
6117	-0.296945	0	0
6116	-0.29685	0	0
6115	-0.296754	0	0
6114	-0.296657	0	0
6113	-0.29656	0	0
6112	-0.296463	0	0
6111	-0.296366	0	0
6110	-0.296268	0	0
6109	-0.29617	0	0
6108	-0.296071	0	0
6107	-0.295972	0	0
6106	-0.295873	0	0
6105	-0.295773	0	0
6104	-0.295673	0	0
6103	-0.295572	0	0
6102	-0.295472	0	0
6101	-0.29537	0	0
6100	-0.295269	0	0
6099	-0.295167	0	0
6098	-0.295065	0	0
6097	-0.294962	0	0
6096	-0.294859	0	0
6095	-0.294756	0	0
6094	-0.294652	0	0
6093	-0.294548	0	0
6092	-0.294444	0	0
6091	-0.294339	0	0
6090	-0.294234	0	0
6089	-0.294129	0	0
6088	-0.294024	0	0
6087	-0.293918	0	0
6086	-0.293811	0	0
6085	-0.293705	0	0
6084	-0.293598	0	0
6083	-0.29349	0	0
6082	-0.293383	0	0
6081	-0.293275	0	0
6080	-0.293167	0	0
6079	-0.293058	0	0
6078	-0.292949	0	0
6077	-0.29284	0	0
6076	-0.29273	0	0
6075	-0.292621	0	0
6074	-0.29251	0	0
6073	-0.2924	0	0
6072	-0.292289	0	0
6071	-0.292178	0	0
6070	-0.292067	0	0
6069	-0.291955	0	0
6068	-0.291843	0	0
6067	-0.291731	0	0
6066	-0.291619	0	0
6065	-0.291506	0	0
6064	-0.291393	0	0
6063	-0.291279	0	0
6062	-0.291166	0	0
6061	-0.291052	0	0
6060	-0.290937	0	0
6059	-0.290823	0	0
6058	-0.290708	0	0
6057	-0.290593	0	0
6056	-0.290477	0	0
6055	-0.290362	0	0
6054	-0.290246	0	0
6053	-0.290129	0	0
6052	-0.290013	0	0
6051	-0.289896	0	0
6050	-0.289779	0	0
6049	-0.289662	0	0
6048	-0.289544	0	0
6047	-0.289426	0	0
6046	-0.289308	0	0
6045	-0.28919	0	0
6044	-0.289071	0	0
6043	-0.288952	0	0
6042	-0.288833	0	0
6041	-0.288713	0	0
6040	-0.288593	0	0
6039	-0.288473	0	0
6038	-0.288353	0	0
6037	-0.288233	0	0
6036	-0.288112	0	0
6035	-0.287991	0	0
6034	-0.28787	0	0
6033	-0.287748	0	0
6032	-0.287626	0	0
6031	-0.287504	0	0
6030	-0.287382	0	0
6029	-0.287259	0	0
6028	-0.287137	0	0
6027	-0.287014	0	0
6026	-0.28689	0	0
6025	-0.286767	0	0
6024	-0.286643	0	0
6023	-0.286519	0	0
6022	-0.286395	0	0
6021	-0.28627	0	0
6020	-0.286145	0	0
6019	-0.28602	0	0
6018	-0.285895	0	0
6017	-0.28577	0	0
6016	-0.285644	0	0
6015	-0.285518	0	0
6014	-0.285392	0	0
6013	-0.285266	0	0
6012	-0.285139	0	0
6011	-0.285012	0	0
6010	-0.284885	0	0
6009	-0.284758	0	0
6008	-0.28463	0	0
6007	-0.284502	0	0
6006	-0.284375	0	0
6005	-0.284246	0	0
6004	-0.284118	0	0
6003	-0.283989	0	0
6002	-0.28386	0	0
6001	-0.283731	0	0
6000	-0.283602	0	0
5999	-0.283472	0	0
5998	-0.283343	0	0
5997	-0.283213	0	0
5996	-0.283082	0	0
5995	-0.282952	0	0
5994	-0.282821	0	0
5993	-0.28269	0	0
5992	-0.282559	0	0
5991	-0.282428	0	0
5990	-0.282296	0	0
5989	-0.282165	0	0
5988	-0.282033	0	0
5987	-0.281901	0	0
5986	-0.281768	0	0
5985	-0.281636	0	0
5984	-0.281503	0	0
5983	-0.28137	0	0
5982	-0.281237	0	0
5981	-0.281103	0	0
5980	-0.28097	0	0
5979	-0.280836	0	0
5978	-0.280702	0	0
5977	-0.280568	0	0
5976	-0.280433	0	0
5975	-0.280299	0	0
5974	-0.280164	0	0
5973	-0.280029	0	0
5972	-0.279894	0	0
5971	-0.279758	0	0
5970	-0.279623	0	0
5969	-0.279487	0	0
5968	-0.279351	0	0
5967	-0.279215	0	0
5966	-0.279078	0	0
5965	-0.278942	0	0
5964	-0.278805	0	0
5963	-0.278668	0	0
5962	-0.278531	0	0
5961	-0.278393	0	0
5960	-0.278256	0	0
5959	-0.278118	0	0
5958	-0.27798	0	0
5957	-0.277842	0	0
5956	-0.277703	0	0
5955	-0.277565	0	0
5954	-0.277426	0	0
5953	-0.277287	0	0
5952	-0.277148	0	0
5951	-0.277009	0	0
5950	-0.276869	0	0
5949	-0.27673	0	0
5948	-0.27659	0	0
5947	-0.27645	0	0
5946	-0.276309	0	0
5945	-0.276169	0	0
5944	-0.276028	0	0
5943	-0.275888	0	0
5942	-0.275747	0	0
5941	-0.275606	0	0
5940	-0.275464	0	0
5939	-0.275323	0	0
5938	-0.275181	0	0
5937	-0.275039	0	0
5936	-0.274897	0	0
5935	-0.274755	0	0
5934	-0.274613	0	0
5933	-0.27447	0	0
5932	-0.274327	0	0
5931	-0.274184	0	0
5930	-0.274041	0	0
5929	-0.273898	0	0
5928	-0.273754	0	0
5927	-0.273611	0	0
5926	-0.273467	0	0
5925	-0.273323	0	0
5924	-0.273179	0	0
5923	-0.273034	0	0
5922	-0.27289	0	0
5921	-0.272745	0	0
5920	-0.2726	0	0
5919	-0.272455	0	0
5918	-0.27231	0	0
5917	-0.272165	0	0
5916	-0.272019	0	0
5915	-0.271873	0	0
5914	-0.271728	0	0
5913	-0.271581	0	0
5912	-0.271435	0	0
5911	-0.271289	0	0
5910	-0.271142	0	0
5909	-0.270996	0	0
5908	-0.270849	0	0
5907	-0.270713	0	0
5906	-0.270571	0	0
5905	-0.270426	0	0
5904	-0.27028	0	0
5903	-0.270133	0	0
5902	-0.269986	0	0
5901	-0.269839	0	0
5900	-0.269692	0	0
5899	-0.269544	0	0
5898	-0.269396	0	0
5897	-0.269248	0	0
5896	-0.2691	0	0
5895	-0.268951	0	0
5894	-0.268803	0	0
5893	-0.268654	0	0
5892	-0.268505	0	0
5891	-0.268355	0	0
5890	-0.268206	0	0
5889	-0.268056	0	0
5888	-0.267907	0	0
5887	-0.267757	0	0
5886	-0.267606	0	0
5885	-0.267456	0	0
5884	-0.267306	0	0
5883	-0.267155	0	0
5882	-0.267004	0	0
5881	-0.266853	0	0
5880	-0.266702	0	0
5879	-0.266551	0	0
5878	-0.266399	0	0
5877	-0.266248	0	0
5876	-0.266096	0	0
5875	-0.265944	0	0
5874	-0.265792	0	0
5873	-0.26564	0	0
5872	-0.265487	0	0
5871	-0.265334	0	0
5870	-0.265182	0	0
5869	-0.265029	0	0
5868	-0.264876	0	0
5867	-0.264723	0	0
5866	-0.264569	0	0
5865	-0.264416	0	0
5864	-0.264262	0	0
5863	-0.264108	0	0
5862	-0.263954	0	0
5861	-0.2638	0	0
5860	-0.263646	0	0
5859	-0.263491	0	0
5858	-0.263337	0	0
5857	-0.263182	0	0
5856	-0.263027	0	0
5855	-0.262872	0	0
5854	-0.262717	0	0
5853	-0.262561	0	0
5852	-0.262406	0	0
5851	-0.26225	0	0
5850	-0.262094	0	0
5849	-0.261938	0	0
5848	-0.261782	0	0
5847	-0.261626	0	0
5846	-0.261469	0	0
5845	-0.261313	0	0
5844	-0.261156	0	0
5843	-0.260999	0	0
5842	-0.260842	0	0
5841	-0.260685	0	0
5840	-0.260528	0	0
5839	-0.26037	0	0
5838	-0.260213	0	0
5837	-0.260055	0	0
5836	-0.259897	0	0
5835	-0.259739	0	0
5834	-0.259581	0	0
5833	-0.259422	0	0
5832	-0.259264	0	0
5831	-0.259105	0	0
5830	-0.258946	0	0
5829	-0.258787	0	0
5828	-0.258628	0	0
5827	-0.258469	0	0
5826	-0.25831	0	0
5825	-0.25815	0	0
5824	-0.257991	0	0
5823	-0.257831	0	0
5822	-0.257671	0	0
5821	-0.257511	0	0
5820	-0.257351	0	0
5819	-0.25719	0	0
5818	-0.25703	0	0
5817	-0.256869	0	0
5816	-0.256708	0	0
5815	-0.256548	0	0
5814	-0.256386	0	0
5813	-0.256225	0	0
5812	-0.256064	0	0
5811	-0.255902	0	0
5810	-0.255741	0	0
5809	-0.255579	0	0
5808	-0.255417	0	0
5807	-0.255255	0	0
5806	-0.255093	0	0
5805	-0.254931	0	0
5804	-0.254768	0	0
5803	-0.254606	0	0
5802	-0.254443	0	0
5801	-0.25428	0	0
5800	-0.254117	0	0
5799	-0.253954	0	0
5798	-0.253791	0	0
5797	-0.253627	0	0
5796	-0.253464	0	0
5795	-0.2533	0	0
5794	-0.253136	0	0
5793	-0.252972	0	0
5792	-0.252808	0	0
5791	-0.252644	0	0
5790	-0.252479	0	0
5789	-0.252315	0	0
5788	-0.25215	0	0
5787	-0.251985	0	0
5786	-0.25182	0	0
5785	-0.251655	0	0
5784	-0.25149	0	0
5783	-0.251325	0	0
5782	-0.251159	0	0
5781	-0.250994	0	0
5780	-0.250828	0	0
5779	-0.250662	0	0
5778	-0.250496	0	0
5777	-0.25033	0	0
5776	-0.250164	0	0
5775	-0.249997	0	0
5774	-0.249831	0	0
5773	-0.249664	0	0
5772	-0.249497	0	0
5771	-0.24933	0	0
5770	-0.249163	0	0
5769	-0.248996	0	0
5768	-0.248829	0	0
5767	-0.248661	0	0
5766	-0.248494	0	0
5765	-0.248326	0	0
5764	-0.248158	0	0
5763	-0.24799	0	0
5762	-0.247822	0	0
5761	-0.247654	0	0
5760	-0.247485	0	0
5759	-0.247317	0	0
5758	-0.247148	0	0
5757	-0.246979	0	0
5756	-0.24681	0	0
5755	-0.246641	0	0
5754	-0.246472	0	0
5753	-0.246303	0	0
5752	-0.246133	0	0
5751	-0.245964	0	0
5750	-0.245794	0	0
5749	-0.245624	0	0
5748	-0.245454	0	0
5747	-0.245284	0	0
5746	-0.245114	0	0
5745	-0.244944	0	0
5744	-0.244773	0	0
5743	-0.244603	0	0
5742	-0.244432	0	0
5741	-0.244261	0	0
5740	-0.24409	0	0
5739	-0.243919	0	0
5738	-0.243748	0	0
5737	-0.243576	0	0
5736	-0.243405	0	0
5735	-0.243233	0	0
5734	-0.243061	0	0
5733	-0.242889	0	0
5732	-0.242717	0	0
5731	-0.242545	0	0
5730	-0.242373	0	0
5729	-0.242201	0	0
5728	-0.242028	0	0
5727	-0.241855	0	0
5726	-0.241683	0	0
5725	-0.24151	0	0
5724	-0.241337	0	0
5723	-0.241163	0	0
5722	-0.24099	0	0
5721	-0.240817	0	0
5720	-0.240643	0	0
5719	-0.240469	0	0
5718	-0.240296	0	0
5717	-0.240122	0	0
5716	-0.239948	0	0
5715	-0.239773	0	0
5714	-0.239599	0	0
5713	-0.239425	0	0
5712	-0.23925	0	0
5711	-0.239075	0	0
5710	-0.238901	0	0
5709	-0.238726	0	0
5708	-0.238551	0	0
5707	-0.238375	0	0
5706	-0.2382	0	0
5705	-0.238025	0	0
5704	-0.237849	0	0
5703	-0.237673	0	0
5702	-0.237498	0	0
5701	-0.237322	0	0
5700	-0.237146	0	0
5699	-0.236969	0	0
5698	-0.236793	0	0
5697	-0.236617	0	0
5696	-0.23644	0	0
5695	-0.236263	0	0
5694	-0.236087	0	0
5693	-0.23591	0	0
5692	-0.235733	0	0
5691	-0.235555	0	0
5690	-0.235378	0	0
5689	-0.235201	0	0
5688	-0.235023	0	0
5687	-0.234846	0	0
5686	-0.234668	0	0
5685	-0.23449	0	0
5684	-0.234312	0	0
5683	-0.234134	0	0
5682	-0.233955	0	0
5681	-0.233777	0	0
5680	-0.233598	0	0
5679	-0.23342	0	0
5678	-0.233241	0	0
5677	-0.233062	0	0
5676	-0.232883	0	0
5675	-0.232704	0	0
5674	-0.232525	0	0
5673	-0.232345	0	0
5672	-0.232166	0	0
5671	-0.231986	0	0
5670	-0.231806	0	0
5669	-0.231626	0	0
5668	-0.231446	0	0
5667	-0.231266	0	0
5666	-0.231086	0	0
5665	-0.230906	0	0
5664	-0.230725	0	0
5663	-0.230544	0	0
5662	-0.230364	0	0
5661	-0.230183	0	0
5660	-0.230002	0	0
5659	-0.229821	0	0
5658	-0.229697	0	0
5657	-0.229535	0	0
5656	-0.229364	0	0
5655	-0.229189	0	0
5654	-0.229012	0	0
5653	-0.228835	0	0
5652	-0.228657	0	0
5651	-0.228478	0	0
5650	-0.228298	0	0
5649	-0.228118	0	0
5648	-0.227938	0	0
5647	-0.227757	0	0
5646	-0.227576	0	0
5645	-0.227395	0	0
5644	-0.227213	0	0
5643	-0.227032	0	0
5642	-0.22685	0	0
5641	-0.226668	0	0
5640	-0.226485	0	0
5639	-0.226303	0	0
5638	-0.22612	0	0
5637	-0.225937	0	0
5636	-0.225754	0	0
5635	-0.225571	0	0
5634	-0.225387	0	0
5633	-0.225203	0	0
5632	-0.22502	0	0
5631	-0.224836	0	0
5630	-0.224652	0	0
5629	-0.224467	0	0
5628	-0.224283	0	0
5627	-0.224098	0	0
5626	-0.223914	0	0
5625	-0.223729	0	0
5624	-0.223544	0	0
5623	-0.223358	0	0
5622	-0.223173	0	0
5621	-0.222988	0	0
5620	-0.222802	0	0
5619	-0.222616	0	0
5618	-0.222431	0	0
5617	-0.222245	0	0
5616	-0.222058	0	0
5615	-0.221872	0	0
5614	-0.221686	0	0
5613	-0.221499	0	0
5612	-0.221313	0	0
5611	-0.221126	0	0
5610	-0.220939	0	0
5609	-0.220752	0	0
5608	-0.220565	0	0
5607	-0.220377	0	0
5606	-0.22019	0	0
5605	-0.220002	0	0
5604	-0.219815	0	0
5603	-0.219627	0	0
5602	-0.219439	0	0
5601	-0.219251	0	0
5600	-0.219062	0	0
5599	-0.218874	0	0
5598	-0.218686	0	0
5597	-0.218497	0	0
5596	-0.218308	0	0
5595	-0.21812	0	0
5594	-0.217931	0	0
5593	-0.217741	0	0
5592	-0.217552	0	0
5591	-0.217363	0	0
5590	-0.217173	0	0
5589	-0.216984	0	0
5588	-0.216794	0	0
5587	-0.216604	0	0
5586	-0.216414	0	0
5585	-0.216224	0	0
5584	-0.216034	0	0
5583	-0.215844	0	0
5582	-0.215653	0	0
5581	-0.215463	0	0
5580	-0.215272	0	0
5579	-0.215081	0	0
5578	-0.21489	0	0
5577	-0.214699	0	0
5576	-0.214508	0	0
5575	-0.214317	0	0
5574	-0.214125	0	0
5573	-0.213934	0	0
5572	-0.213742	0	0
5571	-0.213551	0	0
5570	-0.213359	0	0
5569	-0.213167	0	0
5568	-0.212975	0	0
5567	-0.212782	0	0
5566	-0.21259	0	0
5565	-0.212397	0	0
5564	-0.212205	0	0
5563	-0.212012	0	0
5562	-0.211819	0	0
5561	-0.211626	0	0
5560	-0.211433	0	0
5559	-0.21124	0	0
5558	-0.211047	0	0
5557	-0.210853	0	0
5556	-0.21066	0	0
5555	-0.210466	0	0
5554	-0.210272	0	0
5553	-0.210078	0	0
5552	-0.209884	0	0
5551	-0.20969	0	0
5550	-0.209496	0	0
5549	-0.209302	0	0
5548	-0.209107	0	0
5547	-0.208913	0	0
5546	-0.208718	0	0
5545	-0.208523	0	0
5544	-0.208328	0	0
5543	-0.208133	0	0
5542	-0.207938	0	0
5541	-0.207742	0	0
5540	-0.207547	0	0
5539	-0.207351	0	0
5538	-0.207156	0	0
5537	-0.20696	0	0
5536	-0.206764	0	0
5535	-0.206568	0	0
5534	-0.206372	0	0
5533	-0.206176	0	0
5532	-0.205979	0	0
5531	-0.205783	0	0
5530	-0.205586	0	0
5529	-0.20539	0	0
5528	-0.205193	0	0
5527	-0.204996	0	0
5526	-0.204799	0	0
5525	-0.204602	0	0
5524	-0.204404	0	0
5523	-0.204207	0	0
5522	-0.20401	0	0
5521	-0.203812	0	0
5520	-0.203614	0	0
5519	-0.203416	0	0
5518	-0.203218	0	0
5517	-0.20302	0	0
5516	-0.202822	0	0
5515	-0.202624	0	0
5514	-0.202425	0	0
5513	-0.202227	0	0
5512	-0.202028	0	0
5511	-0.201829	0	0
5510	-0.20163	0	0
5509	-0.201431	0	0
5508	-0.201232	0	0
5507	-0.201033	0	0
5506	-0.200834	0	0
5505	-0.200634	0	0
5504	-0.200435	0	0
5503	-0.200235	0	0
5502	-0.200035	0	0
5501	-0.199835	0	0
5500	-0.199635	0	0
5499	-0.199435	0	0
5498	-0.199235	0	0
5497	-0.199035	0	0
5496	-0.198834	0	0
5495	-0.198633	0	0
5494	-0.198433	0	0
5493	-0.198232	0	0
5492	-0.198031	0	0
5491	-0.19783	0	0
5490	-0.197629	0	0
5489	-0.197427	0	0
5488	-0.197226	0	0
5487	-0.197025	0	0
5486	-0.196823	0	0
5485	-0.196621	0	0
5484	-0.196419	0	0
5483	-0.196217	0	0
5482	-0.196015	0	0
5481	-0.195813	0	0
5480	-0.195611	0	0
5479	-0.195408	0	0
5478	-0.195206	0	0
5477	-0.195003	0	0
5476	-0.1948	0	0
5475	-0.194598	0	0
5474	-0.194395	0	0
5473	-0.194192	0	0
5472	-0.193988	0	0
5471	-0.193785	0	0
5470	-0.193582	0	0
5469	-0.193378	0	0
5468	-0.193174	0	0
5467	-0.192971	0	0
5466	-0.192767	0	0
5465	-0.192563	0	0
5464	-0.192359	0	0
5463	-0.192154	0	0
5462	-0.19195	0	0
5461	-0.191746	0	0
5460	-0.191541	0	0
5459	-0.191336	0	0
5458	-0.191132	0	0
5457	-0.190927	0	0
5456	-0.190722	0	0
5455	-0.190517	0	0
5454	-0.190311	0	0
5453	-0.190106	0	0
5452	-0.189901	0	0
5451	-0.189695	0	0
5450	-0.189489	0	0
5449	-0.189284	0	0
5448	-0.189078	0	0
5447	-0.188872	0	0
5446	-0.188666	0	0
5445	-0.188459	0	0
5444	-0.188253	0	0
5443	-0.188046	0	0
5442	-0.18784	0	0
5441	-0.187633	0	0
5440	-0.187426	0	0
5439	-0.18722	0	0
5438	-0.187012	0	0
5437	-0.186805	0	0
5436	-0.186598	0	0
5435	-0.186391	0	0
5434	-0.186183	0	0
5433	-0.185976	0	0
5432	-0.185768	0	0
5431	-0.18556	0	0
5430	-0.185352	0	0
5429	-0.185144	0	0
5428	-0.184936	0	0
5427	-0.184728	0	0
5426	-0.18452	0	0
5425	-0.184311	0	0
5424	-0.184103	0	0
5423	-0.183894	0	0
5422	-0.183685	0	0
5421	-0.183476	0	0
5420	-0.183267	0	0
5419	-0.183058	0	0
5418	-0.182849	0	0
5417	-0.182639	0	0
5416	-0.18243	0	0
5415	-0.18222	0	0
5414	-0.182011	0	0
5413	-0.181801	0	0
5412	-0.181591	0	0
5411	-0.181381	0	0
5410	-0.181171	0	0
5409	-0.180961	0	0
5408	-0.18075	0	0
5407	-0.18054	0	0
5406	-0.180329	0	0
5405	-0.180119	0	0
5404	-0.179908	0	0
5403	-0.179697	0	0
5402	-0.179486	0	0
5401	-0.179275	0	0
5400	-0.179063	0	0
5399	-0.178852	0	0
5398	-0.178641	0	0
5397	-0.178429	0	0
5396	-0.178217	0	0
5395	-0.178006	0	0
5394	-0.177794	0	0
5393	-0.177582	0	0
5392	-0.17737	0	0
5391	-0.177157	0	0
5390	-0.176945	0	0
5389	-0.176733	0	0
5388	-0.17652	0	0
5387	-0.176307	0	0
5386	-0.176095	0	0
5385	-0.175882	0	0
5384	-0.175669	0	0
5383	-0.175456	0	0
5382	-0.175242	0	0
5381	-0.175029	0	0
5380	-0.174816	0	0
5379	-0.174602	0	0
5378	-0.174388	0	0
5377	-0.174175	0	0
5376	-0.173961	0	0
5375	-0.173747	0	0
5374	-0.173533	0	0
5373	-0.173319	0	0
5372	-0.173104	0	0
5371	-0.17289	0	0
5370	-0.172675	0	0
5369	-0.172461	0	0
5368	-0.172246	0	0
5367	-0.172031	0	0
5366	-0.171816	0	0
5365	-0.171601	0	0
5364	-0.171386	0	0
5363	-0.171171	0	0
5362	-0.170955	0	0
5361	-0.17074	0	0
5360	-0.170524	0	0
5359	-0.170308	0	0
5358	-0.170092	0	0
5357	-0.169877	0	0
5356	-0.16966	0	0
5355	-0.169444	0	0
5354	-0.169228	0	0
5353	-0.169012	0	0
5352	-0.168795	0	0
5351	-0.168579	0	0
5350	-0.168362	0	0
5349	-0.168145	0	0
5348	-0.167928	0	0
5347	-0.167711	0	0
5346	-0.167494	0	0
5345	-0.167277	0	0
5344	-0.167059	0	0
5343	-0.166842	0	0
5342	-0.166624	0	0
5341	-0.166407	0	0
5340	-0.166189	0	0
5339	-0.165971	0	0
5338	-0.165753	0	0
5337	-0.165535	0	0
5336	-0.165317	0	0
5335	-0.165098	0	0
5334	-0.16488	0	0
5333	-0.164661	0	0
5332	-0.164443	0	0
5331	-0.164224	0	0
5330	-0.164005	0	0
5329	-0.163786	0	0
5328	-0.163567	0	0
5327	-0.163348	0	0
5326	-0.163128	0	0
5325	-0.162909	0	0
5324	-0.162689	0	0
5323	-0.16247	0	0
5322	-0.16225	0	0
5321	-0.16203	0	0
5320	-0.16181	0	0
5319	-0.16159	0	0
5318	-0.16137	0	0
5317	-0.16115	0	0
5316	-0.160929	0	0
5315	-0.160709	0	0
5314	-0.160488	0	0
5313	-0.160268	0	0
5312	-0.160047	0	0
5311	-0.159826	0	0
5310	-0.159605	0	0
5309	-0.159384	0	0
5308	-0.159162	0	0
5307	-0.158941	0	0
5306	-0.15872	0	0
5305	-0.158498	0	0
5304	-0.158276	0	0
5303	-0.158055	0	0
5302	-0.157833	0	0
5301	-0.157611	0	0
5300	-0.157389	0	0
5299	-0.157166	0	0
5298	-0.156944	0	0
5297	-0.156722	0	0
5296	-0.156499	0	0
5295	-0.156276	0	0
5294	-0.156054	0	0
5293	-0.155831	0	0
5292	-0.155608	0	0
5291	-0.155385	0	0
5290	-0.155162	0	0
5289	-0.154938	0	0
5288	-0.154715	0	0
5287	-0.154492	0	0
5286	-0.154268	0	0
5285	-0.154044	0	0
5284	-0.15382	0	0
5283	-0.153596	0	0
5282	-0.153372	0	0
5281	-0.153148	0	0
5280	-0.152924	0	0
5279	-0.1527	0	0
5278	-0.152475	0	0
5277	-0.152251	0	0
5276	-0.152026	0	0
5275	-0.151801	0	0
5274	-0.151576	0	0
5273	-0.151351	0	0
5272	-0.151126	0	0
5271	-0.150901	0	0
5270	-0.150676	0	0
5269	-0.15045	0	0
5268	-0.150225	0	0
5267	-0.149999	0	0
5266	-0.149774	0	0
5265	-0.149548	0	0
5264	-0.149322	0	0
5263	-0.149096	0	0
5262	-0.14887	0	0
5261	-0.148643	0	0
5260	-0.148417	0	0
5259	-0.148191	0	0
5258	-0.147964	0	0
5257	-0.147737	0	0
5256	-0.147511	0	0
5255	-0.147284	0	0
5254	-0.147057	0	0
5253	-0.14683	0	0
5252	-0.146602	0	0
5251	-0.146375	0	0
5250	-0.146148	0	0
5249	-0.14592	0	0
5248	-0.145693	0	0
5247	-0.145465	0	0
5246	-0.145237	0	0
5245	-0.145009	0	0
5244	-0.144781	0	0
5243	-0.144553	0	0
5242	-0.144325	0	0
5241	-0.144096	0	0
5240	-0.143868	0	0
5239	-0.143639	0	0
5238	-0.143411	0	0
5237	-0.143182	0	0
5236	-0.142953	0	0
5235	-0.142724	0	0
5234	-0.142495	0	0
5233	-0.142266	0	0
5232	-0.142036	0	0
5231	-0.141807	0	0
5230	-0.141577	0	0
5229	-0.141348	0	0
5228	-0.141118	0	0
5227	-0.140888	0	0
5226	-0.140658	0	0
5225	-0.140428	0	0
5224	-0.140198	0	0
5223	-0.139968	0	0
5222	-0.139738	0	0
5221	-0.139507	0	0
5220	-0.139277	0	0
5219	-0.139046	0	0
5218	-0.138815	0	0
5217	-0.138584	0	0
5216	-0.138353	0	0
5215	-0.138122	0	0
5214	-0.137891	0	0
5213	-0.13766	0	0
5212	-0.137429	0	0
5211	-0.137197	0	0
5210	-0.136966	0	0
5209	-0.136734	0	0
5208	-0.136502	0	0
5207	-0.13627	0	0
5206	-0.136038	0	0
5205	-0.135806	0	0
5204	-0.135574	0	0
5203	-0.135342	0	0
5202	-0.135109	0	0
5201	-0.134877	0	0
5200	-0.134644	0	0
5199	-0.134411	0	0
5198	-0.134178	0	0
5197	-0.133946	0	0
5196	-0.133712	0	0
5195	-0.133479	0	0
5194	-0.133246	0	0
5193	-0.133013	0	0
5192	-0.132779	0	0
5191	-0.132546	0	0
5190	-0.132312	0	0
5189	-0.132078	0	0
5188	-0.131845	0	0
5187	-0.131611	0	0
5186	-0.131377	0	0
5185	-0.131142	0	0
5184	-0.130908	0	0
5183	-0.130674	0	0
5182	-0.130439	0	0
5181	-0.130205	0	0
5180	-0.12997	0	0
5179	-0.129735	0	0
5178	-0.1295	0	0
5177	-0.129265	0	0
5176	-0.12903	0	0
5175	-0.128795	0	0
5174	-0.12856	0	0
5173	-0.128324	0	0
5172	-0.128089	0	0
5171	-0.127853	0	0
5170	-0.127618	0	0
5169	-0.127382	0	0
5168	-0.127146	0	0
5167	-0.12691	0	0
5166	-0.126674	0	0
5165	-0.126438	0	0
5164	-0.126201	0	0
5163	-0.125965	0	0
5162	-0.125729	0	0
5161	-0.125492	0	0
5160	-0.125255	0	0
5159	-0.125018	0	0
5158	-0.124782	0	0
5157	-0.124545	0	0
5156	-0.124307	0	0
5155	-0.12407	0	0
5154	-0.123833	0	0
5153	-0.123595	0	0
5152	-0.123358	0	0
5151	-0.12312	0	0
5150	-0.122883	0	0
5149	-0.122645	0	0
5148	-0.122407	0	0
5147	-0.122169	0	0
5146	-0.121931	0	0
5145	-0.121693	0	0
5144	-0.121454	0	0
5143	-0.121216	0	0
5142	-0.120977	0	0
5141	-0.120739	0	0
5140	-0.1205	0	0
5139	-0.120261	0	0
5138	-0.120022	0	0
5137	-0.119783	0	0
5136	-0.119544	0	0
5135	-0.119305	0	0
5134	-0.119066	0	0
5133	-0.118826	0	0
5132	-0.118587	0	0
5131	-0.118347	0	0
5130	-0.118107	0	0
5129	-0.117868	0	0
5128	-0.117628	0	0
5127	-0.117388	0	0
5126	-0.117147	0	0
5125	-0.116907	0	0
5124	-0.116667	0	0
5123	-0.116427	0	0
5122	-0.116186	0	0
5121	-0.115945	0	0
5120	-0.115705	0	0
5119	-0.115464	0	0
5118	-0.115223	0	0
5117	-0.114982	0	0
5116	-0.114741	0	0
5115	-0.1145	0	0
5114	-0.114258	0	0
5113	-0.114017	0	0
5112	-0.113776	0	0
5111	-0.113534	0	0
5110	-0.113292	0	0
5109	-0.11305	0	0
5108	-0.112809	0	0
5107	-0.112567	0	0
5106	-0.112324	0	0
5105	-0.112082	0	0
5104	-0.11184	0	0
5103	-0.111598	0	0
5102	-0.111355	0	0
5101	-0.111113	0	0
5100	-0.11087	0	0
5099	-0.110627	0	0
5098	-0.110384	0	0
5097	-0.110141	0	0
5096	-0.109898	0	0
5095	-0.109655	0	0
5094	-0.109412	0	0
5093	-0.109168	0	0
5092	-0.108925	0	0
5091	-0.108681	0	0
5090	-0.108438	0	0
5089	-0.108194	0	0
5088	-0.10795	0	0
5087	-0.107706	0	0
5086	-0.107462	0	0
5085	-0.107218	0	0
5084	-0.106974	0	0
5083	-0.106729	0	0
5082	-0.106485	0	0
5081	-0.106241	0	0
5080	-0.105996	0	0
5079	-0.105751	0	0
5078	-0.105506	0	0
5077	-0.105261	0	0
5076	-0.105016	0	0
5075	-0.104771	0	0
5074	-0.104526	0	0
5073	-0.104281	0	0
5072	-0.104035	0	0
5071	-0.10379	0	0
5070	-0.103544	0	0
5069	-0.103299	0	0
5068	-0.103053	0	0
5067	-0.102807	0	0
5066	-0.102561	0	0
5065	-0.102315	0	0
5064	-0.102069	0	0
5063	-0.101823	0	0
5062	-0.101576	0	0
5061	-0.10133	0	0
5060	-0.101083	0	0
5059	-0.100837	0	0
5058	-0.10059	0	0
5057	-0.100343	0	0
5056	-0.100096	0	0
5055	-0.0998492	0	0
5054	-0.0996021	0	0
5053	-0.0993549	0	0
5052	-0.0991076	0	0
5051	-0.0988602	0	0
5050	-0.0986127	0	0
5049	-0.0983652	0	0
5048	-0.0981175	0	0
5047	-0.0978697	0	0
5046	-0.0976219	0	0
5045	-0.0973739	0	0
5044	-0.0971258	0	0
5043	-0.0968777	0	0
5042	-0.0966295	0	0
5041	-0.0963811	0	0
5040	-0.0961327	0	0
5039	-0.0958842	0	0
5038	-0.0956356	0	0
5037	-0.0953868	0	0
5036	-0.095138	0	0
5035	-0.0948891	0	0
5034	-0.0946402	0	0
5033	-0.0943911	0	0
5032	-0.0941419	0	0
5031	-0.0938926	0	0
5030	-0.0936433	0	0
5029	-0.0933938	0	0
5028	-0.0931443	0	0
5027	-0.0928946	0	0
5026	-0.0926449	0	0
5025	-0.0923951	0	0
5024	-0.0921451	0	0
5023	-0.0918951	0	0
5022	-0.091645	0	0
5021	-0.0913948	0	0
5020	-0.0911445	0	0
5019	-0.0908941	0	0
5018	-0.0906437	0	0
5017	-0.0903931	0	0
5016	-0.0901424	0	0
5015	-0.0898917	0	0
5014	-0.0896409	0	0
5013	-0.0893899	0	0
5012	-0.0891389	0	0
5011	-0.0888878	0	0
5010	-0.0886366	0	0
5009	-0.0883853	0	0
5008	-0.0881339	0	0
5007	-0.0878824	0	0
5006	-0.0876308	0	0
5005	-0.0873791	0	0
5004	-0.0871274	0	0
5003	-0.0868755	0	0
5002	-0.0866236	0	0
5001	-0.0863716	0	0
5000	-0.0861195	0	0
4999	-0.0858672	0	0
4998	-0.0856149	0	0
4997	-0.0853625	0	0
4996	-0.0851101	0	0
4995	-0.0848575	0	0
4994	-0.0846048	0	0
4993	-0.0843521	0	0
4992	-0.0840992	0	0
4991	-0.0838463	0	0
4990	-0.0835933	0	0
4989	-0.0833401	0	0
4988	-0.0830869	0	0
4987	-0.0828336	0	0
4986	-0.0825803	0	0
4985	-0.0823268	0	0
4984	-0.0820732	0	0
4983	-0.0818196	0	0
4982	-0.0815658	0	0
4981	-0.081312	0	0
4980	-0.0810581	0	0
4979	-0.0808041	0	0
4978	-0.08055	0	0
4977	-0.0802958	0	0
4976	-0.0800415	0	0
4975	-0.0797871	0	0
4974	-0.0795327	0	0
4973	-0.0792782	0	0
4972	-0.0790235	0	0
4971	-0.0787688	0	0
4970	-0.078514	0	0
4969	-0.0782591	0	0
4968	-0.0780041	0	0
4967	-0.077749	0	0
4966	-0.0774939	0	0
4965	-0.0772386	0	0
4964	-0.0769833	0	0
4963	-0.0767279	0	0
4962	-0.0764724	0	0
4961	-0.0762168	0	0
4960	-0.0759611	0	0
4959	-0.0757053	0	0
4958	-0.0754495	0	0
4957	-0.0751935	0	0
4956	-0.0749375	0	0
4955	-0.0746814	0	0
4954	-0.0744251	0	0
4953	-0.0741688	0	0
4952	-0.0739125	0	0
4951	-0.073656	0	0
4950	-0.0733994	0	0
4949	-0.0731428	0	0
4948	-0.0728861	0	0
4947	-0.0726293	0	0
4946	-0.0723724	0	0
4945	-0.0721154	0	0
4944	-0.0718583	0	0
4943	-0.0716011	0	0
4942	-0.0713439	0	0
4941	-0.0710866	0	0
4940	-0.0708292	0	0
4939	-0.0705717	0	0
4938	-0.0703141	0	0
4937	-0.0700564	0	0
4936	-0.0697987	0	0
4935	-0.0695408	0	0
4934	-0.0692829	0	0
4933	-0.0690249	0	0
4932	-0.0687668	0	0
4931	-0.0685086	0	0
4930	-0.0682503	0	0
4929	-0.067992	0	0
4928	-0.0677336	0	0
4927	-0.067475	0	0
4926	-0.0672164	0	0
4925	-0.0669577	0	0
4924	-0.066699	0	0
4923	-0.0664401	0	0
4922	-0.0661812	0	0
4921	-0.0659222	0	0
4920	-0.0656631	0	0
4919	-0.0654039	0	0
4918	-0.0651446	0	0
4917	-0.0648852	0	0
4916	-0.0646258	0	0
4915	-0.0643663	0	0
4914	-0.0641067	0	0
4913	-0.063847	0	0
4912	-0.0635872	0	0
4911	-0.0633274	0	0
4910	-0.0630674	0	0
4909	-0.0628074	0	0
4908	-0.0625473	0	0
4907	-0.0622871	0	0
4906	-0.0620268	0	0
4905	-0.0617665	0	0
4904	-0.0615061	0	0
4903	-0.0612456	0	0
4902	-0.060985	0	0
4901	-0.0607243	0	0
4900	-0.0604635	0	0
4899	-0.0602027	0	0
4898	-0.0599418	0	0
4897	-0.0596808	0	0
4896	-0.0594197	0	0
4895	-0.0591585	0	0
4894	-0.0588973	0	0
4893	-0.058636	0	0
4892	-0.0583745	0	0
4891	-0.0581131	0	0
4890	-0.0578515	0	0
4889	-0.0575898	0	0
4888	-0.0573281	0	0
4887	-0.0570663	0	0
4886	-0.0568044	0	0
4885	-0.0565425	0	0
4884	-0.0562804	0	0
4883	-0.0560183	0	0
4882	-0.0557561	0	0
4881	-0.0554938	0	0
4880	-0.0552314	0	0
4879	-0.054969	0	0
4878	-0.0547064	0	0
4877	-0.0544438	0	0
4876	-0.0541812	0	0
4875	-0.0539184	0	0
4874	-0.0536556	0	0
4873	-0.0533926	0	0
4872	-0.0531296	0	0
4871	-0.0528666	0	0
4870	-0.0526034	0	0
4869	-0.0523402	0	0
4868	-0.0520769	0	0
4867	-0.0518135	0	0
4866	-0.05155	0	0
4865	-0.0512865	0	0
4864	-0.0510228	0	0
4863	-0.0507592	0	0
4862	-0.0504954	0	0
4861	-0.0502315	0	0
4860	-0.0499676	0	0
4859	-0.0497036	0	0
4858	-0.0494395	0	0
4857	-0.0491753	0	0
4856	-0.0489111	0	0
4855	-0.0486468	0	0
4854	-0.0483824	0	0
4853	-0.0481179	0	0
4852	-0.0478534	0	0
4851	-0.0475888	0	0
4850	-0.0473241	0	0
4849	-0.0470593	0	0
4848	-0.0467945	0	0
4847	-0.0465295	0	0
4846	-0.0462645	0	0
4845	-0.0459995	0	0
4844	-0.0457343	0	0
4843	-0.0454691	0	0
4842	-0.0452038	0	0
4841	-0.0449384	0	0
4840	-0.044673	0	0
4839	-0.0444074	0	0
4838	-0.0441419	0	0
4837	-0.0438762	0	0
4836	-0.0436104	0	0
4835	-0.0433446	0	0
4834	-0.0430787	0	0
4833	-0.0428128	0	0
4832	-0.0425467	0	0
4831	-0.0422806	0	0
4830	-0.0420144	0	0
4829	-0.0417482	0	0
4828	-0.0414818	0	0
4827	-0.0412154	0	0
4826	-0.040949	0	0
4825	-0.0406824	0	0
4824	-0.0404158	0	0
4823	-0.0401491	0	0
4822	-0.0398823	0	0
4821	-0.0396155	0	0
4820	-0.0393486	0	0
4819	-0.0390816	0	0
4818	-0.0388146	0	0
4817	-0.0385474	0	0
4816	-0.0382802	0	0
4815	-0.038013	0	0
4814	-0.0377456	0	0
4813	-0.0374782	0	0
4812	-0.0372108	0	0
4811	-0.0369432	0	0
4810	-0.0366756	0	0
4809	-0.0364079	0	0
4808	-0.0361402	0	0
4807	-0.0358724	0	0
4806	-0.0356045	0	0
4805	-0.0353365	0	0
4804	-0.0350685	0	0
4803	-0.0348004	0	0
4802	-0.0345323	0	0
4801	-0.034264	0	0
4800	-0.0339958	0	0
4799	-0.0337274	0	0
4798	-0.033459	0	0
4797	-0.0331905	0	0
4796	-0.032922	0	0
4795	-0.0326535	0	0
4794	-0.0323849	0	0
4793	-0.0321163	0	0
4792	-0.031848	0	0
4791	-0.031579	0	0
4790	-0.0313099	0	0
4789	-0.0310408	0	0
4788	-0.0307716	0	0
4787	-0.0305023	0	0
4786	-0.030233	0	0
4785	-0.0299636	0	0
4784	-0.0296941	0	0
4783	-0.0294246	0	0
4782	-0.029155	0	0
4781	-0.0288853	0	0
4780	-0.0286155	0	0
4779	-0.0283457	0	0
4778	-0.0280758	0	0
4777	-0.0278059	0	0
4776	-0.0275359	0	0
4775	-0.0272658	0	0
4774	-0.0269956	0	0
4773	-0.0267254	0	0
4772	-0.0264551	0	0
4771	-0.0261848	0	0
4770	-0.0259144	0	0
4769	-0.0256439	0	0
4768	-0.0253733	0	0
4767	-0.0251027	0	0
4766	-0.024832	0	0
4765	-0.0245613	0	0
4764	-0.0242904	0	0
4763	-0.0240196	0	0
4762	-0.0237486	0	0
4761	-0.0234776	0	0
4760	-0.0232065	0	0
4759	-0.0229354	0	0
4758	-0.0226642	0	0
4757	-0.0223929	0	0
4756	-0.0221216	0	0
4755	-0.0218502	0	0
4754	-0.0215787	0	0
4753	-0.0213072	0	0
4752	-0.0210356	0	0
4751	-0.0207639	0	0
4750	-0.0204922	0	0
4749	-0.0202204	0	0
4748	-0.0199486	0	0
4747	-0.0196767	0	0
4746	-0.0194047	0	0
4745	-0.0191326	0	0
4744	-0.0188605	0	0
4743	-0.0185884	0	0
4742	-0.0183162	0	0
4741	-0.0180439	0	0
4740	-0.0177715	0	0
4739	-0.0174991	0	0
4738	-0.0172266	0	0
4737	-0.0169541	0	0
4736	-0.0166815	0	0
4735	-0.0164088	0	0
4734	-0.0161361	0	0
4733	-0.0158633	0	0
4732	-0.0155905	0	0
4731	-0.0153176	0	0
4730	-0.0150446	0	0
4729	-0.0147716	0	0
4728	-0.0144985	0	0
4727	-0.0142253	0	0
4726	-0.0139521	0	0
4725	-0.0136789	0	0
4724	-0.0134055	0	0
4723	-0.0131322	0	0
4722	-0.0128587	0	0
4721	-0.0125852	0	0
4720	-0.0123116	0	0
4719	-0.012038	0	0
4718	-0.0117643	0	0
4717	-0.0114906	0	0
4716	-0.0112168	0	0
4715	-0.0109429	0	0
4714	-0.010669	0	0
4713	-0.010395	0	0
4712	-0.010121	0	0
4711	-0.00984689	0	0
4710	-0.00957273	0	0
4709	-0.00929853	0	0
4708	-0.00902426	0	0
4707	-0.00874993	0	0
4706	-0.00847555	0	0
4705	-0.00820111	0	0
4704	-0.00792662	0	0
4703	-0.00765207	0	0
4702	-0.00737746	0	0
4701	-0.00710279	0	0
4700	-0.00682807	0	0
4699	-0.00655329	0	0
4698	-0.00627846	0	0
4697	-0.00600357	0	0
4696	-0.00572862	0	0
4695	-0.00545362	0	0
4694	-0.00517857	0	0
4693	-0.00490346	0	0
4692	-0.00462829	0	0
4691	-0.00435307	0	0
4690	-0.00407779	0	0
4689	-0.00380246	0	0
4688	-0.00352708	0	0
4687	-0.00325164	0	0
4686	-0.00297615	0	0
4685	-0.0027006	0	0
4684	-0.002425	0	0
4683	-0.00214934	0	0
4682	-0.00187364	0	0
4681	-0.00159788	0	0
4680	-0.00132206	0	0
4679	-0.00104619	0	0
4678	-0.000770275	0	0
4677	-0.000494302	0	0
4676	-0.000218277	0	0
4675	5.78004e-05	0	0
4674	0.00033393	0	0
4673	0.000610111	0	0
4672	0.000886345	0	0
4671	0.00116263	0	0
4670	0.00143897	0	0
4669	0.00171535	0	0
4668	0.00199179	0	0
4667	0.00226828	0	0
4666	0.00254482	0	0
4665	0.00282141	0	0
4664	0.00309806	0	0
4663	0.00337475	0	0
4662	0.00365149	0	0
4661	0.00392828	0	0
4660	0.00420513	0	0
4659	0.00448202	0	0
4658	0.00475896	0	0
4657	0.00503595	0	0
4656	0.00531299	0	0
4655	0.00559008	0	0
4654	0.00586722	0	0
4653	0.00614441	0	0
4652	0.00642164	0	0
4651	0.00669892	0	0
4650	0.00697626	0	0
4649	0.00725364	0	0
4648	0.00753106	0	0
4647	0.00780854	0	0
4646	0.00808606	0	0
4645	0.00836363	0	0
4644	0.00864125	0	0
4643	0.00891891	0	0
4642	0.00919663	0	0
4641	0.00947438	0	0
4640	0.00975219	0	0
4639	0.01003	0	0
4638	0.0103079	0	0
4637	0.0105859	0	0
4636	0.0108639	0	0
4635	0.0111419	0	0
4634	0.01142	0	0
4633	0.0116981	0	0
4632	0.0119763	0	0
4631	0.0122545	0	0
4630	0.0125328	0	0
4629	0.0128111	0	0
4628	0.0130894	0	0
4627	0.0133678	0	0
4626	0.0136462	0	0
4625	0.0139247	0	0
4624	0.0142033	0	0
4623	0.0144818	0	0
4622	0.0147604	0	0
4621	0.0150391	0	0
4620	0.0153178	0	0
4619	0.0155965	0	0
4618	0.0158753	0	0
4617	0.0161542	0	0
4616	0.016433	0	0
4615	0.0167119	0	0
4614	0.0169909	0	0
4613	0.0172699	0	0
4612	0.0175489	0	0
4611	0.017828	0	0
4610	0.0181071	0	0
4609	0.0183863	0	0
4608	0.0186655	0	0
4607	0.0189448	0	0
4606	0.019224	0	0
4605	0.0195034	0	0
4604	0.0197827	0	0
4603	0.0200622	0	0
4602	0.0203416	0	0
4601	0.0206211	0	0
4600	0.0209006	0	0
4599	0.0211802	0	0
4598	0.0214598	0	0
4597	0.0217395	0	0
4596	0.0220191	0	0
4595	0.0222989	0	0
4594	0.0225786	0	0
4593	0.0228584	0	0
4592	0.0231383	0	0
4591	0.0234182	0	0
4590	0.0236981	0	0
4589	0.0239781	0	0
4588	0.0242581	0	0
4587	0.0245381	0	0
4586	0.0248182	0	0
4585	0.0250983	0	0
4584	0.0253784	0	0
4583	0.0256586	0	0
4582	0.0259389	0	0
4581	0.0262191	0	0
4580	0.0264994	0	0
4579	0.0267798	0	0
4578	0.0270602	0	0
4577	0.0273406	0	0
4576	0.027621	0	0
4575	0.0279015	0	0
4574	0.0281821	0	0
4573	0.0284626	0	0
4572	0.0287432	0	0
4571	0.0290239	0	0
4570	0.0293045	0	0
4569	0.0295853	0	0
4568	0.029866	0	0
4567	0.0301468	0	0
4566	0.0304277	0	0
4565	0.0307085	0	0
4564	0.0309894	0	0
4563	0.0312704	0	0
4562	0.0315514	0	0
4561	0.0318324	0	0
4560	0.0321135	0	0
4559	0.0323946	0	0
4558	0.0326758	0	0
4557	0.032957	0	0
4556	0.0332382	0	0
4555	0.0335195	0	0
4554	0.0338009	0	0
4553	0.0340823	0	0
4552	0.0343637	0	0
4551	0.0346453	0	0
4550	0.0349269	0	0
4549	0.0352086	0	0
4548	0.0354905	0	0
4547	0.0357725	0	0
4546	0.036055	0	0
4545	0.0363379	0	0
4544	0.0366191	0	0
4543	0.0369002	0	0
4542	0.0371814	0	0
4541	0.0374627	0	0
4540	0.0377439	0	0
4539	0.0380252	0	0
4538	0.0383065	0	0
4537	0.0385878	0	0
4536	0.0388692	0	0
4535	0.0391505	0	0
4534	0.0394319	0	0
4533	0.0397134	0	0
4532	0.0399948	0	0
4531	0.0402763	0	0
4530	0.0405578	0	0
4529	0.0408393	0	0
4528	0.0411208	0	0
4527	0.0414024	0	0
4526	0.041684	0	0
4525	0.0419656	0	0
4524	0.0422473	0	0
4523	0.0425289	0	0
4522	0.0428106	0	0
4521	0.0430923	0	0
4520	0.043374	0	0
4519	0.0436558	0	0
4518	0.0439375	0	0
4517	0.0442193	0	0
4516	0.0445011	0	0
4515	0.044783	0	0
4514	0.0450648	0	0
4513	0.0453467	0	0
4512	0.0456286	0	0
4511	0.0459105	0	0
4510	0.0461924	0	0
4509	0.0464744	0	0
4508	0.0467564	0	0
4507	0.0470383	0	0
4506	0.0473204	0	0
4505	0.0476024	0	0
4504	0.0478844	0	0
4503	0.0481665	0	0
4502	0.0484486	0	0
4501	0.0487307	0	0
4500	0.0490128	0	0
4499	0.0492949	0	0
4498	0.0495771	0	0
4497	0.0498592	0	0
4496	0.0501414	0	0
4495	0.0504236	0	0
4494	0.0507058	0	0
4493	0.0509881	0	0
4492	0.0512703	0	0
4491	0.0515526	0	0
4490	0.0518348	0	0
4489	0.0521171	0	0
4488	0.0523994	0	0
4487	0.0526818	0	0
4486	0.0529641	0	0
4485	0.0532464	0	0
4484	0.0535288	0	0
4483	0.0538112	0	0
4482	0.0540936	0	0
4481	0.054376	0	0
4480	0.0546584	0	0
4479	0.0549408	0	0
4478	0.0552233	0	0
4477	0.0555057	0	0
4476	0.0557882	0	0
4475	0.0560706	0	0
4474	0.0563531	0	0
4473	0.0566356	0	0
4472	0.0569181	0	0
4471	0.0572007	0	0
4470	0.0574832	0	0
4469	0.0577657	0	0
4468	0.0580483	0	0
4467	0.0583308	0	0
4466	0.0586134	0	0
4465	0.058896	0	0
4464	0.0591786	0	0
4463	0.0594612	0	0
4462	0.0597438	0	0
4461	0.0600264	0	0
4460	0.060309	0	0
4459	0.0605916	0	0
4458	0.0608743	0	0
4457	0.0611569	0	0
4456	0.0614395	0	0
4455	0.0617222	0	0
4454	0.0620049	0	0
4453	0.0622875	0	0
4452	0.0625702	0	0
4451	0.0628529	0	0
4450	0.0631356	0	0
4449	0.0634183	0	0
4448	0.063701	0	0
4447	0.0639837	0	0
4446	0.0642664	0	0
4445	0.0645491	0	0
4444	0.0648318	0	0
4443	0.0651145	0	0
4442	0.0653972	0	0
4441	0.0656799	0	0
4440	0.0659627	0	0
4439	0.0662454	0	0
4438	0.0665281	0	0
4437	0.0668109	0	0
4436	0.0670936	0	0
4435	0.0673763	0	0
4434	0.0676591	0	0
4433	0.0679418	0	0
4432	0.0682246	0	0
4431	0.0685073	0	0
4430	0.06879	0	0
4429	0.0690728	0	0
4428	0.0693555	0	0
4427	0.0696383	0	0
4426	0.069921	0	0
4425	0.0702037	0	0
4424	0.0704865	0	0
4423	0.0707692	0	0
4422	0.071052	0	0
4421	0.0713347	0	0
4420	0.0716174	0	0
4419	0.0719002	0	0
4418	0.0721829	0	0
4417	0.0724656	0	0
4416	0.0727483	0	0
4415	0.0730311	0	0
4414	0.0733138	0	0
4413	0.0735965	0	0
4412	0.0738792	0	0
4411	0.0741619	0	0
4410	0.0744446	0	0
4409	0.0747273	0	0
4408	0.07501	0	0
4407	0.0752926	0	0
4406	0.0755753	0	0
4405	0.075858	0	0
4404	0.0761407	0	0
4403	0.0764233	0	0
4402	0.076706	0	0
4401	0.0769886	0	0
4400	0.0772712	0	0
4399	0.0775539	0	0
4398	0.0778365	0	0
4397	0.0781191	0	0
4396	0.0784017	0	0
4395	0.0786843	0	0
4394	0.0789669	0	0
4393	0.0792495	0	0
4392	0.079532	0	0
4391	0.0798146	0	0
4390	0.0800971	0	0
4389	0.0803797	0	0
4388	0.0806622	0	0
4387	0.0809447	0	0
4386	0.0812272	0	0
4385	0.0815097	0	0
4384	0.0817922	0	0
4383	0.0820746	0	0
4382	0.0823571	0	0
4381	0.0826395	0	0
4380	0.082922	0	0
4379	0.0832044	0	0
4378	0.0834868	0	0
4377	0.0837692	0	0
4376	0.0840516	0	0
4375	0.0843339	0	0
4374	0.0846163	0	0
4373	0.0848986	0	0
4372	0.0851809	0	0
4371	0.0854632	0	0
4370	0.0857455	0	0
4369	0.0860278	0	0
4368	0.08631	0	0
4367	0.0865923	0	0
4366	0.0868745	0	0
4365	0.0871567	0	0
4364	0.0874389	0	0
4363	0.0877211	0	0
4362	0.0880032	0	0
4361	0.0882853	0	0
4360	0.0885675	0	0
4359	0.0888496	0	0
4358	0.0891316	0	0
4357	0.0894137	0	0
4356	0.0896957	0	0
4355	0.0899777	0	0
4354	0.0902597	0	0
4353	0.0905417	0	0
4352	0.0908237	0	0
4351	0.0911056	0	0
4350	0.0913875	0	0
4349	0.0916694	0	0
4348	0.0919513	0	0
4347	0.0922331	0	0
4346	0.092515	0	0
4345	0.0927968	0	0
4344	0.0930786	0	0
4343	0.0933603	0	0
4342	0.093642	0	0
4341	0.0939238	0	0
4340	0.0942054	0	0
4339	0.0944871	0	0
4338	0.0947687	0	0
4337	0.0950503	0	0
4336	0.0953319	0	0
4335	0.0956135	0	0
4334	0.095895	0	0
4333	0.0961765	0	0
4332	0.096458	0	0
4331	0.0967395	0	0
4330	0.0970209	0	0
4329	0.0973023	0	0
4328	0.0975837	0	0
4327	0.097865	0	0
4326	0.0981463	0	0
4325	0.0984276	0	0
4324	0.0987089	0	0
4323	0.0989901	0	0
4322	0.0992713	0	0
4321	0.0995524	0	0
4320	0.0998336	0	0
4319	0.100115	0	0
4318	0.100396	0	0
4317	0.100677	0	0
4316	0.100958	0	0
4315	0.101239	0	0
4314	0.10152	0	0
4313	0.101801	0	0
4312	0.102082	0	0
4311	0.102362	0	0
4310	0.102643	0	0
4309	0.102924	0	0
4308	0.103205	0	0
4307	0.103485	0	0
4306	0.103766	0	0
4305	0.104047	0	0
4304	0.104327	0	0
4303	0.104608	0	0
4302	0.104889	0	0
4301	0.105169	0	0
4300	0.105449	0	0
4299	0.10573	0	0
4298	0.10601	0	0
4297	0.106291	0	0
4296	0.106571	0	0
4295	0.106851	0	0
4294	0.107132	0	0
4293	0.107412	0	0
4292	0.107692	0	0
4291	0.107972	0	0
4290	0.108252	0	0
4289	0.108532	0	0
4288	0.108812	0	0
4287	0.109092	0	0
4286	0.109372	0	0
4285	0.109652	0	0
4284	0.109932	0	0
4283	0.110212	0	0
4282	0.110491	0	0
4281	0.110771	0	0
4280	0.111051	0	0
4279	0.11133	0	0
4278	0.11161	0	0
4277	0.111889	0	0
4276	0.112169	0	0
4275	0.112448	0	0
4274	0.112728	0	0
4273	0.113007	0	0
4272	0.113287	0	0
4271	0.113566	0	0
4270	0.113845	0	0
4269	0.114124	0	0
4268	0.114403	0	0
4267	0.114682	0	0
4266	0.114961	0	0
4265	0.11524	0	0
4264	0.115519	0	0
4263	0.115798	0	0
4262	0.116077	0	0
4261	0.116356	0	0
4260	0.116635	0	0
4259	0.116913	0	0
4258	0.117192	0	0
4257	0.117471	0	0
4256	0.117749	0	0
4255	0.118028	0	0
4254	0.118306	0	0
4253	0.118584	0	0
4252	0.118863	0	0
4251	0.119141	0	0
4250	0.119419	0	0
4249	0.119698	0	0
4248	0.119976	0	0
4247	0.120254	0	0
4246	0.120532	0	0
4245	0.12081	0	0
4244	0.121088	0	0
4243	0.121365	0	0
4242	0.121643	0	0
4241	0.121921	0	0
4240	0.122199	0	0
4239	0.122476	0	0
4238	0.122754	0	0
4237	0.123031	0	0
4236	0.123309	0	0
4235	0.123586	0	0
4234	0.123864	0	0
4233	0.124141	0	0
4232	0.124418	0	0
4231	0.124695	0	0
4230	0.124972	0	0
4229	0.125249	0	0
4228	0.125526	0	0
4227	0.125803	0	0
4226	0.12608	0	0
4225	0.126357	0	0
4224	0.126634	0	0
4223	0.12691	0	0
4222	0.127187	0	0
4221	0.127464	0	0
4220	0.12774	0	0
4219	0.128017	0	0
4218	0.128293	0	0
4217	0.128569	0	0
4216	0.128845	0	0
4215	0.129122	0	0
4214	0.129398	0	0
4213	0.129674	0	0
4212	0.12995	0	0
4211	0.130226	0	0
4210	0.130502	0	0
4209	0.130777	0	0
4208	0.131053	0	0
4207	0.131329	0	0
4206	0.131604	0	0
4205	0.13188	0	0
4204	0.132155	0	0
4203	0.13243	0	0
4202	0.132706	0	0
4201	0.132981	0	0
4200	0.133256	0	0
4199	0.133531	0	0
4198	0.133806	0	0
4197	0.134081	0	0
4196	0.134356	0	0
4195	0.134631	0	0
4194	0.134906	0	0
4193	0.13518	0	0
4192	0.135455	0	0
4191	0.135729	0	0
4190	0.136004	0	0
4189	0.136278	0	0
4188	0.136552	0	0
4187	0.136827	0	0
4186	0.137101	0	0
4185	0.137375	0	0
4184	0.137649	0	0
4183	0.137923	0	0
4182	0.138196	0	0
4181	0.13847	0	0
4180	0.138744	0	0
4179	0.139017	0	0
4178	0.139291	0	0
4177	0.139564	0	0
4176	0.139838	0	0
4175	0.140111	0	0
4174	0.140384	0	0
4173	0.140657	0	0
4172	0.14093	0	0
4171	0.141203	0	0
4170	0.141476	0	0
4169	0.141749	0	0
4168	0.142022	0	0
4167	0.142294	0	0
4166	0.142567	0	0
4165	0.142839	0	0
4164	0.143112	0	0
4163	0.143384	0	0
4162	0.143656	0	0
4161	0.143928	0	0
4160	0.1442	0	0
4159	0.144472	0	0
4158	0.144744	0	0
4157	0.145016	0	0
4156	0.145288	0	0
4155	0.145559	0	0
4154	0.145831	0	0
4153	0.146102	0	0
4152	0.146373	0	0
4151	0.146645	0	0
4150	0.146916	0	0
4149	0.147187	0	0
4148	0.147458	0	0
4147	0.147729	0	0
4146	0.147999	0	0
4145	0.14827	0	0
4144	0.148541	0	0
4143	0.148811	0	0
4142	0.149082	0	0
4141	0.149352	0	0
4140	0.149622	0	0
4139	0.149892	0	0
4138	0.150162	0	0
4137	0.150432	0	0
4136	0.150702	0	0
4135	0.150972	0	0
4134	0.151242	0	0
4133	0.151511	0	0
4132	0.151781	0	0
4131	0.15205	0	0
4130	0.152319	0	0
4129	0.152589	0	0
4128	0.152858	0	0
4127	0.153127	0	0
4126	0.153396	0	0
4125	0.153664	0	0
4124	0.153933	0	0
4123	0.154202	0	0
4122	0.15447	0	0
4121	0.154738	0	0
4120	0.155007	0	0
4119	0.155275	0	0
4118	0.155543	0	0
4117	0.155811	0	0
4116	0.156079	0	0
4115	0.156347	0	0
4114	0.156614	0	0
4113	0.156882	0	0
4112	0.157149	0	0
4111	0.157417	0	0
4110	0.157684	0	0
4109	0.157951	0	0
4108	0.158218	0	0
4107	0.158485	0	0
4106	0.158752	0	0
4105	0.159019	0	0
4104	0.159285	0	0
4103	0.159552	0	0
4102	0.159818	0	0
4101	0.160084	0	0
4100	0.16035	0	0
4099	0.160617	0	0
4098	0.160882	0	0
4097	0.161148	0	0
4096	0.161414	0	0
4095	0.16168	0	0
4094	0.161945	0	0
4093	0.16221	0	0
4092	0.162476	0	0
4091	0.162741	0	0
4090	0.163006	0	0
4089	0.163271	0	0
4088	0.163536	0	0
4087	0.1638	0	0
4086	0.164065	0	0
4085	0.164329	0	0
4084	0.164594	0	0
4083	0.164858	0	0
4082	0.165122	0	0
4081	0.165386	0	0
4080	0.16565	0	0
4079	0.165914	0	0
4078	0.166177	0	0
4077	0.166441	0	0
4076	0.166704	0	0
4075	0.166967	0	0
4074	0.167231	0	0
4073	0.167494	0	0
4072	0.167757	0	0
4071	0.168019	0	0
4070	0.168282	0	0
4069	0.168545	0	0
4068	0.168807	0	0
4067	0.169069	0	0
4066	0.169331	0	0
4065	0.169593	0	0
4064	0.169855	0	0
4063	0.170117	0	0
4062	0.170379	0	0
4061	0.17064	0	0
4060	0.170902	0	0
4059	0.171163	0	0
4058	0.171424	0	0
4057	0.171685	0	0
4056	0.171946	0	0
4055	0.172207	0	0
4054	0.172467	0	0
4053	0.172728	0	0
4052	0.172988	0	0
4051	0.173249	0	0
4050	0.173509	0	0
4049	0.173769	0	0
4048	0.174028	0	0
4047	0.174288	0	0
4046	0.174548	0	0
4045	0.174807	0	0
4044	0.175066	0	0
4043	0.175326	0	0
4042	0.175585	0	0
4041	0.175844	0	0
4040	0.176102	0	0
4039	0.176361	0	0
4038	0.176619	0	0
4037	0.176878	0	0
4036	0.177136	0	0
4035	0.177394	0	0
4034	0.177652	0	0
4033	0.17791	0	0
4032	0.178167	0	0
4031	0.178425	0	0
4030	0.178682	0	0
4029	0.178939	0	0
4028	0.179197	0	0
4027	0.179453	0	0
4026	0.17971	0	0
4025	0.179967	0	0
4024	0.180223	0	0
4023	0.18048	0	0
4022	0.180736	0	0
4021	0.180992	0	0
4020	0.181248	0	0
4019	0.181504	0	0
4018	0.181759	0	0
4017	0.182015	0	0
4016	0.18227	0	0
4015	0.182525	0	0
4014	0.18278	0	0
4013	0.183035	0	0
4012	0.18329	0	0
4011	0.183545	0	0
4010	0.183799	0	0
4009	0.184053	0	0
4008	0.184307	0	0
4007	0.184561	0	0
4006	0.184815	0	0
4005	0.185069	0	0
4004	0.185322	0	0
4003	0.185576	0	0
4002	0.185829	0	0
4001	0.186082	0	0
4000	0.186335	0	0
3999	0.186588	0	0
3998	0.18684	0	0
3997	0.187093	0	0
3996	0.187345	0	0
3995	0.187597	0	0
3994	0.187849	0	0
3993	0.188101	0	0
3992	0.188352	0	0
3991	0.188604	0	0
3990	0.188855	0	0
3989	0.189106	0	0
3988	0.189357	0	0
3987	0.189608	0	0
3986	0.189859	0	0
3985	0.190109	0	0
3984	0.19036	0	0
3983	0.19061	0	0
3982	0.19086	0	0
3981	0.19111	0	0
3980	0.191359	0	0
3979	0.191609	0	0
3978	0.191858	0	0
3977	0.192107	0	0
3976	0.192356	0	0
3975	0.192605	0	0
3974	0.192854	0	0
3973	0.193102	0	0
3972	0.193351	0	0
3971	0.193599	0	0
3970	0.193847	0	0
3969	0.194095	0	0
3968	0.194342	0	0
3967	0.19459	0	0
3966	0.194837	0	0
3965	0.195084	0	0
3964	0.195331	0	0
3963	0.195578	0	0
3962	0.195824	0	0
3961	0.196071	0	0
3960	0.196317	0	0
3959	0.196563	0	0
3958	0.196809	0	0
3957	0.197055	0	0
3956	0.1973	0	0
3955	0.197546	0	0
3954	0.197791	0	0
3953	0.198036	0	0
3952	0.198281	0	0
3951	0.198525	0	0
3950	0.19877	0	0
3949	0.199014	0	0
3948	0.199258	0	0
3947	0.199502	0	0
3946	0.199746	0	0
3945	0.199989	0	0
3944	0.200233	0	0
3943	0.200476	0	0
3942	0.200719	0	0
3941	0.200961	0	0
3940	0.201204	0	0
3939	0.201447	0	0
3938	0.201689	0	0
3937	0.201931	0	0
3936	0.202173	0	0
3935	0.202414	0	0
3934	0.202656	0	0
3933	0.202897	0	0
3932	0.203138	0	0
3931	0.203379	0	0
3930	0.20362	0	0
3929	0.20386	0	0
3928	0.204101	0	0
3927	0.204341	0	0
3926	0.204581	0	0
3925	0.204821	0	0
3924	0.20506	0	0
3923	0.205299	0	0
3922	0.205539	0	0
3921	0.205778	0	0
3920	0.206016	0	0
3919	0.206255	0	0
3918	0.206493	0	0
3917	0.206731	0	0
3916	0.206969	0	0
3915	0.207207	0	0
3914	0.207445	0	0
3913	0.207682	0	0
3912	0.207919	0	0
3911	0.208156	0	0
3910	0.208393	0	0
3909	0.20863	0	0
3908	0.208866	0	0
3907	0.209102	0	0
3906	0.209338	0	0
3905	0.209574	0	0
3904	0.209809	0	0
3903	0.210045	0	0
3902	0.21028	0	0
3901	0.210515	0	0
3900	0.210749	0	0
3899	0.210984	0	0
3898	0.211218	0	0
3897	0.211452	0	0
3896	0.211686	0	0
3895	0.21192	0	0
3894	0.212153	0	0
3893	0.212386	0	0
3892	0.212619	0	0
3891	0.212852	0	0
3890	0.213085	0	0
3889	0.213317	0	0
3888	0.213549	0	0
3887	0.213781	0	0
3886	0.214013	0	0
3885	0.214245	0	0
3884	0.214476	0	0
3883	0.214707	0	0
3882	0.214938	0	0
3881	0.215169	0	0
3880	0.215399	0	0
3879	0.215629	0	0
3878	0.215859	0	0
3877	0.216089	0	0
3876	0.216318	0	0
3875	0.216548	0	0
3874	0.216777	0	0
3873	0.217006	0	0
3872	0.217234	0	0
3871	0.217463	0	0
3870	0.217691	0	0
3869	0.217919	0	0
3868	0.218147	0	0
3867	0.218374	0	0
3866	0.218602	0	0
3865	0.218829	0	0
3864	0.219055	0	0
3863	0.219282	0	0
3862	0.219508	0	0
3861	0.219735	0	0
3860	0.219961	0	0
3859	0.220186	0	0
3858	0.220412	0	0
3857	0.220637	0	0
3856	0.220862	0	0
3855	0.221087	0	0
3854	0.221311	0	0
3853	0.221535	0	0
3852	0.22176	0	0
3851	0.221983	0	0
3850	0.222207	0	0
3849	0.22243	0	0
3848	0.222653	0	0
3847	0.222876	0	0
3846	0.223099	0	0
3845	0.223321	0	0
3844	0.223543	0	0
3843	0.223765	0	0
3842	0.223987	0	0
3841	0.224208	0	0
3840	0.22443	0	0
3839	0.224651	0	0
3838	0.224871	0	0
3837	0.225092	0	0
3836	0.225312	0	0
3835	0.225532	0	0
3834	0.225752	0	0
3833	0.225971	0	0
3832	0.22619	0	0
3831	0.226409	0	0
3830	0.226628	0	0
3829	0.226846	0	0
3828	0.227065	0	0
3827	0.227283	0	0
3826	0.2275	0	0
3825	0.227718	0	0
3824	0.227935	0	0
3823	0.228152	0	0
3822	0.228369	0	0
3821	0.228585	0	0
3820	0.228801	0	0
3819	0.229017	0	0
3818	0.229233	0	0
3817	0.229449	0	0
3816	0.229664	0	0
3815	0.229879	0	0
3814	0.230093	0	0
3813	0.230308	0	0
3812	0.230522	0	0
3811	0.230736	0	0
3810	0.230949	0	0
3809	0.231163	0	0
3808	0.231376	0	0
3807	0.231589	0	0
3806	0.231801	0	0
3805	0.232014	0	0
3804	0.232226	0	0
3803	0.232438	0	0
3802	0.232649	0	0
3801	0.23286	0	0
3800	0.233071	0	0
3799	0.233282	0	0
3798	0.233493	0	0
3797	0.233703	0	0
3796	0.233913	0	0
3795	0.234122	0	0
3794	0.234332	0	0
3793	0.234541	0	0
3792	0.23475	0	0
3791	0.234958	0	0
3790	0.235167	0	0
3789	0.235375	0	0
3788	0.235582	0	0
3787	0.23579	0	0
3786	0.235997	0	0
3785	0.236204	0	0
3784	0.236411	0	0
3783	0.236617	0	0
3782	0.236823	0	0
3781	0.237029	0	0
3780	0.237235	0	0
3779	0.23744	0	0
3778	0.237645	0	0
3777	0.237849	0	0
3776	0.238054	0	0
3775	0.238258	0	0
3774	0.238462	0	0
3773	0.238665	0	0
3772	0.238869	0	0
3771	0.239072	0	0
3770	0.239274	0	0
3769	0.239477	0	0
3768	0.239679	0	0
3767	0.239881	0	0
3766	0.240082	0	0
3765	0.240284	0	0
3764	0.240485	0	0
3763	0.240685	0	0
3762	0.240886	0	0
3761	0.241086	0	0
3760	0.241286	0	0
3759	0.241485	0	0
3758	0.241685	0	0
3757	0.241884	0	0
3756	0.242082	0	0
3755	0.242281	0	0
3754	0.242479	0	0
3753	0.242676	0	0
3752	0.242874	0	0
3751	0.243071	0	0
3750	0.243268	0	0
3749	0.243465	0	0
3748	0.243661	0	0
3747	0.243857	0	0
3746	0.244053	0	0
3745	0.244248	0	0
3744	0.244443	0	0
3743	0.244638	0	0
3742	0.244832	0	0
3741	0.245026	0	0
3740	0.24522	0	0
3739	0.245414	0	0
3738	0.245607	0	0
3737	0.2458	0	0
3736	0.245993	0	0
3735	0.246185	0	0
3734	0.246377	0	0
3733	0.246569	0	0
3732	0.24676	0	0
3731	0.246951	0	0
3730	0.247142	0	0
3729	0.247333	0	0
3728	0.247523	0	0
3727	0.247713	0	0
3726	0.247902	0	0
3725	0.248091	0	0
3724	0.24828	0	0
3723	0.248469	0	0
3722	0.248657	0	0
3721	0.248845	0	0
3720	0.249033	0	0
3719	0.24922	0	0
3718	0.249407	0	0
3717	0.249594	0	0
3716	0.24978	0	0
3715	0.249966	0	0
3714	0.250152	0	0
3713	0.250337	0	0
3712	0.250522	0	0
3711	0.250707	0	0
3710	0.250891	0	0
3709	0.251075	0	0
3708	0.251259	0	0
3707	0.251443	0	0
3706	0.251626	0	0
3705	0.251809	0	0
3704	0.251991	0	0
3703	0.252173	0	0
3702	0.252355	0	0
3701	0.252536	0	0
3700	0.252718	0	0
3699	0.252898	0	0
3698	0.253079	0	0
3697	0.253259	0	0
3696	0.253439	0	0
3695	0.253618	0	0
3694	0.253797	0	0
3693	0.253976	0	0
3692	0.254155	0	0
3691	0.254333	0	0
3690	0.254511	0	0
3689	0.254688	0	0
3688	0.254865	0	0
3687	0.255042	0	0
3686	0.255218	0	0
3685	0.255395	0	0
3684	0.25557	0	0
3683	0.255746	0	0
3682	0.255921	0	0
3681	0.256095	0	0
3680	0.25627	0	0
3679	0.256444	0	0
3678	0.256617	0	0
3677	0.256791	0	0
3676	0.256964	0	0
3675	0.257136	0	0
3674	0.257309	0	0
3673	0.257481	0	0
3672	0.257652	0	0
3671	0.257823	0	0
3670	0.257994	0	0
3669	0.258165	0	0
3668	0.258335	0	0
3667	0.258505	0	0
3666	0.258674	0	0
3665	0.258843	0	0
3664	0.259012	0	0
3663	0.259181	0	0
3662	0.259349	0	0
3661	0.259516	0	0
3660	0.259684	0	0
3659	0.259851	0	0
3658	0.260017	0	0
3657	0.260183	0	0
3656	0.260349	0	0
3655	0.260515	0	0
3654	0.26068	0	0
3653	0.260845	0	0
3652	0.261009	0	0
3651	0.261173	0	0
3650	0.261337	0	0
3649	0.2615	0	0
3648	0.261663	0	0
3647	0.261826	0	0
3646	0.261988	0	0
3645	0.26215	0	0
3644	0.262311	0	0
3643	0.262473	0	0
3642	0.262633	0	0
3641	0.262794	0	0
3640	0.262954	0	0
3639	0.263113	0	0
3638	0.263272	0	0
3637	0.263431	0	0
3636	0.26359	0	0
3635	0.263748	0	0
3634	0.263906	0	0
3633	0.264063	0	0
3632	0.26422	0	0
3631	0.264377	0	0
3630	0.264533	0	0
3629	0.264689	0	0
3628	0.264844	0	0
3627	0.264999	0	0
3626	0.265154	0	0
3625	0.265308	0	0
3624	0.265462	0	0
3623	0.265616	0	0
3622	0.265769	0	0
3621	0.265922	0	0
3620	0.266074	0	0
3619	0.266226	0	0
3618	0.266378	0	0
3617	0.266529	0	0
3616	0.26668	0	0
3615	0.26683	0	0
3614	0.26698	0	0
3613	0.26713	0	0
3612	0.267279	0	0
3611	0.267428	0	0
3610	0.267576	0	0
3609	0.267724	0	0
3608	0.267872	0	0
3607	0.268019	0	0
3606	0.268166	0	0
3605	0.268313	0	0
3604	0.268459	0	0
3603	0.268605	0	0
3602	0.26875	0	0
3601	0.268895	0	0
3600	0.269039	0	0
3599	0.269183	0	0
3598	0.269327	0	0
3597	0.26947	0	0
3596	0.269613	0	0
3595	0.269756	0	0
3594	0.269898	0	0
3593	0.270039	0	0
3592	0.270181	0	0
3591	0.270321	0	0
3590	0.270462	0	0
3589	0.270602	0	0
3588	0.270741	0	0
3587	0.270881	0	0
3586	0.271019	0	0
3585	0.271158	0	0
3584	0.271296	0	0
3583	0.271433	0	0
3582	0.27157	0	0
3581	0.271707	0	0
3580	0.271843	0	0
3579	0.271979	0	0
3578	0.272115	0	0
3577	0.27225	0	0
3576	0.272384	0	0
3575	0.272519	0	0
3574	0.272652	0	0
3573	0.272786	0	0
3572	0.272919	0	0
3571	0.273051	0	0
3570	0.273183	0	0
3569	0.273315	0	0
3568	0.273446	0	0
3567	0.273577	0	0
3566	0.273708	0	0
3565	0.273838	0	0
3564	0.273967	0	0
3563	0.274096	0	0
3562	0.274225	0	0
3561	0.274353	0	0
3560	0.274481	0	0
3559	0.274608	0	0
3558	0.274735	0	0
3557	0.274862	0	0
3556	0.274988	0	0
3555	0.275114	0	0
3554	0.275239	0	0
3553	0.275364	0	0
3552	0.275488	0	0
3551	0.275612	0	0
3550	0.275736	0	0
3549	0.275859	0	0
3548	0.275981	0	0
3547	0.276103	0	0
3546	0.276225	0	0
3545	0.276346	0	0
3544	0.276467	0	0
3543	0.276588	0	0
3542	0.276708	0	0
3541	0.276827	0	0
3540	0.276946	0	0
3539	0.277065	0	0
3538	0.277183	0	0
3537	0.277301	0	0
3536	0.277418	0	0
3535	0.277535	0	0
3534	0.277651	0	0
3533	0.277767	0	0
3532	0.277883	0	0
3531	0.277998	0	0
3530	0.278112	0	0
3529	0.278227	0	0
3528	0.27834	0	0
3527	0.278454	0	0
3526	0.278566	0	0
3525	0.278679	0	0
3524	0.278791	0	0
3523	0.278902	0	0
3522	0.279013	0	0
3521	0.279123	0	0
3520	0.279233	0	0
3519	0.279343	0	0
3518	0.279452	0	0
3517	0.279561	0	0
3516	0.279669	0	0
3515	0.279777	0	0
3514	0.279884	0	0
3513	0.279991	0	0
3512	0.280097	0	0
3511	0.280203	0	0
3510	0.280309	0	0
3509	0.280414	0	0
3508	0.280518	0	0
3507	0.280622	0	0
3506	0.280726	0	0
3505	0.280829	0	0
3504	0.280931	0	0
3503	0.281034	0	0
3502	0.281135	0	0
3501	0.281236	0	0
3500	0.281337	0	0
3499	0.281437	0	0
3498	0.281537	0	0
3497	0.281637	0	0
3496	0.281735	0	0
3495	0.281834	0	0
3494	0.281932	0	0
3493	0.282029	0	0
3492	0.282126	0	0
3491	0.282222	0	0
3490	0.282318	0	0
3489	0.282414	0	0
3488	0.282509	0	0
3487	0.282603	0	0
3486	0.282697	0	0
3485	0.282791	0	0
3484	0.282884	0	0
3483	0.282977	0	0
3482	0.283069	0	0
3481	0.28316	0	0
3480	0.283252	0	0
3479	0.283342	0	0
3478	0.283432	0	0
3477	0.283522	0	0
3476	0.283611	0	0
3475	0.2837	0	0
3474	0.283788	0	0
3473	0.283876	0	0
3472	0.283963	0	0
3471	0.28405	0	0
3470	0.284136	0	0
3469	0.284222	0	0
3468	0.284307	0	0
3467	0.284392	0	0
3466	0.284476	0	0
3465	0.28456	0	0
3464	0.284643	0	0
3463	0.284726	0	0
3462	0.284808	0	0
3461	0.28489	0	0
3460	0.284971	0	0
3459	0.285052	0	0
3458	0.285132	0	0
3457	0.285212	0	0
3456	0.285291	0	0
3455	0.28537	0	0
3454	0.285448	0	0
3453	0.285526	0	0
3452	0.285604	0	0
3451	0.28568	0	0
3450	0.285756	0	0
3449	0.285832	0	0
3448	0.285907	0	0
3447	0.285982	0	0
3446	0.286056	0	0
3445	0.28613	0	0
3444	0.286203	0	0
3443	0.286276	0	0
3442	0.286348	0	0
3441	0.28642	0	0
3440	0.286491	0	0
3439	0.286561	0	0
3438	0.286632	0	0
3437	0.286701	0	0
3436	0.28677	0	0
3435	0.286839	0	0
3434	0.286907	0	0
3433	0.286974	0	0
3432	0.287041	0	0
3431	0.287108	0	0
3430	0.287174	0	0
3429	0.287239	0	0
3428	0.287304	0	0
3427	0.287368	0	0
3426	0.287432	0	0
3425	0.287496	0	0
3424	0.287558	0	0
3423	0.287621	0	0
3422	0.287682	0	0
3421	0.287744	0	0
3420	0.287804	0	0
3419	0.287865	0	0
3418	0.287924	0	0
3417	0.287983	0	0
3416	0.288042	0	0
3415	0.2881	0	0
3414	0.288157	0	0
3413	0.288214	0	0
3412	0.288271	0	0
3411	0.288327	0	0
3410	0.288382	0	0
3409	0.288437	0	0
3408	0.288491	0	0
3407	0.288545	0	0
3406	0.288598	0	0
3405	0.288651	0	0
3404	0.288703	0	0
3403	0.288755	0	0
3402	0.288806	0	0
3401	0.288856	0	0
3400	0.288906	0	0
3399	0.288956	0	0
3398	0.289005	0	0
3397	0.289053	0	0
3396	0.289101	0	0
3395	0.289148	0	0
3394	0.289195	0	0
3393	0.289241	0	0
3392	0.289287	0	0
3391	0.289332	0	0
3390	0.289376	0	0
3389	0.28942	0	0
3388	0.289464	0	0
3387	0.289506	0	0
3386	0.289549	0	0
3385	0.289591	0	0
3384	0.289632	0	0
3383	0.289672	0	0
3382	0.289712	0	0
3381	0.289752	0	0
3380	0.289791	0	0
3379	0.289829	0	0
3378	0.289867	0	0
3377	0.289905	0	0
3376	0.289941	0	0
3375	0.289978	0	0
3374	0.290013	0	0
3373	0.290048	0	0
3372	0.290083	0	0
3371	0.290117	0	0
3370	0.29015	0	0
3369	0.290183	0	0
3368	0.290215	0	0
3367	0.290247	0	0
3366	0.290278	0	0
3365	0.290308	0	0
3364	0.290338	0	0
3363	0.290368	0	0
3362	0.290397	0	0
3361	0.290425	0	0
3360	0.290452	0	0
3359	0.29048	0	0
3358	0.290506	0	0
3357	0.290532	0	0
3356	0.290557	0	0
3355	0.290582	0	0
3354	0.290606	0	0
3353	0.29063	0	0
3352	0.290653	0	0
3351	0.290676	0	0
3350	0.290698	0	0
3349	0.290719	0	0
3348	0.29074	0	0
3347	0.29076	0	0
3346	0.29078	0	0
3345	0.290799	0	0
3344	0.290817	0	0
3343	0.290835	0	0
3342	0.290852	0	0
3341	0.290869	0	0
3340	0.290885	0	0
3339	0.2909	0	0
3338	0.290915	0	0
3337	0.29093	0	0
3336	0.290943	0	0
3335	0.290957	0	0
3334	0.290969	0	0
3333	0.290981	0	0
3332	0.290992	0	0
3331	0.291003	0	0
3330	0.291013	0	0
3329	0.291023	0	0
3328	0.291032	0	0
3327	0.29104	0	0
3326	0.291048	0	0
3325	0.291055	0	0
3324	0.291062	0	0
3323	0.291068	0	0
3322	0.291074	0	0
3321	0.291078	0	0
3320	0.291083	0	0
3319	0.291086	0	0
3318	0.291089	0	0
3317	0.291092	0	0
3316	0.291093	0	0
3315	0.291095	0	0
3314	0.291095	0	0
3313	0.291095	0	0
3312	0.291095	0	0
3311	0.291094	0	0
3310	0.291092	0	0
3309	0.291089	0	0
3308	0.291086	0	0
3307	0.291083	0	0
3306	0.291078	0	0
3305	0.291074	0	0
3304	0.291068	0	0
3303	0.291062	0	0
3302	0.291055	0	0
3301	0.291048	0	0
3300	0.29104	0	0
3299	0.291032	0	0
3298	0.291023	0	0
3297	0.291014	0	0
3296	0.291005	0	0
3295	0.290994	0	0
3294	0.290983	0	0
3293	0.290971	0	0
3292	0.290958	0	0
3291	0.290945	0	0
3290	0.290932	0	0
3289	0.290917	0	0
3288	0.290902	0	0
3287	0.290887	0	0
3286	0.29087	0	0
3285	0.290854	0	0
3284	0.290836	0	0
3283	0.290818	0	0
3282	0.290799	0	0
3281	0.29078	0	0
3280	0.29076	0	0
3279	0.290739	0	0
3278	0.290718	0	0
3277	0.290696	0	0
3276	0.290674	0	0
3275	0.290651	0	0
3274	0.290627	0	0
3273	0.290603	0	0
3272	0.290578	0	0
3271	0.290552	0	0
3270	0.290526	0	0
3269	0.290499	0	0
3268	0.290472	0	0
3267	0.290444	0	0
3266	0.290415	0	0
3265	0.290386	0	0
3264	0.290356	0	0
3263	0.290325	0	0
3262	0.290294	0	0
3261	0.290262	0	0
3260	0.29023	0	0
3259	0.290197	0	0
3258	0.290163	0	0
3257	0.290129	0	0
3256	0.290094	0	0
3255	0.290059	0	0
3254	0.290023	0	0
3253	0.289985	0	0
3252	0.289947	0	0
3251	0.289908	0	0
3250	0.289869	0	0
3249	0.289829	0	0
3248	0.289788	0	0
3247	0.289747	0	0
3246	0.289705	0	0
3245	0.289662	0	0
3244	0.289619	0	0
3243	0.289575	0	0
3242	0.28953	0	0
3241	0.289485	0	0
3240	0.289439	0	0
3239	0.289393	0	0
3238	0.289346	0	0
3237	0.289298	0	0
3236	0.289249	0	0
3235	0.2892	0	0
3234	0.28915	0	0
3233	0.2891	0	0
3232	0.289049	0	0
3231	0.288997	0	0
3230	0.288945	0	0
3229	0.288891	0	0
3228	0.288838	0	0
3227	0.288783	0	0
3226	0.288728	0	0
3225	0.288673	0	0
3224	0.288616	0	0
3223	0.288559	0	0
3222	0.288501	0	0
3221	0.288443	0	0
3220	0.288384	0	0
3219	0.288324	0	0
3218	0.288264	0	0
3217	0.288203	0	0
3216	0.288141	0	0
3215	0.288079	0	0
3214	0.288016	0	0
3213	0.287953	0	0
3212	0.287888	0	0
3211	0.287823	0	0
3210	0.287758	0	0
3209	0.287691	0	0
3208	0.287624	0	0
3207	0.287557	0	0
3206	0.287488	0	0
3205	0.287419	0	0
3204	0.28735	0	0
3203	0.287279	0	0
3202	0.287208	0	0
3201	0.287137	0	0
3200	0.287064	0	0
3199	0.286991	0	0
3198	0.286918	0	0
3197	0.286843	0	0
3196	0.286768	0	0
3195	0.286693	0	0
3194	0.286616	0	0
3193	0.286539	0	0
3192	0.286461	0	0
3191	0.286383	0	0
3190	0.286304	0	0
3189	0.286224	0	0
3188	0.286144	0	0
3187	0.286063	0	0
3186	0.285981	0	0
3185	0.285898	0	0
3184	0.285815	0	0
3183	0.285731	0	0
3182	0.285647	0	0
3181	0.285561	0	0
3180	0.285476	0	0
3179	0.285389	0	0
3178	0.285302	0	0
3177	0.285214	0	0
3176	0.285125	0	0
3175	0.285036	0	0
3174	0.284946	0	0
3173	0.284855	0	0
3172	0.284764	0	0
3171	0.284672	0	0
3170	0.284579	0	0
3169	0.284485	0	0
3168	0.284391	0	0
3167	0.284296	0	0
3166	0.284201	0	0
3165	0.284105	0	0
3164	0.284008	0	0
3163	0.28391	0	0
3162	0.283812	0	0
3161	0.283713	0	0
3160	0.283613	0	0
3159	0.283513	0	0
3158	0.283412	0	0
3157	0.28331	0	0
3156	0.283208	0	0
3155	0.283104	0	0
3154	0.283	0	0
3153	0.282896	0	0
3152	0.282791	0	0
3151	0.282685	0	0
3150	0.282578	0	0
3149	0.282471	0	0
3148	0.282363	0	0
3147	0.282254	0	0
3146	0.282144	0	0
3145	0.282034	0	0
3144	0.281923	0	0
3143	0.281812	0	0
3142	0.281699	0	0
3141	0.281586	0	0
3140	0.281473	0	0
3139	0.281358	0	0
3138	0.281243	0	0
3137	0.281127	0	0
3136	0.281011	0	0
3135	0.280893	0	0
3134	0.280776	0	0
3133	0.280657	0	0
3132	0.280537	0	0
3131	0.280417	0	0
3130	0.280297	0	0
3129	0.280175	0	0
3128	0.280053	0	0
3127	0.27993	0	0
3126	0.279806	0	0
3125	0.279682	0	0
3124	0.279557	0	0
3123	0.279431	0	0
3122	0.279304	0	0
3121	0.279177	0	0
3120	0.279049	0	0
3119	0.27892	0	0
3118	0.278791	0	0
3117	0.278661	0	0
3116	0.27853	0	0
3115	0.278398	0	0
3114	0.278266	0	0
3113	0.278133	0	0
3112	0.277999	0	0
3111	0.277865	0	0
3110	0.277729	0	0
3109	0.277594	0	0
3108	0.277457	0	0
3107	0.277319	0	0
3106	0.277181	0	0
3105	0.277042	0	0
3104	0.276903	0	0
3103	0.276763	0	0
3102	0.276622	0	0
3101	0.27648	0	0
3100	0.276337	0	0
3099	0.276194	0	0
3098	0.27605	0	0
3097	0.275905	0	0
3096	0.27576	0	0
3095	0.275614	0	0
3094	0.275467	0	0
3093	0.275319	0	0
3092	0.275171	0	0
3091	0.275022	0	0
3090	0.274872	0	0
3089	0.274721	0	0
3088	0.27457	0	0
3087	0.274418	0	0
3086	0.274265	0	0
3085	0.274111	0	0
3084	0.273957	0	0
3083	0.273802	0	0
3082	0.273646	0	0
3081	0.27349	0	0
3080	0.273332	0	0
3079	0.273174	0	0
3078	0.273015	0	0
3077	0.272856	0	0
3076	0.272696	0	0
3075	0.272535	0	0
3074	0.272373	0	0
3073	0.27221	0	0
3072	0.272047	0	0
3071	0.271883	0	0
3070	0.271718	0	0
3069	0.271553	0	0
3068	0.271386	0	0
3067	0.271219	0	0
3066	0.271051	0	0
3065	0.270883	0	0
3064	0.270714	0	0
3063	0.270544	0	0
3062	0.270373	0	0
3061	0.270201	0	0
3060	0.270029	0	0
3059	0.269856	0	0
3058	0.269682	0	0
3057	0.269507	0	0
3056	0.269332	0	0
3055	0.269156	0	0
3054	0.268979	0	0
3053	0.268801	0	0
3052	0.268623	0	0
3051	0.268443	0	0
3050	0.268263	0	0
3049	0.268083	0	0
3048	0.267901	0	0
3047	0.267719	0	0
3046	0.267536	0	0
3045	0.267352	0	0
3044	0.267167	0	0
3043	0.266982	0	0
3042	0.266796	0	0
3041	0.266609	0	0
3040	0.266421	0	0
3039	0.266233	0	0
3038	0.266044	0	0
3037	0.265854	0	0
3036	0.265663	0	0
3035	0.265471	0	0
3034	0.265279	0	0
3033	0.265086	0	0
3032	0.264892	0	0
3031	0.264697	0	0
3030	0.264502	0	0
3029	0.264305	0	0
3028	0.264108	0	0
3027	0.263911	0	0
3026	0.263712	0	0
3025	0.263513	0	0
3024	0.263312	0	0
3023	0.263111	0	0
3022	0.26291	0	0
3021	0.262707	0	0
3020	0.262504	0	0
3019	0.2623	0	0
3018	0.262095	0	0
3017	0.261889	0	0
3016	0.261682	0	0
3015	0.261475	0	0
3014	0.261267	0	0
3013	0.261058	0	0
3012	0.260848	0	0
3011	0.260638	0	0
3010	0.260427	0	0
3009	0.260215	0	0
3008	0.260002	0	0
3007	0.259788	0	0
3006	0.259573	0	0
3005	0.259358	0	0
3004	0.259142	0	0
3003	0.258925	0	0
3002	0.258707	0	0
3001	0.258489	0	0
3000	0.258269	0	0
2999	0.258049	0	0
2998	0.257828	0	0
2997	0.257606	0	0
2996	0.257384	0	0
2995	0.25716	0	0
2994	0.256936	0	0
2993	0.256711	0	0
2992	0.256485	0	0
2991	0.256259	0	0
2990	0.256031	0	0
2989	0.255803	0	0
2988	0.255574	0	0
2987	0.255344	0	0
2986	0.255113	0	0
2985	0.254881	0	0
2984	0.254649	0	0
2983	0.254416	0	0
2982	0.254181	0	0
2981	0.253947	0	0
2980	0.253711	0	0
2979	0.253474	0	0
2978	0.253237	0	0
2977	0.252998	0	0
2976	0.252759	0	0
2975	0.252519	0	0
2974	0.252279	0	0
2973	0.252037	0	0
2972	0.251795	0	0
2971	0.251551	0	0
2970	0.251307	0	0
2969	0.251062	0	0
2968	0.250816	0	0
2967	0.25057	0	0
2966	0.250322	0	0
2965	0.250074	0	0
2964	0.249825	0	0
2963	0.249575	0	0
2962	0.249324	0	0
2961	0.249072	0	0
2960	0.248819	0	0
2959	0.248566	0	0
2958	0.248312	0	0
2957	0.248057	0	0
2956	0.247801	0	0
2955	0.247544	0	0
2954	0.247286	0	0
2953	0.247027	0	0
2952	0.246768	0	0
2951	0.246507	0	0
2950	0.246246	0	0
2949	0.245984	0	0
2948	0.245721	0	0
2947	0.245457	0	0
2946	0.245193	0	0
2945	0.244927	0	0
2944	0.244661	0	0
2943	0.244394	0	0
2942	0.244125	0	0
2941	0.243856	0	0
2940	0.243586	0	0
2939	0.243316	0	0
2938	0.243044	0	0
2937	0.242771	0	0
2936	0.242498	0	0
2935	0.242224	0	0
2934	0.241948	0	0
2933	0.241672	0	0
2932	0.241395	0	0
2931	0.241117	0	0
2930	0.240839	0	0
2929	0.240559	0	0
2928	0.240278	0	0
2927	0.239997	0	0
2926	0.239714	0	0
2925	0.239431	0	0
2924	0.239147	0	0
2923	0.238862	0	0
2922	0.238576	0	0
2921	0.238289	0	0
2920	0.238001	0	0
2919	0.237713	0	0
2918	0.237423	0	0
2917	0.237132	0	0
2916	0.236841	0	0
2915	0.236549	0	0
2914	0.236255	0	0
2913	0.235961	0	0
2912	0.235666	0	0
2911	0.23537	0	0
2910	0.235073	0	0
2909	0.234775	0	0
2908	0.234477	0	0
2907	0.234177	0	0
2906	0.233876	0	0
2905	0.233575	0	0
2904	0.233272	0	0
2903	0.232969	0	0
2902	0.232664	0	0
2901	0.232359	0	0
2900	0.232053	0	0
2899	0.231746	0	0
2898	0.231437	0	0
2897	0.231128	0	0
2896	0.230818	0	0
2895	0.230507	0	0
2894	0.230195	0	0
2893	0.229883	0	0
2892	0.229569	0	0
2891	0.229254	0	0
2890	0.228938	0	0
2889	0.228622	0	0
2888	0.228304	0	0
2887	0.227985	0	0
2886	0.227666	0	0
2885	0.227345	0	0
2884	0.227024	0	0
2883	0.226701	0	0
2882	0.226378	0	0
2881	0.226054	0	0
2880	0.225728	0	0
2879	0.225402	0	0
2878	0.225075	0	0
2877	0.224747	0	0
2876	0.224417	0	0
2875	0.224087	0	0
2874	0.223756	0	0
2873	0.223424	0	0
2872	0.223091	0	0
2871	0.222757	0	0
2870	0.222422	0	0
2869	0.222086	0	0
2868	0.221749	0	0
2867	0.221411	0	0
2866	0.221072	0	0
2865	0.220732	0	0
2864	0.220391	0	0
2863	0.22005	0	0
2862	0.219709	0	0
2861	0.219365	0	0
2860	0.219021	0	0
2859	0.218675	0	0
2858	0.218329	0	0
2857	0.217981	0	0
2856	0.217633	0	0
2855	0.217283	0	0
2854	0.216932	0	0
2853	0.216581	0	0
2852	0.216228	0	0
2851	0.215875	0	0
2850	0.21552	0	0
2849	0.215165	0	0
2848	0.214808	0	0
2847	0.21445	0	0
2846	0.214092	0	0
2845	0.213732	0	0
2844	0.213372	0	0
2843	0.21301	0	0
2842	0.212648	0	0
2841	0.212284	0	0
2840	0.21192	0	0
2839	0.211554	0	0
2838	0.211187	0	0
2837	0.210819	0	0
2836	0.210449	0	0
2835	0.210079	0	0
2834	0.209707	0	0
2833	0.209335	0	0
2832	0.208961	0	0
2831	0.208587	0	0
2830	0.208211	0	0
2829	0.207834	0	0
2828	0.207457	0	0
2827	0.207078	0	0
2826	0.206698	0	0
2825	0.206317	0	0
2824	0.205935	0	0
2823	0.205552	0	0
2822	0.205168	0	0
2821	0.204783	0	0
2820	0.204397	0	0
2819	0.20401	0	0
2818	0.203622	0	0
2817	0.203233	0	0
2816	0.202842	0	0
2815	0.202451	0	0
2814	0.202059	0	0
2813	0.201665	0	0
2812	0.201271	0	0
2811	0.200875	0	0
2810	0.200479	0	0
2809	0.200081	0	0
2808	0.199682	0	0
2807	0.199282	0	0
2806	0.198882	0	0
2805	0.19848	0	0
2804	0.198077	0	0
2803	0.197673	0	0
2802	0.197267	0	0
2801	0.196861	0	0
2800	0.196454	0	0
2799	0.196046	0	0
2798	0.195636	0	0
2797	0.195226	0	0
2796	0.194814	0	0
2795	0.194402	0	0
2794	0.193988	0	0
2793	0.193573	0	0
2792	0.193158	0	0
2791	0.192741	0	0
2790	0.192323	0	0
2789	0.191904	0	0
2788	0.191484	0	0
2787	0.191062	0	0
2786	0.19064	0	0
2785	0.190217	0	0
2784	0.189792	0	0
2783	0.189367	0	0
2782	0.18894	0	0
2781	0.188513	0	0
2780	0.188084	0	0
2779	0.187654	0	0
2778	0.187223	0	0
2777	0.186792	0	0
2776	0.186359	0	0
2775	0.185925	0	0
2774	0.185489	0	0
2773	0.185053	0	0
2772	0.184616	0	0
2771	0.184178	0	0
2770	0.183738	0	0
2769	0.183298	0	0
2768	0.182856	0	0
2767	0.182413	0	0
2766	0.18197	0	0
2765	0.181525	0	0
2764	0.181079	0	0
2763	0.180632	0	0
2762	0.180184	0	0
2761	0.179735	0	0
2760	0.179285	0	0
2759	0.178834	0	0
2758	0.178382	0	0
2757	0.177928	0	0
2756	0.177474	0	0
2755	0.177019	0	0
2754	0.176562	0	0
2753	0.176105	0	0
2752	0.175646	0	0
2751	0.175187	0	0
2750	0.174726	0	0
2749	0.174264	0	0
2748	0.173802	0	0
2747	0.173338	0	0
2746	0.172873	0	0
2745	0.172407	0	0
2744	0.17194	0	0
2743	0.171472	0	0
2742	0.171003	0	0
2741	0.170533	0	0
2740	0.170062	0	0
2739	0.16959	0	0
2738	0.169117	0	0
2737	0.168643	0	0
2736	0.168168	0	0
2735	0.167691	0	0
2734	0.167214	0	0
2733	0.166736	0	0
2732	0.166257	0	0
2731	0.165776	0	0
2730	0.165295	0	0
2729	0.164813	0	0
2728	0.164329	0	0
2727	0.163845	0	0
2726	0.16336	0	0
2725	0.162873	0	0
2724	0.162386	0	0
2723	0.161898	0	0
2722	0.161408	0	0
2721	0.160918	0	0
2720	0.160427	0	0
2719	0.159934	0	0
2718	0.159441	0	0
2717	0.158947	0	0
2716	0.158452	0	0
2715	0.157955	0	0
2714	0.157458	0	0
2713	0.15696	0	0
2712	0.156461	0	0
2711	0.155961	0	0
2710	0.15546	0	0
2709	0.154958	0	0
2708	0.154455	0	0
2707	0.153951	0	0
2706	0.153446	0	0
2705	0.15294	0	0
2704	0.152433	0	0
2703	0.151925	0	0
2702	0.151417	0	0
2701	0.150907	0	0
2700	0.150397	0	0
2699	0.149885	0	0
2698	0.149373	0	0
2697	0.14886	0	0
2696	0.148345	0	0
2695	0.14783	0	0
2694	0.147314	0	0
2693	0.146798	0	0
2692	0.14628	0	0
2691	0.145761	0	0
2690	0.145242	0	0
2689	0.144721	0	0
2688	0.1442	0	0
2687	0.143678	0	0
2686	0.143155	0	0
2685	0.142631	0	0
2684	0.142106	0	0
2683	0.14158	0	0
2682	0.141054	0	0
2681	0.140527	0	0
2680	0.139999	0	0
2679	0.13947	0	0
2678	0.13894	0	0
2677	0.138409	0	0
2676	0.137878	0	0
2675	0.137346	0	0
2674	0.136813	0	0
2673	0.136279	0	0
2672	0.135745	0	0
2671	0.135209	0	0
2670	0.134673	0	0
2669	0.134136	0	0
2668	0.133599	0	0
2667	0.13306	0	0
2666	0.132521	0	0
2665	0.131981	0	0
2664	0.131441	0	0
2663	0.130899	0	0
2662	0.130357	0	0
2661	0.129815	0	0
2660	0.129271	0	0
2659	0.128727	0	0
2658	0.128182	0	0
2657	0.127636	0	0
2656	0.12709	0	0
2655	0.126543	0	0
2654	0.125996	0	0
2653	0.125447	0	0
2652	0.124899	0	0
2651	0.124349	0	0
2650	0.123799	0	0
2649	0.123248	0	0
2648	0.122697	0	0
2647	0.122145	0	0
2646	0.121592	0	0
2645	0.121039	0	0
2644	0.120485	0	0
2643	0.119931	0	0
2642	0.119376	0	0
2641	0.118821	0	0
2640	0.118265	0	0
2639	0.117708	0	0
2638	0.117152	0	0
2637	0.116597	0	0
2636	0.116039	0	0
2635	0.115481	0	0
2634	0.114922	0	0
2633	0.114363	0	0
2632	0.113804	0	0
2631	0.113244	0	0
2630	0.112683	0	0
2629	0.112123	0	0
2628	0.111561	0	0
2627	0.111	0	0
2626	0.110438	0	0
2625	0.109875	0	0
2624	0.109312	0	0
2623	0.108749	0	0
2622	0.108186	0	0
2621	0.107622	0	0
2620	0.107057	0	0
2619	0.106492	0	0
2618	0.105926	0	0
2617	0.10536	0	0
2616	0.104794	0	0
2615	0.104227	0	0
2614	0.103661	0	0
2613	0.103094	0	0
2612	0.102526	0	0
2611	0.101959	0	0
2610	0.101391	0	0
2609	0.100823	0	0
2608	0.100255	0	0
2607	0.0996872	0	0
2606	0.0991188	0	0
2605	0.0985503	0	0
2604	0.0979817	0	0
2603	0.097413	0	0
2602	0.0968442	0	0
2601	0.0962754	0	0
2600	0.0957065	0	0
2599	0.0951375	0	0
2598	0.0945686	0	0
2597	0.0939996	0	0
2596	0.0934306	0	0
2595	0.0928617	0	0
2594	0.0922929	0	0
2593	0.0917241	0	0
2592	0.0911554	0	0
2591	0.0905868	0	0
2590	0.0900183	0	0
2589	0.08945	0	0
2588	0.0888819	0	0
2587	0.088314	0	0
2586	0.0877462	0	0
2585	0.0871787	0	0
2584	0.0866115	0	0
2583	0.0860446	0	0
2582	0.0854779	0	0
2581	0.0849116	0	0
2580	0.0843456	0	0
2579	0.08378	0	0
2578	0.0832148	0	0
2577	0.08265	0	0
2576	0.0820856	0	0
2575	0.0815218	0	0
2574	0.0809584	0	0
2573	0.0803956	0	0
2572	0.0798333	0	0
2571	0.0792716	0	0
2570	0.0787105	0	0
2569	0.0781501	0	0
2568	0.0775903	0	0
2567	0.0770312	0	0
2566	0.0764728	0	0
2565	0.0759153	0	0
2564	0.0753585	0	0
2563	0.0748025	0	0
2562	0.0742474	0	0
2561	0.0736932	0	0
2560	0.0731399	0	0
2559	0.0725875	0	0
2558	0.0720362	0	0
2557	0.0714859	0	0
2556	0.0709367	0	0
2555	0.0703885	0	0
2554	0.0698416	0	0
2553	0.0692958	0	0
2552	0.0687512	0	0
2551	0.0682079	0	0
2550	0.0676659	0	0
2549	0.0671253	0	0
2548	0.066586	0	0
2547	0.0660482	0	0
2546	0.0655119	0	0
2545	0.0649771	0	0
2544	0.0644439	0	0
2543	0.0639123	0	0
2542	0.0633824	0	0
2541	0.0628543	0	0
2540	0.0623278	0	0
2539	0.0618033	0	0
2538	0.0612806	0	0
2537	0.0607598	0	0
2536	0.060241	0	0
2535	0.0597243	0	0
2534	0.0592097	0	0
2533	0.0586972	0	0
2532	0.058187	0	0
2531	0.0576791	0	0
2530	0.0571735	0	0
2529	0.0566703	0	0
2528	0.0561696	0	0
2527	0.0556714	0	0
2526	0.0551758	0	0
2525	0.054683	0	0
2524	0.0541928	0	0
2523	0.0537055	0	0
2522	0.0532211	0	0
2521	0.0527396	0	0
2520	0.0522612	0	0
2519	0.0517859	0	0
2518	0.0513138	0	0
2517	0.050845	0	0
2516	0.0503795	0	0
2515	0.0499175	0	0
2514	0.049459	0	0
2513	0.049004	0	0
2512	0.0485528	0	0
2511	0.0481054	0	0
2510	0.0476619	0	0
2509	0.0472223	0	0
2508	0.0467868	0	0
2507	0.0463554	0	0
2506	0.0459283	0	0
2505	0.0455056	0	0
2504	0.0450873	0	0
2503	0.0446737	0	0
2502	0.0442649	0	0
2501	0.0438616	0	0
2500	0.0434638	0	0
2499	0.0430697	0	0
2498	0.0426806	0	0
2497	0.0422966	0	0
2496	0.0419178	0	0
2495	0.0415444	0	0
2494	0.0411764	0	0
2493	0.040814	0	0
2492	0.0404572	0	0
2491	0.0401062	0	0
2490	0.0397611	0	0
2489	0.0394218	0	0
2488	0.0390876	0	0
2487	0.0387595	0	0
2486	0.0384376	0	0
2485	0.0381219	0	0
2484	0.0378127	0	0
2483	0.0375099	0	0
2482	0.0372136	0	0
2481	0.0369239	0	0
2480	0.0366409	0	0
2479	0.0363647	0	0
2478	0.0360952	0	0
2477	0.0358326	0	0
2476	0.0355769	0	0
2475	0.0353282	0	0
2474	0.0350864	0	0
2473	0.0348516	0	0
2472	0.0346239	0	0
2471	0.0344031	0	0
2470	0.0341893	0	0
2469	0.0339824	0	0
2468	0.0337825	0	0
2467	0.0335894	0	0
2466	0.033403	0	0
2465	0.0332234	0	0
2464	0.0330503	0	0
2463	0.0328836	0	0
2462	0.0327232	0	0
2461	0.0325688	0	0
2460	0.0324204	0	0
2459	0.0322775	0	0
2458	0.0321401	0	0
2457	0.0320077	0	0
2456	0.03188	0	0
2455	0.0317568	0	0
2454	0.0316375	0	0
2453	0.0315217	0	0
2452	0.031409	0	0
2451	0.0312988	0	0
2450	0.0311907	0	0
2449	0.0310839	0	0
2448	0.0309778	0	0
2447	0.0308717	0	0
2446	0.0307649	0	0
2445	0.0306565	0	0
2444	0.0305457	0	0
2443	0.0304317	0	0
2442	0.0303133	0	0
2441	0.0301897	0	0
2440	0.0300597	0	0
2439	0.0299223	0	0
2438	0.0297761	0	0
2437	0.0296201	0	0
2436	0.029453	0	0
2435	0.0292733	0	0
2434	0.0290798	0	0
2433	0.028871	0	0
2432	0.0286454	0	0
2431	0.0284015	0	0
2430	0.0281378	0	0
2429	0.0278528	0	0
2428	0.0275448	0	0
2427	0.0272123	0	0
2426	0.0268535	0	0
2425	0.026467	0	0
2424	0.026051	0	0
2423	0.0256041	0	0
2422	0.0251245	0	0
2421	0.0246107	0	0
2420	0.0240612	0	0
2419	0.0234746	0	0
2418	0.0228494	0	0
2417	0.0221843	0	0
2416	0.0214781	0	0
2415	0.0207294	0	0
2414	0.0199374	0	0
2413	0.0191009	0	0
2412	0.0182194	0	0
2411	0.0172924	0	0
2410	0.0163199	0	0
2409	0.0152988	0	0
2408	0.0142302	0	0
2407	0.013114	0	0
2406	0.0119502	0	0
2405	0.0107389	0	0
2404	0.00948042	0	0
2403	0.00817535	0	0
2402	0.00682448	0	0
2401	0.00542748	0	0
2400	0.003986	0	0
2399	0.00250157	0	0
2398	0.000975565	0	0
2397	-0.000590468	0	0
2396	-0.00219481	0	0
2395	-0.00383557	0	0
2394	-0.00551072	0	0
2393	-0.00721804	0	0
2392	-0.0089552	0	0
2391	-0.0107197	0	0
2390	-0.0125089	0	0
2389	-0.0143202	0	0
2388	-0.0161506	0	0
2387	-0.0179972	0	0
2386	-0.019857	0	0
2385	-0.0217268	0	0
2384	-0.0236037	0	0
2383	-0.0254842	0	0
2382	-0.0273653	0	0
2381	-0.0292436	0	0
2380	-0.0311161	0	0
2379	-0.0329794	0	0
2378	-0.0348305	0	0
2377	-0.0366663	0	0
2376	-0.0384837	0	0
2375	-0.0402799	0	0
2374	-0.0420522	0	0
2373	-0.0437979	0	0
2372	-0.0455145	0	0
2371	-0.0471997	0	0
2370	-0.0488514	0	0
2369	-0.0504677	0	0
2368	-0.0520467	0	0
2367	-0.0535871	0	0
2366	-0.0550875	0	0
2365	-0.0565467	0	0
2364	-0.0579641	0	0
2363	-0.0593388	0	0
2362	-0.0606705	0	0
2361	-0.0619591	0	0
2360	-0.0632044	0	0
2359	-0.0644067	0	0
2358	-0.0655663	0	0
2357	-0.0666839	0	0
2356	-0.0677601	0	0
2355	-0.0687958	0	0
2354	-0.069792	0	0
2353	-0.0707497	0	0
2352	-0.0716702	0	0
2351	-0.0725548	0	0
2350	-0.0734048	0	0
2349	-0.0742215	0	0
2348	-0.0750059	0	0
2347	-0.0757588	0	0
2346	-0.0764845	0	0
2345	-0.0771831	0	0
2344	-0.0778559	0	0
2343	-0.0785046	0	0
2342	-0.0791306	0	0
2341	-0.0797351	0	0
2340	-0.0803203	0	0
2339	-0.0808877	0	0
2338	-0.0814378	0	0
2337	-0.081972	0	0
2336	-0.0824914	0	0
2335	-0.0829972	0	0
2334	-0.0834903	0	0
2333	-0.0839719	0	0
2332	-0.0844429	0	0
2331	-0.0849041	0	0
2330	-0.0853565	0	0
2329	-0.0858008	0	0
2328	-0.0862378	0	0
2327	-0.086668	0	0
2326	-0.0870922	0	0
2325	-0.087511	0	0
2324	-0.0879247	0	0
2323	-0.088334	0	0
2322	-0.0887393	0	0
2321	-0.089141	0	0
2320	-0.0895394	0	0
2319	-0.0899348	0	0
2318	-0.0903277	0	0
2317	-0.0907181	0	0
2316	-0.0911064	0	0
2315	-0.0914927	0	0
2314	-0.0918773	0	0
2313	-0.0922602	0	0
2312	-0.0926417	0	0
2311	-0.0930218	0	0
2310	-0.0934006	0	0
2309	-0.0937782	0	0
2308	-0.0941547	0	0
2307	-0.09453	0	0
2306	-0.0949043	0	0
2305	-0.0952774	0	0
2304	-0.0956495	0	0
2303	-0.0960203	0	0
2302	-0.0963894	0	0
2301	-0.0967562	0	0
2300	-0.0971232	0	0
2299	-0.097489	0	0
2298	-0.0978537	0	0
2297	-0.098217	0	0
2296	-0.098579	0	0
2295	-0.0989406	0	0
2294	-0.0993012	0	0
2293	-0.0996605	0	0
2292	-0.100018	0	0
2291	-0.100374	0	0
2290	-0.100729	0	0
2289	-0.101082	0	0
2288	-0.101433	0	0
2287	-0.101782	0	0
2286	-0.102129	0	0
2285	-0.102474	0	0
2284	-0.102817	0	0
2283	-0.103158	0	0
2282	-0.103497	0	0
2281	-0.103833	0	0
2280	-0.104167	0	0
2279	-0.104498	0	0
2278	-0.104826	0	0
2277	-0.105152	0	0
2276	-0.105475	0	0
2275	-0.105795	0	0
2274	-0.106112	0	0
2273	-0.106426	0	0
2272	-0.106736	0	0
2271	-0.107044	0	0
2270	-0.107347	0	0
2269	-0.107647	0	0
2268	-0.107944	0	0
2267	-0.108234	0	0
2266	-0.108522	0	0
2265	-0.108806	0	0
2264	-0.109087	0	0
2263	-0.109362	0	0
2262	-0.109634	0	0
2261	-0.109903	0	0
2260	-0.110167	0	0
2259	-0.110426	0	0
2258	-0.110681	0	0
2257	-0.110932	0	0
2256	-0.111177	0	0
2255	-0.111418	0	0
2254	-0.111653	0	0
2253	-0.111883	0	0
2252	-0.112108	0	0
2251	-0.112327	0	0
2250	-0.112541	0	0
2249	-0.11275	0	0
2248	-0.112952	0	0
2247	-0.113148	0	0
2246	-0.113339	0	0
2245	-0.113523	0	0
2244	-0.113701	0	0
2243	-0.113872	0	0
2242	-0.114037	0	0
2241	-0.114195	0	0
2240	-0.114344	0	0
2239	-0.114487	0	0
2238	-0.114623	0	0
2237	-0.114752	0	0
2236	-0.114873	0	0
2235	-0.114988	0	0
2234	-0.115096	0	0
2233	-0.115196	0	0
2232	-0.115287	0	0
2231	-0.115371	0	0
2230	-0.115446	0	0
2229	-0.115513	0	0
2228	-0.115571	0	0
2227	-0.11562	0	0
2226	-0.115661	0	0
2225	-0.115692	0	0
2224	-0.115714	0	0
2223	-0.115726	0	0
2222	-0.115729	0	0
2221	-0.115722	0	0
2220	-0.115705	0	0
2219	-0.115675	0	0
2218	-0.115637	0	0
2217	-0.115587	0	0
2216	-0.115527	0	0
2215	-0.115457	0	0
2214	-0.115377	0	0
2213	-0.115285	0	0
2212	-0.115182	0	0
2211	-0.115068	0	0
2210	-0.114941	0	0
2209	-0.114803	0	0
2208	-0.114653	0	0
2207	-0.114491	0	0
2206	-0.114316	0	0
2205	-0.114129	0	0
2204	-0.113929	0	0
2203	-0.113716	0	0
2202	-0.113489	0	0
2201	-0.113249	0	0
2200	-0.112997	0	0
2199	-0.112731	0	0
2198	-0.112454	0	0
2197	-0.112163	0	0
2196	-0.111859	0	0
2195	-0.111542	0	0
2194	-0.111212	0	0
2193	-0.110869	0	0
2192	-0.110512	0	0
2191	-0.110143	0	0
2190	-0.109761	0	0
2189	-0.109365	0	0
2188	-0.108956	0	0
2187	-0.108536	0	0
2186	-0.108103	0	0
2185	-0.107661	0	0
2184	-0.107207	0	0
2183	-0.106743	0	0
2182	-0.106269	0	0
2181	-0.105786	0	0
2180	-0.105294	0	0
2179	-0.104794	0	0
2178	-0.104286	0	0
2177	-0.10377	0	0
2176	-0.103249	0	0
2175	-0.102724	0	0
2174	-0.102197	0	0
2173	-0.101668	0	0
2172	-0.101139	0	0
2171	-0.100609	0	0
2170	-0.100082	0	0
2169	-0.0995586	0	0
2168	-0.0990384	0	0
2167	-0.0985257	0	0
2166	-0.0980216	0	0
2165	-0.0975288	0	0
2164	-0.097049	0	0
2163	-0.0965835	0	0
2162	-0.0961344	0	0
2161	-0.0957034	0	0
2160	-0.0952914	0	0
2159	-0.0949026	0	0
2158	-0.0945384	0	0
2157	-0.0942023	0	0
2156	-0.093895	0	0
2155	-0.0936184	0	0
2154	-0.0933738	0	0
2153	-0.093163	0	0
2152	-0.0929889	0	0
2151	-0.0928537	0	0
2150	-0.0927583	0	0
2149	-0.0927035	0	0
2148	-0.0926893	0	0
2147	-0.0927187	0	0
2146	-0.0927921	0	0
2145	-0.0929109	0	0
2144	-0.093074	0	0
2143	-0.0932811	0	0
2142	-0.0935336	0	0
2141	-0.0938317	0	0
2140	-0.0941738	0	0
2139	-0.0945589	0	0
2138	-0.094987	0	0
2137	-0.0954577	0	0
2136	-0.0959682	0	0
2135	-0.0965183	0	0
2134	-0.0971071	0	0
2133	-0.0977324	0	0
2132	-0.0983941	0	0
2131	-0.0990913	0	0
2130	-0.0998248	0	0
2129	-0.100598	0	0
2128	-0.10142	0	0
2127	-0.102326	0	0
2126	-0.103796	0	0
2125	-0.10531	0	0
2124	-0.106571	0	0
2123	-0.107578	0	0
2122	-0.108595	0	0
2121	-0.10962	0	0
2120	-0.110651	0	0
2119	-0.111686	0	0
2118	-0.112723	0	0
2117	-0.113761	0	0
2116	-0.114797	0	0
2115	-0.11583	0	0
2114	-0.116859	0	0
2113	-0.117882	0	0
2112	-0.118898	0	0
2111	-0.119905	0	0
2110	-0.120904	0	0
2109	-0.121892	0	0
2108	-0.122869	0	0
2107	-0.123835	0	0
2106	-0.124788	0	0
2105	-0.125728	0	0
2104	-0.126654	0	0
2103	-0.127566	0	0
2102	-0.128464	0	0
2101	-0.129348	0	0
2100	-0.130217	0	0
2099	-0.131071	0	0
2098	-0.13191	0	0
2097	-0.132734	0	0
2096	-0.133543	0	0
2095	-0.134337	0	0
2094	-0.135116	0	0
2093	-0.135881	0	0
2092	-0.136631	0	0
2091	-0.137367	0	0
2090	-0.138088	0	0
2089	-0.138796	0	0
2088	-0.13949	0	0
2087	-0.140171	0	0
2086	-0.140839	0	0
2085	-0.141494	0	0
2084	-0.142137	0	0
2083	-0.142768	0	0
2082	-0.143387	0	0
2081	-0.143995	0	0
2080	-0.144592	0	0
2079	-0.145178	0	0
2078	-0.145754	0	0
2077	-0.14632	0	0
2076	-0.146876	0	0
2075	-0.147423	0	0
2074	-0.147961	0	0
2073	-0.148491	0	0
2072	-0.149013	0	0
2071	-0.149526	0	0
2070	-0.150033	0	0
2069	-0.150532	0	0
2068	-0.151024	0	0
2067	-0.15151	0	0
2066	-0.15199	0	0
2065	-0.152464	0	0
2064	-0.152933	0	0
2063	-0.153396	0	0
2062	-0.153855	0	0
2061	-0.154309	0	0
2060	-0.154759	0	0
2059	-0.155097	0	0
2058	-0.155419	0	0
2057	-0.155738	0	0
2056	-0.156053	0	0
2055	-0.156366	0	0
2054	-0.156675	0	0
2053	-0.156983	0	0
2052	-0.157287	0	0
2051	-0.15759	0	0
2050	-0.157892	0	0
2049	-0.158192	0	0
2048	-0.158491	0	0
2047	-0.158788	0	0
2046	-0.159086	0	0
2045	-0.159383	0	0
2044	-0.15968	0	0
2043	-0.159977	0	0
2042	-0.160275	0	0
2041	-0.160573	0	0
2040	-0.160872	0	0
2039	-0.161173	0	0
2038	-0.161475	0	0
2037	-0.161779	0	0
2036	-0.162084	0	0
2035	-0.162392	0	0
2034	-0.162702	0	0
2033	-0.163015	0	0
2032	-0.163331	0	0
2031	-0.16365	0	0
2030	-0.163972	0	0
2029	-0.164298	0	0
2028	-0.164628	0	0
2027	-0.164962	0	0
2026	-0.1653	0	0
2025	-0.165643	0	0
2024	-0.16599	0	0
2023	-0.166343	0	0
2022	-0.166701	0	0
2021	-0.167064	0	0
2020	-0.167434	0	0
2019	-0.167809	0	0
2018	-0.16819	0	0
2017	-0.168578	0	0
2016	-0.168973	0	0
2015	-0.169374	0	0
2014	-0.169783	0	0
2013	-0.170199	0	0
2012	-0.170623	0	0
2011	-0.171055	0	0
2010	-0.171495	0	0
2009	-0.171943	0	0
2008	-0.1724	0	0
2007	-0.172866	0	0
2006	-0.173341	0	0
2005	-0.173826	0	0
2004	-0.17432	0	0
2003	-0.174824	0	0
2002	-0.175338	0	0
2001	-0.175862	0	0
2000	-0.176398	0	0
1999	-0.176944	0	0
1998	-0.177501	0	0
1997	-0.17807	0	0
1996	-0.178651	0	0
1995	-0.179243	0	0
1994	-0.179848	0	0
1993	-0.180466	0	0
1992	-0.181096	0	0
1991	-0.181739	0	0
1990	-0.182396	0	0
1989	-0.183067	0	0
1988	-0.183751	0	0
1987	-0.18445	0	0
1986	-0.185163	0	0
1985	-0.185891	0	0
1984	-0.186634	0	0
1983	-0.187393	0	0
1982	-0.188167	0	0
1981	-0.188957	0	0
1980	-0.189764	0	0
1979	-0.190588	0	0
1978	-0.191429	0	0
1977	-0.192286	0	0
1976	-0.193162	0	0
1975	-0.194056	0	0
1974	-0.194968	0	0
1973	-0.195899	0	0
1972	-0.196849	0	0
1971	-0.197818	0	0
1970	-0.198807	0	0
1969	-0.199816	0	0
1968	-0.200846	0	0
1967	-0.201897	0	0
1966	-0.202969	0	0
1965	-0.204063	0	0
1964	-0.205179	0	0
1963	-0.206317	0	0
1962	-0.207479	0	0
1961	-0.208664	0	0
1960	-0.209873	0	0
1959	-0.211106	0	0
1958	-0.212363	0	0
1957	-0.213646	0	0
1956	-0.214955	0	0
1955	-0.21629	0	0
1954	-0.217651	0	0
1953	-0.21904	0	0
1952	-0.220456	0	0
1951	-0.2219	0	0
1950	-0.223373	0	0
1949	-0.224876	0	0
1948	-0.226408	0	0
1947	-0.22797	0	0
1946	-0.229564	0	0
1945	-0.231189	0	0
1944	-0.232847	0	0
1943	-0.234537	0	0
1942	-0.236261	0	0
1941	-0.238018	0	0
1940	-0.239811	0	0
1939	-0.241639	0	0
1938	-0.243504	0	0
1937	-0.245405	0	0
1936	-0.247344	0	0
1935	-0.249321	0	0
1934	-0.251338	0	0
1933	-0.253394	0	0
1932	-0.255492	0	0
1931	-0.257631	0	0
1930	-0.259812	0	0
1929	-0.262037	0	0
1928	-0.264306	0	0
1927	-0.266621	0	0
1926	-0.268981	0	0
1925	-0.271388	0	0
1924	-0.273844	0	0
1923	-0.276348	0	0
1922	-0.278903	0	0
1921	-0.281508	0	0
1920	-0.284166	0	0
1919	-0.286877	0	0
1918	-0.289642	0	0
1917	-0.292462	0	0
1916	-0.29534	0	0
1915	-0.298275	0	0
1914	-0.301268	0	0
1913	-0.304322	0	0
1912	-0.307438	0	0
1911	-0.310616	0	0
1910	-0.313858	0	0
1909	-0.317165	0	0
1908	-0.320538	0	0
1907	-0.323979	0	0
1906	-0.327489	0	0
1905	-0.33107	0	0
1904	-0.334723	0	0
1903	-0.338448	0	0
1902	-0.342248	0	0
1901	-0.346124	0	0
1900	-0.350077	0	0
1899	-0.354109	0	0
1898	-0.358221	0	0
1897	-0.362413	0	0
1896	-0.366689	0	0
1895	-0.371048	0	0
1894	-0.375492	0	0
1893	-0.380023	0	0
1892	-0.384641	0	0
1891	-0.389347	0	0
1890	-0.394144	0	0
1889	-0.399031	0	0
1888	-0.40401	0	0
1887	-0.409082	0	0
1886	-0.414247	0	0
1885	-0.419506	0	0
1884	-0.424859	0	0
1883	-0.430308	0	0
1882	-0.435852	0	0
1881	-0.441491	0	0
1880	-0.447226	0	0
1879	-0.453055	0	0
1878	-0.458979	0	0
1877	-0.464998	0	0
1876	-0.471109	0	0
1875	-0.477311	0	0
1874	-0.483604	0	0
1873	-0.489985	0	0
1872	-0.496453	0	0
1871	-0.503003	0	0
1870	-0.509634	0	0
1869	-0.516342	0	0
1868	-0.523123	0	0
1867	-0.529973	0	0
1866	-0.536887	0	0
1865	-0.543859	0	0
1864	-0.550883	0	0
1863	-0.557952	0	0
1862	-0.56506	0	0
1861	-0.572199	0	0
1860	-0.579358	0	0
1859	-0.58653	0	0
1858	-0.593704	0	0
1857	-0.600869	0	0
1856	-0.608013	0	0
1855	-0.615124	0	0
1854	-0.622188	0	0
1853	-0.629192	0	0
1852	-0.636119	0	0
1851	-0.642956	0	0
1850	-0.649685	0	0
1849	-0.656288	0	0
1848	-0.662748	0	0
1847	-0.669047	0	0
1846	-0.675165	0	0
1845	-0.681082	0	0
1844	-0.686779	0	0
1843	-0.692234	0	0
1842	-0.697427	0	0
1841	-0.702336	0	0
1840	-0.706942	0	0
1839	-0.711223	0	0
1838	-0.715159	0	0
1837	-0.71873	0	0
1836	-0.721915	0	0
1835	-0.724697	0	0
1834	-0.727056	0	0
1833	-0.728978	0	0
1832	-0.730446	0	0
1831	-0.731446	0	0
1830	-0.731965	0	0
1829	-0.731993	0	0
1828	-0.73152	0	0
1827	-0.730541	0	0
1826	-0.72905	0	0
1825	-0.727043	0	0
1824	-0.72452	0	0
1823	-0.721483	0	0
1822	-0.717934	0	0
1821	-0.713878	0	0
1820	-0.709325	0	0
1819	-0.704283	0	0
1818	-0.698763	0	0
1817	-0.692781	0	0
1816	-0.686351	0	0
1815	-0.679491	0	0
1814	-0.672219	0	0
1813	-0.664555	0	0
1812	-0.656521	0	0
1811	-0.648138	0	0
1810	-0.639431	0	0
1809	-0.630423	0	0
1808	-0.621137	0	0
1807	-0.611599	0	0
1806	-0.601833	0	0
1805	-0.591863	0	0
1804	-0.581714	0	0
1803	-0.571409	0	0
1802	-0.560973	0	0
1801	-0.550428	0	0
1800	-0.539796	0	0
1799	-0.529098	0	0
1798	-0.518355	0	0
1797	-0.507587	0	0
1796	-0.496811	0	0
1795	-0.486046	0	0
1794	-0.475308	0	0
1793	-0.464612	0	0
1792	-0.453973	0	0
1791	-0.443404	0	0
1790	-0.432917	0	0
1789	-0.422524	0	0
1788	-0.412234	0	0
1787	-0.402057	0	0
1786	-0.392001	0	0
1785	-0.382074	0	0
1784	-0.372281	0	0
1783	-0.362629	0	0
1782	-0.353123	0	0
1781	-0.343767	0	0
1780	-0.334564	0	0
1779	-0.325518	0	0
1778	-0.31663	0	0
1777	-0.307903	0	0
1776	-0.299337	0	0
1775	-0.290933	0	0
1774	-0.282692	0	0
1773	-0.274614	0	0
1772	-0.266699	0	0
1771	-0.258945	0	0
1770	-0.251351	0	0
1769	-0.243917	0	0
1768	-0.236641	0	0
1767	-0.229521	0	0
1766	-0.222556	0	0
1765	-0.215743	0	0
1764	-0.20908	0	0
1763	-0.202565	0	0
1762	-0.196196	0	0
1761	-0.18997	0	0
1760	-0.183884	0	0
1759	-0.177937	0	0
1758	-0.172126	0	0
1757	-0.166447	0	0
1756	-0.160899	0	0
1755	-0.155479	0	0
1754	-0.150184	0	0
1753	-0.145011	0	0
1752	-0.139959	0	0
1751	-0.135024	0	0
1750	-0.130204	0	0
1749	-0.125496	0	0
1748	-0.120898	0	0
1747	-0.116408	0	0
1746	-0.112023	0	0
1745	-0.107742	0	0
1744	-0.10356	0	0
1743	-0.0994777	0	0
1742	-0.0954914	0	0
1741	-0.0915993	0	0
1740	-0.0877995	0	0
1739	-0.08409	0	0
1738	-0.0804688	0	0
1737	-0.0769342	0	0
1736	-0.0734843	0	0
1735	-0.0701175	0	0
1734	-0.066832	0	0
1733	-0.0636263	0	0
1732	-0.060499	0	0
1731	-0.0574484	0	0
1730	-0.0544732	0	0
1729	-0.0515721	0	0
1728	-0.0487439	0	0
1727	-0.0459873	0	0
1726	-0.0433011	0	0
1725	-0.0406845	0	0
1724	-0.0381363	0	0
1723	-0.0356556	0	0
1722	-0.0332417	0	0
1721	-0.0308937	0	0
1720	-0.0286109	0	0
1719	-0.0263928	0	0
1718	-0.0242389	0	0
1717	-0.0221487	0	0
1716	-0.0201218	0	0
1715	-0.0181582	0	0
1714	-0.0162576	0	0
1713	-0.0144202	0	0
1712	-0.0126461	0	0
1711	-0.0109357	0	0
1710	-0.00928944	0	0
1709	-0.0077082	0	0
1708	-0.00619292	0	0
1707	-0.00474481	0	0
1706	-0.0033651	0	0
1705	-0.00205423	0	0
1704	-0.000806738	0	0
1703	0.000286581	0	0
1702	0	0	0
1701	0	0	0
1700	0	0	0
1699	0	0	0
1698	0	0	0
1697	0	0	0
1696	0	0	0
1695	0	0	0
1694	0	0	0
1693	0	0	0
1692	0	0	0
1691	0	0	0
1690	0	0	0
1689	0	0	0
1688	0	0	0
1687	0	0	0
1686	0	0	0
1685	0	0	0
1684	0	0	0
1683	0	0	0
1682	0	0	0
1681	0	0	0
1680	0	0	0
1679	0	0	0
1678	0	0	0
1677	0	0	0
1676	0	0	0
1675	0	0	0
1674	0	0	0
1673	0	0	0
1672	0	0	0
1671	0	0	0
1670	0	0	0
1669	0	0	0
1668	0	0	0
1667	0	0	0
1666	0	0	0
1665	0	0	0
1664	0	0	0
1663	0	0	0
1662	0	0	0
1661	0	0	0
1660	0	0	0
1659	0	0	0
1658	0	0	0
1657	0	0	0
1656	0	0	0
1655	0	0	0
1654	0	0	0
1653	0	0	0
1652	0	0	0
1651	0	0	0
1650	0	0	0
1649	0	0	0
1648	0	0	0
1647	0	0	0
1646	0	0	0
1645	0	0	0
1644	0	0	0
1643	0	0	0
1642	0	0	0
1641	0	0	0
1640	0	0	0
1639	0	0	0
1638	0	0	0
1637	0	0	0
1636	0	0	0
1635	0	0	0
1634	0	0	0
1633	0	0	0
1632	0	0	0
1631	0	0	0
1630	0	0	0
1629	0	0	0
1628	0	0	0
1627	0	0	0
1626	0	0	0
1625	0	0	0
1624	0	0	0
1623	0	0	0
1622	0	0	0
1621	0	0	0
1620	0	0	0
1619	0	0	0
1618	0	0	0
1617	0	0	0
1616	0	0	0
1615	0	0	0
1614	0	0	0
1613	0	0	0
1612	0	0	0
1611	0	0	0
1610	0	0	0
1609	0	0	0
1608	0	0	0
1607	0	0	0
1606	0	0	0
1605	0	0	0
1604	0	0	0
1603	0	0	0
1602	0	0	0
1601	0	0	0
1600	0	0	0
1599	0	0	0
1598	0	0	0
1597	0	0	0
1596	0	0	0
1595	0	0	0
1594	0	0	0
