6379	-0.0609368	0	0
6378	-0.0614129	0	0
6377	-0.0618525	0	0
6376	-0.0622288	0	0
6375	-0.062552	0	0
6374	-0.062833	0	0
6373	-0.0630804	0	0
6372	-0.0633006	0	0
6371	-0.0634984	0	0
6370	-0.0636776	0	0
6369	-0.063841	0	0
6368	-0.0639909	0	0
6367	-0.0641289	0	0
6366	-0.0642565	0	0
6365	-0.0643749	0	0
6364	-0.0644849	0	0
6363	-0.0645874	0	0
6362	-0.064683	0	0
6361	-0.0647722	0	0
6360	-0.0648555	0	0
6359	-0.0649334	0	0
6358	-0.065006	0	0
6357	-0.0650739	0	0
6356	-0.0651371	0	0
6355	-0.0651961	0	0
6354	-0.0652509	0	0
6353	-0.0653017	0	0
6352	-0.0653488	0	0
6351	-0.0653923	0	0
6350	-0.0654324	0	0
6349	-0.0654691	0	0
6348	-0.0655026	0	0
6347	-0.0655331	0	0
6346	-0.0655606	0	0
6345	-0.0655853	0	0
6344	-0.0656072	0	0
6343	-0.0656264	0	0
6342	-0.0656431	0	0
6341	-0.0656572	0	0
6340	-0.065669	0	0
6339	-0.0656784	0	0
6338	-0.0656856	0	0
6337	-0.0656905	0	0
6336	-0.0656934	0	0
6335	-0.0656942	0	0
6334	-0.065693	0	0
6333	-0.0656898	0	0
6332	-0.0656848	0	0
6331	-0.0656779	0	0
6330	-0.0656693	0	0
6329	-0.065659	0	0
6328	-0.0656469	0	0
6327	-0.0656333	0	0
6326	-0.0656181	0	0
6325	-0.0656013	0	0
6324	-0.065583	0	0
6323	-0.0655633	0	0
6322	-0.0655422	0	0
6321	-0.0655197	0	0
6320	-0.0654959	0	0
6319	-0.0654708	0	0
6318	-0.0654444	0	0
6317	-0.0654168	0	0
6316	-0.0653879	0	0
6315	-0.0653579	0	0
6314	-0.0653268	0	0
6313	-0.0652946	0	0
6312	-0.0652612	0	0
6311	-0.0652269	0	0
6310	-0.0651914	0	0
6309	-0.065155	0	0
6308	-0.0651177	0	0
6307	-0.0650793	0	0
6306	-0.06504	0	0
6305	-0.0649999	0	0
6304	-0.0649588	0	0
6303	-0.0649169	0	0
6302	-0.0648741	0	0
6301	-0.0648305	0	0
6300	-0.0647861	0	0
6299	-0.064741	0	0
6298	-0.064695	0	0
6297	-0.0646483	0	0
6296	-0.0646009	0	0
6295	-0.0645528	0	0
6294	-0.0645039	0	0
6293	-0.0644544	0	0
6292	-0.0644042	0	0
6291	-0.0643534	0	0
6290	-0.0643019	0	0
6289	-0.0642498	0	0
6288	-0.064197	0	0
6287	-0.0641437	0	0
6286	-0.0640898	0	0
6285	-0.0640353	0	0
6284	-0.0639803	0	0
6283	-0.0639247	0	0
6282	-0.0638686	0	0
6281	-0.0638119	0	0
6280	-0.0637547	0	0
6279	-0.063697	0	0
6278	-0.0636389	0	0
6277	-0.0635802	0	0
6276	-0.0635211	0	0
6275	-0.0634615	0	0
6274	-0.0634014	0	0
6273	-0.0633409	0	0
6272	-0.06328	0	0
6271	-0.0632186	0	0
6270	-0.0631568	0	0
6269	-0.0630946	0	0
6268	-0.0630319	0	0
6267	-0.0629689	0	0
6266	-0.0629055	0	0
6265	-0.0628417	0	0
6264	-0.0627775	0	0
6263	-0.062713	0	0
6262	-0.0626481	0	0
6261	-0.0625828	0	0
6260	-0.0625172	0	0
6259	-0.0624513	0	0
6258	-0.062385	0	0
6257	-0.0623184	0	0
6256	-0.062254	0	0
6255	-0.062188	0	0
6254	-0.0621209	0	0
6253	-0.0620533	0	0
6252	-0.0619854	0	0
6251	-0.0619171	0	0
6250	-0.0618485	0	0
6249	-0.0617797	0	0
6248	-0.0617105	0	0
6247	-0.061641	0	0
6246	-0.0615712	0	0
6245	-0.0615012	0	0
6244	-0.0614309	0	0
6243	-0.0613603	0	0
6242	-0.0612895	0	0
6241	-0.0612184	0	0
6240	-0.0611471	0	0
6239	-0.0610755	0	0
6238	-0.0610037	0	0
6237	-0.0609316	0	0
6236	-0.0608593	0	0
6235	-0.0607868	0	0
6234	-0.0607141	0	0
6233	-0.0606411	0	0
6232	-0.0605679	0	0
6231	-0.0604945	0	0
6230	-0.0604209	0	0
6229	-0.0603471	0	0
6228	-0.0602731	0	0
6227	-0.0601988	0	0
6226	-0.0601244	0	0
6225	-0.0600498	0	0
6224	-0.059975	0	0
6223	-0.0599	0	0
6222	-0.0598248	0	0
6221	-0.0597494	0	0
6220	-0.0596739	0	0
6219	-0.0595982	0	0
6218	-0.0595223	0	0
6217	-0.0594462	0	0
6216	-0.05937	0	0
6215	-0.0592936	0	0
6214	-0.059217	0	0
6213	-0.0591403	0	0
6212	-0.0590634	0	0
6211	-0.0590411	0	0
6210	-0.0589767	0	0
6209	-0.0589046	0	0
6208	-0.0588302	0	0
6207	-0.0587546	0	0
6206	-0.0586783	0	0
6205	-0.0586014	0	0
6204	-0.0585241	0	0
6203	-0.0584464	0	0
6202	-0.0583685	0	0
6201	-0.0582902	0	0
6200	-0.0582117	0	0
6199	-0.058133	0	0
6198	-0.0580541	0	0
6197	-0.057975	0	0
6196	-0.0578958	0	0
6195	-0.0578163	0	0
6194	-0.0577367	0	0
6193	-0.0576569	0	0
6192	-0.057577	0	0
6191	-0.0574969	0	0
6190	-0.0574167	0	0
6189	-0.0573364	0	0
6188	-0.0572559	0	0
6187	-0.0571753	0	0
6186	-0.0570946	0	0
6185	-0.0570137	0	0
6184	-0.0569327	0	0
6183	-0.0568516	0	0
6182	-0.0567704	0	0
6181	-0.0566891	0	0
6180	-0.0566077	0	0
6179	-0.0565262	0	0
6178	-0.0564445	0	0
6177	-0.0563628	0	0
6176	-0.0562809	0	0
6175	-0.056199	0	0
6174	-0.0561169	0	0
6173	-0.0560348	0	0
6172	-0.0559526	0	0
6171	-0.0558702	0	0
6170	-0.0557878	0	0
6169	-0.0557053	0	0
6168	-0.0556227	0	0
6167	-0.05554	0	0
6166	-0.0554572	0	0
6165	-0.0553743	0	0
6164	-0.0552914	0	0
6163	-0.0552084	0	0
6162	-0.0551252	0	0
6161	-0.055042	0	0
6160	-0.0549588	0	0
6159	-0.0548754	0	0
6158	-0.054792	0	0
6157	-0.0547085	0	0
6156	-0.0546249	0	0
6155	-0.0545412	0	0
6154	-0.0544575	0	0
6153	-0.0543737	0	0
6152	-0.0542898	0	0
6151	-0.0542059	0	0
6150	-0.0541218	0	0
6149	-0.0540378	0	0
6148	-0.0539536	0	0
6147	-0.0538694	0	0
6146	-0.0537851	0	0
6145	-0.0537007	0	0
6144	-0.0536163	0	0
6143	-0.0535318	0	0
6142	-0.0534473	0	0
6141	-0.0533627	0	0
6140	-0.053278	0	0
6139	-0.0531933	0	0
6138	-0.0531085	0	0
6137	-0.0530237	0	0
6136	-0.0529387	0	0
6135	-0.0528538	0	0
6134	-0.0527688	0	0
6133	-0.0526837	0	0
6132	-0.0525985	0	0
6131	-0.0525133	0	0
6130	-0.0524281	0	0
6129	-0.0523428	0	0
6128	-0.0522574	0	0
6127	-0.052172	0	0
6126	-0.0520866	0	0
6125	-0.0520011	0	0
6124	-0.0519155	0	0
6123	-0.0518299	0	0
6122	-0.0517442	0	0
6121	-0.0516585	0	0
6120	-0.0515728	0	0
6119	-0.0514869	0	0
6118	-0.0514011	0	0
6117	-0.0513152	0	0
6116	-0.0512292	0	0
6115	-0.0511432	0	0
6114	-0.0510572	0	0
6113	-0.0509711	0	0
6112	-0.050885	0	0
6111	-0.0507988	0	0
6110	-0.0507126	0	0
6109	-0.0506263	0	0
6108	-0.05054	0	0
6107	-0.0504536	0	0
6106	-0.0503673	0	0
6105	-0.0502808	0	0
6104	-0.0501943	0	0
6103	-0.0501078	0	0
6102	-0.0500213	0	0
6101	-0.0499347	0	0
6100	-0.049848	0	0
6099	-0.0497614	0	0
6098	-0.0496747	0	0
6097	-0.0495879	0	0
6096	-0.0495011	0	0
6095	-0.0494143	0	0
6094	-0.0493274	0	0
6093	-0.0492405	0	0
6092	-0.0491536	0	0
6091	-0.0490666	0	0
6090	-0.0489796	0	0
6089	-0.0488926	0	0
6088	-0.0488055	0	0
6087	-0.0487184	0	0
6086	-0.0486312	0	0
6085	-0.0485441	0	0
6084	-0.0484568	0	0
6083	-0.0483696	0	0
6082	-0.0482823	0	0
6081	-0.048195	0	0
6080	-0.0481077	0	0
6079	-0.0480203	0	0
6078	-0.0479329	0	0
6077	-0.0478455	0	0
6076	-0.047758	0	0
6075	-0.0476705	0	0
6074	-0.047583	0	0
6073	-0.0474954	0	0
6072	-0.0474078	0	0
6071	-0.0473202	0	0
6070	-0.0472326	0	0
6069	-0.0471449	0	0
6068	-0.0470572	0	0
6067	-0.0469695	0	0
6066	-0.0468817	0	0
6065	-0.0467939	0	0
6064	-0.0467061	0	0
6063	-0.0466183	0	0
6062	-0.0465304	0	0
6061	-0.0464425	0	0
6060	-0.0463546	0	0
6059	-0.0462666	0	0
6058	-0.0461787	0	0
6057	-0.0460907	0	0
6056	-0.0460027	0	0
6055	-0.0459146	0	0
6054	-0.0458266	0	0
6053	-0.0457385	0	0
6052	-0.0456503	0	0
6051	-0.0455622	0	0
6050	-0.045474	0	0
6049	-0.0453859	0	0
6048	-0.0452976	0	0
6047	-0.0452094	0	0
6046	-0.0451212	0	0
6045	-0.0450329	0	0
6044	-0.0449446	0	0
6043	-0.0448563	0	0
6042	-0.0447679	0	0
6041	-0.0446796	0	0
6040	-0.0445912	0	0
6039	-0.0445028	0	0
6038	-0.0444143	0	0
6037	-0.0443259	0	0
6036	-0.0442374	0	0
6035	-0.0441489	0	0
6034	-0.0440604	0	0
6033	-0.0439719	0	0
6032	-0.0438834	0	0
6031	-0.0437948	0	0
6030	-0.0437062	0	0
6029	-0.0436176	0	0
6028	-0.043529	0	0
6027	-0.0434403	0	0
6026	-0.0433517	0	0
6025	-0.043263	0	0
6024	-0.0431743	0	0
6023	-0.0430856	0	0
6022	-0.0429969	0	0
6021	-0.0429081	0	0
6020	-0.0428194	0	0
6019	-0.0427306	0	0
6018	-0.0426418	0	0
6017	-0.042553	0	0
6016	-0.0424642	0	0
6015	-0.0423753	0	0
6014	-0.0422865	0	0
6013	-0.0421976	0	0
6012	-0.0421087	0	0
6011	-0.0420198	0	0
6010	-0.0419309	0	0
6009	-0.0418419	0	0
6008	-0.041753	0	0
6007	-0.041664	0	0
6006	-0.041575	0	0
6005	-0.041486	0	0
6004	-0.041397	0	0
6003	-0.041308	0	0
6002	-0.041219	0	0
6001	-0.0411299	0	0
6000	-0.0410409	0	0
5999	-0.0409518	0	0
5998	-0.0408627	0	0
5997	-0.0407736	0	0
5996	-0.0406845	0	0
5995	-0.0405954	0	0
5994	-0.0405062	0	0
5993	-0.0404171	0	0
5992	-0.0403279	0	0
5991	-0.0402388	0	0
5990	-0.0401496	0	0
5989	-0.0400604	0	0
5988	-0.0399712	0	0
5987	-0.039882	0	0
5986	-0.0397928	0	0
5985	-0.0397035	0	0
5984	-0.0396143	0	0
5983	-0.039525	0	0
5982	-0.0394357	0	0
5981	-0.0393465	0	0
5980	-0.0392572	0	0
5979	-0.0391679	0	0
5978	-0.0390786	0	0
5977	-0.0389893	0	0
5976	-0.0388999	0	0
5975	-0.0388106	0	0
5974	-0.0387213	0	0
5973	-0.0386319	0	0
5972	-0.0385425	0	0
5971	-0.0384532	0	0
5970	-0.0383638	0	0
5969	-0.0382744	0	0
5968	-0.038185	0	0
5967	-0.0380956	0	0
5966	-0.0380062	0	0
5965	-0.0379168	0	0
5964	-0.0378274	0	0
5963	-0.037738	0	0
5962	-0.0376485	0	0
5961	-0.0375591	0	0
5960	-0.0374696	0	0
5959	-0.0373802	0	0
5958	-0.0372907	0	0
5957	-0.0372012	0	0
5956	-0.0371118	0	0
5955	-0.0370223	0	0
5954	-0.0369328	0	0
5953	-0.0368433	0	0
5952	-0.0367538	0	0
5951	-0.0366643	0	0
5950	-0.0365748	0	0
5949	-0.0364853	0	0
5948	-0.0363958	0	0
5947	-0.0363063	0	0
5946	-0.0362167	0	0
5945	-0.0361272	0	0
5944	-0.0360377	0	0
5943	-0.0359481	0	0
5942	-0.0358586	0	0
5941	-0.035769	0	0
5940	-0.0356795	0	0
5939	-0.0355899	0	0
5938	-0.0355004	0	0
5937	-0.0354108	0	0
5936	-0.0353213	0	0
5935	-0.0352317	0	0
5934	-0.0351421	0	0
5933	-0.0350526	0	0
5932	-0.034963	0	0
5931	-0.0348734	0	0
5930	-0.0347838	0	0
5929	-0.0346942	0	0
5928	-0.0346047	0	0
5927	-0.0345151	0	0
5926	-0.0344255	0	0
5925	-0.0343359	0	0
5924	-0.0342463	0	0
5923	-0.0341567	0	0
5922	-0.0340671	0	0
5921	-0.0339776	0	0
5920	-0.033888	0	0
5919	-0.0337984	0	0
5918	-0.0337088	0	0
5917	-0.0336192	0	0
5916	-0.0335296	0	0
5915	-0.03344	0	0
5914	-0.0333504	0	0
5913	-0.0332608	0	0
5912	-0.0331712	0	0
5911	-0.0330816	0	0
5910	-0.032992	0	0
5909	-0.0329025	0	0
5908	-0.0328129	0	0
5907	-0.0327233	0	0
5906	-0.0326337	0	0
5905	-0.0325441	0	0
5904	-0.0324545	0	0
5903	-0.0323649	0	0
5902	-0.0322754	0	0
5901	-0.0321858	0	0
5900	-0.0320962	0	0
5899	-0.0320066	0	0
5898	-0.0319171	0	0
5897	-0.0318275	0	0
5896	-0.0317379	0	0
5895	-0.0316484	0	0
5894	-0.0315588	0	0
5893	-0.0314693	0	0
5892	-0.0313797	0	0
5891	-0.0312902	0	0
5890	-0.0312006	0	0
5889	-0.0311111	0	0
5888	-0.0310215	0	0
5887	-0.030932	0	0
5886	-0.0308425	0	0
5885	-0.030753	0	0
5884	-0.0306634	0	0
5883	-0.0305739	0	0
5882	-0.0304844	0	0
5881	-0.0303949	0	0
5880	-0.0303054	0	0
5879	-0.0302159	0	0
5878	-0.0301264	0	0
5877	-0.0300369	0	0
5876	-0.0299475	0	0
5875	-0.029858	0	0
5874	-0.0297685	0	0
5873	-0.029679	0	0
5872	-0.0295896	0	0
5871	-0.0295001	0	0
5870	-0.0294107	0	0
5869	-0.0293213	0	0
5868	-0.0292318	0	0
5867	-0.0291424	0	0
5866	-0.029053	0	0
5865	-0.0289636	0	0
5864	-0.0288742	0	0
5863	-0.0287848	0	0
5862	-0.0286954	0	0
5861	-0.028606	0	0
5860	-0.0285167	0	0
5859	-0.0284273	0	0
5858	-0.0283379	0	0
5857	-0.0282486	0	0
5856	-0.0281593	0	0
5855	-0.0280699	0	0
5854	-0.0279806	0	0
5853	-0.0278913	0	0
5852	-0.027802	0	0
5851	-0.0277127	0	0
5850	-0.0276234	0	0
5849	-0.0275341	0	0
5848	-0.0274449	0	0
5847	-0.0273556	0	0
5846	-0.0272664	0	0
5845	-0.0271771	0	0
5844	-0.0270879	0	0
5843	-0.0269987	0	0
5842	-0.0269095	0	0
5841	-0.0268203	0	0
5840	-0.0267311	0	0
5839	-0.0266419	0	0
5838	-0.0265528	0	0
5837	-0.0264636	0	0
5836	-0.0263745	0	0
5835	-0.0262854	0	0
5834	-0.0261962	0	0
5833	-0.0261071	0	0
5832	-0.026018	0	0
5831	-0.025929	0	0
5830	-0.0258399	0	0
5829	-0.0257508	0	0
5828	-0.0256618	0	0
5827	-0.0255728	0	0
5826	-0.0254837	0	0
5825	-0.0253947	0	0
5824	-0.0253057	0	0
5823	-0.0252168	0	0
5822	-0.0251278	0	0
5821	-0.0250388	0	0
5820	-0.0249499	0	0
5819	-0.024861	0	0
5818	-0.0247721	0	0
5817	-0.0246832	0	0
5816	-0.0245943	0	0
5815	-0.0245054	0	0
5814	-0.0244166	0	0
5813	-0.0243277	0	0
5812	-0.0242389	0	0
5811	-0.0241501	0	0
5810	-0.0240613	0	0
5809	-0.0239725	0	0
5808	-0.0238837	0	0
5807	-0.023795	0	0
5806	-0.0237063	0	0
5805	-0.0236175	0	0
5804	-0.0235288	0	0
5803	-0.0234402	0	0
5802	-0.0233515	0	0
5801	-0.0232628	0	0
5800	-0.0231742	0	0
5799	-0.0230856	0	0
5798	-0.022997	0	0
5797	-0.0229084	0	0
5796	-0.0228198	0	0
5795	-0.0227313	0	0
5794	-0.0226427	0	0
5793	-0.0225542	0	0
5792	-0.0224657	0	0
5791	-0.0223772	0	0
5790	-0.0222888	0	0
5789	-0.0222003	0	0
5788	-0.0221119	0	0
5787	-0.0220235	0	0
5786	-0.0219351	0	0
5785	-0.0218467	0	0
5784	-0.0217584	0	0
5783	-0.02167	0	0
5782	-0.0215817	0	0
5781	-0.0214934	0	0
5780	-0.0214051	0	0
5779	-0.0213169	0	0
5778	-0.0212286	0	0
5777	-0.0211404	0	0
5776	-0.0210522	0	0
5775	-0.020964	0	0
5774	-0.0208759	0	0
5773	-0.0207877	0	0
5772	-0.0206996	0	0
5771	-0.0206115	0	0
5770	-0.0205235	0	0
5769	-0.0204354	0	0
5768	-0.0203474	0	0
5767	-0.0202594	0	0
5766	-0.0201714	0	0
5765	-0.0200834	0	0
5764	-0.0199954	0	0
5763	-0.0199075	0	0
5762	-0.0198196	0	0
5761	-0.0197317	0	0
5760	-0.0196439	0	0
5759	-0.019556	0	0
5758	-0.0194682	0	0
5757	-0.0193804	0	0
5756	-0.0192927	0	0
5755	-0.0192049	0	0
5754	-0.0191172	0	0
5753	-0.0190295	0	0
5752	-0.0189418	0	0
5751	-0.0188542	0	0
5750	-0.0187665	0	0
5749	-0.0186789	0	0
5748	-0.0185914	0	0
5747	-0.0185038	0	0
5746	-0.0184163	0	0
5745	-0.0183288	0	0
5744	-0.0182413	0	0
5743	-0.0181538	0	0
5742	-0.0180664	0	0
5741	-0.017979	0	0
5740	-0.0178916	0	0
5739	-0.0178042	0	0
5738	-0.0177169	0	0
5737	-0.0176296	0	0
5736	-0.0175423	0	0
5735	-0.0174551	0	0
5734	-0.0173678	0	0
5733	-0.0172806	0	0
5732	-0.0171935	0	0
5731	-0.0171063	0	0
5730	-0.0170192	0	0
5729	-0.0169321	0	0
5728	-0.016845	0	0
5727	-0.016758	0	0
5726	-0.016671	0	0
5725	-0.016584	0	0
5724	-0.016497	0	0
5723	-0.0164101	0	0
5722	-0.0163232	0	0
5721	-0.0162363	0	0
5720	-0.0161495	0	0
5719	-0.0160627	0	0
5718	-0.0159759	0	0
5717	-0.0158891	0	0
5716	-0.0158024	0	0
5715	-0.0157157	0	0
5714	-0.015629	0	0
5713	-0.0155424	0	0
5712	-0.0154557	0	0
5711	-0.0153692	0	0
5710	-0.0152826	0	0
5709	-0.0151961	0	0
5708	-0.0151096	0	0
5707	-0.0150231	0	0
5706	-0.0149367	0	0
5705	-0.0148503	0	0
5704	-0.0147639	0	0
5703	-0.0146776	0	0
5702	-0.0145912	0	0
5701	-0.014505	0	0
5700	-0.0144187	0	0
5699	-0.0143325	0	0
5698	-0.0142463	0	0
5697	-0.0141601	0	0
5696	-0.014074	0	0
5695	-0.0139879	0	0
5694	-0.0139019	0	0
5693	-0.0138158	0	0
5692	-0.0137298	0	0
5691	-0.0136439	0	0
5690	-0.0135579	0	0
5689	-0.0134721	0	0
5688	-0.0133862	0	0
5687	-0.0133004	0	0
5686	-0.0132146	0	0
5685	-0.0131288	0	0
5684	-0.0130431	0	0
5683	-0.0129574	0	0
5682	-0.0128717	0	0
5681	-0.0127861	0	0
5680	-0.0127005	0	0
5679	-0.0126149	0	0
5678	-0.0125294	0	0
5677	-0.0124439	0	0
5676	-0.0123584	0	0
5675	-0.012273	0	0
5674	-0.0121876	0	0
5673	-0.0121023	0	0
5672	-0.012017	0	0
5671	-0.0119317	0	0
5670	-0.0118464	0	0
5669	-0.0117612	0	0
5668	-0.011676	0	0
5667	-0.0115909	0	0
5666	-0.0115058	0	0
5665	-0.0114207	0	0
5664	-0.0113357	0	0
5663	-0.0112507	0	0
5662	-0.0111658	0	0
5661	-0.0110809	0	0
5660	-0.010996	0	0
5659	-0.0109111	0	0
5658	-0.0108263	0	0
5657	-0.0107416	0	0
5656	-0.0106568	0	0
5655	-0.0105721	0	0
5654	-0.0104875	0	0
5653	-0.0104029	0	0
5652	-0.0103183	0	0
5651	-0.0102337	0	0
5650	-0.0101492	0	0
5649	-0.0100648	0	0
5648	-0.00998036	0	0
5647	-0.00989598	0	0
5646	-0.00981163	0	0
5645	-0.00972733	0	0
5644	-0.00964306	0	0
5643	-0.00955884	0	0
5642	-0.00947465	0	0
5641	-0.00939051	0	0
5640	-0.0093064	0	0
5639	-0.00922234	0	0
5638	-0.00913831	0	0
5637	-0.00905433	0	0
5636	-0.00897038	0	0
5635	-0.00888648	0	0
5634	-0.00880262	0	0
5633	-0.0087188	0	0
5632	-0.00863502	0	0
5631	-0.00855129	0	0
5630	-0.00846759	0	0
5629	-0.00838394	0	0
5628	-0.00830033	0	0
5627	-0.00821676	0	0
5626	-0.00813323	0	0
5625	-0.00804974	0	0
5624	-0.0079663	0	0
5623	-0.0078829	0	0
5622	-0.00779955	0	0
5621	-0.00771623	0	0
5620	-0.00763296	0	0
5619	-0.00754974	0	0
5618	-0.00746655	0	0
5617	-0.00738341	0	0
5616	-0.00730032	0	0
5615	-0.00721726	0	0
5614	-0.00713426	0	0
5613	-0.00705129	0	0
5612	-0.00696837	0	0
5611	-0.0068855	0	0
5610	-0.00680267	0	0
5609	-0.00671988	0	0
5608	-0.00663714	0	0
5607	-0.00655445	0	0
5606	-0.0064718	0	0
5605	-0.00638919	0	0
5604	-0.00630663	0	0
5603	-0.00622412	0	0
5602	-0.00614165	0	0
5601	-0.00605923	0	0
5600	-0.00597686	0	0
5599	-0.00589453	0	0
5598	-0.00581225	0	0
5597	-0.00573001	0	0
5596	-0.00564782	0	0
5595	-0.00556568	0	0
5594	-0.00548358	0	0
5593	-0.00540154	0	0
5592	-0.00531954	0	0
5591	-0.00523758	0	0
5590	-0.00515568	0	0
5589	-0.00507382	0	0
5588	-0.00499201	0	0
5587	-0.00491025	0	0
5586	-0.00482854	0	0
5585	-0.00474687	0	0
5584	-0.00466526	0	0
5583	-0.00458369	0	0
5582	-0.00450217	0	0
5581	-0.0044207	0	0
5580	-0.00433928	0	0
5579	-0.00425791	0	0
5578	-0.00417659	0	0
5577	-0.00409532	0	0
5576	-0.0040141	0	0
5575	-0.00393293	0	0
5574	-0.00385181	0	0
5573	-0.00377073	0	0
5572	-0.00368971	0	0
5571	-0.00360874	0	0
5570	-0.00352782	0	0
5569	-0.00344695	0	0
5568	-0.00336614	0	0
5567	-0.00328537	0	0
5566	-0.00320465	0	0
5565	-0.00312399	0	0
5564	-0.00304338	0	0
5563	-0.00296282	0	0
5562	-0.00288231	0	0
5561	-0.00280185	0	0
5560	-0.00272144	0	0
5559	-0.00264109	0	0
5558	-0.00256079	0	0
5557	-0.00248054	0	0
5556	-0.00240035	0	0
5555	-0.00232021	0	0
5554	-0.00224012	0	0
5553	-0.00216008	0	0
5552	-0.0020801	0	0
5551	-0.00200017	0	0
5550	-0.0019203	0	0
5549	-0.00184048	0	0
5548	-0.00176071	0	0
5547	-0.001681	0	0
5546	-0.00160134	0	0
5545	-0.00152173	0	0
5544	-0.00144218	0	0
5543	-0.00136269	0	0
5542	-0.00128325	0	0
5541	-0.00120386	0	0
5540	-0.00112453	0	0
5539	-0.00104526	0	0
5538	-0.000966038	0	0
5537	-0.000886874	0	0
5536	-0.000807766	0	0
5535	-0.000728714	0	0
5534	-0.000649718	0	0
5533	-0.000570778	0	0
5532	-0.000491895	0	0
5531	-0.000413067	0	0
5530	-0.000334297	0	0
5529	-0.000255583	0	0
5528	-0.000176927	0	0
5527	-9.83271e-05	0	0
5526	-1.97847e-05	0	0
5525	5.87003e-05	0	0
5524	0.000137128	0	0
5523	0.000215498	0	0
5522	0.00029381	0	0
5521	0.000372064	0	0
5520	0.000450259	0	0
5519	0.000528397	0	0
5518	0.000606476	0	0
5517	0.000684497	0	0
5516	0.000762459	0	0
5515	0.000840362	0	0
5514	0.000918206	0	0
5513	0.000995991	0	0
5512	0.00107372	0	0
5511	0.00115138	0	0
5510	0.00122899	0	0
5509	0.00130654	0	0
5508	0.00138402	0	0
5507	0.00146145	0	0
5506	0.00153882	0	0
5505	0.00161612	0	0
5504	0.00169337	0	0
5503	0.00177055	0	0
5502	0.00184768	0	0
5501	0.00192474	0	0
5500	0.00200174	0	0
5499	0.00207868	0	0
5498	0.00215556	0	0
5497	0.00223238	0	0
5496	0.00230914	0	0
5495	0.00238583	0	0
5494	0.00246247	0	0
5493	0.00253904	0	0
5492	0.00261555	0	0
5491	0.00269199	0	0
5490	0.00276838	0	0
5489	0.0028447	0	0
5488	0.00292095	0	0
5487	0.00299715	0	0
5486	0.00307328	0	0
5485	0.00314935	0	0
5484	0.00322536	0	0
5483	0.0033013	0	0
5482	0.00337717	0	0
5481	0.00345299	0	0
5480	0.00352874	0	0
5479	0.00360442	0	0
5478	0.00368005	0	0
5477	0.0037556	0	0
5476	0.0038311	0	0
5475	0.00390652	0	0
5474	0.00398189	0	0
5473	0.00405718	0	0
5472	0.00413242	0	0
5471	0.00420758	0	0
5470	0.00428269	0	0
5469	0.00435772	0	0
5468	0.00443269	0	0
5467	0.0045076	0	0
5466	0.00458243	0	0
5465	0.00465721	0	0
5464	0.00473191	0	0
5463	0.00480655	0	0
5462	0.00488112	0	0
5461	0.00495563	0	0
5460	0.00503007	0	0
5459	0.00510444	0	0
5458	0.00517875	0	0
5457	0.00525298	0	0
5456	0.00532715	0	0
5455	0.00540125	0	0
5454	0.00547529	0	0
5453	0.00554926	0	0
5452	0.00562315	0	0
5451	0.00569698	0	0
5450	0.00577075	0	0
5449	0.00584444	0	0
5448	0.00591806	0	0
5447	0.00599162	0	0
5446	0.00606511	0	0
5445	0.00613852	0	0
5444	0.00621187	0	0
5443	0.00628515	0	0
5442	0.00635836	0	0
5441	0.0064315	0	0
5440	0.00650457	0	0
5439	0.00657757	0	0
5438	0.0066505	0	0
5437	0.00672336	0	0
5436	0.00679615	0	0
5435	0.00686886	0	0
5434	0.00694151	0	0
5433	0.00701409	0	0
5432	0.0070866	0	0
5431	0.00715903	0	0
5430	0.00723139	0	0
5429	0.00730369	0	0
5428	0.00737591	0	0
5427	0.00744806	0	0
5426	0.00752013	0	0
5425	0.00759214	0	0
5424	0.00766407	0	0
5423	0.00773593	0	0
5422	0.00780772	0	0
5421	0.00787943	0	0
5420	0.00795108	0	0
5419	0.00802265	0	0
5418	0.00809414	0	0
5417	0.00816557	0	0
5416	0.00823692	0	0
5415	0.0083082	0	0
5414	0.0083794	0	0
5413	0.00845053	0	0
5412	0.00852158	0	0
5411	0.00859257	0	0
5410	0.00866347	0	0
5409	0.00873431	0	0
5408	0.00880507	0	0
5407	0.00887575	0	0
5406	0.00894636	0	0
5405	0.0090169	0	0
5404	0.00908736	0	0
5403	0.00915774	0	0
5402	0.00922805	0	0
5401	0.00929829	0	0
5400	0.00936844	0	0
5399	0.00943853	0	0
5398	0.00950853	0	0
5397	0.00957847	0	0
5396	0.00964832	0	0
5395	0.0097181	0	0
5394	0.0097878	0	0
5393	0.00985743	0	0
5392	0.00992698	0	0
5391	0.00999645	0	0
5390	0.0100658	0	0
5389	0.0101352	0	0
5388	0.0102044	0	0
5387	0.0102736	0	0
5386	0.0103427	0	0
5385	0.0104117	0	0
5384	0.0104806	0	0
5383	0.0105494	0	0
5382	0.0106182	0	0
5381	0.0106869	0	0
5380	0.0107555	0	0
5379	0.0108241	0	0
5378	0.0108925	0	0
5377	0.0109609	0	0
5376	0.0110292	0	0
5375	0.0110974	0	0
5374	0.0111656	0	0
5373	0.0112336	0	0
5372	0.0113016	0	0
5371	0.0113695	0	0
5370	0.0114374	0	0
5369	0.0115051	0	0
5368	0.0115728	0	0
5367	0.0116404	0	0
5366	0.0117079	0	0
5365	0.0117753	0	0
5364	0.0118426	0	0
5363	0.0119099	0	0
5362	0.0119771	0	0
5361	0.0120442	0	0
5360	0.0121112	0	0
5359	0.0121781	0	0
5358	0.012245	0	0
5357	0.0123118	0	0
5356	0.0123785	0	0
5355	0.0124451	0	0
5354	0.0125116	0	0
5353	0.0125781	0	0
5352	0.0126444	0	0
5351	0.0127107	0	0
5350	0.0127769	0	0
5349	0.012843	0	0
5348	0.0129091	0	0
5347	0.012975	0	0
5346	0.0130409	0	0
5345	0.0131067	0	0
5344	0.0131724	0	0
5343	0.013238	0	0
5342	0.0133035	0	0
5341	0.013369	0	0
5340	0.0134344	0	0
5339	0.0134996	0	0
5338	0.0135648	0	0
5337	0.01363	0	0
5336	0.013695	0	0
5335	0.0137599	0	0
5334	0.0138248	0	0
5333	0.0138896	0	0
5332	0.0139543	0	0
5331	0.0140189	0	0
5330	0.0140834	0	0
5329	0.0141478	0	0
5328	0.0142122	0	0
5327	0.0142764	0	0
5326	0.0143406	0	0
5325	0.0144047	0	0
5324	0.0144687	0	0
5323	0.0145326	0	0
5322	0.0145965	0	0
5321	0.0146602	0	0
5320	0.0147239	0	0
5319	0.0147874	0	0
5318	0.0148509	0	0
5317	0.0149143	0	0
5316	0.0149776	0	0
5315	0.0150409	0	0
5314	0.015104	0	0
5313	0.0151671	0	0
5312	0.01523	0	0
5311	0.0152929	0	0
5310	0.0153557	0	0
5309	0.0154184	0	0
5308	0.015481	0	0
5307	0.0155435	0	0
5306	0.0156059	0	0
5305	0.0156683	0	0
5304	0.0157305	0	0
5303	0.0157927	0	0
5302	0.0158548	0	0
5301	0.0159168	0	0
5300	0.0159787	0	0
5299	0.0160405	0	0
5298	0.0161022	0	0
5297	0.0161638	0	0
5296	0.0162254	0	0
5295	0.0162868	0	0
5294	0.0163482	0	0
5293	0.0164094	0	0
5292	0.0164706	0	0
5291	0.0165317	0	0
5290	0.0165927	0	0
5289	0.0166536	0	0
5288	0.0167144	0	0
5287	0.0167751	0	0
5286	0.0168358	0	0
5285	0.0168963	0	0
5284	0.0169568	0	0
5283	0.0170171	0	0
5282	0.0170774	0	0
5281	0.0171376	0	0
5280	0.0171976	0	0
5279	0.0172576	0	0
5278	0.0173175	0	0
5277	0.0173773	0	0
5276	0.0174371	0	0
5275	0.0174967	0	0
5274	0.0175562	0	0
5273	0.0176156	0	0
5272	0.017675	0	0
5271	0.0177342	0	0
5270	0.0177934	0	0
5269	0.0178524	0	0
5268	0.0179114	0	0
5267	0.0179703	0	0
5266	0.0180291	0	0
5265	0.0180877	0	0
5264	0.0181463	0	0
5263	0.0182048	0	0
5262	0.0182632	0	0
5261	0.0183215	0	0
5260	0.0183798	0	0
5259	0.0184379	0	0
5258	0.0184959	0	0
5257	0.0185538	0	0
5256	0.0186117	0	0
5255	0.0186694	0	0
5254	0.018727	0	0
5253	0.0187846	0	0
5252	0.018842	0	0
5251	0.0188994	0	0
5250	0.0189567	0	0
5249	0.0190138	0	0
5248	0.0190709	0	0
5247	0.0191279	0	0
5246	0.0191847	0	0
5245	0.0192415	0	0
5244	0.0192982	0	0
5243	0.0193548	0	0
5242	0.0194113	0	0
5241	0.0194677	0	0
5240	0.019524	0	0
5239	0.0195802	0	0
5238	0.0196363	0	0
5237	0.0196923	0	0
5236	0.0197482	0	0
5235	0.019804	0	0
5234	0.0198597	0	0
5233	0.0199153	0	0
5232	0.0199708	0	0
5231	0.0200262	0	0
5230	0.0200815	0	0
5229	0.0201367	0	0
5228	0.0201918	0	0
5227	0.0202469	0	0
5226	0.0203018	0	0
5225	0.0203566	0	0
5224	0.0204113	0	0
5223	0.0204659	0	0
5222	0.0205205	0	0
5221	0.0205749	0	0
5220	0.0206292	0	0
5219	0.0206834	0	0
5218	0.0207375	0	0
5217	0.0207916	0	0
5216	0.0208455	0	0
5215	0.0208993	0	0
5214	0.020953	0	0
5213	0.0210066	0	0
5212	0.0210602	0	0
5211	0.0211136	0	0
5210	0.0211669	0	0
5209	0.0212201	0	0
5208	0.0212732	0	0
5207	0.0213262	0	0
5206	0.0213792	0	0
5205	0.021432	0	0
5204	0.0214847	0	0
5203	0.0215373	0	0
5202	0.0215898	0	0
5201	0.0216422	0	0
5200	0.0216945	0	0
5199	0.0217467	0	0
5198	0.0217988	0	0
5197	0.0218508	0	0
5196	0.0219027	0	0
5195	0.0219544	0	0
5194	0.0220061	0	0
5193	0.0220577	0	0
5192	0.0221092	0	0
5191	0.0221605	0	0
5190	0.0222118	0	0
5189	0.022263	0	0
5188	0.022314	0	0
5187	0.022365	0	0
5186	0.0224159	0	0
5185	0.0224666	0	0
5184	0.0225173	0	0
5183	0.0225678	0	0
5182	0.0226182	0	0
5181	0.0226686	0	0
5180	0.0227188	0	0
5179	0.0227689	0	0
5178	0.0228189	0	0
5177	0.0228688	0	0
5176	0.0229187	0	0
5175	0.0229684	0	0
5174	0.023018	0	0
5173	0.0230674	0	0
5172	0.0231168	0	0
5171	0.0231661	0	0
5170	0.0232153	0	0
5169	0.0232643	0	0
5168	0.0233133	0	0
5167	0.0233622	0	0
5166	0.0234109	0	0
5165	0.0234596	0	0
5164	0.0235081	0	0
5163	0.0235565	0	0
5162	0.0236048	0	0
5161	0.0236531	0	0
5160	0.0237012	0	0
5159	0.0237492	0	0
5158	0.0237971	0	0
5157	0.0238448	0	0
5156	0.0238925	0	0
5155	0.0239401	0	0
5154	0.0239875	0	0
5153	0.0240349	0	0
5152	0.0240821	0	0
5151	0.0241293	0	0
5150	0.0241763	0	0
5149	0.0242232	0	0
5148	0.02427	0	0
5147	0.0243168	0	0
5146	0.0243633	0	0
5145	0.0244098	0	0
5144	0.0244562	0	0
5143	0.0245025	0	0
5142	0.0245486	0	0
5141	0.0245947	0	0
5140	0.0246406	0	0
5139	0.0246865	0	0
5138	0.0247322	0	0
5137	0.0247778	0	0
5136	0.0248233	0	0
5135	0.0248687	0	0
5134	0.024914	0	0
5133	0.0249591	0	0
5132	0.0250042	0	0
5131	0.0250491	0	0
5130	0.025094	0	0
5129	0.0251387	0	0
5128	0.0251833	0	0
5127	0.0252278	0	0
5126	0.0252722	0	0
5125	0.0253165	0	0
5124	0.0253607	0	0
5123	0.0254047	0	0
5122	0.0254487	0	0
5121	0.0254925	0	0
5120	0.0255362	0	0
5119	0.0255799	0	0
5118	0.0256234	0	0
5117	0.0256668	0	0
5116	0.02571	0	0
5115	0.0257532	0	0
5114	0.0257962	0	0
5113	0.0258392	0	0
5112	0.025882	0	0
5111	0.0259247	0	0
5110	0.0259673	0	0
5109	0.0260098	0	0
5108	0.0260522	0	0
5107	0.0260945	0	0
5106	0.0261366	0	0
5105	0.0261786	0	0
5104	0.0262206	0	0
5103	0.0262624	0	0
5102	0.0263041	0	0
5101	0.0263456	0	0
5100	0.0263871	0	0
5099	0.0264285	0	0
5098	0.0264697	0	0
5097	0.0265108	0	0
5096	0.0265518	0	0
5095	0.0265927	0	0
5094	0.0266335	0	0
5093	0.0266742	0	0
5092	0.0267147	0	0
5091	0.0267552	0	0
5090	0.0267955	0	0
5089	0.0268357	0	0
5088	0.0268758	0	0
5087	0.0269158	0	0
5086	0.0269556	0	0
5085	0.0269954	0	0
5084	0.027035	0	0
5083	0.0270745	0	0
5082	0.0271139	0	0
5081	0.0271532	0	0
5080	0.0271923	0	0
5079	0.0272314	0	0
5078	0.0272703	0	0
5077	0.0273091	0	0
5076	0.0273478	0	0
5075	0.0273864	0	0
5074	0.0274249	0	0
5073	0.0274632	0	0
5072	0.0275014	0	0
5071	0.0275396	0	0
5070	0.0275776	0	0
5069	0.0276154	0	0
5068	0.0276532	0	0
5067	0.0276908	0	0
5066	0.0277284	0	0
5065	0.0277658	0	0
5064	0.0278031	0	0
5063	0.0278402	0	0
5062	0.0278773	0	0
5061	0.0279142	0	0
5060	0.027951	0	0
5059	0.0279877	0	0
5058	0.0280243	0	0
5057	0.0280608	0	0
5056	0.0280971	0	0
5055	0.0281334	0	0
5054	0.0281695	0	0
5053	0.0282055	0	0
5052	0.0282413	0	0
5051	0.0282771	0	0
5050	0.0283127	0	0
5049	0.0283482	0	0
5048	0.0283836	0	0
5047	0.0284189	0	0
5046	0.028454	0	0
5045	0.0284891	0	0
5044	0.028524	0	0
5043	0.0285588	0	0
5042	0.0285934	0	0
5041	0.028628	0	0
5040	0.0286624	0	0
5039	0.0286967	0	0
5038	0.0287309	0	0
5037	0.028765	0	0
5036	0.0287989	0	0
5035	0.0288328	0	0
5034	0.0288665	0	0
5033	0.0289001	0	0
5032	0.0289335	0	0
5031	0.0289669	0	0
5030	0.0290001	0	0
5029	0.0290332	0	0
5028	0.0290662	0	0
5027	0.029099	0	0
5026	0.0291318	0	0
5025	0.0291644	0	0
5024	0.0291969	0	0
5023	0.0292293	0	0
5022	0.0292615	0	0
5021	0.0292936	0	0
5020	0.0293256	0	0
5019	0.0293575	0	0
5018	0.0293893	0	0
5017	0.0294209	0	0
5016	0.0294524	0	0
5015	0.0294838	0	0
5014	0.0295151	0	0
5013	0.0295463	0	0
5012	0.0295773	0	0
5011	0.0296082	0	0
5010	0.029639	0	0
5009	0.0296696	0	0
5008	0.0297002	0	0
5007	0.0297306	0	0
5006	0.0297608	0	0
5005	0.029791	0	0
5004	0.029821	0	0
5003	0.029851	0	0
5002	0.0298808	0	0
5001	0.0299104	0	0
5000	0.02994	0	0
4999	0.0299694	0	0
4998	0.0299987	0	0
4997	0.0300279	0	0
4996	0.0300569	0	0
4995	0.0300858	0	0
4994	0.0301146	0	0
4993	0.0301433	0	0
4992	0.0301718	0	0
4991	0.0302003	0	0
4990	0.0302286	0	0
4989	0.0302567	0	0
4988	0.0302848	0	0
4987	0.0303127	0	0
4986	0.0303405	0	0
4985	0.0303682	0	0
4984	0.0303957	0	0
4983	0.0304232	0	0
4982	0.0304504	0	0
4981	0.0304776	0	0
4980	0.0305047	0	0
4979	0.0305316	0	0
4978	0.0305584	0	0
4977	0.030585	0	0
4976	0.0306116	0	0
4975	0.030638	0	0
4974	0.0306643	0	0
4973	0.0306905	0	0
4972	0.0307165	0	0
4971	0.0307424	0	0
4970	0.0307682	0	0
4969	0.0307939	0	0
4968	0.0308194	0	0
4967	0.0308448	0	0
4966	0.0308701	0	0
4965	0.0308952	0	0
4964	0.0309202	0	0
4963	0.0309451	0	0
4962	0.0309699	0	0
4961	0.0309945	0	0
4960	0.0310191	0	0
4959	0.0310435	0	0
4958	0.0310677	0	0
4957	0.0310918	0	0
4956	0.0311159	0	0
4955	0.0311397	0	0
4954	0.0311635	0	0
4953	0.0311871	0	0
4952	0.0312106	0	0
4951	0.031234	0	0
4950	0.0312572	0	0
4949	0.0312803	0	0
4948	0.0313033	0	0
4947	0.0313262	0	0
4946	0.0313489	0	0
4945	0.0313715	0	0
4944	0.0313939	0	0
4943	0.0314163	0	0
4942	0.0314385	0	0
4941	0.0314606	0	0
4940	0.0314825	0	0
4939	0.0315044	0	0
4938	0.0315261	0	0
4937	0.0315476	0	0
4936	0.0315691	0	0
4935	0.0315904	0	0
4934	0.0316116	0	0
4933	0.0316326	0	0
4932	0.0316535	0	0
4931	0.0316743	0	0
4930	0.031695	0	0
4929	0.0317155	0	0
4928	0.0317359	0	0
4927	0.0317562	0	0
4926	0.0317764	0	0
4925	0.0317964	0	0
4924	0.0318163	0	0
4923	0.031836	0	0
4922	0.0318557	0	0
4921	0.0318752	0	0
4920	0.0318945	0	0
4919	0.0319138	0	0
4918	0.0319329	0	0
4917	0.0319519	0	0
4916	0.0319707	0	0
4915	0.0319894	0	0
4914	0.032008	0	0
4913	0.0320265	0	0
4912	0.0320448	0	0
4911	0.032063	0	0
4910	0.0320811	0	0
4909	0.032099	0	0
4908	0.0321168	0	0
4907	0.0321345	0	0
4906	0.032152	0	0
4905	0.0321694	0	0
4904	0.0321867	0	0
4903	0.0322039	0	0
4902	0.0322209	0	0
4901	0.0322378	0	0
4900	0.0322545	0	0
4899	0.0322712	0	0
4898	0.0322877	0	0
4897	0.032304	0	0
4896	0.0323203	0	0
4895	0.0323364	0	0
4894	0.0323523	0	0
4893	0.0323682	0	0
4892	0.0323839	0	0
4891	0.0323995	0	0
4890	0.0324149	0	0
4889	0.0324302	0	0
4888	0.0324454	0	0
4887	0.0324604	0	0
4886	0.0324754	0	0
4885	0.0324902	0	0
4884	0.0325048	0	0
4883	0.0325193	0	0
4882	0.0325337	0	0
4881	0.032548	0	0
4880	0.0325621	0	0
4879	0.0325761	0	0
4878	0.03259	0	0
4877	0.0326037	0	0
4876	0.0326173	0	0
4875	0.0326308	0	0
4874	0.0326441	0	0
4873	0.0326573	0	0
4872	0.0326704	0	0
4871	0.0326833	0	0
4870	0.0326961	0	0
4869	0.0327088	0	0
4868	0.0327214	0	0
4867	0.0327338	0	0
4866	0.032746	0	0
4865	0.0327582	0	0
4864	0.0327702	0	0
4863	0.0327821	0	0
4862	0.0327938	0	0
4861	0.0328054	0	0
4860	0.0328169	0	0
4859	0.0328283	0	0
4858	0.0328395	0	0
4857	0.0328506	0	0
4856	0.0328615	0	0
4855	0.0328723	0	0
4854	0.032883	0	0
4853	0.0328936	0	0
4852	0.032904	0	0
4851	0.0329143	0	0
4850	0.0329245	0	0
4849	0.0329345	0	0
4848	0.0329444	0	0
4847	0.0329541	0	0
4846	0.0329637	0	0
4845	0.0329732	0	0
4844	0.0329826	0	0
4843	0.0329918	0	0
4842	0.0330009	0	0
4841	0.0330099	0	0
4840	0.0330187	0	0
4839	0.0330274	0	0
4838	0.0330359	0	0
4837	0.0330444	0	0
4836	0.0330527	0	0
4835	0.0330608	0	0
4834	0.0330688	0	0
4833	0.0330767	0	0
4832	0.0330845	0	0
4831	0.0330921	0	0
4830	0.0330996	0	0
4829	0.033107	0	0
4828	0.0331142	0	0
4827	0.0331213	0	0
4826	0.0331282	0	0
4825	0.0331351	0	0
4824	0.0331418	0	0
4823	0.0331483	0	0
4822	0.0331547	0	0
4821	0.033161	0	0
4820	0.0331672	0	0
4819	0.0331732	0	0
4818	0.0331791	0	0
4817	0.0331849	0	0
4816	0.0331905	0	0
4815	0.033196	0	0
4814	0.0332014	0	0
4813	0.0332066	0	0
4812	0.0332117	0	0
4811	0.0332166	0	0
4810	0.0332215	0	0
4809	0.0332261	0	0
4808	0.0332307	0	0
4807	0.0332351	0	0
4806	0.0332394	0	0
4805	0.0332436	0	0
4804	0.0332476	0	0
4803	0.0332515	0	0
4802	0.0332552	0	0
4801	0.0332589	0	0
4800	0.0332624	0	0
4799	0.0332657	0	0
4798	0.0332689	0	0
4797	0.033272	0	0
4796	0.033275	0	0
4795	0.0332778	0	0
4794	0.0332805	0	0
4793	0.033283	0	0
4792	0.0332855	0	0
4791	0.0332878	0	0
4790	0.0332899	0	0
4789	0.0332919	0	0
4788	0.0332938	0	0
4787	0.0332956	0	0
4786	0.0332972	0	0
4785	0.0332987	0	0
4784	0.0333	0	0
4783	0.0333013	0	0
4782	0.0333023	0	0
4781	0.0333033	0	0
4780	0.0333041	0	0
4779	0.0333048	0	0
4778	0.0333054	0	0
4777	0.0333058	0	0
4776	0.0333061	0	0
4775	0.0333062	0	0
4774	0.0333062	0	0
4773	0.0333061	0	0
4772	0.0333059	0	0
4771	0.0333055	0	0
4770	0.033305	0	0
4769	0.0333043	0	0
4768	0.0333036	0	0
4767	0.0333026	0	0
4766	0.0333016	0	0
4765	0.0333004	0	0
4764	0.0332991	0	0
4763	0.0332977	0	0
4762	0.0332961	0	0
4761	0.0332944	0	0
4760	0.0332925	0	0
4759	0.0332905	0	0
4758	0.0332884	0	0
4757	0.0332862	0	0
4756	0.0332838	0	0
4755	0.0332813	0	0
4754	0.0332786	0	0
4753	0.0332759	0	0
4752	0.033273	0	0
4751	0.0332699	0	0
4750	0.0332667	0	0
4749	0.0332634	0	0
4748	0.03326	0	0
4747	0.0332564	0	0
4746	0.0332527	0	0
4745	0.0332489	0	0
4744	0.0332449	0	0
4743	0.0332408	0	0
4742	0.0332365	0	0
4741	0.0332322	0	0
4740	0.0332277	0	0
4739	0.033223	0	0
4738	0.0332183	0	0
4737	0.0332134	0	0
4736	0.0332083	0	0
4735	0.0332032	0	0
4734	0.0331979	0	0
4733	0.0331924	0	0
4732	0.0331869	0	0
4731	0.0331812	0	0
4730	0.0331753	0	0
4729	0.0331694	0	0
4728	0.0331633	0	0
4727	0.033157	0	0
4726	0.0331507	0	0
4725	0.0331442	0	0
4724	0.0331376	0	0
4723	0.0331308	0	0
4722	0.0331239	0	0
4721	0.0331169	0	0
4720	0.0331097	0	0
4719	0.0331025	0	0
4718	0.033095	0	0
4717	0.0330875	0	0
4716	0.0330798	0	0
4715	0.033072	0	0
4714	0.033064	0	0
4713	0.033056	0	0
4712	0.0330478	0	0
4711	0.0330394	0	0
4710	0.0330309	0	0
4709	0.0330223	0	0
4708	0.0330136	0	0
4707	0.0330047	0	0
4706	0.0329957	0	0
4705	0.0329866	0	0
4704	0.0329773	0	0
4703	0.032968	0	0
4702	0.0329584	0	0
4701	0.0329488	0	0
4700	0.032939	0	0
4699	0.0329291	0	0
4698	0.032919	0	0
4697	0.0329088	0	0
4696	0.0328985	0	0
4695	0.0328881	0	0
4694	0.0328775	0	0
4693	0.0328668	0	0
4692	0.032856	0	0
4691	0.032845	0	0
4690	0.0328339	0	0
4689	0.0328227	0	0
4688	0.0328113	0	0
4687	0.0327999	0	0
4686	0.0327883	0	0
4685	0.0327765	0	0
4684	0.0327647	0	0
4683	0.0327528	0	0
4682	0.0327406	0	0
4681	0.0327283	0	0
4680	0.0327159	0	0
4679	0.0327034	0	0
4678	0.0326907	0	0
4677	0.0326779	0	0
4676	0.032665	0	0
4675	0.0326519	0	0
4674	0.0326387	0	0
4673	0.0326254	0	0
4672	0.032612	0	0
4671	0.0325984	0	0
4670	0.0325847	0	0
4669	0.0325708	0	0
4668	0.0325569	0	0
4667	0.0325427	0	0
4666	0.0325285	0	0
4665	0.0325141	0	0
4664	0.0324997	0	0
4663	0.032485	0	0
4662	0.0324703	0	0
4661	0.0324554	0	0
4660	0.0324404	0	0
4659	0.0324252	0	0
4658	0.03241	0	0
4657	0.0323946	0	0
4656	0.032379	0	0
4655	0.0323634	0	0
4654	0.0323476	0	0
4653	0.0323316	0	0
4652	0.0323156	0	0
4651	0.0322994	0	0
4650	0.0322831	0	0
4649	0.0322667	0	0
4648	0.0322501	0	0
4647	0.0322334	0	0
4646	0.0322166	0	0
4645	0.0321996	0	0
4644	0.0321825	0	0
4643	0.0321653	0	0
4642	0.0321479	0	0
4641	0.0321305	0	0
4640	0.0321129	0	0
4639	0.0320951	0	0
4638	0.0320773	0	0
4637	0.0320593	0	0
4636	0.0320412	0	0
4635	0.0320229	0	0
4634	0.0320045	0	0
4633	0.031986	0	0
4632	0.0319674	0	0
4631	0.0319486	0	0
4630	0.0319298	0	0
4629	0.0319107	0	0
4628	0.0318916	0	0
4627	0.0318723	0	0
4626	0.0318529	0	0
4625	0.0318333	0	0
4624	0.0318137	0	0
4623	0.0317939	0	0
4622	0.0317739	0	0
4621	0.0317539	0	0
4620	0.0317337	0	0
4619	0.0317134	0	0
4618	0.031693	0	0
4617	0.0316724	0	0
4616	0.0316517	0	0
4615	0.0316309	0	0
4614	0.0316099	0	0
4613	0.0315888	0	0
4612	0.0315676	0	0
4611	0.0315463	0	0
4610	0.0315249	0	0
4609	0.0315033	0	0
4608	0.0314816	0	0
4607	0.0314597	0	0
4606	0.0314378	0	0
4605	0.0314157	0	0
4604	0.0313934	0	0
4603	0.0313711	0	0
4602	0.0313486	0	0
4601	0.031326	0	0
4600	0.0313033	0	0
4599	0.0312804	0	0
4598	0.0312575	0	0
4597	0.0312344	0	0
4596	0.0312111	0	0
4595	0.0311878	0	0
4594	0.0311643	0	0
4593	0.0311407	0	0
4592	0.0311169	0	0
4591	0.0310931	0	0
4590	0.0310691	0	0
4589	0.031045	0	0
4588	0.0310207	0	0
4587	0.0309964	0	0
4586	0.0309719	0	0
4585	0.0309473	0	0
4584	0.0309225	0	0
4583	0.0308977	0	0
4582	0.0308727	0	0
4581	0.0308476	0	0
4580	0.0308223	0	0
4579	0.030797	0	0
4578	0.0307715	0	0
4577	0.0307459	0	0
4576	0.0307201	0	0
4575	0.0306943	0	0
4574	0.0306683	0	0
4573	0.0306422	0	0
4572	0.0306159	0	0
4571	0.0305896	0	0
4570	0.0305631	0	0
4569	0.0305365	0	0
4568	0.0305097	0	0
4567	0.0304829	0	0
4566	0.0304559	0	0
4565	0.0304288	0	0
4564	0.0304016	0	0
4563	0.0303742	0	0
4562	0.0303468	0	0
4561	0.0303192	0	0
4560	0.0302914	0	0
4559	0.0302636	0	0
4558	0.0302356	0	0
4557	0.0302076	0	0
4556	0.0301793	0	0
4555	0.030151	0	0
4554	0.0301226	0	0
4553	0.030094	0	0
4552	0.0300653	0	0
4551	0.0300365	0	0
4550	0.0300075	0	0
4549	0.0299785	0	0
4548	0.0299493	0	0
4547	0.02992	0	0
4546	0.0298905	0	0
4545	0.029861	0	0
4544	0.0298313	0	0
4543	0.0298015	0	0
4542	0.0297716	0	0
4541	0.0297416	0	0
4540	0.0297114	0	0
4539	0.0296812	0	0
4538	0.0296508	0	0
4537	0.0296203	0	0
4536	0.0295896	0	0
4535	0.0295589	0	0
4534	0.029528	0	0
4533	0.029497	0	0
4532	0.0294659	0	0
4531	0.0294347	0	0
4530	0.0294033	0	0
4529	0.0293718	0	0
4528	0.0293403	0	0
4527	0.0293086	0	0
4526	0.0292767	0	0
4525	0.0292448	0	0
4524	0.0292127	0	0
4523	0.0291805	0	0
4522	0.0291482	0	0
4521	0.0291158	0	0
4520	0.0290833	0	0
4519	0.0290506	0	0
4518	0.0290179	0	0
4517	0.028985	0	0
4516	0.028952	0	0
4515	0.0289189	0	0
4514	0.0288856	0	0
4513	0.0288523	0	0
4512	0.0288188	0	0
4511	0.0287852	0	0
4510	0.0287515	0	0
4509	0.0287177	0	0
4508	0.0286838	0	0
4507	0.0286497	0	0
4506	0.0286156	0	0
4505	0.0285813	0	0
4504	0.0285469	0	0
4503	0.0285124	0	0
4502	0.0284778	0	0
4501	0.0284431	0	0
4500	0.0284082	0	0
4499	0.0283732	0	0
4498	0.0283382	0	0
4497	0.028303	0	0
4496	0.0282677	0	0
4495	0.0282323	0	0
4494	0.0281967	0	0
4493	0.0281611	0	0
4492	0.0281253	0	0
4491	0.0280895	0	0
4490	0.0280535	0	0
4489	0.0280174	0	0
4488	0.0279812	0	0
4487	0.0279449	0	0
4486	0.0279085	0	0
4485	0.0278719	0	0
4484	0.0278353	0	0
4483	0.0277985	0	0
4482	0.0277617	0	0
4481	0.0277247	0	0
4480	0.0276876	0	0
4479	0.0276504	0	0
4478	0.0276131	0	0
4477	0.0275757	0	0
4476	0.0275382	0	0
4475	0.0275005	0	0
4474	0.0274628	0	0
4473	0.0274249	0	0
4472	0.027387	0	0
4471	0.0273489	0	0
4470	0.0273107	0	0
4469	0.0272725	0	0
4468	0.0272341	0	0
4467	0.0271956	0	0
4466	0.027157	0	0
4465	0.0271183	0	0
4464	0.0270795	0	0
4463	0.0270405	0	0
4462	0.0270015	0	0
4461	0.0269624	0	0
4460	0.0269231	0	0
4459	0.0268838	0	0
4458	0.0268444	0	0
4457	0.0268048	0	0
4456	0.0267651	0	0
4455	0.0267254	0	0
4454	0.0266855	0	0
4453	0.0266456	0	0
4452	0.0266055	0	0
4451	0.0265653	0	0
4450	0.026525	0	0
4449	0.0264847	0	0
4448	0.0264442	0	0
4447	0.0264036	0	0
4446	0.0263629	0	0
4445	0.0263221	0	0
4444	0.0262812	0	0
4443	0.0262403	0	0
4442	0.0261992	0	0
4441	0.026158	0	0
4440	0.0261167	0	0
4439	0.0260753	0	0
4438	0.0260338	0	0
4437	0.0259922	0	0
4436	0.0259505	0	0
4435	0.0259088	0	0
4434	0.0258669	0	0
4433	0.0258249	0	0
4432	0.0257828	0	0
4431	0.0257406	0	0
4430	0.0256983	0	0
4429	0.025656	0	0
4428	0.0256135	0	0
4427	0.0255709	0	0
4426	0.0255283	0	0
4425	0.0254855	0	0
4424	0.0254427	0	0
4423	0.0253997	0	0
4422	0.0253566	0	0
4421	0.0253135	0	0
4420	0.0252703	0	0
4419	0.0252269	0	0
4418	0.0251835	0	0
4417	0.02514	0	0
4416	0.0250964	0	0
4415	0.0250527	0	0
4414	0.0250089	0	0
4413	0.024965	0	0
4412	0.024921	0	0
4411	0.0248769	0	0
4410	0.0248327	0	0
4409	0.0247884	0	0
4408	0.0247441	0	0
4407	0.0246996	0	0
4406	0.0246551	0	0
4405	0.0246105	0	0
4404	0.0245657	0	0
4403	0.0245209	0	0
4402	0.024476	0	0
4401	0.024431	0	0
4400	0.0243859	0	0
4399	0.0243408	0	0
4398	0.0242955	0	0
4397	0.0242501	0	0
4396	0.0242047	0	0
4395	0.0241592	0	0
4394	0.0241136	0	0
4393	0.0240679	0	0
4392	0.0240221	0	0
4391	0.0239762	0	0
4390	0.0239302	0	0
4389	0.0238842	0	0
4388	0.023838	0	0
4387	0.0237918	0	0
4386	0.0237455	0	0
4385	0.0236991	0	0
4384	0.0236526	0	0
4383	0.023606	0	0
4382	0.0235594	0	0
4381	0.0235126	0	0
4380	0.0234658	0	0
4379	0.0234189	0	0
4378	0.0233719	0	0
4377	0.0233248	0	0
4376	0.0232777	0	0
4375	0.0232304	0	0
4374	0.0231831	0	0
4373	0.0231357	0	0
4372	0.0230882	0	0
4371	0.0230406	0	0
4370	0.022993	0	0
4369	0.0229452	0	0
4368	0.0228974	0	0
4367	0.0228495	0	0
4366	0.0228015	0	0
4365	0.0227534	0	0
4364	0.0227053	0	0
4363	0.0226571	0	0
4362	0.0226088	0	0
4361	0.0225604	0	0
4360	0.0225119	0	0
4359	0.0224634	0	0
4358	0.0224148	0	0
4357	0.0223661	0	0
4356	0.0223173	0	0
4355	0.0222684	0	0
4354	0.0222195	0	0
4353	0.0221705	0	0
4352	0.0221214	0	0
4351	0.0220722	0	0
4350	0.022023	0	0
4349	0.0219737	0	0
4348	0.0219243	0	0
4347	0.0218748	0	0
4346	0.0218253	0	0
4345	0.0217757	0	0
4344	0.021726	0	0
4343	0.0216762	0	0
4342	0.0216263	0	0
4341	0.0215764	0	0
4340	0.0215264	0	0
4339	0.0214764	0	0
4338	0.0214262	0	0
4337	0.021376	0	0
4336	0.0213257	0	0
4335	0.0212753	0	0
4334	0.0212249	0	0
4333	0.0211744	0	0
4332	0.0211238	0	0
4331	0.0210732	0	0
4330	0.0210225	0	0
4329	0.0209717	0	0
4328	0.0209208	0	0
4327	0.0208699	0	0
4326	0.0208189	0	0
4325	0.0207678	0	0
4324	0.0207167	0	0
4323	0.0206654	0	0
4322	0.0206142	0	0
4321	0.0205628	0	0
4320	0.0205114	0	0
4319	0.0204599	0	0
4318	0.0204084	0	0
4317	0.0203567	0	0
4316	0.0203051	0	0
4315	0.0202533	0	0
4314	0.0202015	0	0
4313	0.0201496	0	0
4312	0.0200976	0	0
4311	0.0200456	0	0
4310	0.0199935	0	0
4309	0.0199414	0	0
4308	0.0198892	0	0
4307	0.0198369	0	0
4306	0.0197846	0	0
4305	0.0197322	0	0
4304	0.0196797	0	0
4303	0.0196272	0	0
4302	0.0195746	0	0
4301	0.0195219	0	0
4300	0.0194692	0	0
4299	0.0194164	0	0
4298	0.0193636	0	0
4297	0.0193107	0	0
4296	0.0192577	0	0
4295	0.0192047	0	0
4294	0.0191516	0	0
4293	0.0190985	0	0
4292	0.0190453	0	0
4291	0.018992	0	0
4290	0.0189387	0	0
4289	0.0188853	0	0
4288	0.0188319	0	0
4287	0.0187784	0	0
4286	0.0187248	0	0
4285	0.0186712	0	0
4284	0.0186176	0	0
4283	0.0185639	0	0
4282	0.0185101	0	0
4281	0.0184563	0	0
4280	0.0184024	0	0
4279	0.0183484	0	0
4278	0.0182945	0	0
4277	0.0182404	0	0
4276	0.0181863	0	0
4275	0.0181322	0	0
4274	0.018078	0	0
4273	0.0180237	0	0
4272	0.0179694	0	0
4271	0.0179151	0	0
4270	0.0178607	0	0
4269	0.0178062	0	0
4268	0.0177517	0	0
4267	0.0176972	0	0
4266	0.0176426	0	0
4265	0.0175879	0	0
4264	0.0175332	0	0
4263	0.0174785	0	0
4262	0.0174237	0	0
4261	0.0173689	0	0
4260	0.017314	0	0
4259	0.017259	0	0
4258	0.0172041	0	0
4257	0.0171491	0	0
4256	0.017094	0	0
4255	0.0170389	0	0
4254	0.0169837	0	0
4253	0.0169285	0	0
4252	0.0168733	0	0
4251	0.016818	0	0
4250	0.0167627	0	0
4249	0.0167073	0	0
4248	0.0166519	0	0
4247	0.0165965	0	0
4246	0.016541	0	0
4245	0.0164855	0	0
4244	0.01643	0	0
4243	0.0163744	0	0
4242	0.0163187	0	0
4241	0.016263	0	0
4240	0.0162073	0	0
4239	0.0161516	0	0
4238	0.0160958	0	0
4237	0.01604	0	0
4236	0.0159841	0	0
4235	0.0159283	0	0
4234	0.0158723	0	0
4233	0.0158164	0	0
4232	0.0157604	0	0
4231	0.0157044	0	0
4230	0.0156483	0	0
4229	0.0155922	0	0
4228	0.0155361	0	0
4227	0.01548	0	0
4226	0.0154238	0	0
4225	0.0153676	0	0
4224	0.0153114	0	0
4223	0.0152551	0	0
4222	0.0151988	0	0
4221	0.0151425	0	0
4220	0.0150861	0	0
4219	0.0150298	0	0
4218	0.0149733	0	0
4217	0.0149169	0	0
4216	0.0148605	0	0
4215	0.014804	0	0
4214	0.0147475	0	0
4213	0.0146909	0	0
4212	0.0146344	0	0
4211	0.0145778	0	0
4210	0.0145212	0	0
4209	0.0144646	0	0
4208	0.014408	0	0
4207	0.0143513	0	0
4206	0.0142946	0	0
4205	0.0142379	0	0
4204	0.0141812	0	0
4203	0.0141244	0	0
4202	0.0140676	0	0
4201	0.0140109	0	0
4200	0.0139541	0	0
4199	0.0138972	0	0
4198	0.0138404	0	0
4197	0.0137835	0	0
4196	0.0137267	0	0
4195	0.0136698	0	0
4194	0.0136129	0	0
4193	0.0135559	0	0
4192	0.013499	0	0
4191	0.013442	0	0
4190	0.0133851	0	0
4189	0.0133281	0	0
4188	0.0132711	0	0
4187	0.0132141	0	0
4186	0.0131571	0	0
4185	0.0131	0	0
4184	0.013043	0	0
4183	0.0129859	0	0
4182	0.0129289	0	0
4181	0.0128718	0	0
4180	0.0128147	0	0
4179	0.0127576	0	0
4178	0.0127005	0	0
4177	0.0126434	0	0
4176	0.0125863	0	0
4175	0.0125291	0	0
4174	0.012472	0	0
4173	0.0124148	0	0
4172	0.0123577	0	0
4171	0.0123005	0	0
4170	0.0122434	0	0
4169	0.0121862	0	0
4168	0.012129	0	0
4167	0.0120718	0	0
4166	0.0120147	0	0
4165	0.0119575	0	0
4164	0.0119003	0	0
4163	0.0118431	0	0
4162	0.0117859	0	0
4161	0.0117287	0	0
4160	0.0116715	0	0
4159	0.0116143	0	0
4158	0.0115571	0	0
4157	0.0114999	0	0
4156	0.0114427	0	0
4155	0.0113855	0	0
4154	0.0113283	0	0
4153	0.0112711	0	0
4152	0.0112139	0	0
4151	0.0111567	0	0
4150	0.0110995	0	0
4149	0.0110423	0	0
4148	0.0109851	0	0
4147	0.0109279	0	0
4146	0.0108707	0	0
4145	0.0108135	0	0
4144	0.0107564	0	0
4143	0.0106992	0	0
4142	0.010642	0	0
4141	0.0105849	0	0
4140	0.0105277	0	0
4139	0.0104706	0	0
4138	0.0104135	0	0
4137	0.0103563	0	0
4136	0.0102992	0	0
4135	0.0102421	0	0
4134	0.010185	0	0
4133	0.0101279	0	0
4132	0.0100709	0	0
4131	0.0100138	0	0
4130	0.00995674	0	0
4129	0.0098997	0	0
4128	0.00984268	0	0
4127	0.00978566	0	0
4126	0.00972866	0	0
4125	0.00967168	0	0
4124	0.00961471	0	0
4123	0.00955777	0	0
4122	0.00950086	0	0
4121	0.00944397	0	0
4120	0.00938706	0	0
4119	0.00933016	0	0
4118	0.00927328	0	0
4117	0.00921641	0	0
4116	0.00915957	0	0
4115	0.00910274	0	0
4114	0.00904593	0	0
4113	0.00898913	0	0
4112	0.00893236	0	0
4111	0.00887561	0	0
4110	0.00881888	0	0
4109	0.00876217	0	0
4108	0.00870548	0	0
4107	0.00864881	0	0
4106	0.00859217	0	0
4105	0.00853555	0	0
4104	0.00847895	0	0
4103	0.00842237	0	0
4102	0.00836582	0	0
4101	0.0083093	0	0
4100	0.0082528	0	0
4099	0.00819633	0	0
4098	0.00813987	0	0
4097	0.00808344	0	0
4096	0.00802704	0	0
4095	0.00797067	0	0
4094	0.00791433	0	0
4093	0.00785801	0	0
4092	0.00780173	0	0
4091	0.00774547	0	0
4090	0.00768925	0	0
4089	0.00763305	0	0
4088	0.00757689	0	0
4087	0.00752076	0	0
4086	0.00746466	0	0
4085	0.00740859	0	0
4084	0.00735256	0	0
4083	0.00729656	0	0
4082	0.00724059	0	0
4081	0.00718466	0	0
4080	0.00712876	0	0
4079	0.0070729	0	0
4078	0.00701708	0	0
4077	0.00696129	0	0
4076	0.00690554	0	0
4075	0.00684982	0	0
4074	0.00679414	0	0
4073	0.00673851	0	0
4072	0.00668291	0	0
4071	0.00662734	0	0
4070	0.00657182	0	0
4069	0.00651634	0	0
4068	0.0064609	0	0
4067	0.0064055	0	0
4066	0.00635013	0	0
4065	0.00629482	0	0
4064	0.00623954	0	0
4063	0.0061843	0	0
4062	0.00612911	0	0
4061	0.00607396	0	0
4060	0.00601885	0	0
4059	0.00596379	0	0
4058	0.00590877	0	0
4057	0.00585379	0	0
4056	0.00579886	0	0
4055	0.00574398	0	0
4054	0.00568914	0	0
4053	0.00563434	0	0
4052	0.0055796	0	0
4051	0.00552489	0	0
4050	0.00547024	0	0
4049	0.00541563	0	0
4048	0.00536107	0	0
4047	0.00530656	0	0
4046	0.00525209	0	0
4045	0.00519767	0	0
4044	0.0051433	0	0
4043	0.00508899	0	0
4042	0.00503471	0	0
4041	0.00498049	0	0
4040	0.00492632	0	0
4039	0.0048722	0	0
4038	0.00481813	0	0
4037	0.00476411	0	0
4036	0.00471014	0	0
4035	0.00465622	0	0
4034	0.00460235	0	0
4033	0.00454854	0	0
4032	0.00449478	0	0
4031	0.00444106	0	0
4030	0.00438741	0	0
4029	0.0043338	0	0
4028	0.00428025	0	0
4027	0.00422675	0	0
4026	0.0041733	0	0
4025	0.00411991	0	0
4024	0.00406657	0	0
4023	0.00401328	0	0
4022	0.00396005	0	0
4021	0.00390688	0	0
4020	0.00385376	0	0
4019	0.00380069	0	0
4018	0.00374768	0	0
4017	0.00369472	0	0
4016	0.00364183	0	0
4015	0.00358898	0	0
4014	0.0035362	0	0
4013	0.00348347	0	0
4012	0.00343079	0	0
4011	0.00337818	0	0
4010	0.00332562	0	0
4009	0.00327312	0	0
4008	0.00322068	0	0
4007	0.00316829	0	0
4006	0.00311596	0	0
4005	0.00306369	0	0
4004	0.00301148	0	0
4003	0.00295933	0	0
4002	0.00290724	0	0
4001	0.00285521	0	0
4000	0.00280324	0	0
3999	0.00275132	0	0
3998	0.00269947	0	0
3997	0.00264768	0	0
3996	0.00259595	0	0
3995	0.00254428	0	0
3994	0.00249266	0	0
3993	0.00244112	0	0
3992	0.00238963	0	0
3991	0.0023382	0	0
3990	0.00228684	0	0
3989	0.00223554	0	0
3988	0.0021843	0	0
3987	0.00213312	0	0
3986	0.00208201	0	0
3985	0.00203096	0	0
3984	0.00197997	0	0
3983	0.00192904	0	0
3982	0.00187818	0	0
3981	0.00182739	0	0
3980	0.00177665	0	0
3979	0.00172598	0	0
3978	0.00167538	0	0
3977	0.00162484	0	0
3976	0.00157437	0	0
3975	0.00152396	0	0
3974	0.00147361	0	0
3973	0.00142333	0	0
3972	0.00137312	0	0
3971	0.00132297	0	0
3970	0.00127289	0	0
3969	0.00122287	0	0
3968	0.00117292	0	0
3967	0.00112304	0	0
3966	0.00107322	0	0
3965	0.00102347	0	0
3964	0.000973787	0	0
3963	0.00092417	0	0
3962	0.00087462	0	0
3961	0.000825137	0	0
3960	0.000775722	0	0
3959	0.000726373	0	0
3958	0.000677092	0	0
3957	0.000627879	0	0
3956	0.000578733	0	0
3955	0.000529655	0	0
3954	0.000480645	0	0
3953	0.000431702	0	0
3952	0.000382828	0	0
3951	0.000334021	0	0
3950	0.000285283	0	0
3949	0.000236613	0	0
3948	0.000188011	0	0
3947	0.000139478	0	0
3946	9.10124e-05	0	0
3945	4.26156e-05	0	0
3944	-5.71269e-06	0	0
3943	-5.39725e-05	0	0
3942	-0.000102164	0	0
3941	-0.000150286	0	0
3940	-0.00019834	0	0
3939	-0.000246325	0	0
3938	-0.000294242	0	0
3937	-0.000342089	0	0
3936	-0.000389868	0	0
3935	-0.000437577	0	0
3934	-0.000485218	0	0
3933	-0.000532789	0	0
3932	-0.000580292	0	0
3931	-0.000627725	0	0
3930	-0.000675089	0	0
3929	-0.000722383	0	0
3928	-0.000769608	0	0
3927	-0.000816764	0	0
3926	-0.00086385	0	0
3925	-0.000910866	0	0
3924	-0.000957812	0	0
3923	-0.00100469	0	0
3922	-0.00105149	0	0
3921	-0.00109823	0	0
3920	-0.0011449	0	0
3919	-0.00119149	0	0
3918	-0.00123802	0	0
3917	-0.00128447	0	0
3916	-0.00133085	0	0
3915	-0.00137716	0	0
3914	-0.0014234	0	0
3913	-0.00146957	0	0
3912	-0.00151567	0	0
3911	-0.00156169	0	0
3910	-0.00160764	0	0
3909	-0.00165352	0	0
3908	-0.00169933	0	0
3907	-0.00174506	0	0
3906	-0.00179072	0	0
3905	-0.0018363	0	0
3904	-0.00188182	0	0
3903	-0.00192725	0	0
3902	-0.00197262	0	0
3901	-0.0020179	0	0
3900	-0.00206312	0	0
3899	-0.00210825	0	0
3898	-0.00215332	0	0
3897	-0.0021983	0	0
3896	-0.00224321	0	0
3895	-0.00228804	0	0
3894	-0.00233279	0	0
3893	-0.00237747	0	0
3892	-0.00242206	0	0
3891	-0.00246658	0	0
3890	-0.00251102	0	0
3889	-0.00255538	0	0
3888	-0.00259965	0	0
3887	-0.00264385	0	0
3886	-0.00268797	0	0
3885	-0.002732	0	0
3884	-0.00277595	0	0
3883	-0.00281981	0	0
3882	-0.00286357	0	0
3881	-0.00290724	0	0
3880	-0.00295087	0	0
3879	-0.00299441	0	0
3878	-0.00303787	0	0
3877	-0.00308124	0	0
3876	-0.00312453	0	0
3875	-0.00316774	0	0
3874	-0.00321086	0	0
3873	-0.00325389	0	0
3872	-0.00329684	0	0
3871	-0.0033397	0	0
3870	-0.00338247	0	0
3869	-0.00342516	0	0
3868	-0.00346776	0	0
3867	-0.00351027	0	0
3866	-0.0035527	0	0
3865	-0.00359504	0	0
3864	-0.00363729	0	0
3863	-0.00367944	0	0
3862	-0.00372151	0	0
3861	-0.00376348	0	0
3860	-0.00380536	0	0
3859	-0.00384715	0	0
3858	-0.00388884	0	0
3857	-0.00393044	0	0
3856	-0.00397195	0	0
3855	-0.00401336	0	0
3854	-0.00405467	0	0
3853	-0.00409588	0	0
3852	-0.004137	0	0
3851	-0.00417802	0	0
3850	-0.00421894	0	0
3849	-0.00425976	0	0
3848	-0.00430048	0	0
3847	-0.00434109	0	0
3846	-0.00438161	0	0
3845	-0.00442202	0	0
3844	-0.00446233	0	0
3843	-0.00450253	0	0
3842	-0.00454263	0	0
3841	-0.00458262	0	0
3840	-0.0046225	0	0
3839	-0.00466228	0	0
3838	-0.00470194	0	0
3837	-0.0047415	0	0
3836	-0.00478094	0	0
3835	-0.00482028	0	0
3834	-0.0048595	0	0
3833	-0.00489861	0	0
3832	-0.0049376	0	0
3831	-0.00497648	0	0
3830	-0.00501525	0	0
3829	-0.00505389	0	0
3828	-0.00509242	0	0
3827	-0.00513083	0	0
3826	-0.00516912	0	0
3825	-0.00520729	0	0
3824	-0.00524534	0	0
3823	-0.00528327	0	0
3822	-0.00532107	0	0
3821	-0.00535876	0	0
3820	-0.00539631	0	0
3819	-0.00543375	0	0
3818	-0.00547105	0	0
3817	-0.00550823	0	0
3816	-0.00554528	0	0
3815	-0.0055822	0	0
3814	-0.005619	0	0
3813	-0.00565566	0	0
3812	-0.00569219	0	0
3811	-0.00572859	0	0
3810	-0.00576486	0	0
3809	-0.00580099	0	0
3808	-0.00583699	0	0
3807	-0.00587286	0	0
3806	-0.00590858	0	0
3805	-0.00594417	0	0
3804	-0.00597963	0	0
3803	-0.00601494	0	0
3802	-0.00605011	0	0
3801	-0.00608514	0	0
3800	-0.00612003	0	0
3799	-0.00615478	0	0
3798	-0.00618938	0	0
3797	-0.00622384	0	0
3796	-0.00625815	0	0
3795	-0.00629232	0	0
3794	-0.00632633	0	0
3793	-0.0063602	0	0
3792	-0.00639392	0	0
3791	-0.00642748	0	0
3790	-0.0064609	0	0
3789	-0.00649415	0	0
3788	-0.00652726	0	0
3787	-0.00656021	0	0
3786	-0.006593	0	0
3785	-0.00662564	0	0
3784	-0.00665811	0	0
3783	-0.00669042	0	0
3782	-0.00672258	0	0
3781	-0.00675457	0	0
3780	-0.00678639	0	0
3779	-0.00681806	0	0
3778	-0.00684955	0	0
3777	-0.00688088	0	0
3776	-0.00691204	0	0
3775	-0.00694303	0	0
3774	-0.00697385	0	0
3773	-0.00700449	0	0
3772	-0.00703497	0	0
3771	-0.00706526	0	0
3770	-0.00709538	0	0
3769	-0.00712533	0	0
3768	-0.00715509	0	0
3767	-0.00718468	0	0
3766	-0.00721408	0	0
3765	-0.0072433	0	0
3764	-0.00727233	0	0
3763	-0.00730118	0	0
3762	-0.00732984	0	0
3761	-0.00735831	0	0
3760	-0.00738659	0	0
3759	-0.00741468	0	0
3758	-0.00744257	0	0
3757	-0.00747026	0	0
3756	-0.00749776	0	0
3755	-0.00752505	0	0
3754	-0.00755215	0	0
3753	-0.00757904	0	0
3752	-0.00760572	0	0
3751	-0.0076322	0	0
3750	-0.00765846	0	0
3749	-0.00768451	0	0
3748	-0.00771034	0	0
3747	-0.00773594	0	0
3746	-0.00776131	0	0
3745	-0.0077865	0	0
3744	-0.00781146	0	0
3743	-0.0078362	0	0
3742	-0.00786071	0	0
3741	-0.00788499	0	0
3740	-0.00790905	0	0
3739	-0.00793286	0	0
3738	-0.00795644	0	0
3737	-0.00797978	0	0
3736	-0.00800288	0	0
3735	-0.00802574	0	0
3734	-0.00804836	0	0
3733	-0.00807072	0	0
3732	-0.00809282	0	0
3731	-0.00811467	0	0
3730	-0.00813626	0	0
3729	-0.00815759	0	0
3728	-0.00817865	0	0
3727	-0.00819944	0	0
3726	-0.00821995	0	0
3725	-0.00824019	0	0
3724	-0.00826015	0	0
3723	-0.00827982	0	0
3722	-0.0082992	0	0
3721	-0.00831829	0	0
3720	-0.00833709	0	0
3719	-0.00835558	0	0
3718	-0.00837376	0	0
3717	-0.00839164	0	0
3716	-0.0084092	0	0
3715	-0.00842644	0	0
3714	-0.00844336	0	0
3713	-0.00845995	0	0
3712	-0.0084762	0	0
3711	-0.00849211	0	0
3710	-0.00850768	0	0
3709	-0.0085229	0	0
3708	-0.00853776	0	0
3707	-0.00855226	0	0
3706	-0.00856639	0	0
3705	-0.00858015	0	0
3704	-0.00859352	0	0
3703	-0.00860651	0	0
3702	-0.00861911	0	0
3701	-0.0086313	0	0
3700	-0.00864308	0	0
3699	-0.00865445	0	0
3698	-0.0086654	0	0
3697	-0.00867591	0	0
3696	-0.00868599	0	0
3695	-0.00869561	0	0
3694	-0.00870479	0	0
3693	-0.0087135	0	0
3692	-0.00872173	0	0
3691	-0.00872948	0	0
3690	-0.00873675	0	0
3689	-0.00874351	0	0
3688	-0.00874976	0	0
3687	-0.00875549	0	0
3686	-0.00876069	0	0
3685	-0.00876535	0	0
3684	-0.00876946	0	0
3683	-0.00877301	0	0
3682	-0.00877598	0	0
3681	-0.00877837	0	0
3680	-0.00878017	0	0
3679	-0.00878136	0	0
3678	-0.00878193	0	0
3677	-0.00878187	0	0
3676	-0.00878117	0	0
3675	-0.00877981	0	0
3674	-0.00877779	0	0
3673	-0.00877509	0	0
3672	-0.00877171	0	0
3671	-0.00876762	0	0
3670	-0.00876282	0	0
3669	-0.00875731	0	0
3668	-0.00875105	0	0
3667	-0.00874406	0	0
3666	-0.00873631	0	0
3665	-0.00872779	0	0
3664	-0.00871851	0	0
3663	-0.00870844	0	0
3662	-0.00869759	0	0
3661	-0.00868592	0	0
3660	-0.0086735	0	0
3659	-0.00866028	0	0
3658	-0.00864628	0	0
3657	-0.00863148	0	0
3656	-0.00861589	0	0
3655	-0.00859953	0	0
3654	-0.00858239	0	0
3653	-0.00856451	0	0
3652	-0.00854589	0	0
3651	-0.00852655	0	0
3650	-0.00850651	0	0
3649	-0.00848582	0	0
3648	-0.0084645	0	0
3647	-0.00844259	0	0
3646	-0.00842015	0	0
3645	-0.00839723	0	0
3644	-0.00837389	0	0
3643	-0.0083502	0	0
3642	-0.00832624	0	0
3641	-0.00830211	0	0
3640	-0.0082779	0	0
3639	-0.00825371	0	0
3638	-0.00822968	0	0
3637	-0.00820593	0	0
3636	-0.0081826	0	0
3635	-0.00815985	0	0
3634	-0.00813784	0	0
3633	-0.00811676	0	0
3632	-0.00809681	0	0
3631	-0.00807817	0	0
3630	-0.00806108	0	0
3629	-0.00804576	0	0
3628	-0.00803244	0	0
3627	-0.00802137	0	0
3626	-0.00801282	0	0
3625	-0.00800703	0	0
3624	-0.00800429	0	0
3623	-0.00800485	0	0
3622	-0.008009	0	0
3621	-0.00801698	0	0
3620	-0.00802908	0	0
3619	-0.00804553	0	0
3618	-0.00806657	0	0
3617	-0.00809244	0	0
3616	-0.00812334	0	0
3615	-0.00815945	0	0
3614	-0.00820092	0	0
3613	-0.00824788	0	0
3612	-0.00830043	0	0
3611	-0.00835861	0	0
3610	-0.00842244	0	0
3609	-0.0084919	0	0
3608	-0.00856692	0	0
3607	-0.00864737	0	0
3606	-0.00873309	0	0
3605	-0.00882387	0	0
3604	-0.00891944	0	0
3603	-0.00901949	0	0
3602	-0.00912371	0	0
3601	-0.00923165	0	0
3600	-0.00934288	0	0
3599	-0.0094569	0	0
3598	-0.0095732	0	0
3597	-0.00969121	0	0
3596	-0.00981034	0	0
3595	-0.00992998	0	0
3594	-0.0100495	0	0
3593	-0.0101682	0	0
3592	-0.0102855	0	0
3591	-0.0104008	0	0
3590	-0.0105133	0	0
3589	-0.0106225	0	0
3588	-0.0107278	0	0
3587	-0.0108286	0	0
3586	-0.0109245	0	0
3585	-0.0110149	0	0
3584	-0.0110995	0	0
3583	-0.0111779	0	0
3582	-0.0112498	0	0
3581	-0.0113151	0	0
3580	-0.0113736	0	0
3579	-0.0114253	0	0
3578	-0.0114701	0	0
3577	-0.0115082	0	0
3576	-0.0115397	0	0
3575	-0.0115647	0	0
3574	-0.0115836	0	0
3573	-0.0115966	0	0
3572	-0.0116041	0	0
3571	-0.0116063	0	0
3570	-0.0116037	0	0
3569	-0.0115966	0	0
3568	-0.0115855	0	0
3567	-0.0115707	0	0
3566	-0.0115526	0	0
3565	-0.0115316	0	0
3564	-0.0115081	0	0
3563	-0.0114824	0	0
3562	-0.0114547	0	0
3561	-0.0114256	0	0
3560	-0.0113951	0	0
3559	-0.0113637	0	0
3558	-0.0113314	0	0
3557	-0.0112986	0	0
3556	-0.0112655	0	0
3555	-0.0112321	0	0
3554	-0.0111987	0	0
3553	-0.0111653	0	0
3552	-0.0111322	0	0
3551	-0.0110994	0	0
3550	-0.011067	0	0
3549	-0.0110351	0	0
3548	-0.0110037	0	0
3547	-0.0109728	0	0
3546	-0.0109427	0	0
3545	-0.0109131	0	0
3544	-0.0108843	0	0
3543	-0.0108562	0	0
3542	-0.0108288	0	0
3541	-0.0108022	0	0
3540	-0.0107762	0	0
3539	-0.0107511	0	0
3538	-0.0107267	0	0
3537	-0.010703	0	0
3536	-0.0106801	0	0
3535	-0.0106579	0	0
3534	-0.0106365	0	0
3533	-0.0106157	0	0
3532	-0.0105957	0	0
3531	-0.0105764	0	0
3530	-0.0105578	0	0
3529	-0.0105399	0	0
3528	-0.0105227	0	0
3527	-0.0105062	0	0
3526	-0.0104903	0	0
3525	-0.0104752	0	0
3524	-0.0104607	0	0
3523	-0.0104468	0	0
3522	-0.0104336	0	0
3521	-0.0104211	0	0
3520	-0.0104093	0	0
3519	-0.0103981	0	0
3518	-0.0103875	0	0
3517	-0.0103777	0	0
3516	-0.0103685	0	0
3515	-0.0103599	0	0
3514	-0.0103521	0	0
3513	-0.0103449	0	0
3512	-0.0103384	0	0
3511	-0.0103327	0	0
3510	-0.0103277	0	0
3509	-0.0103233	0	0
3508	-0.0103198	0	0
3507	-0.010317	0	0
3506	-0.010315	0	0
3505	-0.0103138	0	0
3504	-0.0103135	0	0
3503	-0.010314	0	0
3502	-0.0103154	0	0
3501	-0.0103177	0	0
3500	-0.010321	0	0
3499	-0.0103251	0	0
3498	-0.0103303	0	0
3497	-0.0103366	0	0
3496	-0.0103439	0	0
3495	-0.0103522	0	0
3494	-0.0103618	0	0
3493	-0.0103725	0	0
3492	-0.0103844	0	0
3491	-0.0103976	0	0
3490	-0.0104122	0	0
3489	-0.0104281	0	0
3488	-0.0104455	0	0
3487	-0.0104644	0	0
3486	-0.0104848	0	0
3485	-0.0105068	0	0
3484	-0.0105305	0	0
3483	-0.0105559	0	0
3482	-0.0105832	0	0
3481	-0.0106123	0	0
3480	-0.0106433	0	0
3479	-0.0106764	0	0
3478	-0.0107116	0	0
3477	-0.010749	0	0
3476	-0.0107886	0	0
3475	-0.0108306	0	0
3474	-0.010875	0	0
3473	-0.010922	0	0
3472	-0.0109716	0	0
3471	-0.0110239	0	0
3470	-0.011079	0	0
3469	-0.011137	0	0
3468	-0.011198	0	0
3467	-0.011262	0	0
3466	-0.0113292	0	0
3465	-0.0113997	0	0
3464	-0.0114734	0	0
3463	-0.0115506	0	0
3462	-0.0116313	0	0
3461	-0.0117154	0	0
3460	-0.0118032	0	0
3459	-0.0118946	0	0
3458	-0.0119896	0	0
3457	-0.0120883	0	0
3456	-0.0121907	0	0
3455	-0.0122966	0	0
3454	-0.0124062	0	0
3453	-0.0125193	0	0
3452	-0.0126357	0	0
3451	-0.0127554	0	0
3450	-0.0128782	0	0
3449	-0.0130038	0	0
3448	-0.013132	0	0
3447	-0.0132625	0	0
3446	-0.0133949	0	0
3445	-0.0135288	0	0
3444	-0.0136638	0	0
3443	-0.0137992	0	0
3442	-0.0139346	0	0
3441	-0.0140693	0	0
3440	-0.0142026	0	0
3439	-0.0143337	0	0
3438	-0.0144619	0	0
3437	-0.0145863	0	0
3436	-0.0147059	0	0
3435	-0.0148201	0	0
3434	-0.0149277	0	0
3433	-0.0150279	0	0
3432	-0.0151197	0	0
3431	-0.0152023	0	0
3430	-0.0152748	0	0
3429	-0.0153364	0	0
3428	-0.0153864	0	0
3427	-0.0154242	0	0
3426	-0.0154492	0	0
3425	-0.015461	0	0
3424	-0.0154594	0	0
3423	-0.015444	0	0
3422	-0.015415	0	0
3421	-0.0153725	0	0
3420	-0.0153166	0	0
3419	-0.0152478	0	0
3418	-0.0151667	0	0
3417	-0.0150739	0	0
3416	-0.0149703	0	0
3415	-0.0148571	0	0
3414	-0.0147369	0	0
3413	-0.0146174	0	0
3412	-0.0144817	0	0
3411	-0.0143344	0	0
3410	-0.0141802	0	0
3409	-0.0140201	0	0
3408	-0.013855	0	0
3407	-0.0136856	0	0
3406	-0.0135128	0	0
3405	-0.0133374	0	0
3404	-0.01316	0	0
3403	-0.0129813	0	0
3402	-0.012802	0	0
3401	-0.0126226	0	0
3400	-0.0124436	0	0
3399	-0.0122655	0	0
3398	-0.0120886	0	0
3397	-0.0119134	0	0
3396	-0.0117402	0	0
3395	-0.0115691	0	0
3394	-0.0114005	0	0
3393	-0.0112345	0	0
3392	-0.0110714	0	0
3391	-0.0109111	0	0
3390	-0.0107539	0	0
3389	-0.0105997	0	0
3388	-0.0104488	0	0
3387	-0.010301	0	0
3386	-0.0101563	0	0
3385	-0.0100149	0	0
3384	-0.00987674	0	0
3383	-0.00974169	0	0
3382	-0.00960979	0	0
3381	-0.00948098	0	0
3380	-0.00935522	0	0
3379	-0.00923246	0	0
3378	-0.00911264	0	0
3377	-0.00899571	0	0
3376	-0.0088816	0	0
3375	-0.00877025	0	0
3374	-0.0086616	0	0
3373	-0.00855557	0	0
3372	-0.00845212	0	0
3371	-0.00835116	0	0
3370	-0.00825264	0	0
3369	-0.00815649	0	0
3368	-0.00806265	0	0
3367	-0.00796989	0	0
3366	-0.00787439	0	0
3365	-0.00778109	0	0
3364	-0.00768993	0	0
3363	-0.00760087	0	0
3362	-0.00751384	0	0
3361	-0.0074288	0	0
3360	-0.0073457	0	0
3359	-0.00726449	0	0
3358	-0.00718512	0	0
3357	-0.00710755	0	0
3356	-0.00703174	0	0
3355	-0.00695765	0	0
3354	-0.00688524	0	0
3353	-0.00681447	0	0
3352	-0.00674532	0	0
3351	-0.00667775	0	0
3350	-0.00661173	0	0
3349	-0.00654722	0	0
3348	-0.00648422	0	0
3347	-0.00642268	0	0
3346	-0.00636258	0	0
3345	-0.00630391	0	0
3344	-0.00624664	0	0
3343	-0.00619076	0	0
3342	-0.00613623	0	0
3341	-0.00608306	0	0
3340	-0.00603122	0	0
3339	-0.00598069	0	0
3338	-0.00593148	0	0
3337	-0.00588355	0	0
3336	-0.00583691	0	0
3335	-0.00579154	0	0
3334	-0.00574744	0	0
3333	-0.00570459	0	0
3332	-0.005663	0	0
3331	-0.00562264	0	0
3330	-0.00558353	0	0
3329	-0.00554564	0	0
3328	-0.00550899	0	0
3327	-0.00547357	0	0
3326	-0.00543937	0	0
3325	-0.0054064	0	0
3324	-0.00537465	0	0
3323	-0.00534412	0	0
3322	-0.00531482	0	0
3321	-0.00528674	0	0
3320	-0.00525989	0	0
3319	-0.00523427	0	0
3318	-0.00520987	0	0
3317	-0.00518672	0	0
3316	-0.0051648	0	0
3315	-0.00514412	0	0
3314	-0.00512469	0	0
3313	-0.00510652	0	0
3312	-0.0050896	0	0
3311	-0.00507394	0	0
3310	-0.00505956	0	0
3309	-0.00504645	0	0
3308	-0.00503463	0	0
3307	-0.00502411	0	0
3306	-0.00501488	0	0
3305	-0.00500696	0	0
3304	-0.00500036	0	0
3303	-0.00499509	0	0
3302	-0.00499116	0	0
3301	-0.00498858	0	0
3300	-0.00498736	0	0
3299	-0.00498751	0	0
3298	-0.00498904	0	0
3297	-0.00499198	0	0
3296	-0.00499632	0	0
3295	-0.00500209	0	0
3294	-0.00500929	0	0
3293	-0.00501795	0	0
3292	-0.00502808	0	0
3291	-0.0050397	0	0
3290	-0.00505282	0	0
3289	-0.00506747	0	0
3288	-0.00508365	0	0
3287	-0.0051014	0	0
3286	-0.00512073	0	0
3285	-0.00514166	0	0
3284	-0.00516421	0	0
3283	-0.00518842	0	0
3282	-0.00521429	0	0
3281	-0.00524187	0	0
3280	-0.00527117	0	0
3279	-0.00530222	0	0
3278	-0.00533506	0	0
3277	-0.0053697	0	0
3276	-0.00540619	0	0
3275	-0.00544455	0	0
3274	-0.00548482	0	0
3273	-0.00552703	0	0
3272	-0.00557122	0	0
3271	-0.00561743	0	0
3270	-0.00566569	0	0
3269	-0.00571605	0	0
3268	-0.00576854	0	0
3267	-0.00582321	0	0
3266	-0.0058801	0	0
3265	-0.00593925	0	0
3264	-0.00600072	0	0
3263	-0.00606454	0	0
3262	-0.00613077	0	0
3261	-0.00619945	0	0
3260	-0.00627063	0	0
3259	-0.00634436	0	0
3258	-0.00642069	0	0
3257	-0.00649966	0	0
3256	-0.00658133	0	0
3255	-0.00666575	0	0
3254	-0.00675295	0	0
3253	-0.00684298	0	0
3252	-0.0069359	0	0
3251	-0.00703172	0	0
3250	-0.0071305	0	0
3249	-0.00723227	0	0
3248	-0.00733704	0	0
3247	-0.00744485	0	0
3246	-0.0075557	0	0
3245	-0.00766961	0	0
3244	-0.00778657	0	0
3243	-0.00790656	0	0
3242	-0.00802956	0	0
3241	-0.00815554	0	0
3240	-0.00828442	0	0
3239	-0.00841615	0	0
3238	-0.00855063	0	0
3237	-0.00868773	0	0
3236	-0.00882733	0	0
3235	-0.00896926	0	0
3234	-0.00911331	0	0
3233	-0.00925927	0	0
3232	-0.00940686	0	0
3231	-0.00955579	0	0
3230	-0.0097057	0	0
3229	-0.00985623	0	0
3228	-0.0100069	0	0
3227	-0.0101573	0	0
3226	-0.0103069	0	0
3225	-0.010455	0	0
3224	-0.0106011	0	0
3223	-0.0107445	0	0
3222	-0.0108844	0	0
3221	-0.01102	0	0
3220	-0.0111505	0	0
3219	-0.0112751	0	0
3218	-0.0113928	0	0
3217	-0.0115026	0	0
3216	-0.0116037	0	0
3215	-0.011695	0	0
3214	-0.0117756	0	0
3213	-0.0118444	0	0
3212	-0.0119006	0	0
3211	-0.0119433	0	0
3210	-0.0119717	0	0
3209	-0.0119849	0	0
3208	-0.0119824	0	0
3207	-0.0119636	0	0
3206	-0.011928	0	0
3205	-0.0118755	0	0
3204	-0.0118058	0	0
3203	-0.011719	0	0
3202	-0.0116152	0	0
3201	-0.0114947	0	0
3200	-0.0113579	0	0
3199	-0.0112055	0	0
3198	-0.011038	0	0
3197	-0.0108564	0	0
3196	-0.0106616	0	0
3195	-0.0104545	0	0
3194	-0.0102363	0	0
3193	-0.0100082	0	0
3192	-0.00977139	0	0
3191	-0.00952702	0	0
3190	-0.00927635	0	0
3189	-0.00902058	0	0
3188	-0.0087609	0	0
3187	-0.00849842	0	0
3186	-0.00823425	0	0
3185	-0.00796939	0	0
3184	-0.00770481	0	0
3183	-0.00744138	0	0
3182	-0.0071799	0	0
3181	-0.0069211	0	0
3180	-0.00666562	0	0
3179	-0.00641404	0	0
3178	-0.00616685	0	0
3177	-0.00592448	0	0
3176	-0.00568729	0	0
3175	-0.00545557	0	0
3174	-0.00522956	0	0
3173	-0.00500944	0	0
3172	-0.00479536	0	0
3171	-0.00458739	0	0
3170	-0.00438561	0	0
3169	-0.00419002	0	0
3168	-0.00400061	0	0
3167	-0.00381734	0	0
3166	-0.00364016	0	0
3165	-0.00346899	0	0
3164	-0.00330371	0	0
3163	-0.00314424	0	0
3162	-0.00299044	0	0
3161	-0.00284219	0	0
3160	-0.00269935	0	0
3159	-0.00256177	0	0
3158	-0.00242932	0	0
3157	-0.00230185	0	0
3156	-0.00217921	0	0
3155	-0.00206126	0	0
3154	-0.00194785	0	0
3153	-0.00183883	0	0
3152	-0.00173407	0	0
3151	-0.00163342	0	0
3150	-0.00153676	0	0
3149	-0.00144395	0	0
3148	-0.00135486	0	0
3147	-0.00126938	0	0
3146	-0.00118738	0	0
3145	-0.00110876	0	0
3144	-0.0010334	0	0
3143	-0.000961194	0	0
3142	-0.000892052	0	0
3141	-0.000825876	0	0
3140	-0.000762576	0	0
3139	-0.000702069	0	0
3138	-0.000644276	0	0
3137	-0.000589121	0	0
3136	-0.000536535	0	0
3135	-0.000486455	0	0
3134	-0.00043882	0	0
3133	-0.000393578	0	0
3132	-0.00035068	0	0
3131	-0.000310084	0	0
3130	-0.000271756	0	0
3129	-0.000235667	0	0
3128	-0.000201797	0	0
3127	-0.000170135	0	0
3126	-0.000140684	0	0
3125	-0.00011346	0	0
3124	-8.8498e-05	0	0
3123	-6.5862e-05	0	0
3122	-4.56578e-05	0	0
3121	-2.80622e-05	0	0
3120	-1.33917e-05	0	0
3119	-2.32189e-06	0	0
3118	9.35553e-07	0	0
3117	0	0	0
3116	0	0	0
3115	0	0	0
3114	0	0	0
3113	0	0	0
3112	0	0	0
3111	0	0	0
3110	0	0	0
3109	0	0	0
3108	0	0	0
3107	0	0	0
3106	0	0	0
3105	0	0	0
3104	0	0	0
3103	0	0	0
3102	0	0	0
3101	0	0	0
3100	0	0	0
3099	0	0	0
3098	0	0	0
3097	0	0	0
3096	0	0	0
3095	0	0	0
3094	0	0	0
3093	0	0	0
3092	0	0	0
3091	0	0	0
3090	0	0	0
3089	0	0	0
3088	0	0	0
3087	0	0	0
3086	0	0	0
3085	0	0	0
3084	0	0	0
3083	0	0	0
3082	0	0	0
3081	0	0	0
3080	0	0	0
3079	0	0	0
3078	0	0	0
3077	0	0	0
3076	0	0	0
3075	0	0	0
3074	0	0	0
3073	0	0	0
3072	0	0	0
3071	0	0	0
3070	0	0	0
3069	0	0	0
3068	0	0	0
3067	0	0	0
3066	0	0	0
3065	0	0	0
3064	0	0	0
3063	0	0	0
3062	0	0	0
3061	0	0	0
3060	0	0	0
3059	0	0	0
3058	0	0	0
3057	0	0	0
3056	0	0	0
3055	0	0	0
3054	0	0	0
3053	0	0	0
3052	0	0	0
3051	0	0	0
3050	0	0	0
3049	0	0	0
3048	0	0	0
3047	0	0	0
3046	0	0	0
3045	0	0	0
3044	0	0	0
3043	0	0	0
3042	0	0	0
