7379	-0.0392636	0	0
7378	-0.0395937	0	0
7377	-0.0398996	0	0
7376	-0.0401609	0	0
7375	-0.0403845	0	0
7374	-0.0405782	0	0
7373	-0.040748	0	0
7372	-0.0408984	0	0
7371	-0.041033	0	0
7370	-0.0411542	0	0
7369	-0.0412642	0	0
7368	-0.0413644	0	0
7367	-0.041456	0	0
7366	-0.0415401	0	0
7365	-0.0416175	0	0
7364	-0.0416889	0	0
7363	-0.0417547	0	0
7362	-0.0418154	0	0
7361	-0.0418715	0	0
7360	-0.0419232	0	0
7359	-0.0419708	0	0
7358	-0.0420147	0	0
7357	-0.042055	0	0
7356	-0.0420919	0	0
7355	-0.0421257	0	0
7354	-0.0421564	0	0
7353	-0.0421843	0	0
7352	-0.0422095	0	0
7351	-0.042232	0	0
7350	-0.0422521	0	0
7349	-0.0422698	0	0
7348	-0.0422853	0	0
7347	-0.0422986	0	0
7346	-0.0423098	0	0
7345	-0.042319	0	0
7344	-0.0423262	0	0
7343	-0.0423317	0	0
7342	-0.0423354	0	0
7341	-0.0423373	0	0
7340	-0.0423376	0	0
7339	-0.0423364	0	0
7338	-0.0423336	0	0
7337	-0.0423294	0	0
7336	-0.042461	0	0
7335	-0.0424602	0	0
7334	-0.0424537	0	0
7333	-0.0424447	0	0
7332	-0.0424337	0	0
7331	-0.0424213	0	0
7330	-0.0424075	0	0
7329	-0.0423924	0	0
7328	-0.0423762	0	0
7327	-0.0423588	0	0
7326	-0.0423404	0	0
7325	-0.042321	0	0
7324	-0.0423007	0	0
7323	-0.0422794	0	0
7322	-0.0422573	0	0
7321	-0.0422343	0	0
7320	-0.0422104	0	0
7319	-0.0421858	0	0
7318	-0.0421604	0	0
7317	-0.0421342	0	0
7316	-0.0421074	0	0
7315	-0.0420798	0	0
7314	-0.0420515	0	0
7313	-0.0420226	0	0
7312	-0.0419931	0	0
7311	-0.041963	0	0
7310	-0.0419322	0	0
7309	-0.0419009	0	0
7308	-0.041869	0	0
7307	-0.0418366	0	0
7306	-0.0418036	0	0
7305	-0.0417701	0	0
7304	-0.0417361	0	0
7303	-0.0417017	0	0
7302	-0.0416667	0	0
7301	-0.0416313	0	0
7300	-0.0415955	0	0
7299	-0.0415592	0	0
7298	-0.0415225	0	0
7297	-0.0414854	0	0
7296	-0.0414479	0	0
7295	-0.04141	0	0
7294	-0.0413717	0	0
7293	-0.0413331	0	0
7292	-0.041294	0	0
7291	-0.0412547	0	0
7290	-0.041215	0	0
7289	-0.041175	0	0
7288	-0.0411346	0	0
7287	-0.0410939	0	0
7286	-0.041053	0	0
7285	-0.0410117	0	0
7284	-0.0409701	0	0
7283	-0.0409283	0	0
7282	-0.0408861	0	0
7281	-0.0408437	0	0
7280	-0.0408011	0	0
7279	-0.0407581	0	0
7278	-0.040715	0	0
7277	-0.0406715	0	0
7276	-0.0406279	0	0
7275	-0.040584	0	0
7274	-0.0405399	0	0
7273	-0.0404955	0	0
7272	-0.040451	0	0
7271	-0.0404062	0	0
7270	-0.0403612	0	0
7269	-0.040316	0	0
7268	-0.0402706	0	0
7267	-0.040225	0	0
7266	-0.0401793	0	0
7265	-0.0401333	0	0
7264	-0.0400872	0	0
7263	-0.0400409	0	0
7262	-0.0399944	0	0
7261	-0.0399477	0	0
7260	-0.0399009	0	0
7259	-0.0398539	0	0
7258	-0.0398068	0	0
7257	-0.0397595	0	0
7256	-0.0397121	0	0
7255	-0.0396645	0	0
7254	-0.0396167	0	0
7253	-0.0395689	0	0
7252	-0.0395208	0	0
7251	-0.0394727	0	0
7250	-0.0394244	0	0
7249	-0.039376	0	0
7248	-0.0393275	0	0
7247	-0.0392788	0	0
7246	-0.03923	0	0
7245	-0.0391811	0	0
7244	-0.0391321	0	0
7243	-0.039083	0	0
7242	-0.0390338	0	0
7241	-0.0389844	0	0
7240	-0.0389349	0	0
7239	-0.0388854	0	0
7238	-0.0388357	0	0
7237	-0.038786	0	0
7236	-0.0387361	0	0
7235	-0.0386861	0	0
7234	-0.0386361	0	0
7233	-0.038586	0	0
7232	-0.0385357	0	0
7231	-0.0384854	0	0
7230	-0.038435	0	0
7229	-0.0383845	0	0
7228	-0.0383339	0	0
7227	-0.0382833	0	0
7226	-0.0382325	0	0
7225	-0.0381817	0	0
7224	-0.0381308	0	0
7223	-0.0380799	0	0
7222	-0.0380288	0	0
7221	-0.0379777	0	0
7220	-0.0379265	0	0
7219	-0.0378753	0	0
7218	-0.0378239	0	0
7217	-0.0377726	0	0
7216	-0.0377211	0	0
7215	-0.0376696	0	0
7214	-0.037618	0	0
7213	-0.0375664	0	0
7212	-0.0375147	0	0
7211	-0.0374629	0	0
7210	-0.0374111	0	0
7209	-0.0373592	0	0
7208	-0.0373073	0	0
7207	-0.0372553	0	0
7206	-0.0372033	0	0
7205	-0.0371512	0	0
7204	-0.037099	0	0
7203	-0.0370468	0	0
7202	-0.0369946	0	0
7201	-0.0369423	0	0
7200	-0.0368899	0	0
7199	-0.0368375	0	0
7198	-0.0367851	0	0
7197	-0.0367326	0	0
7196	-0.0366801	0	0
7195	-0.0366275	0	0
7194	-0.0365749	0	0
7193	-0.0365223	0	0
7192	-0.0364696	0	0
7191	-0.0364168	0	0
7190	-0.0363641	0	0
7189	-0.0363112	0	0
7188	-0.0362584	0	0
7187	-0.0362055	0	0
7186	-0.0361526	0	0
7185	-0.0360996	0	0
7184	-0.0360466	0	0
7183	-0.0359936	0	0
7182	-0.0359405	0	0
7181	-0.0358874	0	0
7180	-0.0358342	0	0
7179	-0.0357811	0	0
7178	-0.0357279	0	0
7177	-0.0356746	0	0
7176	-0.0356214	0	0
7175	-0.0355681	0	0
7174	-0.0355147	0	0
7173	-0.0354614	0	0
7172	-0.035408	0	0
7171	-0.0353546	0	0
7170	-0.0353011	0	0
7169	-0.0352477	0	0
7168	-0.0351942	0	0
7167	-0.0351406	0	0
7166	-0.0350871	0	0
7165	-0.0350335	0	0
7164	-0.0349799	0	0
7163	-0.0349263	0	0
7162	-0.0348726	0	0
7161	-0.034819	0	0
7160	-0.0347653	0	0
7159	-0.0347115	0	0
7158	-0.0346578	0	0
7157	-0.034604	0	0
7156	-0.0345502	0	0
7155	-0.0344964	0	0
7154	-0.0344426	0	0
7153	-0.0343887	0	0
7152	-0.0343348	0	0
7151	-0.034281	0	0
7150	-0.034227	0	0
7149	-0.0341731	0	0
7148	-0.0341191	0	0
7147	-0.0340652	0	0
7146	-0.0340112	0	0
7145	-0.0339571	0	0
7144	-0.0339031	0	0
7143	-0.0338491	0	0
7142	-0.033795	0	0
7141	-0.0337409	0	0
7140	-0.0336868	0	0
7139	-0.0336327	0	0
7138	-0.0335785	0	0
7137	-0.0335244	0	0
7136	-0.0334702	0	0
7135	-0.033416	0	0
7134	-0.0333618	0	0
7133	-0.0333076	0	0
7132	-0.0332534	0	0
7131	-0.0331991	0	0
7130	-0.0331448	0	0
7129	-0.0330906	0	0
7128	-0.0330363	0	0
7127	-0.0329819	0	0
7126	-0.0329276	0	0
7125	-0.0328733	0	0
7124	-0.0328189	0	0
7123	-0.0327646	0	0
7122	-0.0327102	0	0
7121	-0.0326558	0	0
7120	-0.0326014	0	0
7119	-0.032547	0	0
7118	-0.0324925	0	0
7117	-0.0324381	0	0
7116	-0.0323836	0	0
7115	-0.0323291	0	0
7114	-0.0322747	0	0
7113	-0.0322202	0	0
7112	-0.0321657	0	0
7111	-0.0321111	0	0
7110	-0.0320566	0	0
7109	-0.0320021	0	0
7108	-0.0319475	0	0
7107	-0.0318929	0	0
7106	-0.0318384	0	0
7105	-0.0317838	0	0
7104	-0.0317292	0	0
7103	-0.0316746	0	0
7102	-0.03162	0	0
7101	-0.0315653	0	0
7100	-0.0315107	0	0
7099	-0.031456	0	0
7098	-0.0314014	0	0
7097	-0.0313467	0	0
7096	-0.031292	0	0
7095	-0.0312373	0	0
7094	-0.0311826	0	0
7093	-0.0311279	0	0
7092	-0.0310732	0	0
7091	-0.0310185	0	0
7090	-0.0309638	0	0
7089	-0.030909	0	0
7088	-0.0308543	0	0
7087	-0.0307995	0	0
7086	-0.0307447	0	0
7085	-0.03069	0	0
7084	-0.0306352	0	0
7083	-0.0305804	0	0
7082	-0.0305256	0	0
7081	-0.0304708	0	0
7080	-0.0304159	0	0
7079	-0.0303611	0	0
7078	-0.0303063	0	0
7077	-0.0302514	0	0
7076	-0.0301966	0	0
7075	-0.0301417	0	0
7074	-0.0300868	0	0
7073	-0.030032	0	0
7072	-0.0299771	0	0
7071	-0.0299222	0	0
7070	-0.0298673	0	0
7069	-0.0298124	0	0
7068	-0.0297575	0	0
7067	-0.0297026	0	0
7066	-0.0296477	0	0
7065	-0.0295927	0	0
7064	-0.0295378	0	0
7063	-0.0294828	0	0
7062	-0.0294279	0	0
7061	-0.0293729	0	0
7060	-0.029318	0	0
7059	-0.029263	0	0
7058	-0.029208	0	0
7057	-0.0291531	0	0
7056	-0.0290981	0	0
7055	-0.0290431	0	0
7054	-0.0289881	0	0
7053	-0.0289331	0	0
7052	-0.0288781	0	0
7051	-0.028823	0	0
7050	-0.028768	0	0
7049	-0.028713	0	0
7048	-0.028658	0	0
7047	-0.0286029	0	0
7046	-0.0285479	0	0
7045	-0.0284928	0	0
7044	-0.0284378	0	0
7043	-0.0283827	0	0
7042	-0.0283277	0	0
7041	-0.0282726	0	0
7040	-0.0282175	0	0
7039	-0.0281624	0	0
7038	-0.0281074	0	0
7037	-0.0280523	0	0
7036	-0.0279972	0	0
7035	-0.0279421	0	0
7034	-0.027887	0	0
7033	-0.0278319	0	0
7032	-0.0277768	0	0
7031	-0.0277217	0	0
7030	-0.0276665	0	0
7029	-0.0276114	0	0
7028	-0.0275563	0	0
7027	-0.0275012	0	0
7026	-0.027446	0	0
7025	-0.0273909	0	0
7024	-0.0273357	0	0
7023	-0.0272806	0	0
7022	-0.0272255	0	0
7021	-0.0271703	0	0
7020	-0.0271151	0	0
7019	-0.02706	0	0
7018	-0.0270048	0	0
7017	-0.0269497	0	0
7016	-0.0268945	0	0
7015	-0.0268393	0	0
7014	-0.0267842	0	0
7013	-0.026729	0	0
7012	-0.0266738	0	0
7011	-0.0266186	0	0
7010	-0.0265634	0	0
7009	-0.0265082	0	0
7008	-0.0264531	0	0
7007	-0.0263979	0	0
7006	-0.0263427	0	0
7005	-0.0262875	0	0
7004	-0.0262323	0	0
7003	-0.0261771	0	0
7002	-0.0261219	0	0
7001	-0.0260667	0	0
7000	-0.0260114	0	0
6999	-0.0259562	0	0
6998	-0.025901	0	0
6997	-0.0258458	0	0
6996	-0.0257906	0	0
6995	-0.0257354	0	0
6994	-0.0256802	0	0
6993	-0.0256249	0	0
6992	-0.0255697	0	0
6991	-0.0255145	0	0
6990	-0.0254593	0	0
6989	-0.025404	0	0
6988	-0.0253488	0	0
6987	-0.0252936	0	0
6986	-0.0252384	0	0
6985	-0.0251831	0	0
6984	-0.0251279	0	0
6983	-0.0250727	0	0
6982	-0.0250174	0	0
6981	-0.0249622	0	0
6980	-0.024907	0	0
6979	-0.0248517	0	0
6978	-0.0247965	0	0
6977	-0.0247413	0	0
6976	-0.024686	0	0
6975	-0.0246308	0	0
6974	-0.0245756	0	0
6973	-0.0245203	0	0
6972	-0.0244651	0	0
6971	-0.0244099	0	0
6970	-0.0243546	0	0
6969	-0.0242994	0	0
6968	-0.0242442	0	0
6967	-0.0241889	0	0
6966	-0.0241337	0	0
6965	-0.0240785	0	0
6964	-0.0240232	0	0
6963	-0.023968	0	0
6962	-0.0239128	0	0
6961	-0.0238575	0	0
6960	-0.0238023	0	0
6959	-0.0237471	0	0
6958	-0.0236918	0	0
6957	-0.0236366	0	0
6956	-0.0235814	0	0
6955	-0.0235262	0	0
6954	-0.0234709	0	0
6953	-0.0234157	0	0
6952	-0.0233605	0	0
6951	-0.0233053	0	0
6950	-0.0232501	0	0
6949	-0.0231949	0	0
6948	-0.0231396	0	0
6947	-0.0230844	0	0
6946	-0.0230292	0	0
6945	-0.022974	0	0
6944	-0.0229188	0	0
6943	-0.0228636	0	0
6942	-0.0228084	0	0
6941	-0.0227532	0	0
6940	-0.022698	0	0
6939	-0.0226428	0	0
6938	-0.0225876	0	0
6937	-0.0225324	0	0
6936	-0.0224773	0	0
6935	-0.0224221	0	0
6934	-0.0223669	0	0
6933	-0.0223117	0	0
6932	-0.0222565	0	0
6931	-0.0222014	0	0
6930	-0.0221462	0	0
6929	-0.022091	0	0
6928	-0.0220359	0	0
6927	-0.0219807	0	0
6926	-0.0219256	0	0
6925	-0.0218704	0	0
6924	-0.0218153	0	0
6923	-0.0217601	0	0
6922	-0.021705	0	0
6921	-0.0216499	0	0
6920	-0.0215947	0	0
6919	-0.0215396	0	0
6918	-0.0214845	0	0
6917	-0.0214294	0	0
6916	-0.0213743	0	0
6915	-0.0213192	0	0
6914	-0.021264	0	0
6913	-0.021209	0	0
6912	-0.0211539	0	0
6911	-0.0210988	0	0
6910	-0.0210437	0	0
6909	-0.0209886	0	0
6908	-0.0209335	0	0
6907	-0.0208785	0	0
6906	-0.0208234	0	0
6905	-0.0207683	0	0
6904	-0.0207133	0	0
6903	-0.0206582	0	0
6902	-0.0206032	0	0
6901	-0.0205482	0	0
6900	-0.0204931	0	0
6899	-0.0204381	0	0
6898	-0.0203831	0	0
6897	-0.0203281	0	0
6896	-0.0202731	0	0
6895	-0.020218	0	0
6894	-0.0201631	0	0
6893	-0.0201081	0	0
6892	-0.0200531	0	0
6891	-0.0199981	0	0
6890	-0.0199431	0	0
6889	-0.0198882	0	0
6888	-0.0198332	0	0
6887	-0.0197783	0	0
6886	-0.0197233	0	0
6885	-0.0196684	0	0
6884	-0.0196135	0	0
6883	-0.0195585	0	0
6882	-0.0195036	0	0
6881	-0.0194487	0	0
6880	-0.0193938	0	0
6879	-0.0193389	0	0
6878	-0.019284	0	0
6877	-0.0192292	0	0
6876	-0.0191743	0	0
6875	-0.0191194	0	0
6874	-0.0190646	0	0
6873	-0.0190097	0	0
6872	-0.0189549	0	0
6871	-0.0189001	0	0
6870	-0.0188452	0	0
6869	-0.0187904	0	0
6868	-0.0187356	0	0
6867	-0.0186808	0	0
6866	-0.018626	0	0
6865	-0.0185713	0	0
6864	-0.0185165	0	0
6863	-0.0184617	0	0
6862	-0.018407	0	0
6861	-0.0183522	0	0
6860	-0.0182975	0	0
6859	-0.0182428	0	0
6858	-0.018188	0	0
6857	-0.0181333	0	0
6856	-0.0180786	0	0
6855	-0.018024	0	0
6854	-0.0179693	0	0
6853	-0.0179146	0	0
6852	-0.0178599	0	0
6851	-0.0178053	0	0
6850	-0.0177507	0	0
6849	-0.017696	0	0
6848	-0.0176414	0	0
6847	-0.0175868	0	0
6846	-0.0175322	0	0
6845	-0.0174776	0	0
6844	-0.017423	0	0
6843	-0.0173685	0	0
6842	-0.0173139	0	0
6841	-0.0172594	0	0
6840	-0.0172048	0	0
6839	-0.0171503	0	0
6838	-0.0170958	0	0
6837	-0.0170413	0	0
6836	-0.0169868	0	0
6835	-0.0169323	0	0
6834	-0.0168778	0	0
6833	-0.0168234	0	0
6832	-0.0167689	0	0
6831	-0.0167145	0	0
6830	-0.0166601	0	0
6829	-0.0166057	0	0
6828	-0.0165513	0	0
6827	-0.0164969	0	0
6826	-0.0164425	0	0
6825	-0.0163881	0	0
6824	-0.0163338	0	0
6823	-0.0162795	0	0
6822	-0.0162251	0	0
6821	-0.0161708	0	0
6820	-0.0161165	0	0
6819	-0.0160622	0	0
6818	-0.016008	0	0
6817	-0.0159537	0	0
6816	-0.0158994	0	0
6815	-0.0158452	0	0
6814	-0.015791	0	0
6813	-0.0157368	0	0
6812	-0.0156826	0	0
6811	-0.0156284	0	0
6810	-0.0155742	0	0
6809	-0.01552	0	0
6808	-0.0154659	0	0
6807	-0.0154118	0	0
6806	-0.0153577	0	0
6805	-0.0153036	0	0
6804	-0.0152495	0	0
6803	-0.0151954	0	0
6802	-0.0151413	0	0
6801	-0.0150873	0	0
6800	-0.0150332	0	0
6799	-0.0149792	0	0
6798	-0.0149252	0	0
6797	-0.0148712	0	0
6796	-0.0148173	0	0
6795	-0.0147633	0	0
6794	-0.0147093	0	0
6793	-0.0146554	0	0
6792	-0.0146015	0	0
6791	-0.0145476	0	0
6790	-0.0144937	0	0
6789	-0.0144398	0	0
6788	-0.014386	0	0
6787	-0.0143321	0	0
6786	-0.0142783	0	0
6785	-0.0142245	0	0
6784	-0.0141707	0	0
6783	-0.0141169	0	0
6782	-0.0140632	0	0
6781	-0.0140094	0	0
6780	-0.0139557	0	0
6779	-0.013902	0	0
6778	-0.0138483	0	0
6777	-0.0137946	0	0
6776	-0.0137409	0	0
6775	-0.0136873	0	0
6774	-0.0136337	0	0
6773	-0.01358	0	0
6772	-0.0135264	0	0
6771	-0.0134729	0	0
6770	-0.0134193	0	0
6769	-0.0133657	0	0
6768	-0.0133122	0	0
6767	-0.0132587	0	0
6766	-0.0132052	0	0
6765	-0.0131517	0	0
6764	-0.0130982	0	0
6763	-0.0130448	0	0
6762	-0.0129914	0	0
6761	-0.012938	0	0
6760	-0.0128846	0	0
6759	-0.0128312	0	0
6758	-0.0127778	0	0
6757	-0.0127245	0	0
6756	-0.0126712	0	0
6755	-0.0126179	0	0
6754	-0.0125646	0	0
6753	-0.0125113	0	0
6752	-0.012458	0	0
6751	-0.0124048	0	0
6750	-0.0123516	0	0
6749	-0.0122984	0	0
6748	-0.0122452	0	0
6747	-0.0121921	0	0
6746	-0.0121389	0	0
6745	-0.0120858	0	0
6744	-0.0120327	0	0
6743	-0.0119796	0	0
6742	-0.0119266	0	0
6741	-0.0118735	0	0
6740	-0.0118205	0	0
6739	-0.0117675	0	0
6738	-0.0117145	0	0
6737	-0.0116615	0	0
6736	-0.0116086	0	0
6735	-0.0115557	0	0
6734	-0.0115028	0	0
6733	-0.0114499	0	0
6732	-0.011397	0	0
6731	-0.0113442	0	0
6730	-0.0112913	0	0
6729	-0.0112385	0	0
6728	-0.0111858	0	0
6727	-0.011133	0	0
6726	-0.0110802	0	0
6725	-0.0110275	0	0
6724	-0.0109748	0	0
6723	-0.0109221	0	0
6722	-0.0108695	0	0
6721	-0.0108168	0	0
6720	-0.0107642	0	0
6719	-0.0107116	0	0
6718	-0.010659	0	0
6717	-0.0106065	0	0
6716	-0.0105539	0	0
6715	-0.0105014	0	0
6714	-0.0104489	0	0
6713	-0.0103965	0	0
6712	-0.010344	0	0
6711	-0.0102916	0	0
6710	-0.0102392	0	0
6709	-0.0101868	0	0
6708	-0.0101344	0	0
6707	-0.0100821	0	0
6706	-0.0100298	0	0
6705	-0.00997747	0	0
6704	-0.0099252	0	0
6703	-0.00987295	0	0
6702	-0.00982072	0	0
6701	-0.00976851	0	0
6700	-0.00971633	0	0
6699	-0.00966417	0	0
6698	-0.00961203	0	0
6697	-0.00955992	0	0
6696	-0.00950782	0	0
6695	-0.00945576	0	0
6694	-0.00940371	0	0
6693	-0.00935169	0	0
6692	-0.00929969	0	0
6691	-0.00924771	0	0
6690	-0.00919576	0	0
6689	-0.00914383	0	0
6688	-0.00909192	0	0
6687	-0.00904004	0	0
6686	-0.00898818	0	0
6685	-0.00893635	0	0
6684	-0.00888454	0	0
6683	-0.00883275	0	0
6682	-0.00878099	0	0
6681	-0.00872925	0	0
6680	-0.00867753	0	0
6679	-0.00862585	0	0
6678	-0.00857418	0	0
6677	-0.00852254	0	0
6676	-0.00847092	0	0
6675	-0.00841933	0	0
6674	-0.00836776	0	0
6673	-0.00831622	0	0
6672	-0.0082647	0	0
6671	-0.00821321	0	0
6670	-0.00816174	0	0
6669	-0.0081103	0	0
6668	-0.00805889	0	0
6667	-0.00800749	0	0
6666	-0.00795613	0	0
6665	-0.00790479	0	0
6664	-0.00785347	0	0
6663	-0.00780218	0	0
6662	-0.00775092	0	0
6661	-0.00769968	0	0
6660	-0.00764847	0	0
6659	-0.00759728	0	0
6658	-0.00754612	0	0
6657	-0.00749499	0	0
6656	-0.00744388	0	0
6655	-0.0073928	0	0
6654	-0.00734174	0	0
6653	-0.00729071	0	0
6652	-0.00723971	0	0
6651	-0.00718873	0	0
6650	-0.00713778	0	0
6649	-0.00708686	0	0
6648	-0.00703597	0	0
6647	-0.0069851	0	0
6646	-0.00693426	0	0
6645	-0.00688344	0	0
6644	-0.00683265	0	0
6643	-0.00678189	0	0
6642	-0.00673116	0	0
6641	-0.00668045	0	0
6640	-0.00662977	0	0
6639	-0.00657912	0	0
6638	-0.0065285	0	0
6637	-0.0064779	0	0
6636	-0.00642734	0	0
6635	-0.0063768	0	0
6634	-0.00632628	0	0
6633	-0.0062758	0	0
6632	-0.00622534	0	0
6631	-0.00617492	0	0
6630	-0.00612452	0	0
6629	-0.00607414	0	0
6628	-0.0060238	0	0
6627	-0.00597349	0	0
6626	-0.0059232	0	0
6625	-0.00587294	0	0
6624	-0.00582271	0	0
6623	-0.00577251	0	0
6622	-0.00572234	0	0
6621	-0.0056722	0	0
6620	-0.00562209	0	0
6619	-0.005572	0	0
6618	-0.00552195	0	0
6617	-0.00547192	0	0
6616	-0.00542193	0	0
6615	-0.00537196	0	0
6614	-0.00532202	0	0
6613	-0.00527212	0	0
6612	-0.00522224	0	0
6611	-0.00517239	0	0
6610	-0.00512257	0	0
6609	-0.00507278	0	0
6608	-0.00502302	0	0
6607	-0.00497329	0	0
6606	-0.00492359	0	0
6605	-0.00487393	0	0
6604	-0.00482429	0	0
6603	-0.00477468	0	0
6602	-0.0047251	0	0
6601	-0.00467556	0	0
6600	-0.00462604	0	0
6599	-0.00457655	0	0
6598	-0.0045271	0	0
6597	-0.00447767	0	0
6596	-0.00442828	0	0
6595	-0.00437892	0	0
6594	-0.00432959	0	0
6593	-0.00428029	0	0
6592	-0.00423102	0	0
6591	-0.00418178	0	0
6590	-0.00413257	0	0
6589	-0.0040834	0	0
6588	-0.00403425	0	0
6587	-0.00398514	0	0
6586	-0.00393606	0	0
6585	-0.00388701	0	0
6584	-0.00383799	0	0
6583	-0.00378901	0	0
6582	-0.00374006	0	0
6581	-0.00369113	0	0
6580	-0.00364225	0	0
6579	-0.00359339	0	0
6578	-0.00354456	0	0
6577	-0.00349577	0	0
6576	-0.00344701	0	0
6575	-0.00339828	0	0
6574	-0.00334959	0	0
6573	-0.00330093	0	0
6572	-0.0032523	0	0
6571	-0.0032037	0	0
6570	-0.00315514	0	0
6569	-0.00310661	0	0
6568	-0.00305811	0	0
6567	-0.00300964	0	0
6566	-0.00296121	0	0
6565	-0.00291281	0	0
6564	-0.00286445	0	0
6563	-0.00281612	0	0
6562	-0.00276782	0	0
6561	-0.00271955	0	0
6560	-0.00267132	0	0
6559	-0.00262312	0	0
6558	-0.00257496	0	0
6557	-0.00252683	0	0
6556	-0.00247873	0	0
6555	-0.00243067	0	0
6554	-0.00238265	0	0
6553	-0.00233465	0	0
6552	-0.00228669	0	0
6551	-0.00223877	0	0
6550	-0.00219088	0	0
6549	-0.00214302	0	0
6548	-0.0020952	0	0
6547	-0.00204741	0	0
6546	-0.00199966	0	0
6545	-0.00195194	0	0
6544	-0.00190426	0	0
6543	-0.00185661	0	0
6542	-0.001809	0	0
6541	-0.00176142	0	0
6540	-0.00171387	0	0
6539	-0.00166637	0	0
6538	-0.00161889	0	0
6537	-0.00157146	0	0
6536	-0.00152405	0	0
6535	-0.00147669	0	0
6534	-0.00142936	0	0
6533	-0.00138206	0	0
6532	-0.0013348	0	0
6531	-0.00128758	0	0
6530	-0.00124039	0	0
6529	-0.00119324	0	0
6528	-0.00114612	0	0
6527	-0.00109904	0	0
6526	-0.001052	0	0
6525	-0.00100499	0	0
6524	-0.000958021	0	0
6523	-0.000911086	0	0
6522	-0.000864188	0	0
6521	-0.000817326	0	0
6520	-0.000770501	0	0
6519	-0.000723712	0	0
6518	-0.00067696	0	0
6517	-0.000630245	0	0
6516	-0.000583567	0	0
6515	-0.000536926	0	0
6514	-0.000490322	0	0
6513	-0.000443755	0	0
6512	-0.000397225	0	0
6511	-0.000350732	0	0
6510	-0.000304277	0	0
6509	-0.000257859	0	0
6508	-0.000211478	0	0
6507	-0.000165135	0	0
6506	-0.00011883	0	0
6505	-7.25626e-05	0	0
6504	-2.63327e-05	0	0
6503	1.98593e-05	0	0
6502	6.60134e-05	0	0
6501	0.00011213	0	0
6500	0.000158208	0	0
6499	0.000204248	0	0
6498	0.000250249	0	0
6497	0.000296213	0	0
6496	0.000342138	0	0
6495	0.000388025	0	0
6494	0.000433873	0	0
6493	0.000479683	0	0
6492	0.000525454	0	0
6491	0.000571186	0	0
6490	0.00061688	0	0
6489	0.000662534	0	0
6488	0.00070815	0	0
6487	0.000753727	0	0
6486	0.000799265	0	0
6485	0.000844763	0	0
6484	0.000890223	0	0
6483	0.000935643	0	0
6482	0.000981024	0	0
6481	0.00102637	0	0
6480	0.00107167	0	0
6479	0.00111693	0	0
6478	0.00116215	0	0
6477	0.00120734	0	0
6476	0.00125248	0	0
6475	0.00129758	0	0
6474	0.00134265	0	0
6473	0.00138767	0	0
6472	0.00143265	0	0
6471	0.0014776	0	0
6470	0.0015225	0	0
6469	0.00156736	0	0
6468	0.00161218	0	0
6467	0.00165697	0	0
6466	0.00170171	0	0
6465	0.00174641	0	0
6464	0.00179107	0	0
6463	0.00183569	0	0
6462	0.00188027	0	0
6461	0.00192481	0	0
6460	0.0019693	0	0
6459	0.00201376	0	0
6458	0.00205817	0	0
6457	0.00210255	0	0
6456	0.00214688	0	0
6455	0.00219117	0	0
6454	0.00223542	0	0
6453	0.00227963	0	0
6452	0.0023238	0	0
6451	0.00236792	0	0
6450	0.00241201	0	0
6449	0.00245605	0	0
6448	0.00250005	0	0
6447	0.00254401	0	0
6446	0.00258793	0	0
6445	0.0026318	0	0
6444	0.00267564	0	0
6443	0.00271943	0	0
6442	0.00276318	0	0
6441	0.00280688	0	0
6440	0.00285055	0	0
6439	0.00289417	0	0
6438	0.00293775	0	0
6437	0.00298128	0	0
6436	0.00302478	0	0
6435	0.00306823	0	0
6434	0.00311164	0	0
6433	0.003155	0	0
6432	0.00319833	0	0
6431	0.00324161	0	0
6430	0.00328485	0	0
6429	0.00332804	0	0
6428	0.00337119	0	0
6427	0.0034143	0	0
6426	0.00345736	0	0
6425	0.00350038	0	0
6424	0.00354336	0	0
6423	0.0035863	0	0
6422	0.00362919	0	0
6421	0.00367203	0	0
6420	0.00371484	0	0
6419	0.0037576	0	0
6418	0.00380031	0	0
6417	0.00384299	0	0
6416	0.00388561	0	0
6415	0.0039282	0	0
6414	0.00397074	0	0
6413	0.00401323	0	0
6412	0.00405568	0	0
6411	0.00409809	0	0
6410	0.00414045	0	0
6409	0.00418277	0	0
6408	0.00422505	0	0
6407	0.00426728	0	0
6406	0.00430946	0	0
6405	0.0043516	0	0
6404	0.0043937	0	0
6403	0.00443575	0	0
6402	0.00447775	0	0
6401	0.00451971	0	0
6400	0.00456163	0	0
6399	0.0046035	0	0
6398	0.00464532	0	0
6397	0.0046871	0	0
6396	0.00472884	0	0
6395	0.00477053	0	0
6394	0.00481217	0	0
6393	0.00485377	0	0
6392	0.00489532	0	0
6391	0.00493683	0	0
6390	0.00497829	0	0
6389	0.0050197	0	0
6388	0.00506107	0	0
6387	0.0051024	0	0
6386	0.00514367	0	0
6385	0.00518491	0	0
6384	0.00522609	0	0
6383	0.00526723	0	0
6382	0.00530832	0	0
6381	0.00534937	0	0
6380	0.00539037	0	0
6379	0.00543132	0	0
6378	0.00547223	0	0
6377	0.00551309	0	0
6376	0.00555391	0	0
6375	0.00559467	0	0
6374	0.00563539	0	0
6373	0.00567607	0	0
6372	0.0057167	0	0
6371	0.00575728	0	0
6370	0.00579781	0	0
6369	0.00583829	0	0
6368	0.00587873	0	0
6367	0.00591912	0	0
6366	0.00595947	0	0
6365	0.00599976	0	0
6364	0.00604001	0	0
6363	0.00608022	0	0
6362	0.00612037	0	0
6361	0.00616048	0	0
6360	0.00620054	0	0
6359	0.00624055	0	0
6358	0.00628051	0	0
6357	0.00632042	0	0
6356	0.00636029	0	0
6355	0.00640011	0	0
6354	0.00643988	0	0
6353	0.00647961	0	0
6352	0.00651928	0	0
6351	0.00655891	0	0
6350	0.00659849	0	0
6349	0.00663802	0	0
6348	0.0066775	0	0
6347	0.00671693	0	0
6346	0.00675631	0	0
6345	0.00679565	0	0
6344	0.00683494	0	0
6343	0.00687418	0	0
6342	0.00691336	0	0
6341	0.00695251	0	0
6340	0.0069916	0	0
6339	0.00703064	0	0
6338	0.00706963	0	0
6337	0.00710858	0	0
6336	0.00714747	0	0
6335	0.00718632	0	0
6334	0.00722511	0	0
6333	0.00726386	0	0
6332	0.00730256	0	0
6331	0.0073412	0	0
6330	0.0073798	0	0
6329	0.00741835	0	0
6328	0.00745685	0	0
6327	0.0074953	0	0
6326	0.0075337	0	0
6325	0.00757205	0	0
6324	0.00761035	0	0
6323	0.00764859	0	0
6322	0.00768679	0	0
6321	0.00772494	0	0
6320	0.00776304	0	0
6319	0.00780109	0	0
6318	0.00783909	0	0
6317	0.00787703	0	0
6316	0.00791493	0	0
6315	0.00795278	0	0
6314	0.00799057	0	0
6313	0.00802832	0	0
6312	0.00806601	0	0
6311	0.00810365	0	0
6310	0.00814125	0	0
6309	0.00817879	0	0
6308	0.00821628	0	0
6307	0.00825372	0	0
6306	0.00829111	0	0
6305	0.00832844	0	0
6304	0.00836573	0	0
6303	0.00840296	0	0
6302	0.00844015	0	0
6301	0.00847728	0	0
6300	0.00851436	0	0
6299	0.00855139	0	0
6298	0.00858837	0	0
6297	0.00862529	0	0
6296	0.00866217	0	0
6295	0.00869899	0	0
6294	0.00873576	0	0
6293	0.00877248	0	0
6292	0.00880914	0	0
6291	0.00884576	0	0
6290	0.00888232	0	0
6289	0.00891883	0	0
6288	0.00895529	0	0
6287	0.00899169	0	0
6286	0.00902805	0	0
6285	0.00906435	0	0
6284	0.0091006	0	0
6283	0.00913679	0	0
6282	0.00917294	0	0
6281	0.00920903	0	0
6280	0.00924506	0	0
6279	0.00928105	0	0
6278	0.00931698	0	0
6277	0.00935286	0	0
6276	0.00938869	0	0
6275	0.00942446	0	0
6274	0.00946018	0	0
6273	0.00949585	0	0
6272	0.00953146	0	0
6271	0.00956702	0	0
6270	0.00960253	0	0
6269	0.00963799	0	0
6268	0.00967339	0	0
6267	0.00970874	0	0
6266	0.00974403	0	0
6265	0.00977927	0	0
6264	0.00981446	0	0
6263	0.00984959	0	0
6262	0.00988467	0	0
6261	0.00991969	0	0
6260	0.00995467	0	0
6259	0.00998958	0	0
6258	0.0100244	0	0
6257	0.0100593	0	0
6256	0.010094	0	0
6255	0.0101287	0	0
6254	0.0101634	0	0
6253	0.010198	0	0
6252	0.0102325	0	0
6251	0.010267	0	0
6250	0.0103014	0	0
6249	0.0103358	0	0
6248	0.0103701	0	0
6247	0.0104044	0	0
6246	0.0104386	0	0
6245	0.0104727	0	0
6244	0.0105068	0	0
6243	0.0105409	0	0
6242	0.0105749	0	0
6241	0.0106088	0	0
6240	0.0106427	0	0
6239	0.0106765	0	0
6238	0.0107103	0	0
6237	0.010744	0	0
6236	0.0107777	0	0
6235	0.0108113	0	0
6234	0.0108448	0	0
6233	0.0108783	0	0
6232	0.0109118	0	0
6231	0.0109451	0	0
6230	0.0109785	0	0
6229	0.0110117	0	0
6228	0.011045	0	0
6227	0.0110781	0	0
6226	0.0111112	0	0
6225	0.0111443	0	0
6224	0.0111773	0	0
6223	0.0112102	0	0
6222	0.0112431	0	0
6221	0.0112759	0	0
6220	0.0113087	0	0
6219	0.0113414	0	0
6218	0.0113741	0	0
6217	0.0114067	0	0
6216	0.0114392	0	0
6215	0.0114717	0	0
6214	0.0115041	0	0
6213	0.0115365	0	0
6212	0.0115688	0	0
6211	0.0116011	0	0
6210	0.0116333	0	0
6209	0.0116654	0	0
6208	0.0116975	0	0
6207	0.0117296	0	0
6206	0.0117615	0	0
6205	0.0117935	0	0
6204	0.0118253	0	0
6203	0.0118571	0	0
6202	0.0118889	0	0
6201	0.0119206	0	0
6200	0.0119522	0	0
6199	0.0119838	0	0
6198	0.0120153	0	0
6197	0.0120468	0	0
6196	0.0120782	0	0
6195	0.0121095	0	0
6194	0.0121408	0	0
6193	0.012172	0	0
6192	0.0122032	0	0
6191	0.0122343	0	0
6190	0.0122654	0	0
6189	0.0122964	0	0
6188	0.0123273	0	0
6187	0.0123582	0	0
6186	0.0123891	0	0
6185	0.0124198	0	0
6184	0.0124505	0	0
6183	0.0124812	0	0
6182	0.0125118	0	0
6181	0.0125423	0	0
6180	0.0125728	0	0
6179	0.0126032	0	0
6178	0.0126336	0	0
6177	0.0126639	0	0
6176	0.0126941	0	0
6175	0.0127243	0	0
6174	0.0127544	0	0
6173	0.0127845	0	0
6172	0.0128145	0	0
6171	0.0128445	0	0
6170	0.0128744	0	0
6169	0.0129042	0	0
6168	0.012934	0	0
6167	0.0129637	0	0
6166	0.0129934	0	0
6165	0.0130229	0	0
6164	0.0130525	0	0
6163	0.013082	0	0
6162	0.0131114	0	0
6161	0.0131408	0	0
6160	0.0131701	0	0
6159	0.0131993	0	0
6158	0.0132285	0	0
6157	0.0132576	0	0
6156	0.0132867	0	0
6155	0.0133157	0	0
6154	0.0133446	0	0
6153	0.0133735	0	0
6152	0.0134023	0	0
6151	0.0134311	0	0
6150	0.0134598	0	0
6149	0.0134884	0	0
6148	0.013517	0	0
6147	0.0135456	0	0
6146	0.013574	0	0
6145	0.0136024	0	0
6144	0.0136308	0	0
6143	0.0136591	0	0
6142	0.0136873	0	0
6141	0.0137155	0	0
6140	0.0137436	0	0
6139	0.0137716	0	0
6138	0.0137996	0	0
6137	0.0138275	0	0
6136	0.0138554	0	0
6135	0.0138832	0	0
6134	0.0139109	0	0
6133	0.0139386	0	0
6132	0.0139662	0	0
6131	0.0139938	0	0
6130	0.0140213	0	0
6129	0.0140487	0	0
6128	0.0140761	0	0
6127	0.0141034	0	0
6126	0.0141307	0	0
6125	0.0141579	0	0
6124	0.014185	0	0
6123	0.0142121	0	0
6122	0.0142391	0	0
6121	0.014266	0	0
6120	0.0142929	0	0
6119	0.0143197	0	0
6118	0.0143465	0	0
6117	0.0143732	0	0
6116	0.0143999	0	0
6115	0.0144264	0	0
6114	0.014453	0	0
6113	0.0144794	0	0
6112	0.0145058	0	0
6111	0.0145322	0	0
6110	0.0145584	0	0
6109	0.0145846	0	0
6108	0.0146108	0	0
6107	0.0146369	0	0
6106	0.0146629	0	0
6105	0.0146889	0	0
6104	0.0147148	0	0
6103	0.0147406	0	0
6102	0.0147664	0	0
6101	0.0147921	0	0
6100	0.0148178	0	0
6099	0.0148434	0	0
6098	0.0148689	0	0
6097	0.0148944	0	0
6096	0.0149198	0	0
6095	0.0149451	0	0
6094	0.0149704	0	0
6093	0.0149956	0	0
6092	0.0150208	0	0
6091	0.0150458	0	0
6090	0.0150709	0	0
6089	0.0150958	0	0
6088	0.0151207	0	0
6087	0.0151456	0	0
6086	0.0151704	0	0
6085	0.0151951	0	0
6084	0.0152197	0	0
6083	0.0152443	0	0
6082	0.0152689	0	0
6081	0.0152933	0	0
6080	0.0153177	0	0
6079	0.0153421	0	0
6078	0.0153663	0	0
6077	0.0153906	0	0
6076	0.0154147	0	0
6075	0.0154388	0	0
6074	0.0154628	0	0
6073	0.0154868	0	0
6072	0.0155107	0	0
6071	0.0155345	0	0
6070	0.0155583	0	0
6069	0.015582	0	0
6068	0.0156056	0	0
6067	0.0156292	0	0
6066	0.0156527	0	0
6065	0.0156762	0	0
6064	0.0156995	0	0
6063	0.0157229	0	0
6062	0.0157461	0	0
6061	0.0157693	0	0
6060	0.0157925	0	0
6059	0.0158155	0	0
6058	0.0158385	0	0
6057	0.0158615	0	0
6056	0.0158843	0	0
6055	0.0159072	0	0
6054	0.0159299	0	0
6053	0.0159526	0	0
6052	0.0159752	0	0
6051	0.0159978	0	0
6050	0.0160203	0	0
6049	0.0160427	0	0
6048	0.0160651	0	0
6047	0.0160873	0	0
6046	0.0161096	0	0
6045	0.0161318	0	0
6044	0.0161539	0	0
6043	0.0161759	0	0
6042	0.0161979	0	0
6041	0.0162198	0	0
6040	0.0162416	0	0
6039	0.0162634	0	0
6038	0.0162851	0	0
6037	0.0163068	0	0
6036	0.0163284	0	0
6035	0.0163499	0	0
6034	0.0163714	0	0
6033	0.0163928	0	0
6032	0.0164141	0	0
6031	0.0164353	0	0
6030	0.0164565	0	0
6029	0.0164777	0	0
6028	0.0164987	0	0
6027	0.0165198	0	0
6026	0.0165407	0	0
6025	0.0165616	0	0
6024	0.0165824	0	0
6023	0.0166031	0	0
6022	0.0166238	0	0
6021	0.0166444	0	0
6020	0.016665	0	0
6019	0.0166854	0	0
6018	0.0167058	0	0
6017	0.0167262	0	0
6016	0.0167465	0	0
6015	0.0167667	0	0
6014	0.0167869	0	0
6013	0.0168069	0	0
6012	0.016827	0	0
6011	0.0168469	0	0
6010	0.0168668	0	0
6009	0.0168866	0	0
6008	0.0169064	0	0
6007	0.0169261	0	0
6006	0.0169457	0	0
6005	0.0169653	0	0
6004	0.0169848	0	0
6003	0.0170042	0	0
6002	0.0170236	0	0
6001	0.0170429	0	0
6000	0.0170621	0	0
5999	0.0170813	0	0
5998	0.0171004	0	0
5997	0.0171194	0	0
5996	0.0171384	0	0
5995	0.0171573	0	0
5994	0.0171761	0	0
5993	0.0171949	0	0
5992	0.0172136	0	0
5991	0.0172322	0	0
5990	0.0172508	0	0
5989	0.0172693	0	0
5988	0.0172878	0	0
5987	0.0173061	0	0
5986	0.0173244	0	0
5985	0.0173427	0	0
5984	0.0173608	0	0
5983	0.0173789	0	0
5982	0.017397	0	0
5981	0.017415	0	0
5980	0.0174329	0	0
5979	0.0174507	0	0
5978	0.0174685	0	0
5977	0.0174862	0	0
5976	0.0175038	0	0
5975	0.0175214	0	0
5974	0.0175389	0	0
5973	0.0175563	0	0
5972	0.0175737	0	0
5971	0.017591	0	0
5970	0.0176083	0	0
5969	0.0176254	0	0
5968	0.0176425	0	0
5967	0.0176596	0	0
5966	0.0176765	0	0
5965	0.0176934	0	0
5964	0.0177103	0	0
5963	0.017727	0	0
5962	0.0177437	0	0
5961	0.0177604	0	0
5960	0.017777	0	0
5959	0.0177935	0	0
5958	0.0178099	0	0
5957	0.0178263	0	0
5956	0.0178425	0	0
5955	0.0178588	0	0
5954	0.0178749	0	0
5953	0.017891	0	0
5952	0.0179071	0	0
5951	0.017923	0	0
5950	0.0179389	0	0
5949	0.0179548	0	0
5948	0.0179705	0	0
5947	0.0179862	0	0
5946	0.0180018	0	0
5945	0.0180174	0	0
5944	0.0180329	0	0
5943	0.0180483	0	0
5942	0.0180636	0	0
5941	0.0180789	0	0
5940	0.0180942	0	0
5939	0.0181093	0	0
5938	0.0181244	0	0
5937	0.0181394	0	0
5936	0.0181544	0	0
5935	0.0181692	0	0
5934	0.018184	0	0
5933	0.0181988	0	0
5932	0.0182135	0	0
5931	0.0182281	0	0
5930	0.0182426	0	0
5929	0.0182571	0	0
5928	0.0182715	0	0
5927	0.0182858	0	0
5926	0.0183001	0	0
5925	0.0183143	0	0
5924	0.0183284	0	0
5923	0.0183425	0	0
5922	0.0183565	0	0
5921	0.0183704	0	0
5920	0.0183843	0	0
5919	0.0183981	0	0
5918	0.0184118	0	0
5917	0.0184254	0	0
5916	0.018439	0	0
5915	0.0184526	0	0
5914	0.018466	0	0
5913	0.0184794	0	0
5912	0.0184927	0	0
5911	0.018506	0	0
5910	0.0185191	0	0
5909	0.0185322	0	0
5908	0.0185453	0	0
5907	0.0185583	0	0
5906	0.0185712	0	0
5905	0.018584	0	0
5904	0.0185968	0	0
5903	0.0186095	0	0
5902	0.0186221	0	0
5901	0.0186347	0	0
5900	0.0186471	0	0
5899	0.0186596	0	0
5898	0.0186719	0	0
5897	0.0186842	0	0
5896	0.0186964	0	0
5895	0.0187086	0	0
5894	0.0187207	0	0
5893	0.0187327	0	0
5892	0.0187446	0	0
5891	0.0187565	0	0
5890	0.0187683	0	0
5889	0.0187801	0	0
5888	0.0187917	0	0
5887	0.0188033	0	0
5886	0.0188149	0	0
5885	0.0188263	0	0
5884	0.0188377	0	0
5883	0.0188491	0	0
5882	0.0188603	0	0
5881	0.0188715	0	0
5880	0.0188826	0	0
5879	0.0188937	0	0
5878	0.0189047	0	0
5877	0.0189156	0	0
5876	0.0189264	0	0
5875	0.0189372	0	0
5874	0.0189479	0	0
5873	0.0189585	0	0
5872	0.0189691	0	0
5871	0.0189796	0	0
5870	0.01899	0	0
5869	0.0190004	0	0
5868	0.0190107	0	0
5867	0.0190209	0	0
5866	0.0190311	0	0
5865	0.0190412	0	0
5864	0.0190512	0	0
5863	0.0190611	0	0
5862	0.019071	0	0
5861	0.0190808	0	0
5860	0.0190906	0	0
5859	0.0191003	0	0
5858	0.0191099	0	0
5857	0.0191194	0	0
5856	0.0191289	0	0
5855	0.0191383	0	0
5854	0.0191476	0	0
5853	0.0191568	0	0
5852	0.019166	0	0
5851	0.0191752	0	0
5850	0.0191842	0	0
5849	0.0191932	0	0
5848	0.0192021	0	0
5847	0.019211	0	0
5846	0.0192197	0	0
5845	0.0192284	0	0
5844	0.0192371	0	0
5843	0.0192456	0	0
5842	0.0192541	0	0
5841	0.0192626	0	0
5840	0.0192709	0	0
5839	0.0192792	0	0
5838	0.0192875	0	0
5837	0.0192956	0	0
5836	0.0193037	0	0
5835	0.0193117	0	0
5834	0.0193197	0	0
5833	0.0193275	0	0
5832	0.0193353	0	0
5831	0.0193431	0	0
5830	0.0193507	0	0
5829	0.0193583	0	0
5828	0.0193659	0	0
5827	0.0193733	0	0
5826	0.0193807	0	0
5825	0.0193881	0	0
5824	0.0193953	0	0
5823	0.0194025	0	0
5822	0.0194096	0	0
5821	0.0194167	0	0
5820	0.0194236	0	0
5819	0.0194305	0	0
5818	0.0194374	0	0
5817	0.0194442	0	0
5816	0.0194509	0	0
5815	0.0194575	0	0
5814	0.019464	0	0
5813	0.0194705	0	0
5812	0.019477	0	0
5811	0.0194833	0	0
5810	0.0194896	0	0
5809	0.0194958	0	0
5808	0.019502	0	0
5807	0.019508	0	0
5806	0.019514	0	0
5805	0.01952	0	0
5804	0.0195259	0	0
5803	0.0195317	0	0
5802	0.0195374	0	0
5801	0.019543	0	0
5800	0.0195486	0	0
5799	0.0195542	0	0
5798	0.0195596	0	0
5797	0.019565	0	0
5796	0.0195703	0	0
5795	0.0195756	0	0
5794	0.0195807	0	0
5793	0.0195858	0	0
5792	0.0195909	0	0
5791	0.0195959	0	0
5790	0.0196008	0	0
5789	0.0196056	0	0
5788	0.0196104	0	0
5787	0.019615	0	0
5786	0.0196197	0	0
5785	0.0196242	0	0
5784	0.0196287	0	0
5783	0.0196331	0	0
5782	0.0196375	0	0
5781	0.0196417	0	0
5780	0.019646	0	0
5779	0.0196501	0	0
5778	0.0196542	0	0
5777	0.0196582	0	0
5776	0.0196621	0	0
5775	0.019666	0	0
5774	0.0196698	0	0
5773	0.0196735	0	0
5772	0.0196771	0	0
5771	0.0196807	0	0
5770	0.0196842	0	0
5769	0.0196877	0	0
5768	0.0196911	0	0
5767	0.0196944	0	0
5766	0.0196976	0	0
5765	0.0197008	0	0
5764	0.0197039	0	0
5763	0.0197069	0	0
5762	0.0197099	0	0
5761	0.0197128	0	0
5760	0.0197156	0	0
5759	0.0197184	0	0
5758	0.0197211	0	0
5757	0.0197237	0	0
5756	0.0197262	0	0
5755	0.0197287	0	0
5754	0.0197311	0	0
5753	0.0197335	0	0
5752	0.0197357	0	0
5751	0.019738	0	0
5750	0.0197401	0	0
5749	0.0197422	0	0
5748	0.0197442	0	0
5747	0.0197461	0	0
5746	0.0197479	0	0
5745	0.0197497	0	0
5744	0.0197515	0	0
5743	0.0197531	0	0
5742	0.0197547	0	0
5741	0.0197562	0	0
5740	0.0197577	0	0
5739	0.0197591	0	0
5738	0.0197604	0	0
5737	0.0197616	0	0
5736	0.0197628	0	0
5735	0.0197639	0	0
5734	0.0197649	0	0
5733	0.0197659	0	0
5732	0.0197668	0	0
5731	0.0197676	0	0
5730	0.0197684	0	0
5729	0.0197691	0	0
5728	0.0197697	0	0
5727	0.0197703	0	0
5726	0.0197707	0	0
5725	0.0197712	0	0
5724	0.0197715	0	0
5723	0.0197718	0	0
5722	0.019772	0	0
5721	0.0197722	0	0
5720	0.0197722	0	0
5719	0.0197722	0	0
5718	0.0197722	0	0
5717	0.0197721	0	0
5716	0.0197719	0	0
5715	0.0197716	0	0
5714	0.0197713	0	0
5713	0.0197709	0	0
5712	0.0197704	0	0
5711	0.0197698	0	0
5710	0.0197692	0	0
5709	0.0197686	0	0
5708	0.0197678	0	0
5707	0.019767	0	0
5706	0.0197661	0	0
5705	0.0197652	0	0
5704	0.0197642	0	0
5703	0.0197631	0	0
5702	0.0197619	0	0
5701	0.0197607	0	0
5700	0.0197594	0	0
5699	0.0197581	0	0
5698	0.0197566	0	0
5697	0.0197551	0	0
5696	0.0197536	0	0
5695	0.0197519	0	0
5694	0.0197502	0	0
5693	0.0197485	0	0
5692	0.0197466	0	0
5691	0.0197447	0	0
5690	0.0197428	0	0
5689	0.0197407	0	0
5688	0.0197386	0	0
5687	0.0197365	0	0
5686	0.0197342	0	0
5685	0.0197319	0	0
5684	0.0197295	0	0
5683	0.0197271	0	0
5682	0.0197246	0	0
5681	0.019722	0	0
5680	0.0197194	0	0
5679	0.0197166	0	0
5678	0.0197139	0	0
5677	0.019711	0	0
5676	0.0197081	0	0
5675	0.0197051	0	0
5674	0.0197021	0	0
5673	0.0196989	0	0
5672	0.0196957	0	0
5671	0.0196925	0	0
5670	0.0196892	0	0
5669	0.0196858	0	0
5668	0.0196823	0	0
5667	0.0196788	0	0
5666	0.0196752	0	0
5665	0.0196715	0	0
5664	0.0196678	0	0
5663	0.019664	0	0
5662	0.0196602	0	0
5661	0.0196562	0	0
5660	0.0196522	0	0
5659	0.0196482	0	0
5658	0.0196441	0	0
5657	0.0196399	0	0
5656	0.0196356	0	0
5655	0.0196313	0	0
5654	0.0196269	0	0
5653	0.0196224	0	0
5652	0.0196179	0	0
5651	0.0196133	0	0
5650	0.0196086	0	0
5649	0.0196039	0	0
5648	0.0195991	0	0
5647	0.0195942	0	0
5646	0.0195893	0	0
5645	0.0195843	0	0
5644	0.0195792	0	0
5643	0.0195741	0	0
5642	0.0195689	0	0
5641	0.0195636	0	0
5640	0.0195583	0	0
5639	0.0195529	0	0
5638	0.0195474	0	0
5637	0.0195419	0	0
5636	0.0195363	0	0
5635	0.0195306	0	0
5634	0.0195249	0	0
5633	0.0195191	0	0
5632	0.0195132	0	0
5631	0.0195073	0	0
5630	0.0195013	0	0
5629	0.0194952	0	0
5628	0.0194891	0	0
5627	0.0194829	0	0
5626	0.0194767	0	0
5625	0.0194703	0	0
5624	0.0194639	0	0
5623	0.0194575	0	0
5622	0.019451	0	0
5621	0.0194444	0	0
5620	0.0194377	0	0
5619	0.019431	0	0
5618	0.0194242	0	0
5617	0.0194173	0	0
5616	0.0194104	0	0
5615	0.0194034	0	0
5614	0.0193964	0	0
5613	0.0193893	0	0
5612	0.0193821	0	0
5611	0.0193748	0	0
5610	0.0193675	0	0
5609	0.0193601	0	0
5608	0.0193527	0	0
5607	0.0193452	0	0
5606	0.0193376	0	0
5605	0.01933	0	0
5604	0.0193223	0	0
5603	0.0193145	0	0
5602	0.0193066	0	0
5601	0.0192987	0	0
5600	0.0192908	0	0
5599	0.0192827	0	0
5598	0.0192746	0	0
5597	0.0192665	0	0
5596	0.0192582	0	0
5595	0.0192499	0	0
5594	0.0192416	0	0
5593	0.0192332	0	0
5592	0.0192247	0	0
5591	0.0192161	0	0
5590	0.0192075	0	0
5589	0.0191988	0	0
5588	0.0191901	0	0
5587	0.0191813	0	0
5586	0.0191724	0	0
5585	0.0191634	0	0
5584	0.0191544	0	0
5583	0.0191454	0	0
5582	0.0191362	0	0
5581	0.019127	0	0
5580	0.0191178	0	0
5579	0.0191084	0	0
5578	0.019099	0	0
5577	0.0190896	0	0
5576	0.01908	0	0
5575	0.0190705	0	0
5574	0.0190608	0	0
5573	0.0190511	0	0
5572	0.0190413	0	0
5571	0.0190315	0	0
5570	0.0190216	0	0
5569	0.0190116	0	0
5568	0.0190016	0	0
5567	0.0189915	0	0
5566	0.0189813	0	0
5565	0.0189711	0	0
5564	0.0189608	0	0
5563	0.0189504	0	0
5562	0.01894	0	0
5561	0.0189295	0	0
5560	0.018919	0	0
5559	0.0189084	0	0
5558	0.0188977	0	0
5557	0.0188869	0	0
5556	0.0188761	0	0
5555	0.0188653	0	0
5554	0.0188544	0	0
5553	0.0188434	0	0
5552	0.0188323	0	0
5551	0.0188212	0	0
5550	0.01881	0	0
5549	0.0187988	0	0
5548	0.0187875	0	0
5547	0.0187761	0	0
5546	0.0187647	0	0
5545	0.0187532	0	0
5544	0.0187416	0	0
5543	0.01873	0	0
5542	0.0187183	0	0
5541	0.0187065	0	0
5540	0.0186947	0	0
5539	0.0186829	0	0
5538	0.0186709	0	0
5537	0.0186589	0	0
5536	0.0186469	0	0
5535	0.0186347	0	0
5534	0.0186226	0	0
5533	0.0186103	0	0
5532	0.018598	0	0
5531	0.0185856	0	0
5530	0.0185732	0	0
5529	0.0185607	0	0
5528	0.0185481	0	0
5527	0.0185355	0	0
5526	0.0185228	0	0
5525	0.0185101	0	0
5524	0.0184973	0	0
5523	0.0184844	0	0
5522	0.0184715	0	0
5521	0.0184585	0	0
5520	0.0184454	0	0
5519	0.0184323	0	0
5518	0.0184191	0	0
5517	0.0184059	0	0
5516	0.0183926	0	0
5515	0.0183792	0	0
5514	0.0183658	0	0
5513	0.0183523	0	0
5512	0.0183388	0	0
5511	0.0183252	0	0
5510	0.0183115	0	0
5509	0.0182978	0	0
5508	0.018284	0	0
5507	0.0182701	0	0
5506	0.0182562	0	0
5505	0.0182422	0	0
5504	0.0182282	0	0
5503	0.0182141	0	0
5502	0.0182	0	0
5501	0.0181857	0	0
5500	0.0181715	0	0
5499	0.0181571	0	0
5498	0.0181427	0	0
5497	0.0181283	0	0
5496	0.0181137	0	0
5495	0.0180992	0	0
5494	0.0180845	0	0
5493	0.0180698	0	0
5492	0.0180551	0	0
5491	0.0180402	0	0
5490	0.0180254	0	0
5489	0.0180104	0	0
5488	0.0179954	0	0
5487	0.0179804	0	0
5486	0.0179652	0	0
5485	0.0179501	0	0
5484	0.0179348	0	0
5483	0.0179195	0	0
5482	0.0179041	0	0
5481	0.0178887	0	0
5480	0.0178732	0	0
5479	0.0178577	0	0
5478	0.0178421	0	0
5477	0.0178265	0	0
5476	0.0178107	0	0
5475	0.017795	0	0
5474	0.0177791	0	0
5473	0.0177632	0	0
5472	0.0177473	0	0
5471	0.0177313	0	0
5470	0.0177152	0	0
5469	0.0176991	0	0
5468	0.0176829	0	0
5467	0.0176666	0	0
5466	0.0176503	0	0
5465	0.017634	0	0
5464	0.0176175	0	0
5463	0.0176011	0	0
5462	0.0175845	0	0
5461	0.0175679	0	0
5460	0.0175513	0	0
5459	0.0175345	0	0
5458	0.0175178	0	0
5457	0.0175009	0	0
5456	0.0174841	0	0
5455	0.0174671	0	0
5454	0.0174501	0	0
5453	0.017433	0	0
5452	0.0174159	0	0
5451	0.0173988	0	0
5450	0.0173815	0	0
5449	0.0173642	0	0
5448	0.0173469	0	0
5447	0.0173295	0	0
5446	0.017312	0	0
5445	0.0172945	0	0
5444	0.0172769	0	0
5443	0.0172593	0	0
5442	0.0172416	0	0
5441	0.0172238	0	0
5440	0.017206	0	0
5439	0.0171882	0	0
5438	0.0171703	0	0
5437	0.0171523	0	0
5436	0.0171342	0	0
5435	0.0171162	0	0
5434	0.017098	0	0
5433	0.0170798	0	0
5432	0.0170616	0	0
5431	0.0170432	0	0
5430	0.0170249	0	0
5429	0.0170065	0	0
5428	0.016988	0	0
5427	0.0169694	0	0
5426	0.0169509	0	0
5425	0.0169322	0	0
5424	0.0169135	0	0
5423	0.0168947	0	0
5422	0.0168759	0	0
5421	0.0168571	0	0
5420	0.0168381	0	0
5419	0.0168192	0	0
5418	0.0168001	0	0
5417	0.016781	0	0
5416	0.0167619	0	0
5415	0.0167427	0	0
5414	0.0167234	0	0
5413	0.0167041	0	0
5412	0.0166848	0	0
5411	0.0166654	0	0
5410	0.0166459	0	0
5409	0.0166264	0	0
5408	0.0166068	0	0
5407	0.0165872	0	0
5406	0.0165675	0	0
5405	0.0165477	0	0
5404	0.0165279	0	0
5403	0.0165081	0	0
5402	0.0164882	0	0
5401	0.0164682	0	0
5400	0.0164482	0	0
5399	0.0164282	0	0
5398	0.0164081	0	0
5397	0.0163879	0	0
5396	0.0163677	0	0
5395	0.0163474	0	0
5394	0.0163271	0	0
5393	0.0163067	0	0
5392	0.0162863	0	0
5391	0.0162658	0	0
5390	0.0162452	0	0
5389	0.0162247	0	0
5388	0.016204	0	0
5387	0.0161833	0	0
5386	0.0161626	0	0
5385	0.0161418	0	0
5384	0.0161209	0	0
5383	0.0161	0	0
5382	0.0160791	0	0
5381	0.0160581	0	0
5380	0.016037	0	0
5379	0.0160159	0	0
5378	0.0159948	0	0
5377	0.0159736	0	0
5376	0.0159523	0	0
5375	0.015931	0	0
5374	0.0159096	0	0
5373	0.0158882	0	0
5372	0.0158668	0	0
5371	0.0158453	0	0
5370	0.0158237	0	0
5369	0.0158021	0	0
5368	0.0157804	0	0
5367	0.0157587	0	0
5366	0.0157369	0	0
5365	0.0157151	0	0
5364	0.0156933	0	0
5363	0.0156714	0	0
5362	0.0156494	0	0
5361	0.0156274	0	0
5360	0.0156053	0	0
5359	0.0155832	0	0
5358	0.0155611	0	0
5357	0.0155389	0	0
5356	0.0155166	0	0
5355	0.0154943	0	0
5354	0.015472	0	0
5353	0.0154496	0	0
5352	0.0154271	0	0
5351	0.0154046	0	0
5350	0.0153821	0	0
5349	0.0153595	0	0
5348	0.0153368	0	0
5347	0.0153142	0	0
5346	0.0152914	0	0
5345	0.0152686	0	0
5344	0.0152458	0	0
5343	0.0152229	0	0
5342	0.0152	0	0
5341	0.015177	0	0
5340	0.015154	0	0
5339	0.015131	0	0
5338	0.0151078	0	0
5337	0.0150847	0	0
5336	0.0150615	0	0
5335	0.0150382	0	0
5334	0.0150149	0	0
5333	0.0149916	0	0
5332	0.0149682	0	0
5331	0.0149448	0	0
5330	0.0149213	0	0
5329	0.0148978	0	0
5328	0.0148742	0	0
5327	0.0148506	0	0
5326	0.0148269	0	0
5325	0.0148032	0	0
5324	0.0147795	0	0
5323	0.0147557	0	0
5322	0.0147318	0	0
5321	0.014708	0	0
5320	0.014684	0	0
5319	0.0146601	0	0
5318	0.0146361	0	0
5317	0.014612	0	0
5316	0.0145879	0	0
5315	0.0145637	0	0
5314	0.0145396	0	0
5313	0.0145153	0	0
5312	0.014491	0	0
5311	0.0144667	0	0
5310	0.0144424	0	0
5309	0.014418	0	0
5308	0.0143935	0	0
5307	0.014369	0	0
5306	0.0143445	0	0
5305	0.0143199	0	0
5304	0.0142953	0	0
5303	0.0142706	0	0
5302	0.0142459	0	0
5301	0.0142212	0	0
5300	0.0141964	0	0
5299	0.0141716	0	0
5298	0.0141467	0	0
5297	0.0141218	0	0
5296	0.0140969	0	0
5295	0.0140719	0	0
5294	0.0140468	0	0
5293	0.0140218	0	0
5292	0.0139967	0	0
5291	0.0139715	0	0
5290	0.0139463	0	0
5289	0.0139211	0	0
5288	0.0138958	0	0
5287	0.0138705	0	0
5286	0.0138451	0	0
5285	0.0138197	0	0
5284	0.0137943	0	0
5283	0.0137688	0	0
5282	0.0137433	0	0
5281	0.0137178	0	0
5280	0.0136922	0	0
5279	0.0136666	0	0
5278	0.0136409	0	0
5277	0.0136152	0	0
5276	0.0135895	0	0
5275	0.0135637	0	0
5274	0.0135379	0	0
5273	0.013512	0	0
5272	0.0134861	0	0
5271	0.0134602	0	0
5270	0.0134342	0	0
5269	0.0134082	0	0
5268	0.0133822	0	0
5267	0.0133561	0	0
5266	0.01333	0	0
5265	0.0133038	0	0
5264	0.0132776	0	0
5263	0.0132514	0	0
5262	0.0132251	0	0
5261	0.0131988	0	0
5260	0.0131725	0	0
5259	0.0131461	0	0
5258	0.0131197	0	0
5257	0.0130933	0	0
5256	0.0130668	0	0
5255	0.0130403	0	0
5254	0.0130137	0	0
5253	0.0129871	0	0
5252	0.0129605	0	0
5251	0.0129339	0	0
5250	0.0129072	0	0
5249	0.0128805	0	0
5248	0.0128537	0	0
5247	0.0128269	0	0
5246	0.0128001	0	0
5245	0.0127732	0	0
5244	0.0127463	0	0
5243	0.0127194	0	0
5242	0.0126924	0	0
5241	0.0126654	0	0
5240	0.0126384	0	0
5239	0.0126114	0	0
5238	0.0125843	0	0
5237	0.0125571	0	0
5236	0.01253	0	0
5235	0.0125028	0	0
5234	0.0124756	0	0
5233	0.0124483	0	0
5232	0.012421	0	0
5231	0.0123937	0	0
5230	0.0123663	0	0
5229	0.012339	0	0
5228	0.0123115	0	0
5227	0.0122841	0	0
5226	0.0122566	0	0
5225	0.0122291	0	0
5224	0.0122016	0	0
5223	0.012174	0	0
5222	0.0121464	0	0
5221	0.0121188	0	0
5220	0.0120911	0	0
5219	0.0120634	0	0
5218	0.0120357	0	0
5217	0.0120079	0	0
5216	0.0119801	0	0
5215	0.0119523	0	0
5214	0.0119245	0	0
5213	0.0118966	0	0
5212	0.0118687	0	0
5211	0.0118408	0	0
5210	0.0118128	0	0
5209	0.0117848	0	0
5208	0.0117568	0	0
5207	0.0117288	0	0
5206	0.0117007	0	0
5205	0.0116726	0	0
5204	0.0116445	0	0
5203	0.0116163	0	0
5202	0.0115881	0	0
5201	0.0115599	0	0
5200	0.0115317	0	0
5199	0.0115034	0	0
5198	0.0114751	0	0
5197	0.0114468	0	0
5196	0.0114184	0	0
5195	0.01139	0	0
5194	0.0113616	0	0
5193	0.0113332	0	0
5192	0.0113048	0	0
5191	0.0112763	0	0
5190	0.0112478	0	0
5189	0.0112192	0	0
5188	0.0111907	0	0
5187	0.0111621	0	0
5186	0.0111334	0	0
5185	0.0111048	0	0
5184	0.0110761	0	0
5183	0.0110474	0	0
5182	0.0110187	0	0
5181	0.01099	0	0
5180	0.0109612	0	0
5179	0.0109324	0	0
5178	0.0109036	0	0
5177	0.0108747	0	0
5176	0.0108459	0	0
5175	0.010817	0	0
5174	0.0107881	0	0
5173	0.0107591	0	0
5172	0.0107302	0	0
5171	0.0107012	0	0
5170	0.0106722	0	0
5169	0.0106431	0	0
5168	0.0106141	0	0
5167	0.010585	0	0
5166	0.0105559	0	0
5165	0.0105268	0	0
5164	0.0104976	0	0
5163	0.0104684	0	0
5162	0.0104392	0	0
5161	0.01041	0	0
5160	0.0103808	0	0
5159	0.0103515	0	0
5158	0.0103222	0	0
5157	0.0102929	0	0
5156	0.0102636	0	0
5155	0.0102343	0	0
5154	0.0102049	0	0
5153	0.0101755	0	0
5152	0.0101461	0	0
5151	0.0101166	0	0
5150	0.0100872	0	0
5149	0.0100577	0	0
5148	0.0100282	0	0
5147	0.00999871	0	0
5146	0.00996917	0	0
5145	0.00993962	0	0
5144	0.00991004	0	0
5143	0.00988045	0	0
5142	0.00985084	0	0
5141	0.0098212	0	0
5140	0.00979155	0	0
5139	0.00976188	0	0
5138	0.00973219	0	0
5137	0.00970249	0	0
5136	0.00967276	0	0
5135	0.00964301	0	0
5134	0.00961325	0	0
5133	0.00958347	0	0
5132	0.00955367	0	0
5131	0.00952386	0	0
5130	0.00949402	0	0
5129	0.00946417	0	0
5128	0.00943431	0	0
5127	0.00940442	0	0
5126	0.00937452	0	0
5125	0.0093446	0	0
5124	0.00931467	0	0
5123	0.00928471	0	0
5122	0.00925475	0	0
5121	0.00922476	0	0
5120	0.00919477	0	0
5119	0.00916475	0	0
5118	0.00913472	0	0
5117	0.00910468	0	0
5116	0.00907462	0	0
5115	0.00904454	0	0
5114	0.00901445	0	0
5113	0.00898435	0	0
5112	0.00895423	0	0
5111	0.00892409	0	0
5110	0.00889395	0	0
5109	0.00886379	0	0
5108	0.00883361	0	0
5107	0.00880342	0	0
5106	0.00877322	0	0
5105	0.00874301	0	0
5104	0.00871278	0	0
5103	0.00868254	0	0
5102	0.00865229	0	0
5101	0.00862202	0	0
5100	0.00859174	0	0
5099	0.00856146	0	0
5098	0.00853115	0	0
5097	0.00850084	0	0
5096	0.00847052	0	0
5095	0.00844018	0	0
5094	0.00840984	0	0
5093	0.00837948	0	0
5092	0.00834911	0	0
5091	0.00831873	0	0
5090	0.00828834	0	0
5089	0.00825795	0	0
5088	0.00822754	0	0
5087	0.00819712	0	0
5086	0.00816669	0	0
5085	0.00813626	0	0
5084	0.00810581	0	0
5083	0.00807536	0	0
5082	0.00804489	0	0
5081	0.00801442	0	0
5080	0.00798394	0	0
5079	0.00795346	0	0
5078	0.00792296	0	0
5077	0.00789246	0	0
5076	0.00786195	0	0
5075	0.00783143	0	0
5074	0.00780091	0	0
5073	0.00777038	0	0
5072	0.00773984	0	0
5071	0.00770929	0	0
5070	0.00767875	0	0
5069	0.00764819	0	0
5068	0.00761763	0	0
5067	0.00758706	0	0
5066	0.00755649	0	0
5065	0.00752591	0	0
5064	0.00749533	0	0
5063	0.00746474	0	0
5062	0.00743415	0	0
5061	0.00740356	0	0
5060	0.00737296	0	0
5059	0.00734236	0	0
5058	0.00731175	0	0
5057	0.00728114	0	0
5056	0.00725053	0	0
5055	0.00721992	0	0
5054	0.0071893	0	0
5053	0.00715868	0	0
5052	0.00712806	0	0
5051	0.00709744	0	0
5050	0.00706681	0	0
5049	0.00703618	0	0
5048	0.00700556	0	0
5047	0.00697493	0	0
5046	0.0069443	0	0
5045	0.00691367	0	0
5044	0.00688304	0	0
5043	0.0068524	0	0
5042	0.00682177	0	0
5041	0.00679114	0	0
5040	0.00676051	0	0
5039	0.00672989	0	0
5038	0.00669926	0	0
5037	0.00666863	0	0
5036	0.00663801	0	0
5035	0.00660738	0	0
5034	0.00657676	0	0
5033	0.00654614	0	0
5032	0.00651553	0	0
5031	0.00648491	0	0
5030	0.0064543	0	0
5029	0.00642369	0	0
5028	0.00639309	0	0
5027	0.00636248	0	0
5026	0.00633189	0	0
5025	0.00630129	0	0
5024	0.0062707	0	0
5023	0.00624012	0	0
5022	0.00620954	0	0
5021	0.00617896	0	0
5020	0.00614839	0	0
5019	0.00611782	0	0
5018	0.00608726	0	0
5017	0.00605671	0	0
5016	0.00602616	0	0
5015	0.00599562	0	0
5014	0.00596508	0	0
5013	0.00593455	0	0
5012	0.00590403	0	0
5011	0.00587351	0	0
5010	0.005843	0	0
5009	0.0058125	0	0
5008	0.00578201	0	0
5007	0.00575152	0	0
5006	0.00572105	0	0
5005	0.00569058	0	0
5004	0.00566012	0	0
5003	0.00562967	0	0
5002	0.00559922	0	0
5001	0.00556879	0	0
5000	0.00553836	0	0
4999	0.00550795	0	0
4998	0.00547754	0	0
4997	0.00544715	0	0
4996	0.00541677	0	0
4995	0.00538639	0	0
4994	0.00535603	0	0
4993	0.00532567	0	0
4992	0.00529533	0	0
4991	0.005265	0	0
4990	0.00523468	0	0
4989	0.00520437	0	0
4988	0.00517408	0	0
4987	0.0051438	0	0
4986	0.00511352	0	0
4985	0.00508327	0	0
4984	0.00505302	0	0
4983	0.00502279	0	0
4982	0.00499257	0	0
4981	0.00496236	0	0
4980	0.00493216	0	0
4979	0.00490198	0	0
4978	0.00487182	0	0
4977	0.00484167	0	0
4976	0.00481153	0	0
4975	0.00478141	0	0
4974	0.0047513	0	0
4973	0.0047212	0	0
4972	0.00469113	0	0
4971	0.00466106	0	0
4970	0.00463101	0	0
4969	0.00460098	0	0
4968	0.00457097	0	0
4967	0.00454097	0	0
4966	0.00451098	0	0
4965	0.00448102	0	0
4964	0.00445106	0	0
4963	0.00442113	0	0
4962	0.00439121	0	0
4961	0.00436131	0	0
4960	0.00433143	0	0
4959	0.00430157	0	0
4958	0.00427172	0	0
4957	0.00424189	0	0
4956	0.00421208	0	0
4955	0.00418229	0	0
4954	0.00415252	0	0
4953	0.00412276	0	0
4952	0.00409303	0	0
4951	0.00406331	0	0
4950	0.00403361	0	0
4949	0.00400394	0	0
4948	0.00397428	0	0
4947	0.00394464	0	0
4946	0.00391503	0	0
4945	0.00388543	0	0
4944	0.00385585	0	0
4943	0.0038263	0	0
4942	0.00379676	0	0
4941	0.00376725	0	0
4940	0.00373776	0	0
4939	0.00370829	0	0
4938	0.00367884	0	0
4937	0.00364942	0	0
4936	0.00362001	0	0
4935	0.00359063	0	0
4934	0.00356127	0	0
4933	0.00353194	0	0
4932	0.00350263	0	0
4931	0.00347334	0	0
4930	0.00344407	0	0
4929	0.00341483	0	0
4928	0.00338561	0	0
4927	0.00335642	0	0
4926	0.00332725	0	0
4925	0.00329811	0	0
4924	0.00326899	0	0
4923	0.00323989	0	0
4922	0.00321082	0	0
4921	0.00318178	0	0
4920	0.00315276	0	0
4919	0.00312377	0	0
4918	0.00309481	0	0
4917	0.00306587	0	0
4916	0.00303695	0	0
4915	0.00300807	0	0
4914	0.00297921	0	0
4913	0.00295038	0	0
4912	0.00292157	0	0
4911	0.0028928	0	0
4910	0.00286405	0	0
4909	0.00283533	0	0
4908	0.00280664	0	0
4907	0.00277798	0	0
4906	0.00274934	0	0
4905	0.00272074	0	0
4904	0.00269216	0	0
4903	0.00266362	0	0
4902	0.00263511	0	0
4901	0.00260662	0	0
4900	0.00257817	0	0
4899	0.00254974	0	0
4898	0.00252135	0	0
4897	0.00249299	0	0
4896	0.00246466	0	0
4895	0.00243636	0	0
4894	0.00240809	0	0
4893	0.00237986	0	0
4892	0.00235166	0	0
4891	0.00232349	0	0
4890	0.00229535	0	0
4889	0.00226725	0	0
4888	0.00223918	0	0
4887	0.00221114	0	0
4886	0.00218314	0	0
4885	0.00215517	0	0
4884	0.00212724	0	0
4883	0.00209934	0	0
4882	0.00207148	0	0
4881	0.00204365	0	0
4880	0.00201586	0	0
4879	0.0019881	0	0
4878	0.00196038	0	0
4877	0.00193269	0	0
4876	0.00190505	0	0
4875	0.00187743	0	0
4874	0.00184986	0	0
4873	0.00182232	0	0
4872	0.00179482	0	0
4871	0.00176736	0	0
4870	0.00173994	0	0
4869	0.00171255	0	0
4868	0.00168521	0	0
4867	0.0016579	0	0
4866	0.00163063	0	0
4865	0.0016034	0	0
4864	0.00157621	0	0
4863	0.00154906	0	0
4862	0.00152195	0	0
4861	0.00149488	0	0
4860	0.00146785	0	0
4859	0.00144087	0	0
4858	0.00141392	0	0
4857	0.00138701	0	0
4856	0.00136015	0	0
4855	0.00133333	0	0
4854	0.00130655	0	0
4853	0.00127981	0	0
4852	0.00125311	0	0
4851	0.00122646	0	0
4850	0.00119985	0	0
4849	0.00117329	0	0
4848	0.00114676	0	0
4847	0.00112028	0	0
4846	0.00109385	0	0
4845	0.00106746	0	0
4844	0.00104111	0	0
4843	0.00101481	0	0
4842	0.000988553	0	0
4841	0.000962342	0	0
4840	0.000936175	0	0
4839	0.000910054	0	0
4838	0.000883979	0	0
4837	0.00085795	0	0
4836	0.000831967	0	0
4835	0.00080603	0	0
4834	0.00078014	0	0
4833	0.000754297	0	0
4832	0.000728501	0	0
4831	0.000702752	0	0
4830	0.00067705	0	0
4829	0.000651396	0	0
4828	0.00062579	0	0
4827	0.000600232	0	0
4826	0.000574723	0	0
4825	0.000549261	0	0
4824	0.000523849	0	0
4823	0.000498485	0	0
4822	0.000473171	0	0
4821	0.000447905	0	0
4820	0.000422689	0	0
4819	0.000397523	0	0
4818	0.000372406	0	0
4817	0.00034734	0	0
4816	0.000322323	0	0
4815	0.000297357	0	0
4814	0.000272442	0	0
4813	0.000247577	0	0
4812	0.000222764	0	0
4811	0.000198001	0	0
4810	0.00017329	0	0
4809	0.00014863	0	0
4808	0.000124022	0	0
4807	9.94653e-05	0	0
4806	7.4961e-05	0	0
4805	5.05088e-05	0	0
4804	2.61091e-05	0	0
4803	1.76184e-06	0	0
4802	-2.25327e-05	0	0
4801	-4.67743e-05	0	0
4800	-7.09628e-05	0	0
4799	-9.50981e-05	0	0
4798	-0.00011918	0	0
4797	-0.000143208	0	0
4796	-0.000167183	0	0
4795	-0.000191103	0	0
4794	-0.00021497	0	0
4793	-0.000238782	0	0
4792	-0.00026254	0	0
4791	-0.000286243	0	0
4790	-0.000309891	0	0
4789	-0.000333484	0	0
4788	-0.000357022	0	0
4787	-0.000380505	0	0
4786	-0.000403932	0	0
4785	-0.000427304	0	0
4784	-0.000450619	0	0
4783	-0.000473879	0	0
4782	-0.000497083	0	0
4781	-0.00052023	0	0
4780	-0.00054332	0	0
4779	-0.000566354	0	0
4778	-0.000589331	0	0
4777	-0.000612251	0	0
4776	-0.000635113	0	0
4775	-0.000657918	0	0
4774	-0.000680666	0	0
4773	-0.000703355	0	0
4772	-0.000725987	0	0
4771	-0.00074856	0	0
4770	-0.000771075	0	0
4769	-0.000793532	0	0
4768	-0.000815929	0	0
4767	-0.000838268	0	0
4766	-0.000860547	0	0
4765	-0.000882767	0	0
4764	-0.000904926	0	0
4763	-0.000927025	0	0
4762	-0.000949059	0	0
4761	-0.000971038	0	0
4760	-0.000992961	0	0
4759	-0.00101482	0	0
4758	-0.00103663	0	0
4757	-0.00105837	0	0
4756	-0.00108005	0	0
4755	-0.00110167	0	0
4754	-0.00112323	0	0
4753	-0.00114473	0	0
4752	-0.00116617	0	0
4751	-0.00118755	0	0
4750	-0.00120886	0	0
4749	-0.00123012	0	0
4748	-0.00125131	0	0
4747	-0.00127244	0	0
4746	-0.0012935	0	0
4745	-0.00131451	0	0
4744	-0.00133545	0	0
4743	-0.00135633	0	0
4742	-0.00137715	0	0
4741	-0.0013979	0	0
4740	-0.0014186	0	0
4739	-0.00143923	0	0
4738	-0.00145979	0	0
4737	-0.00148029	0	0
4736	-0.00150073	0	0
4735	-0.00152111	0	0
4734	-0.00154142	0	0
4733	-0.00156167	0	0
4732	-0.00158185	0	0
4731	-0.00160197	0	0
4730	-0.00162202	0	0
4729	-0.00164201	0	0
4728	-0.00166194	0	0
4727	-0.0016818	0	0
4726	-0.0017016	0	0
4725	-0.00172133	0	0
4724	-0.001741	0	0
4723	-0.0017606	0	0
4722	-0.00178014	0	0
4721	-0.00179961	0	0
4720	-0.00181902	0	0
4719	-0.00183836	0	0
4718	-0.00185763	0	0
4717	-0.00187684	0	0
4716	-0.00189599	0	0
4715	-0.00191507	0	0
4714	-0.00193408	0	0
4713	-0.00195303	0	0
4712	-0.00197192	0	0
4711	-0.00199073	0	0
4710	-0.00200949	0	0
4709	-0.00202817	0	0
4708	-0.00204679	0	0
4707	-0.00206535	0	0
4706	-0.00208383	0	0
4705	-0.00210226	0	0
4704	-0.00212061	0	0
4703	-0.00213891	0	0
4702	-0.00215713	0	0
4701	-0.00217529	0	0
4700	-0.00219338	0	0
4699	-0.00221141	0	0
4698	-0.00222937	0	0
4697	-0.00224727	0	0
4696	-0.0022651	0	0
4695	-0.00228286	0	0
4694	-0.00230056	0	0
4693	-0.00231819	0	0
4692	-0.00233576	0	0
4691	-0.00235326	0	0
4690	-0.00237069	0	0
4689	-0.00238806	0	0
4688	-0.00240537	0	0
4687	-0.0024226	0	0
4686	-0.00243978	0	0
4685	-0.00245688	0	0
4684	-0.00247392	0	0
4683	-0.0024909	0	0
4682	-0.00250781	0	0
4681	-0.00252465	0	0
4680	-0.00254143	0	0
4679	-0.00255814	0	0
4678	-0.00257479	0	0
4677	-0.00259137	0	0
4676	-0.00260789	0	0
4675	-0.00262434	0	0
4674	-0.00264073	0	0
4673	-0.00265705	0	0
4672	-0.00267331	0	0
4671	-0.0026895	0	0
4670	-0.00270563	0	0
4669	-0.00272169	0	0
4668	-0.00273768	0	0
4667	-0.00275362	0	0
4666	-0.00276948	0	0
4665	-0.00278528	0	0
4664	-0.00280102	0	0
4663	-0.0028167	0	0
4662	-0.0028323	0	0
4661	-0.00284785	0	0
4660	-0.00286333	0	0
4659	-0.00287874	0	0
4658	-0.00289409	0	0
4657	-0.00290938	0	0
4656	-0.0029246	0	0
4655	-0.00293976	0	0
4654	-0.00295485	0	0
4653	-0.00296988	0	0
4652	-0.00298485	0	0
4651	-0.00299975	0	0
4650	-0.00301459	0	0
4649	-0.00302936	0	0
4648	-0.00304407	0	0
4647	-0.00305872	0	0
4646	-0.00307331	0	0
4645	-0.00308783	0	0
4644	-0.00310228	0	0
4643	-0.00311668	0	0
4642	-0.00313101	0	0
4641	-0.00314527	0	0
4640	-0.00315948	0	0
4639	-0.00317362	0	0
4638	-0.0031877	0	0
4637	-0.00320172	0	0
4636	-0.00321567	0	0
4635	-0.00322956	0	0
4634	-0.00324339	0	0
4633	-0.00325715	0	0
4632	-0.00327086	0	0
4631	-0.0032845	0	0
4630	-0.00329808	0	0
4629	-0.0033116	0	0
4628	-0.00332505	0	0
4627	-0.00333845	0	0
4626	-0.00335178	0	0
4625	-0.00336505	0	0
4624	-0.00337826	0	0
4623	-0.00339141	0	0
4622	-0.0034045	0	0
4621	-0.00341753	0	0
4620	-0.0034305	0	0
4619	-0.0034434	0	0
4618	-0.00345625	0	0
4617	-0.00346903	0	0
4616	-0.00348176	0	0
4615	-0.00349442	0	0
4614	-0.00350703	0	0
4613	-0.00351958	0	0
4612	-0.00353206	0	0
4611	-0.00354449	0	0
4610	-0.00355685	0	0
4609	-0.00356916	0	0
4608	-0.00358141	0	0
4607	-0.0035936	0	0
4606	-0.00360573	0	0
4605	-0.0036178	0	0
4604	-0.00362981	0	0
4603	-0.00364176	0	0
4602	-0.00365366	0	0
4601	-0.00366549	0	0
4600	-0.00367727	0	0
4599	-0.00368899	0	0
4598	-0.00370065	0	0
4597	-0.00371226	0	0
4596	-0.0037238	0	0
4595	-0.00373529	0	0
4594	-0.00374672	0	0
4593	-0.00375809	0	0
4592	-0.0037694	0	0
4591	-0.00378066	0	0
4590	-0.00379185	0	0
4589	-0.00380299	0	0
4588	-0.00381407	0	0
4587	-0.0038251	0	0
4586	-0.00383606	0	0
4585	-0.00384697	0	0
4584	-0.00385782	0	0
4583	-0.00386861	0	0
4582	-0.00387935	0	0
4581	-0.00389002	0	0
4580	-0.00390064	0	0
4579	-0.0039112	0	0
4578	-0.00392171	0	0
4577	-0.00393215	0	0
4576	-0.00394254	0	0
4575	-0.00395286	0	0
4574	-0.00396313	0	0
4573	-0.00397334	0	0
4572	-0.0039835	0	0
4571	-0.00399359	0	0
4570	-0.00400363	0	0
4569	-0.0040136	0	0
4568	-0.00402352	0	0
4567	-0.00403338	0	0
4566	-0.00404318	0	0
4565	-0.00405292	0	0
4564	-0.0040626	0	0
4563	-0.00407222	0	0
4562	-0.00408178	0	0
4561	-0.00409129	0	0
4560	-0.00410073	0	0
4559	-0.00411011	0	0
4558	-0.00411943	0	0
4557	-0.00412869	0	0
4556	-0.00413788	0	0
4555	-0.00414703	0	0
4554	-0.00415611	0	0
4553	-0.00416513	0	0
4552	-0.00417409	0	0
4551	-0.00418299	0	0
4550	-0.00419183	0	0
4549	-0.00420061	0	0
4548	-0.00420933	0	0
4547	-0.00421798	0	0
4546	-0.00422658	0	0
4545	-0.00423511	0	0
4544	-0.00424358	0	0
4543	-0.00425199	0	0
4542	-0.00426034	0	0
4541	-0.00426863	0	0
4540	-0.00427685	0	0
4539	-0.00428501	0	0
4538	-0.0042931	0	0
4537	-0.00430114	0	0
4536	-0.00430911	0	0
4535	-0.00431701	0	0
4534	-0.00432486	0	0
4533	-0.00433263	0	0
4532	-0.00434035	0	0
4531	-0.004348	0	0
4530	-0.00435558	0	0
4529	-0.0043631	0	0
4528	-0.00437055	0	0
4527	-0.00437794	0	0
4526	-0.00438526	0	0
4525	-0.00439252	0	0
4524	-0.00439971	0	0
4523	-0.00440683	0	0
4522	-0.00441389	0	0
4521	-0.00442087	0	0
4520	-0.0044278	0	0
4519	-0.00443465	0	0
4518	-0.00444143	0	0
4517	-0.00444815	0	0
4516	-0.0044548	0	0
4515	-0.00446138	0	0
4514	-0.00446789	0	0
4513	-0.00447434	0	0
4512	-0.00448071	0	0
4511	-0.00448701	0	0
4510	-0.00449325	0	0
4509	-0.00449941	0	0
4508	-0.00450551	0	0
4507	-0.00451153	0	0
4506	-0.00451748	0	0
4505	-0.00452337	0	0
4504	-0.00452918	0	0
4503	-0.00453492	0	0
4502	-0.00454059	0	0
4501	-0.00454619	0	0
4500	-0.00455172	0	0
4499	-0.00455717	0	0
4498	-0.00456256	0	0
4497	-0.00456787	0	0
4496	-0.00457311	0	0
4495	-0.00457828	0	0
4494	-0.00458337	0	0
4493	-0.00458839	0	0
4492	-0.00459334	0	0
4491	-0.00459822	0	0
4490	-0.00460302	0	0
4489	-0.00460775	0	0
4488	-0.0046124	0	0
4487	-0.00461699	0	0
4486	-0.00462149	0	0
4485	-0.00462593	0	0
4484	-0.00463029	0	0
4483	-0.00463457	0	0
4482	-0.00463878	0	0
4481	-0.00464292	0	0
4480	-0.00464697	0	0
4479	-0.00465096	0	0
4478	-0.00465487	0	0
4477	-0.0046587	0	0
4476	-0.00466245	0	0
4475	-0.00466613	0	0
4474	-0.00466974	0	0
4473	-0.00467326	0	0
4472	-0.00467671	0	0
4471	-0.00468009	0	0
4470	-0.00468338	0	0
4469	-0.0046866	0	0
4468	-0.00468974	0	0
4467	-0.0046928	0	0
4466	-0.00469578	0	0
4465	-0.00469868	0	0
4464	-0.00470151	0	0
4463	-0.00470425	0	0
4462	-0.00470692	0	0
4461	-0.0047095	0	0
4460	-0.00471201	0	0
4459	-0.00471443	0	0
4458	-0.00471678	0	0
4457	-0.00471904	0	0
4456	-0.00472123	0	0
4455	-0.00472333	0	0
4454	-0.00472534	0	0
4453	-0.00472728	0	0
4452	-0.00472913	0	0
4451	-0.0047309	0	0
4450	-0.00473259	0	0
4449	-0.00473419	0	0
4448	-0.00473571	0	0
4447	-0.00473714	0	0
4446	-0.00473849	0	0
4445	-0.00473975	0	0
4444	-0.00474092	0	0
4443	-0.00474201	0	0
4442	-0.00474301	0	0
4441	-0.00474392	0	0
4440	-0.00474474	0	0
4439	-0.00474548	0	0
4438	-0.00474612	0	0
4437	-0.00474666	0	0
4436	-0.00474712	0	0
4435	-0.00474749	0	0
4434	-0.00474777	0	0
4433	-0.00474795	0	0
4432	-0.00474804	0	0
4431	-0.00474804	0	0
4430	-0.00474794	0	0
4429	-0.00474774	0	0
4428	-0.00474745	0	0
4427	-0.00474706	0	0
4426	-0.00474657	0	0
4425	-0.00474598	0	0
4424	-0.00474529	0	0
4423	-0.0047445	0	0
4422	-0.0047436	0	0
4421	-0.00474261	0	0
4420	-0.0047415	0	0
4419	-0.0047403	0	0
4418	-0.00473898	0	0
4417	-0.00473756	0	0
4416	-0.00473602	0	0
4415	-0.00473438	0	0
4414	-0.00473262	0	0
4413	-0.00473075	0	0
4412	-0.00472877	0	0
4411	-0.00472667	0	0
4410	-0.00472445	0	0
4409	-0.00472211	0	0
4408	-0.00471966	0	0
4407	-0.00471708	0	0
4406	-0.00471437	0	0
4405	-0.00471154	0	0
4404	-0.00470858	0	0
4403	-0.00470549	0	0
4402	-0.00470227	0	0
4401	-0.00469892	0	0
4400	-0.00469543	0	0
4399	-0.00469181	0	0
4398	-0.00468805	0	0
4397	-0.00468414	0	0
4396	-0.00468009	0	0
4395	-0.00467589	0	0
4394	-0.00467155	0	0
4393	-0.00466705	0	0
4392	-0.00466241	0	0
4391	-0.0046576	0	0
4390	-0.00465264	0	0
4389	-0.00464751	0	0
4388	-0.00464223	0	0
4387	-0.00463677	0	0
4386	-0.00463115	0	0
4385	-0.00462535	0	0
4384	-0.00461938	0	0
4383	-0.00461323	0	0
4382	-0.0046069	0	0
4381	-0.00460038	0	0
4380	-0.00459368	0	0
4379	-0.00458678	0	0
4378	-0.0045797	0	0
4377	-0.00457241	0	0
4376	-0.00456493	0	0
4375	-0.00455725	0	0
4374	-0.00454936	0	0
4373	-0.00454126	0	0
4372	-0.00453295	0	0
4371	-0.00452443	0	0
4370	-0.0045157	0	0
4369	-0.00450675	0	0
4368	-0.00449758	0	0
4367	-0.00448819	0	0
4366	-0.00447858	0	0
4365	-0.00446875	0	0
4364	-0.00445869	0	0
4363	-0.00444842	0	0
4362	-0.00443793	0	0
4361	-0.00442721	0	0
4360	-0.00441628	0	0
4359	-0.00440514	0	0
4358	-0.0043938	0	0
4357	-0.00438225	0	0
4356	-0.00437052	0	0
4355	-0.0043586	0	0
4354	-0.00434651	0	0
4353	-0.00433425	0	0
4352	-0.00432185	0	0
4351	-0.00430933	0	0
4350	-0.00429669	0	0
4349	-0.00428396	0	0
4348	-0.00427117	0	0
4347	-0.00425834	0	0
4346	-0.0042455	0	0
4345	-0.00423269	0	0
4344	-0.00421995	0	0
4343	-0.00420732	0	0
4342	-0.00419485	0	0
4341	-0.00418258	0	0
4340	-0.00417057	0	0
4339	-0.00415888	0	0
4338	-0.00414758	0	0
4337	-0.00413673	0	0
4336	-0.00412642	0	0
4335	-0.0041167	0	0
4334	-0.00410768	0	0
4333	-0.00409944	0	0
4332	-0.00409206	0	0
4331	-0.00408564	0	0
4330	-0.00408027	0	0
4329	-0.00407606	0	0
4328	-0.0040731	0	0
4327	-0.00407148	0	0
4326	-0.0040713	0	0
4325	-0.00407266	0	0
4324	-0.00407564	0	0
4323	-0.00408033	0	0
4322	-0.0040868	0	0
4321	-0.00409512	0	0
4320	-0.00410535	0	0
4319	-0.00411752	0	0
4318	-0.00413168	0	0
4317	-0.00414783	0	0
4316	-0.00416598	0	0
4315	-0.00418611	0	0
4314	-0.00420819	0	0
4313	-0.00423215	0	0
4312	-0.00425794	0	0
4311	-0.00428545	0	0
4310	-0.00431457	0	0
4309	-0.00434516	0	0
4308	-0.00437707	0	0
4307	-0.00441014	0	0
4306	-0.00444416	0	0
4305	-0.00447893	0	0
4304	-0.00451423	0	0
4303	-0.00454983	0	0
4302	-0.00458546	0	0
4301	-0.00462089	0	0
4300	-0.00465585	0	0
4299	-0.00469007	0	0
4298	-0.0047233	0	0
4297	-0.00475529	0	0
4296	-0.00478578	0	0
4295	-0.00481454	0	0
4294	-0.00484137	0	0
4293	-0.00486607	0	0
4292	-0.00488847	0	0
4291	-0.00490843	0	0
4290	-0.00492585	0	0
4289	-0.00494064	0	0
4288	-0.00495276	0	0
4287	-0.00496219	0	0
4286	-0.00496895	0	0
4285	-0.0049731	0	0
4284	-0.0049747	0	0
4283	-0.00497385	0	0
4282	-0.00497069	0	0
4281	-0.00496534	0	0
4280	-0.00495797	0	0
4279	-0.00494874	0	0
4278	-0.00493782	0	0
4277	-0.00492538	0	0
4276	-0.0049116	0	0
4275	-0.00489666	0	0
4274	-0.00488072	0	0
4273	-0.00486394	0	0
4272	-0.00484648	0	0
4271	-0.00482848	0	0
4270	-0.00481006	0	0
4269	-0.00479137	0	0
4268	-0.0047725	0	0
4267	-0.00475356	0	0
4266	-0.00473463	0	0
4265	-0.0047158	0	0
4264	-0.00469714	0	0
4263	-0.00467871	0	0
4262	-0.00466056	0	0
4261	-0.00464274	0	0
4260	-0.00462529	0	0
4259	-0.00460824	0	0
4258	-0.00459162	0	0
4257	-0.00457545	0	0
4256	-0.00455975	0	0
4255	-0.00454454	0	0
4254	-0.00452983	0	0
4253	-0.00451563	0	0
4252	-0.00450194	0	0
4251	-0.00448878	0	0
4250	-0.00447614	0	0
4249	-0.00446403	0	0
4248	-0.00445245	0	0
4247	-0.00444141	0	0
4246	-0.00443089	0	0
4245	-0.00442092	0	0
4244	-0.00441148	0	0
4243	-0.00440257	0	0
4242	-0.0043942	0	0
4241	-0.00438637	0	0
4240	-0.00437908	0	0
4239	-0.00437234	0	0
4238	-0.00436615	0	0
4237	-0.0043605	0	0
4236	-0.00435541	0	0
4235	-0.00435088	0	0
4234	-0.00434692	0	0
4233	-0.00434352	0	0
4232	-0.00434071	0	0
4231	-0.00433849	0	0
4230	-0.00433686	0	0
4229	-0.00433584	0	0
4228	-0.00433544	0	0
4227	-0.00433567	0	0
4226	-0.00433655	0	0
4225	-0.00433809	0	0
4224	-0.0043403	0	0
4223	-0.00434321	0	0
4222	-0.00434683	0	0
4221	-0.00435118	0	0
4220	-0.00435628	0	0
4219	-0.00436217	0	0
4218	-0.00436885	0	0
4217	-0.00437636	0	0
4216	-0.00438471	0	0
4215	-0.00439395	0	0
4214	-0.0044041	0	0
4213	-0.00441519	0	0
4212	-0.00442726	0	0
4211	-0.00444033	0	0
4210	-0.00445445	0	0
4209	-0.00446965	0	0
4208	-0.00448598	0	0
4207	-0.00450347	0	0
4206	-0.00452218	0	0
4205	-0.00454214	0	0
4204	-0.00456341	0	0
4203	-0.00458604	0	0
4202	-0.00461008	0	0
4201	-0.00463559	0	0
4200	-0.00466262	0	0
4199	-0.00469123	0	0
4198	-0.0047215	0	0
4197	-0.00475347	0	0
4196	-0.00478722	0	0
4195	-0.00482282	0	0
4194	-0.00486034	0	0
4193	-0.00489985	0	0
4192	-0.00494142	0	0
4191	-0.00498514	0	0
4190	-0.00503108	0	0
4189	-0.00507933	0	0
4188	-0.00512996	0	0
4187	-0.00518307	0	0
4186	-0.00523872	0	0
4185	-0.005297	0	0
4184	-0.005358	0	0
4183	-0.00542179	0	0
4182	-0.00548845	0	0
4181	-0.00555805	0	0
4180	-0.00563066	0	0
4179	-0.00570635	0	0
4178	-0.00578517	0	0
4177	-0.00586716	0	0
4176	-0.00595237	0	0
4175	-0.0060408	0	0
4174	-0.00613247	0	0
4173	-0.00622737	0	0
4172	-0.00632545	0	0
4171	-0.00642666	0	0
4170	-0.00653092	0	0
4169	-0.00663811	0	0
4168	-0.00674808	0	0
4167	-0.00686064	0	0
4166	-0.00697555	0	0
4165	-0.00709253	0	0
4164	-0.00721126	0	0
4163	-0.00733137	0	0
4162	-0.0074524	0	0
4161	-0.00757388	0	0
4160	-0.00769524	0	0
4159	-0.00781587	0	0
4158	-0.00793512	0	0
4157	-0.00805226	0	0
4156	-0.0081665	0	0
4155	-0.00827705	0	0
4154	-0.00838303	0	0
4153	-0.00848358	0	0
4152	-0.00857781	0	0
4151	-0.00866483	0	0
4150	-0.00874375	0	0
4149	-0.00881375	0	0
4148	-0.00887404	0	0
4147	-0.00892388	0	0
4146	-0.00896267	0	0
4145	-0.00898985	0	0
4144	-0.00900501	0	0
4143	-0.00900786	0	0
4142	-0.00899825	0	0
4141	-0.00897615	0	0
4140	-0.00894168	0	0
4139	-0.00889511	0	0
4138	-0.00883684	0	0
4137	-0.00876737	0	0
4136	-0.00868736	0	0
4135	-0.00859758	0	0
4134	-0.00849896	0	0
4133	-0.00839314	0	0
4132	-0.00828054	0	0
4131	-0.00815919	0	0
4130	-0.00803171	0	0
4129	-0.00789917	0	0
4128	-0.00776243	0	0
4127	-0.00762233	0	0
4126	-0.00747964	0	0
4125	-0.0073351	0	0
4124	-0.00718939	0	0
4123	-0.00704315	0	0
4122	-0.00689695	0	0
4121	-0.0067513	0	0
4120	-0.00660666	0	0
4119	-0.00646342	0	0
4118	-0.00632194	0	0
4117	-0.00618252	0	0
4116	-0.00604541	0	0
4115	-0.00591082	0	0
4114	-0.00577892	0	0
4113	-0.00564985	0	0
4112	-0.0055237	0	0
4111	-0.00540057	0	0
4110	-0.00528048	0	0
4109	-0.00516348	0	0
4108	-0.00504957	0	0
4107	-0.00493875	0	0
4106	-0.00483099	0	0
4105	-0.00472626	0	0
4104	-0.00462452	0	0
4103	-0.00452571	0	0
4102	-0.00442978	0	0
4101	-0.00433667	0	0
4100	-0.0042463	0	0
4099	-0.00415861	0	0
4098	-0.00407352	0	0
4097	-0.00399096	0	0
4096	-0.00391086	0	0
4095	-0.00383314	0	0
4094	-0.00375773	0	0
4093	-0.00368456	0	0
4092	-0.00361355	0	0
4091	-0.00354463	0	0
4090	-0.00347773	0	0
4089	-0.00341075	0	0
4088	-0.00334535	0	0
4087	-0.00328183	0	0
4086	-0.00322011	0	0
4085	-0.00316014	0	0
4084	-0.00310186	0	0
4083	-0.00304521	0	0
4082	-0.00299015	0	0
4081	-0.00293662	0	0
4080	-0.00288457	0	0
4079	-0.00283395	0	0
4078	-0.00278471	0	0
4077	-0.00273683	0	0
4076	-0.00269025	0	0
4075	-0.00264493	0	0
4074	-0.00260084	0	0
4073	-0.00255794	0	0
4072	-0.0025162	0	0
4071	-0.00247559	0	0
4070	-0.00243607	0	0
4069	-0.00239762	0	0
4068	-0.00236021	0	0
4067	-0.00232381	0	0
4066	-0.00228839	0	0
4065	-0.00225395	0	0
4064	-0.00222044	0	0
4063	-0.00218786	0	0
4062	-0.00215617	0	0
4061	-0.00212538	0	0
4060	-0.00209544	0	0
4059	-0.00206635	0	0
4058	-0.0020381	0	0
4057	-0.00201066	0	0
4056	-0.00198403	0	0
4055	-0.00195819	0	0
4054	-0.00193313	0	0
4053	-0.00190883	0	0
4052	-0.00188528	0	0
4051	-0.00186248	0	0
4050	-0.00184042	0	0
4049	-0.00181908	0	0
4048	-0.00179846	0	0
4047	-0.00177855	0	0
4046	-0.00175934	0	0
4045	-0.00174083	0	0
4044	-0.00172301	0	0
4043	-0.00170586	0	0
4042	-0.0016894	0	0
4041	-0.00167361	0	0
4040	-0.00165848	0	0
4039	-0.00164402	0	0
4038	-0.00163022	0	0
4037	-0.00161707	0	0
4036	-0.00160457	0	0
4035	-0.00159272	0	0
4034	-0.00158152	0	0
4033	-0.00157096	0	0
4032	-0.00156105	0	0
4031	-0.00155177	0	0
4030	-0.00154313	0	0
4029	-0.00153513	0	0
4028	-0.00152777	0	0
4027	-0.00152104	0	0
4026	-0.00151495	0	0
4025	-0.00150949	0	0
4024	-0.00150467	0	0
4023	-0.00150049	0	0
4022	-0.00149694	0	0
4021	-0.00149403	0	0
4020	-0.00149176	0	0
4019	-0.00149014	0	0
4018	-0.00148916	0	0
4017	-0.00148882	0	0
4016	-0.00148913	0	0
4015	-0.0014901	0	0
4014	-0.00149172	0	0
4013	-0.001494	0	0
4012	-0.00149695	0	0
4011	-0.00150057	0	0
4010	-0.00150486	0	0
4009	-0.00150983	0	0
4008	-0.00151548	0	0
4007	-0.00152183	0	0
4006	-0.00152888	0	0
4005	-0.00153663	0	0
4004	-0.0015451	0	0
4003	-0.0015543	0	0
4002	-0.00156422	0	0
4001	-0.00157488	0	0
4000	-0.0015863	0	0
3999	-0.00159848	0	0
3998	-0.00161143	0	0
3997	-0.00162516	0	0
3996	-0.00163969	0	0
3995	-0.00165503	0	0
3994	-0.00167118	0	0
3993	-0.00168817	0	0
3992	-0.00170601	0	0
3991	-0.0017247	0	0
3990	-0.00174427	0	0
3989	-0.00176472	0	0
3988	-0.00178608	0	0
3987	-0.00180835	0	0
3986	-0.00183154	0	0
3985	-0.00185568	0	0
3984	-0.00188078	0	0
3983	-0.00190683	0	0
3982	-0.00193387	0	0
3981	-0.00196189	0	0
3980	-0.00199091	0	0
3979	-0.00202093	0	0
3978	-0.00205196	0	0
3977	-0.00208399	0	0
3976	-0.00211704	0	0
3975	-0.00215108	0	0
3974	-0.00218612	0	0
3973	-0.00222213	0	0
3972	-0.00225911	0	0
3971	-0.00229702	0	0
3970	-0.00233584	0	0
3969	-0.00237552	0	0
3968	-0.00241602	0	0
3967	-0.00245728	0	0
3966	-0.00249922	0	0
3965	-0.00254177	0	0
3964	-0.00258483	0	0
3963	-0.00262831	0	0
3962	-0.00267206	0	0
3961	-0.00271596	0	0
3960	-0.00275986	0	0
3959	-0.00280356	0	0
3958	-0.0028469	0	0
3957	-0.00288965	0	0
3956	-0.00293158	0	0
3955	-0.00297245	0	0
3954	-0.00301199	0	0
3953	-0.00304991	0	0
3952	-0.00308591	0	0
3951	-0.00311969	0	0
3950	-0.00315092	0	0
3949	-0.00317926	0	0
3948	-0.00320438	0	0
3947	-0.00322596	0	0
3946	-0.00324366	0	0
3945	-0.00325718	0	0
3944	-0.00326622	0	0
3943	-0.00327052	0	0
3942	-0.00326984	0	0
3941	-0.00326399	0	0
3940	-0.00325283	0	0
3939	-0.00323627	0	0
3938	-0.00321425	0	0
3937	-0.0031868	0	0
3936	-0.00315398	0	0
3935	-0.00311591	0	0
3934	-0.00307275	0	0
3933	-0.00302471	0	0
3932	-0.00297206	0	0
3931	-0.0029151	0	0
3930	-0.00285417	0	0
3929	-0.00278965	0	0
3928	-0.00272194	0	0
3927	-0.00265143	0	0
3926	-0.00257856	0	0
3925	-0.00250374	0	0
3924	-0.00242738	0	0
3923	-0.00234989	0	0
3922	-0.00227166	0	0
3921	-0.00219304	0	0
3920	-0.00211439	0	0
3919	-0.00203602	0	0
3918	-0.00195821	0	0
3917	-0.00188123	0	0
3916	-0.0018053	0	0
3915	-0.00173063	0	0
3914	-0.00165739	0	0
3913	-0.00158574	0	0
3912	-0.00151578	0	0
3911	-0.00144762	0	0
3910	-0.00138134	0	0
3909	-0.001317	0	0
3908	-0.00125464	0	0
3907	-0.00119428	0	0
3906	-0.00113593	0	0
3905	-0.0010796	0	0
3904	-0.00102527	0	0
3903	-0.00097292	0	0
3902	-0.000922525	0	0
3901	-0.000874051	0	0
3900	-0.000827459	0	0
3899	-0.000782704	0	0
3898	-0.000739743	0	0
3897	-0.000698525	0	0
3896	-0.000659001	0	0
3895	-0.000621119	0	0
3894	-0.000584829	0	0
3893	-0.000550077	0	0
3892	-0.000516813	0	0
3891	-0.000484985	0	0
3890	-0.000454544	0	0
3889	-0.000425441	0	0
3888	-0.000397627	0	0
3887	-0.000371057	0	0
3886	-0.000345687	0	0
3885	-0.000321472	0	0
3884	-0.000298372	0	0
3883	-0.000276347	0	0
3882	-0.000255358	0	0
3881	-0.00023537	0	0
3880	-0.000216349	0	0
3879	-0.000198261	0	0
3878	-0.000181076	0	0
3877	-0.000164765	0	0
3876	-0.000149301	0	0
3875	-0.000134658	0	0
3874	-0.000120813	0	0
3873	-0.000107743	0	0
3872	-9.54302e-05	0	0
3871	-8.38553e-05	0	0
3870	-7.3003e-05	0	0
3869	-6.28599e-05	0	0
3868	-5.3415e-05	0	0
3867	-4.46603e-05	0	0
3866	-3.65912e-05	0	0
3865	-2.92071e-05	0	0
3864	-2.25131e-05	0	0
3863	-1.65219e-05	0	0
3862	-1.12574e-05	0	0
3861	-6.76252e-06	0	0
3860	-3.11666e-06	0	0
3859	-4.90331e-07	0	0
3858	2.3428e-07	0	0
3857	0	0	0
3856	0	0	0
3855	0	0	0
3854	0	0	0
3853	0	0	0
3852	0	0	0
3851	0	0	0
3850	0	0	0
3849	0	0	0
3848	0	0	0
3847	0	0	0
3846	0	0	0
3845	0	0	0
3844	0	0	0
3843	0	0	0
3842	0	0	0
3841	0	0	0
3840	0	0	0
3839	0	0	0
3838	0	0	0
3837	0	0	0
3836	0	0	0
3835	0	0	0
3834	0	0	0
3833	0	0	0
3832	0	0	0
3831	0	0	0
3830	0	0	0
3829	0	0	0
3828	0	0	0
3827	0	0	0
3826	0	0	0
3825	0	0	0
3824	0	0	0
3823	0	0	0
3822	0	0	0
3821	0	0	0
3820	0	0	0
3819	0	0	0
3818	0	0	0
3817	0	0	0
3816	0	0	0
3815	0	0	0
3814	0	0	0
3813	0	0	0
3812	0	0	0
3811	0	0	0
3810	0	0	0
3809	0	0	0
3808	0	0	0
3807	0	0	0
3806	0	0	0
3805	0	0	0
3804	0	0	0
3803	0	0	0
3802	0	0	0
3801	0	0	0
3800	0	0	0
3799	0	0	0
3798	0	0	0
3797	0	0	0
3796	0	0	0
3795	0	0	0
3794	0	0	0
3793	0	0	0
3792	0	0	0
3791	0	0	0
3790	0	0	0
3789	0	0	0
3788	0	0	0
