9379	-0.0190419	0	0
9378	-0.0192279	0	0
9377	-0.0193959	0	0
9376	-0.0195366	0	0
9375	-0.0196551	0	0
9374	-0.0197561	0	0
9373	-0.0198433	0	0
9372	-0.0199194	0	0
9371	-0.0199865	0	0
9370	-0.0200459	0	0
9369	-0.0200988	0	0
9368	-0.0201461	0	0
9367	-0.0201885	0	0
9366	-0.0202265	0	0
9365	-0.0202606	0	0
9364	-0.0202912	0	0
9363	-0.0203186	0	0
9362	-0.020343	0	0
9361	-0.0203648	0	0
9360	-0.0203841	0	0
9359	-0.0204011	0	0
9358	-0.0204159	0	0
9357	-0.0204287	0	0
9356	-0.0204397	0	0
9355	-0.0204489	0	0
9354	-0.0204564	0	0
9353	-0.0204624	0	0
9352	-0.020467	0	0
9351	-0.0204702	0	0
9350	-0.020472	0	0
9349	-0.0204727	0	0
9348	-0.0204721	0	0
9347	-0.0204705	0	0
9346	-0.0204678	0	0
9345	-0.0204642	0	0
9344	-0.0204596	0	0
9343	-0.0204541	0	0
9342	-0.0204477	0	0
9341	-0.0204406	0	0
9340	-0.0204327	0	0
9339	-0.020424	0	0
9338	-0.0204147	0	0
9337	-0.0204046	0	0
9336	-0.020394	0	0
9335	-0.0203827	0	0
9334	-0.0203709	0	0
9333	-0.0203585	0	0
9332	-0.0203456	0	0
9331	-0.0203322	0	0
9330	-0.0203184	0	0
9329	-0.020304	0	0
9328	-0.0202892	0	0
9327	-0.020274	0	0
9326	-0.0202584	0	0
9325	-0.0202424	0	0
9324	-0.0202261	0	0
9323	-0.0202094	0	0
9322	-0.0201923	0	0
9321	-0.020175	0	0
9320	-0.0201573	0	0
9319	-0.0201393	0	0
9318	-0.020121	0	0
9317	-0.0201025	0	0
9316	-0.0200837	0	0
9315	-0.0200646	0	0
9314	-0.0200453	0	0
9313	-0.0200258	0	0
9312	-0.0200061	0	0
9311	-0.0199861	0	0
9310	-0.0199659	0	0
9309	-0.0199455	0	0
9308	-0.019925	0	0
9307	-0.0199042	0	0
9306	-0.0198833	0	0
9305	-0.0198622	0	0
9304	-0.0198409	0	0
9303	-0.0198195	0	0
9302	-0.0197979	0	0
9301	-0.0197762	0	0
9300	-0.0197543	0	0
9299	-0.0197323	0	0
9298	-0.0197102	0	0
9297	-0.0196879	0	0
9296	-0.0196655	0	0
9295	-0.019643	0	0
9294	-0.0196204	0	0
9293	-0.0195977	0	0
9292	-0.0195749	0	0
9291	-0.019552	0	0
9290	-0.0195289	0	0
9289	-0.0195058	0	0
9288	-0.0194826	0	0
9287	-0.0194593	0	0
9286	-0.0194359	0	0
9285	-0.0194125	0	0
9284	-0.0193889	0	0
9283	-0.0193653	0	0
9282	-0.0193416	0	0
9281	-0.0193179	0	0
9280	-0.019294	0	0
9279	-0.0192702	0	0
9278	-0.0192462	0	0
9277	-0.0192222	0	0
9276	-0.0191981	0	0
9275	-0.019174	0	0
9274	-0.0191498	0	0
9273	-0.0191255	0	0
9272	-0.0191012	0	0
9271	-0.0190769	0	0
9270	-0.0190525	0	0
9269	-0.0190281	0	0
9268	-0.0190036	0	0
9267	-0.018979	0	0
9266	-0.0189545	0	0
9265	-0.0189299	0	0
9264	-0.0189052	0	0
9263	-0.0188805	0	0
9262	-0.0188558	0	0
9261	-0.0188311	0	0
9260	-0.0188063	0	0
9259	-0.0187814	0	0
9258	-0.0187566	0	0
9257	-0.0187317	0	0
9256	-0.0187068	0	0
9255	-0.0186818	0	0
9254	-0.0186569	0	0
9253	-0.0186319	0	0
9252	-0.0186068	0	0
9251	-0.0185818	0	0
9250	-0.0185567	0	0
9249	-0.0185316	0	0
9248	-0.0185065	0	0
9247	-0.0184813	0	0
9246	-0.0184562	0	0
9245	-0.018431	0	0
9244	-0.0184058	0	0
9243	-0.0183806	0	0
9242	-0.0183553	0	0
9241	-0.0183301	0	0
9240	-0.0183048	0	0
9239	-0.0182795	0	0
9238	-0.0182542	0	0
9237	-0.0182289	0	0
9236	-0.0182035	0	0
9235	-0.0181782	0	0
9234	-0.0181528	0	0
9233	-0.0181274	0	0
9232	-0.018102	0	0
9231	-0.0180766	0	0
9230	-0.0180512	0	0
9229	-0.0180258	0	0
9228	-0.0180004	0	0
9227	-0.0179749	0	0
9226	-0.0179494	0	0
9225	-0.017924	0	0
9224	-0.0178985	0	0
9223	-0.017873	0	0
9222	-0.0178475	0	0
9221	-0.017822	0	0
9220	-0.0177965	0	0
9219	-0.0177709	0	0
9218	-0.0177454	0	0
9217	-0.0177199	0	0
9216	-0.0176943	0	0
9215	-0.0176688	0	0
9214	-0.0176432	0	0
9213	-0.0176176	0	0
9212	-0.0175921	0	0
9211	-0.0175665	0	0
9210	-0.0175409	0	0
9209	-0.0175153	0	0
9208	-0.0174897	0	0
9207	-0.0174641	0	0
9206	-0.0174385	0	0
9205	-0.0174129	0	0
9204	-0.0173873	0	0
9203	-0.0173617	0	0
9202	-0.017336	0	0
9201	-0.0173104	0	0
9200	-0.0172848	0	0
9199	-0.0172592	0	0
9198	-0.0172335	0	0
9197	-0.0172079	0	0
9196	-0.0171822	0	0
9195	-0.0171566	0	0
9194	-0.017131	0	0
9193	-0.0171053	0	0
9192	-0.0170796	0	0
9191	-0.017054	0	0
9190	-0.0170283	0	0
9189	-0.0170027	0	0
9188	-0.016977	0	0
9187	-0.0169514	0	0
9186	-0.0169257	0	0
9185	-0.0169	0	0
9184	-0.0168744	0	0
9183	-0.0168487	0	0
9182	-0.016823	0	0
9181	-0.0167974	0	0
9180	-0.0167717	0	0
9179	-0.016746	0	0
9178	-0.0167204	0	0
9177	-0.0166947	0	0
9176	-0.016669	0	0
9175	-0.0166433	0	0
9174	-0.0166177	0	0
9173	-0.016592	0	0
9172	-0.0165663	0	0
9171	-0.0165407	0	0
9170	-0.016515	0	0
9169	-0.0164893	0	0
9168	-0.0164636	0	0
9167	-0.016438	0	0
9166	-0.0164123	0	0
9165	-0.0163866	0	0
9164	-0.016361	0	0
9163	-0.0163353	0	0
9162	-0.0163096	0	0
9161	-0.016284	0	0
9160	-0.0162583	0	0
9159	-0.0162326	0	0
9158	-0.016207	0	0
9157	-0.0161813	0	0
9156	-0.0161557	0	0
9155	-0.01613	0	0
9154	-0.0161043	0	0
9153	-0.0160787	0	0
9152	-0.016053	0	0
9151	-0.0160274	0	0
9150	-0.0160017	0	0
9149	-0.0159761	0	0
9148	-0.0159504	0	0
9147	-0.0159248	0	0
9146	-0.0158991	0	0
9145	-0.0158735	0	0
9144	-0.0158478	0	0
9143	-0.0158222	0	0
9142	-0.0157966	0	0
9141	-0.0157709	0	0
9140	-0.0157453	0	0
9139	-0.0157197	0	0
9138	-0.015694	0	0
9137	-0.0156684	0	0
9136	-0.0156428	0	0
9135	-0.0156171	0	0
9134	-0.0155915	0	0
9133	-0.0155659	0	0
9132	-0.0155403	0	0
9131	-0.0155147	0	0
9130	-0.0154891	0	0
9129	-0.0154634	0	0
9128	-0.0154378	0	0
9127	-0.0154122	0	0
9126	-0.0153866	0	0
9125	-0.015361	0	0
9124	-0.0153354	0	0
9123	-0.0153098	0	0
9122	-0.0152842	0	0
9121	-0.0152586	0	0
9120	-0.0152331	0	0
9119	-0.0152075	0	0
9118	-0.0151819	0	0
9117	-0.0151563	0	0
9116	-0.0151307	0	0
9115	-0.0151052	0	0
9114	-0.0150796	0	0
9113	-0.015054	0	0
9112	-0.0150284	0	0
9111	-0.0150029	0	0
9110	-0.0149773	0	0
9109	-0.0149518	0	0
9108	-0.0149262	0	0
9107	-0.0149007	0	0
9106	-0.0148751	0	0
9105	-0.0148496	0	0
9104	-0.014824	0	0
9103	-0.0147985	0	0
9102	-0.0147729	0	0
9101	-0.0147474	0	0
9100	-0.0147219	0	0
9099	-0.0146963	0	0
9098	-0.0146708	0	0
9097	-0.0146453	0	0
9096	-0.0146198	0	0
9095	-0.0145942	0	0
9094	-0.0145687	0	0
9093	-0.0145432	0	0
9092	-0.0145177	0	0
9091	-0.0144922	0	0
9090	-0.0144667	0	0
9089	-0.0144412	0	0
9088	-0.0144157	0	0
9087	-0.0143902	0	0
9086	-0.0143647	0	0
9085	-0.0143392	0	0
9084	-0.0143137	0	0
9083	-0.0142883	0	0
9082	-0.0142628	0	0
9081	-0.0142373	0	0
9080	-0.0142118	0	0
9079	-0.0141864	0	0
9078	-0.0141609	0	0
9077	-0.0141354	0	0
9076	-0.01411	0	0
9075	-0.0140845	0	0
9074	-0.0140591	0	0
9073	-0.0140336	0	0
9072	-0.0140082	0	0
9071	-0.0139827	0	0
9070	-0.0139573	0	0
9069	-0.0139319	0	0
9068	-0.0139064	0	0
9067	-0.013881	0	0
9066	-0.0138556	0	0
9065	-0.0138301	0	0
9064	-0.0138047	0	0
9063	-0.0137793	0	0
9062	-0.0137539	0	0
9061	-0.0137285	0	0
9060	-0.0137031	0	0
9059	-0.0136777	0	0
9058	-0.0136522	0	0
9057	-0.0136269	0	0
9056	-0.0136015	0	0
9055	-0.0135761	0	0
9054	-0.0135507	0	0
9053	-0.0135253	0	0
9052	-0.0134999	0	0
9051	-0.0134745	0	0
9050	-0.0134491	0	0
9049	-0.0134238	0	0
9048	-0.0133984	0	0
9047	-0.013373	0	0
9046	-0.0133477	0	0
9045	-0.0133223	0	0
9044	-0.013297	0	0
9043	-0.0132716	0	0
9042	-0.0132463	0	0
9041	-0.0132209	0	0
9040	-0.0131956	0	0
9039	-0.0131702	0	0
9038	-0.0131449	0	0
9037	-0.0131196	0	0
9036	-0.0130942	0	0
9035	-0.0130689	0	0
9034	-0.0130436	0	0
9033	-0.0130183	0	0
9032	-0.0129929	0	0
9031	-0.0129676	0	0
9030	-0.0129423	0	0
9029	-0.012917	0	0
9028	-0.0128917	0	0
9027	-0.0128664	0	0
9026	-0.0128411	0	0
9025	-0.0128158	0	0
9024	-0.0127905	0	0
9023	-0.0127653	0	0
9022	-0.01274	0	0
9021	-0.0127147	0	0
9020	-0.0126894	0	0
9019	-0.0126641	0	0
9018	-0.0126389	0	0
9017	-0.0126136	0	0
9016	-0.0125884	0	0
9015	-0.0125631	0	0
9014	-0.0125378	0	0
9013	-0.0125126	0	0
9012	-0.0124873	0	0
9011	-0.0124621	0	0
9010	-0.0124369	0	0
9009	-0.0124116	0	0
9008	-0.0123864	0	0
9007	-0.0123612	0	0
9006	-0.0123359	0	0
9005	-0.0123107	0	0
9004	-0.0122855	0	0
9003	-0.0122603	0	0
9002	-0.0122351	0	0
9001	-0.0122099	0	0
9000	-0.0121847	0	0
8999	-0.0121595	0	0
8998	-0.0121343	0	0
8997	-0.0121091	0	0
8996	-0.0120839	0	0
8995	-0.0120587	0	0
8994	-0.0120335	0	0
8993	-0.0120084	0	0
8992	-0.0119832	0	0
8991	-0.011958	0	0
8990	-0.0119328	0	0
8989	-0.0119077	0	0
8988	-0.0118825	0	0
8987	-0.0118574	0	0
8986	-0.0118322	0	0
8985	-0.0118071	0	0
8984	-0.0117819	0	0
8983	-0.0117568	0	0
8982	-0.0117317	0	0
8981	-0.0117065	0	0
8980	-0.0116814	0	0
8979	-0.0116563	0	0
8978	-0.0116312	0	0
8977	-0.0116061	0	0
8976	-0.0115809	0	0
8975	-0.0115558	0	0
8974	-0.0115307	0	0
8973	-0.0115056	0	0
8972	-0.0114805	0	0
8971	-0.0114555	0	0
8970	-0.0114304	0	0
8969	-0.0114053	0	0
8968	-0.0113802	0	0
8967	-0.0113551	0	0
8966	-0.0113301	0	0
8965	-0.011305	0	0
8964	-0.0112799	0	0
8963	-0.0112549	0	0
8962	-0.0112298	0	0
8961	-0.0112048	0	0
8960	-0.0111797	0	0
8959	-0.0111547	0	0
8958	-0.0111297	0	0
8957	-0.0111046	0	0
8956	-0.0110796	0	0
8955	-0.0110546	0	0
8954	-0.0110296	0	0
8953	-0.0110046	0	0
8952	-0.0109796	0	0
8951	-0.0109546	0	0
8950	-0.0109296	0	0
8949	-0.0109046	0	0
8948	-0.0108796	0	0
8947	-0.0108546	0	0
8946	-0.0108296	0	0
8945	-0.0108046	0	0
8944	-0.0107797	0	0
8943	-0.0107547	0	0
8942	-0.0107297	0	0
8941	-0.0107048	0	0
8940	-0.0106798	0	0
8939	-0.0106549	0	0
8938	-0.0106299	0	0
8937	-0.010605	0	0
8936	-0.0105801	0	0
8935	-0.0105552	0	0
8934	-0.0105302	0	0
8933	-0.0105053	0	0
8932	-0.0104804	0	0
8931	-0.0104555	0	0
8930	-0.0104306	0	0
8929	-0.0104057	0	0
8928	-0.0103808	0	0
8927	-0.0103559	0	0
8926	-0.010331	0	0
8925	-0.0103062	0	0
8924	-0.0102813	0	0
8923	-0.0102564	0	0
8922	-0.0102316	0	0
8921	-0.0102067	0	0
8920	-0.0101818	0	0
8919	-0.010157	0	0
8918	-0.0101322	0	0
8917	-0.0101073	0	0
8916	-0.0100825	0	0
8915	-0.0100577	0	0
8914	-0.0100329	0	0
8913	-0.010008	0	0
8912	-0.00998324	0	0
8911	-0.00995843	0	0
8910	-0.00993364	0	0
8909	-0.00990885	0	0
8908	-0.00988406	0	0
8907	-0.00985928	0	0
8906	-0.00983451	0	0
8905	-0.00980974	0	0
8904	-0.00978498	0	0
8903	-0.00976022	0	0
8902	-0.00973547	0	0
8901	-0.00971072	0	0
8900	-0.00968599	0	0
8899	-0.00966125	0	0
8898	-0.00963652	0	0
8897	-0.0096118	0	0
8896	-0.00958709	0	0
8895	-0.00956238	0	0
8894	-0.00953767	0	0
8893	-0.00951298	0	0
8892	-0.00948828	0	0
8891	-0.0094636	0	0
8890	-0.00943892	0	0
8889	-0.00941425	0	0
8888	-0.00938958	0	0
8887	-0.00936492	0	0
8886	-0.00934026	0	0
8885	-0.00931561	0	0
8884	-0.00929097	0	0
8883	-0.00926634	0	0
8882	-0.00924171	0	0
8881	-0.00921708	0	0
8880	-0.00919247	0	0
8879	-0.00916786	0	0
8878	-0.00914325	0	0
8877	-0.00911866	0	0
8876	-0.00909406	0	0
8875	-0.00906948	0	0
8874	-0.0090449	0	0
8873	-0.00902033	0	0
8872	-0.00899577	0	0
8871	-0.00897121	0	0
8870	-0.00894666	0	0
8869	-0.00892212	0	0
8868	-0.00889758	0	0
8867	-0.00887305	0	0
8866	-0.00884852	0	0
8865	-0.00882401	0	0
8864	-0.0087995	0	0
8863	-0.008775	0	0
8862	-0.0087505	0	0
8861	-0.00872601	0	0
8860	-0.00870153	0	0
8859	-0.00867705	0	0
8858	-0.00865259	0	0
8857	-0.00862813	0	0
8856	-0.00860367	0	0
8855	-0.00857923	0	0
8854	-0.00855479	0	0
8853	-0.00853036	0	0
8852	-0.00850593	0	0
8851	-0.00848151	0	0
8850	-0.0084571	0	0
8849	-0.0084327	0	0
8848	-0.00840831	0	0
8847	-0.00838392	0	0
8846	-0.00835954	0	0
8845	-0.00833517	0	0
8844	-0.0083108	0	0
8843	-0.00828645	0	0
8842	-0.0082621	0	0
8841	-0.00823775	0	0
8840	-0.00821342	0	0
8839	-0.00818909	0	0
8838	-0.00816478	0	0
8837	-0.00814046	0	0
8836	-0.00811616	0	0
8835	-0.00809187	0	0
8834	-0.00806758	0	0
8833	-0.0080433	0	0
8832	-0.00801903	0	0
8831	-0.00799476	0	0
8830	-0.00797051	0	0
8829	-0.00794626	0	0
8828	-0.00792202	0	0
8827	-0.00789779	0	0
8826	-0.00787357	0	0
8825	-0.00784935	0	0
8824	-0.00782514	0	0
8823	-0.00780095	0	0
8822	-0.00777676	0	0
8821	-0.00775257	0	0
8820	-0.0077284	0	0
8819	-0.00770423	0	0
8818	-0.00768008	0	0
8817	-0.00765593	0	0
8816	-0.00763179	0	0
8815	-0.00760766	0	0
8814	-0.00758354	0	0
8813	-0.00755942	0	0
8812	-0.00753532	0	0
8811	-0.00751122	0	0
8810	-0.00748713	0	0
8809	-0.00746305	0	0
8808	-0.00743898	0	0
8807	-0.00741492	0	0
8806	-0.00739086	0	0
8805	-0.00736682	0	0
8804	-0.00734278	0	0
8803	-0.00731876	0	0
8802	-0.00729474	0	0
8801	-0.00727073	0	0
8800	-0.00724678	0	0
8799	-0.00722283	0	0
8798	-0.00719887	0	0
8797	-0.00717493	0	0
8796	-0.00715098	0	0
8795	-0.00712705	0	0
8794	-0.00710312	0	0
8793	-0.00707921	0	0
8792	-0.0070553	0	0
8791	-0.00703139	0	0
8790	-0.0070075	0	0
8789	-0.00698362	0	0
8788	-0.00695974	0	0
8787	-0.00693587	0	0
8786	-0.00691201	0	0
8785	-0.00688816	0	0
8784	-0.00686433	0	0
8783	-0.00684049	0	0
8782	-0.00681667	0	0
8781	-0.00679286	0	0
8780	-0.00676906	0	0
8779	-0.00674526	0	0
8778	-0.00672148	0	0
8777	-0.00669771	0	0
8776	-0.00667394	0	0
8775	-0.00665019	0	0
8774	-0.00662644	0	0
8773	-0.0066027	0	0
8772	-0.00657898	0	0
8771	-0.00655526	0	0
8770	-0.00653155	0	0
8769	-0.00650786	0	0
8768	-0.00648417	0	0
8767	-0.00646049	0	0
8766	-0.00643683	0	0
8765	-0.00641317	0	0
8764	-0.00638952	0	0
8763	-0.00636589	0	0
8762	-0.00634226	0	0
8761	-0.00631864	0	0
8760	-0.00629504	0	0
8759	-0.00627144	0	0
8758	-0.00624785	0	0
8757	-0.00622428	0	0
8756	-0.00620071	0	0
8755	-0.00617716	0	0
8754	-0.00615361	0	0
8753	-0.00613008	0	0
8752	-0.00610656	0	0
8751	-0.00608304	0	0
8750	-0.00605954	0	0
8749	-0.00603605	0	0
8748	-0.00601257	0	0
8747	-0.0059891	0	0
8746	-0.00596564	0	0
8745	-0.00594219	0	0
8744	-0.00591875	0	0
8743	-0.00589532	0	0
8742	-0.0058719	0	0
8741	-0.0058485	0	0
8740	-0.0058251	0	0
8739	-0.00580172	0	0
8738	-0.00577834	0	0
8737	-0.00575498	0	0
8736	-0.00573163	0	0
8735	-0.00570829	0	0
8734	-0.00568496	0	0
8733	-0.00566164	0	0
8732	-0.00563834	0	0
8731	-0.00561504	0	0
8730	-0.00559176	0	0
8729	-0.0055685	0	0
8728	-0.00554523	0	0
8727	-0.00552197	0	0
8726	-0.00549873	0	0
8725	-0.0054755	0	0
8724	-0.00545227	0	0
8723	-0.00542906	0	0
8722	-0.00540586	0	0
8721	-0.00538268	0	0
8720	-0.0053595	0	0
8719	-0.00533634	0	0
8718	-0.00531318	0	0
8717	-0.00529004	0	0
8716	-0.00526691	0	0
8715	-0.0052438	0	0
8714	-0.00522069	0	0
8713	-0.0051976	0	0
8712	-0.00517452	0	0
8711	-0.00515145	0	0
8710	-0.00512839	0	0
8709	-0.00510534	0	0
8708	-0.00508231	0	0
8707	-0.00505929	0	0
8706	-0.00503628	0	0
8705	-0.00501328	0	0
8704	-0.0049903	0	0
8703	-0.00496732	0	0
8702	-0.00494436	0	0
8701	-0.00492141	0	0
8700	-0.00489848	0	0
8699	-0.00487555	0	0
8698	-0.00485264	0	0
8697	-0.00482974	0	0
8696	-0.00480685	0	0
8695	-0.00478398	0	0
8694	-0.00476111	0	0
8693	-0.00473826	0	0
8692	-0.00471543	0	0
8691	-0.0046926	0	0
8690	-0.00466979	0	0
8689	-0.00464699	0	0
8688	-0.0046242	0	0
8687	-0.00460143	0	0
8686	-0.00457866	0	0
8685	-0.00455592	0	0
8684	-0.00453318	0	0
8683	-0.00451045	0	0
8682	-0.00448774	0	0
8681	-0.00446504	0	0
8680	-0.00444236	0	0
8679	-0.00441969	0	0
8678	-0.00439703	0	0
8677	-0.00437438	0	0
8676	-0.00435175	0	0
8675	-0.00432912	0	0
8674	-0.00430652	0	0
8673	-0.00428392	0	0
8672	-0.00426134	0	0
8671	-0.00423877	0	0
8670	-0.00421622	0	0
8669	-0.00419367	0	0
8668	-0.00417114	0	0
8667	-0.00414863	0	0
8666	-0.00412612	0	0
8665	-0.00410364	0	0
8664	-0.00408116	0	0
8663	-0.0040587	0	0
8662	-0.00403625	0	0
8661	-0.00401381	0	0
8660	-0.00399139	0	0
8659	-0.00396898	0	0
8658	-0.00394658	0	0
8657	-0.0039242	0	0
8656	-0.00390183	0	0
8655	-0.00387948	0	0
8654	-0.00385713	0	0
8653	-0.00383481	0	0
8652	-0.00381249	0	0
8651	-0.00379019	0	0
8650	-0.0037679	0	0
8649	-0.00374563	0	0
8648	-0.00372337	0	0
8647	-0.00370112	0	0
8646	-0.00367889	0	0
8645	-0.00365667	0	0
8644	-0.00363447	0	0
8643	-0.00361228	0	0
8642	-0.0035901	0	0
8641	-0.00356794	0	0
8640	-0.00354579	0	0
8639	-0.00352366	0	0
8638	-0.00350154	0	0
8637	-0.00347943	0	0
8636	-0.00345734	0	0
8635	-0.00343526	0	0
8634	-0.0034132	0	0
8633	-0.00339115	0	0
8632	-0.00336911	0	0
8631	-0.00334709	0	0
8630	-0.00332508	0	0
8629	-0.00330309	0	0
8628	-0.00328111	0	0
8627	-0.00325915	0	0
8626	-0.0032372	0	0
8625	-0.00321526	0	0
8624	-0.00319334	0	0
8623	-0.00317143	0	0
8622	-0.00314954	0	0
8621	-0.00312766	0	0
8620	-0.0031058	0	0
8619	-0.00308395	0	0
8618	-0.00306212	0	0
8617	-0.0030403	0	0
8616	-0.0030185	0	0
8615	-0.00299671	0	0
8614	-0.00297493	0	0
8613	-0.00295317	0	0
8612	-0.00293142	0	0
8611	-0.00290969	0	0
8610	-0.00288798	0	0
8609	-0.00286628	0	0
8608	-0.00284459	0	0
8607	-0.00282292	0	0
8606	-0.00280126	0	0
8605	-0.00277962	0	0
8604	-0.00275799	0	0
8603	-0.00273638	0	0
8602	-0.00271479	0	0
8601	-0.0026932	0	0
8600	-0.00267164	0	0
8599	-0.00265009	0	0
8598	-0.00262855	0	0
8597	-0.00260703	0	0
8596	-0.00258552	0	0
8595	-0.00256403	0	0
8594	-0.00254256	0	0
8593	-0.0025211	0	0
8592	-0.00249965	0	0
8591	-0.00247822	0	0
8590	-0.00245681	0	0
8589	-0.00243541	0	0
8588	-0.00241402	0	0
8587	-0.00239266	0	0
8586	-0.0023713	0	0
8585	-0.00234997	0	0
8584	-0.00232864	0	0
8583	-0.00230734	0	0
8582	-0.00228605	0	0
8581	-0.00226477	0	0
8580	-0.00224351	0	0
8579	-0.00222227	0	0
8578	-0.00220104	0	0
8577	-0.00217983	0	0
8576	-0.00215863	0	0
8575	-0.00213745	0	0
8574	-0.00211629	0	0
8573	-0.00209514	0	0
8572	-0.002074	0	0
8571	-0.00205288	0	0
8570	-0.00203178	0	0
8569	-0.0020107	0	0
8568	-0.00198963	0	0
8567	-0.00196857	0	0
8566	-0.00194753	0	0
8565	-0.00192651	0	0
8564	-0.0019055	0	0
8563	-0.00188451	0	0
8562	-0.00186354	0	0
8561	-0.00184258	0	0
8560	-0.00182164	0	0
8559	-0.00180071	0	0
8558	-0.0017798	0	0
8557	-0.00175891	0	0
8556	-0.00173803	0	0
8555	-0.00171717	0	0
8554	-0.00169633	0	0
8553	-0.0016755	0	0
8552	-0.00165468	0	0
8551	-0.00163389	0	0
8550	-0.00161311	0	0
8549	-0.00159235	0	0
8548	-0.0015716	0	0
8547	-0.00155087	0	0
8546	-0.00153015	0	0
8545	-0.00150946	0	0
8544	-0.00148878	0	0
8543	-0.00146811	0	0
8542	-0.00144746	0	0
8541	-0.00142683	0	0
8540	-0.00140622	0	0
8539	-0.00138562	0	0
8538	-0.00136504	0	0
8537	-0.00134447	0	0
8536	-0.00132392	0	0
8535	-0.00130339	0	0
8534	-0.00128288	0	0
8533	-0.00126238	0	0
8532	-0.0012419	0	0
8531	-0.00122144	0	0
8530	-0.00120099	0	0
8529	-0.00118056	0	0
8528	-0.00116014	0	0
8527	-0.00113975	0	0
8526	-0.00111937	0	0
8525	-0.001099	0	0
8524	-0.00107866	0	0
8523	-0.00105833	0	0
8522	-0.00103802	0	0
8521	-0.00101772	0	0
8520	-0.000997446	0	0
8519	-0.000977185	0	0
8518	-0.000956942	0	0
8517	-0.000936715	0	0
8516	-0.000916506	0	0
8515	-0.000896315	0	0
8514	-0.00087614	0	0
8513	-0.000855982	0	0
8512	-0.000835842	0	0
8511	-0.000815719	0	0
8510	-0.000795614	0	0
8509	-0.000775526	0	0
8508	-0.000755455	0	0
8507	-0.000735402	0	0
8506	-0.000715366	0	0
8505	-0.000695347	0	0
8504	-0.000675346	0	0
8503	-0.000655362	0	0
8502	-0.000635396	0	0
8501	-0.000615447	0	0
8500	-0.000595516	0	0
8499	-0.000575603	0	0
8498	-0.000555707	0	0
8497	-0.000535829	0	0
8496	-0.000515968	0	0
8495	-0.000496125	0	0
8494	-0.0004763	0	0
8493	-0.000456492	0	0
8492	-0.000436702	0	0
8491	-0.00041693	0	0
8490	-0.000397176	0	0
8489	-0.00037744	0	0
8488	-0.000357721	0	0
8487	-0.00033802	0	0
8486	-0.000318337	0	0
8485	-0.000298672	0	0
8484	-0.000279025	0	0
8483	-0.000259396	0	0
8482	-0.000239784	0	0
8481	-0.000220191	0	0
8480	-0.000200616	0	0
8479	-0.000181059	0	0
8478	-0.000161519	0	0
8477	-0.000141998	0	0
8476	-0.000122495	0	0
8475	-0.00010301	0	0
8474	-8.35435e-05	0	0
8473	-6.40949e-05	0	0
8472	-4.46645e-05	0	0
8471	-2.52523e-05	0	0
8470	-5.85825e-06	0	0
8469	1.35175e-05	0	0
8468	3.2875e-05	0	0
8467	5.22142e-05	0	0
8466	7.15351e-05	0	0
8465	9.08376e-05	0	0
8464	0.000110122	0	0
8463	0.000129388	0	0
8462	0.000148635	0	0
8461	0.000167864	0	0
8460	0.000187074	0	0
8459	0.000206267	0	0
8458	0.00022544	0	0
8457	0.000244595	0	0
8456	0.000263732	0	0
8455	0.00028285	0	0
8454	0.000301949	0	0
8453	0.00032103	0	0
8452	0.000340092	0	0
8451	0.000359136	0	0
8450	0.00037816	0	0
8449	0.000397167	0	0
8448	0.000416154	0	0
8447	0.000435123	0	0
8446	0.000454073	0	0
8445	0.000473004	0	0
8444	0.000491917	0	0
8443	0.00051081	0	0
8442	0.000529685	0	0
8441	0.000548541	0	0
8440	0.000567378	0	0
8439	0.000586196	0	0
8438	0.000604996	0	0
8437	0.000623776	0	0
8436	0.000642537	0	0
8435	0.00066128	0	0
8434	0.000680003	0	0
8433	0.000698707	0	0
8432	0.000717393	0	0
8431	0.000736059	0	0
8430	0.000754706	0	0
8429	0.000773334	0	0
8428	0.000791943	0	0
8427	0.000810533	0	0
8426	0.000829104	0	0
8425	0.000847655	0	0
8424	0.000866187	0	0
8423	0.0008847	0	0
8422	0.000903194	0	0
8421	0.000921668	0	0
8420	0.000940124	0	0
8419	0.000958559	0	0
8418	0.000976976	0	0
8417	0.000995373	0	0
8416	0.00101375	0	0
8415	0.00103211	0	0
8414	0.00105045	0	0
8413	0.00106877	0	0
8412	0.00108707	0	0
8411	0.00110535	0	0
8410	0.00112361	0	0
8409	0.00114185	0	0
8408	0.00116007	0	0
8407	0.00117828	0	0
8406	0.00119646	0	0
8405	0.00121462	0	0
8404	0.00123277	0	0
8403	0.00125089	0	0
8402	0.00126899	0	0
8401	0.00128708	0	0
8400	0.00130514	0	0
8399	0.00132319	0	0
8398	0.00134122	0	0
8397	0.00135922	0	0
8396	0.00137721	0	0
8395	0.00139517	0	0
8394	0.00141312	0	0
8393	0.00143105	0	0
8392	0.00144895	0	0
8391	0.00146684	0	0
8390	0.00148471	0	0
8389	0.00150255	0	0
8388	0.00152038	0	0
8387	0.00153819	0	0
8386	0.00155598	0	0
8385	0.00157374	0	0
8384	0.00159149	0	0
8383	0.00160922	0	0
8382	0.00162693	0	0
8381	0.00164461	0	0
8380	0.00166228	0	0
8379	0.00167993	0	0
8378	0.00169755	0	0
8377	0.00171516	0	0
8376	0.00173275	0	0
8375	0.00175031	0	0
8374	0.00176786	0	0
8373	0.00178538	0	0
8372	0.00180289	0	0
8371	0.00182037	0	0
8370	0.00183784	0	0
8369	0.00185528	0	0
8368	0.00187271	0	0
8367	0.00189011	0	0
8366	0.0019075	0	0
8365	0.00192486	0	0
8364	0.0019422	0	0
8363	0.00195953	0	0
8362	0.00197683	0	0
8361	0.00199411	0	0
8360	0.00201137	0	0
8359	0.00202861	0	0
8358	0.00204583	0	0
8357	0.00206303	0	0
8356	0.00208021	0	0
8355	0.00209737	0	0
8354	0.00211451	0	0
8353	0.00213162	0	0
8352	0.00214872	0	0
8351	0.0021658	0	0
8350	0.00218285	0	0
8349	0.00219989	0	0
8348	0.0022169	0	0
8347	0.0022339	0	0
8346	0.00225087	0	0
8345	0.00226782	0	0
8344	0.00228475	0	0
8343	0.00230166	0	0
8342	0.00231855	0	0
8341	0.00233542	0	0
8340	0.00235227	0	0
8339	0.0023691	0	0
8338	0.0023859	0	0
8337	0.00240269	0	0
8336	0.00241945	0	0
8335	0.0024362	0	0
8334	0.00245292	0	0
8333	0.00246962	0	0
8332	0.0024863	0	0
8331	0.00250296	0	0
8330	0.0025196	0	0
8329	0.00253622	0	0
8328	0.00255281	0	0
8327	0.00256939	0	0
8326	0.00258594	0	0
8325	0.00260248	0	0
8324	0.00261899	0	0
8323	0.00263548	0	0
8322	0.00265195	0	0
8321	0.0026684	0	0
8320	0.00268483	0	0
8319	0.00270123	0	0
8318	0.00271762	0	0
8317	0.00273398	0	0
8316	0.00275032	0	0
8315	0.00276664	0	0
8314	0.00278294	0	0
8313	0.00279922	0	0
8312	0.00281548	0	0
8311	0.00283172	0	0
8310	0.00284793	0	0
8309	0.00286412	0	0
8308	0.0028803	0	0
8307	0.00289645	0	0
8306	0.00291258	0	0
8305	0.00292868	0	0
8304	0.00294477	0	0
8303	0.00296083	0	0
8302	0.00297688	0	0
8301	0.0029929	0	0
8300	0.0030089	0	0
8299	0.00302488	0	0
8298	0.00304083	0	0
8297	0.00305677	0	0
8296	0.00307268	0	0
8295	0.00308858	0	0
8294	0.00310445	0	0
8293	0.0031203	0	0
8292	0.00313612	0	0
8291	0.00315193	0	0
8290	0.00316771	0	0
8289	0.00318347	0	0
8288	0.00319922	0	0
8287	0.00321493	0	0
8286	0.00323063	0	0
8285	0.00324631	0	0
8284	0.00326196	0	0
8283	0.00327759	0	0
8282	0.0032932	0	0
8281	0.00330879	0	0
8280	0.00332435	0	0
8279	0.0033399	0	0
8278	0.00335542	0	0
8277	0.00337092	0	0
8276	0.0033864	0	0
8275	0.00340186	0	0
8274	0.00341729	0	0
8273	0.0034327	0	0
8272	0.00344809	0	0
8271	0.00346346	0	0
8270	0.00347881	0	0
8269	0.00349413	0	0
8268	0.00350944	0	0
8267	0.00352472	0	0
8266	0.00353997	0	0
8265	0.00355521	0	0
8264	0.00357042	0	0
8263	0.00358562	0	0
8262	0.00360079	0	0
8261	0.00361593	0	0
8260	0.00363106	0	0
8259	0.00364616	0	0
8258	0.00366124	0	0
8257	0.0036763	0	0
8256	0.00369134	0	0
8255	0.00370635	0	0
8254	0.00372135	0	0
8253	0.00373632	0	0
8252	0.00375126	0	0
8251	0.00376619	0	0
8250	0.00378109	0	0
8249	0.00379597	0	0
8248	0.00381083	0	0
8247	0.00382567	0	0
8246	0.00384048	0	0
8245	0.00385527	0	0
8244	0.00387004	0	0
8243	0.00388479	0	0
8242	0.00389951	0	0
8241	0.00391421	0	0
8240	0.00392889	0	0
8239	0.00394355	0	0
8238	0.00395818	0	0
8237	0.00397279	0	0
8236	0.00398738	0	0
8235	0.00400195	0	0
8234	0.00401649	0	0
8233	0.00403101	0	0
8232	0.00404551	0	0
8231	0.00405999	0	0
8230	0.00407444	0	0
8229	0.00408887	0	0
8228	0.00410328	0	0
8227	0.00411766	0	0
8226	0.00413202	0	0
8225	0.00414636	0	0
8224	0.00416068	0	0
8223	0.00417498	0	0
8222	0.00418925	0	0
8221	0.0042035	0	0
8220	0.00421772	0	0
8219	0.00423193	0	0
8218	0.00424611	0	0
8217	0.00426027	0	0
8216	0.0042744	0	0
8215	0.00428851	0	0
8214	0.0043026	0	0
8213	0.00431667	0	0
8212	0.00433071	0	0
8211	0.00434473	0	0
8210	0.00435873	0	0
8209	0.00437271	0	0
8208	0.00438666	0	0
8207	0.00440059	0	0
8206	0.00441449	0	0
8205	0.00442838	0	0
8204	0.00444224	0	0
8203	0.00445607	0	0
8202	0.00446989	0	0
8201	0.00448368	0	0
8200	0.00449745	0	0
8199	0.00451119	0	0
8198	0.00452491	0	0
8197	0.00453861	0	0
8196	0.00455229	0	0
8195	0.00456594	0	0
8194	0.00457957	0	0
8193	0.00459318	0	0
8192	0.00460676	0	0
8191	0.00462032	0	0
8190	0.00463386	0	0
8189	0.00464737	0	0
8188	0.00466086	0	0
8187	0.00467433	0	0
8186	0.00468777	0	0
8185	0.00470119	0	0
8184	0.00471459	0	0
8183	0.00472797	0	0
8182	0.00474132	0	0
8181	0.00475465	0	0
8180	0.00476795	0	0
8179	0.00478123	0	0
8178	0.00479449	0	0
8177	0.00480772	0	0
8176	0.00482093	0	0
8175	0.00483412	0	0
8174	0.00484729	0	0
8173	0.00486043	0	0
8172	0.00487355	0	0
8171	0.00488664	0	0
8170	0.00489971	0	0
8169	0.00491276	0	0
8168	0.00492578	0	0
8167	0.00493878	0	0
8166	0.00495176	0	0
8165	0.00496471	0	0
8164	0.00497764	0	0
8163	0.00499055	0	0
8162	0.00500343	0	0
8161	0.00501629	0	0
8160	0.00502913	0	0
8159	0.00504194	0	0
8158	0.00505473	0	0
8157	0.0050675	0	0
8156	0.00508024	0	0
8155	0.00509296	0	0
8154	0.00510565	0	0
8153	0.00511832	0	0
8152	0.00513097	0	0
8151	0.00514359	0	0
8150	0.00515619	0	0
8149	0.00516877	0	0
8148	0.00518132	0	0
8147	0.00519385	0	0
8146	0.00520636	0	0
8145	0.00521884	0	0
8144	0.00523129	0	0
8143	0.00524373	0	0
8142	0.00525614	0	0
8141	0.00526853	0	0
8140	0.00528089	0	0
8139	0.00529323	0	0
8138	0.00530554	0	0
8137	0.00531783	0	0
8136	0.0053301	0	0
8135	0.00534235	0	0
8134	0.00535457	0	0
8133	0.00536676	0	0
8132	0.00537893	0	0
8131	0.00539108	0	0
8130	0.00540321	0	0
8129	0.00541531	0	0
8128	0.00542738	0	0
8127	0.00543944	0	0
8126	0.00545147	0	0
8125	0.00546347	0	0
8124	0.00547545	0	0
8123	0.00548741	0	0
8122	0.00549934	0	0
8121	0.00551125	0	0
8120	0.00552313	0	0
8119	0.005535	0	0
8118	0.00554683	0	0
8117	0.00555865	0	0
8116	0.00557044	0	0
8115	0.0055822	0	0
8114	0.00559394	0	0
8113	0.00560566	0	0
8112	0.00561735	0	0
8111	0.00562902	0	0
8110	0.00564066	0	0
8109	0.00565228	0	0
8108	0.00566388	0	0
8107	0.00567545	0	0
8106	0.005687	0	0
8105	0.00569853	0	0
8104	0.00571003	0	0
8103	0.0057215	0	0
8102	0.00573295	0	0
8101	0.00574438	0	0
8100	0.00575578	0	0
8099	0.00576716	0	0
8098	0.00577852	0	0
8097	0.00578985	0	0
8096	0.00580115	0	0
8095	0.00581244	0	0
8094	0.00582369	0	0
8093	0.00583493	0	0
8092	0.00584614	0	0
8091	0.00585732	0	0
8090	0.00586848	0	0
8089	0.00587962	0	0
8088	0.00589073	0	0
8087	0.00590182	0	0
8086	0.00591288	0	0
8085	0.00592392	0	0
8084	0.00593494	0	0
8083	0.00594593	0	0
8082	0.00595689	0	0
8081	0.00596784	0	0
8080	0.00597875	0	0
8079	0.00598965	0	0
8078	0.00600052	0	0
8077	0.00601136	0	0
8076	0.00602218	0	0
8075	0.00603298	0	0
8074	0.00604375	0	0
8073	0.00605449	0	0
8072	0.00606522	0	0
8071	0.00607591	0	0
8070	0.00608659	0	0
8069	0.00609724	0	0
8068	0.00610786	0	0
8067	0.00611846	0	0
8066	0.00612904	0	0
8065	0.00613959	0	0
8064	0.00615011	0	0
8063	0.00616061	0	0
8062	0.00617109	0	0
8061	0.00618155	0	0
8060	0.00619197	0	0
8059	0.00620238	0	0
8058	0.00621276	0	0
8057	0.00622311	0	0
8056	0.00623344	0	0
8055	0.00624375	0	0
8054	0.00625403	0	0
8053	0.00626428	0	0
8052	0.00627452	0	0
8051	0.00628472	0	0
8050	0.00629491	0	0
8049	0.00630506	0	0
8048	0.0063152	0	0
8047	0.00632531	0	0
8046	0.00633539	0	0
8045	0.00634545	0	0
8044	0.00635548	0	0
8043	0.00636549	0	0
8042	0.00637548	0	0
8041	0.00638544	0	0
8040	0.00639538	0	0
8039	0.00640529	0	0
8038	0.00641517	0	0
8037	0.00642504	0	0
8036	0.00643487	0	0
8035	0.00644468	0	0
8034	0.00645447	0	0
8033	0.00646424	0	0
8032	0.00647397	0	0
8031	0.00648369	0	0
8030	0.00649338	0	0
8029	0.00650304	0	0
8028	0.00651268	0	0
8027	0.00652229	0	0
8026	0.00653188	0	0
8025	0.00654145	0	0
8024	0.00655099	0	0
8023	0.0065605	0	0
8022	0.00656999	0	0
8021	0.00657946	0	0
8020	0.0065889	0	0
8019	0.00659832	0	0
8018	0.00660771	0	0
8017	0.00661707	0	0
8016	0.00662641	0	0
8015	0.00663573	0	0
8014	0.00664502	0	0
8013	0.00665429	0	0
8012	0.00666353	0	0
8011	0.00667275	0	0
8010	0.00668194	0	0
8009	0.00669111	0	0
8008	0.00670025	0	0
8007	0.00670937	0	0
8006	0.00671846	0	0
8005	0.00672753	0	0
8004	0.00673657	0	0
8003	0.00674559	0	0
8002	0.00675458	0	0
8001	0.00676355	0	0
8000	0.00677249	0	0
7999	0.00678141	0	0
7998	0.0067903	0	0
7997	0.00679917	0	0
7996	0.00680801	0	0
7995	0.00681683	0	0
7994	0.00682563	0	0
7993	0.00683439	0	0
7992	0.00684314	0	0
7991	0.00685185	0	0
7990	0.00686055	0	0
7989	0.00686922	0	0
7988	0.00687786	0	0
7987	0.00688648	0	0
7986	0.00689507	0	0
7985	0.00690364	0	0
7984	0.00691218	0	0
7983	0.0069207	0	0
7982	0.00692919	0	0
7981	0.00693766	0	0
7980	0.0069461	0	0
7979	0.00695452	0	0
7978	0.00696292	0	0
7977	0.00697128	0	0
7976	0.00697963	0	0
7975	0.00698794	0	0
7974	0.00699624	0	0
7973	0.0070045	0	0
7972	0.00701275	0	0
7971	0.00702096	0	0
7970	0.00702916	0	0
7969	0.00703732	0	0
7968	0.00704547	0	0
7967	0.00705358	0	0
7966	0.00706167	0	0
7965	0.00706974	0	0
7964	0.00707778	0	0
7963	0.0070858	0	0
7962	0.00709379	0	0
7961	0.00710176	0	0
7960	0.0071097	0	0
7959	0.00711761	0	0
7958	0.00712551	0	0
7957	0.00713337	0	0
7956	0.00714121	0	0
7955	0.00714903	0	0
7954	0.00715682	0	0
7953	0.00716458	0	0
7952	0.00717232	0	0
7951	0.00718004	0	0
7950	0.00718773	0	0
7949	0.00719539	0	0
7948	0.00720303	0	0
7947	0.00721064	0	0
7946	0.00721823	0	0
7945	0.0072258	0	0
7944	0.00723334	0	0
7943	0.00724085	0	0
7942	0.00724834	0	0
7941	0.0072558	0	0
7940	0.00726324	0	0
7939	0.00727065	0	0
7938	0.00727804	0	0
7937	0.0072854	0	0
7936	0.00729274	0	0
7935	0.00730005	0	0
7934	0.00730734	0	0
7933	0.0073146	0	0
7932	0.00732183	0	0
7931	0.00732905	0	0
7930	0.00733623	0	0
7929	0.00734339	0	0
7928	0.00735053	0	0
7927	0.00735764	0	0
7926	0.00736472	0	0
7925	0.00737178	0	0
7924	0.00737882	0	0
7923	0.00738582	0	0
7922	0.00739281	0	0
7921	0.00739977	0	0
7920	0.0074067	0	0
7919	0.00741361	0	0
7918	0.00742049	0	0
7917	0.00742735	0	0
7916	0.00743418	0	0
7915	0.00744099	0	0
7914	0.00744777	0	0
7913	0.00745453	0	0
7912	0.00746126	0	0
7911	0.00746796	0	0
7910	0.00747465	0	0
7909	0.0074813	0	0
7908	0.00748793	0	0
7907	0.00749454	0	0
7906	0.00750112	0	0
7905	0.00750767	0	0
7904	0.0075142	0	0
7903	0.0075207	0	0
7902	0.00752718	0	0
7901	0.00753364	0	0
7900	0.00754006	0	0
7899	0.00754647	0	0
7898	0.00755284	0	0
7897	0.0075592	0	0
7896	0.00756552	0	0
7895	0.00757182	0	0
7894	0.0075781	0	0
7893	0.00758435	0	0
7892	0.00759058	0	0
7891	0.00759678	0	0
7890	0.00760295	0	0
7889	0.0076091	0	0
7888	0.00761523	0	0
7887	0.00762133	0	0
7886	0.0076274	0	0
7885	0.00763345	0	0
7884	0.00763947	0	0
7883	0.00764547	0	0
7882	0.00765145	0	0
7881	0.00765739	0	0
7880	0.00766332	0	0
7879	0.00766921	0	0
7878	0.00767509	0	0
7877	0.00768093	0	0
7876	0.00768675	0	0
7875	0.00769255	0	0
7874	0.00769832	0	0
7873	0.00770406	0	0
7872	0.00770978	0	0
7871	0.00771548	0	0
7870	0.00772115	0	0
7869	0.00772679	0	0
7868	0.00773241	0	0
7867	0.00773801	0	0
7866	0.00774357	0	0
7865	0.00774912	0	0
7864	0.00775464	0	0
7863	0.00776013	0	0
7862	0.00776559	0	0
7861	0.00777104	0	0
7860	0.00777645	0	0
7859	0.00778184	0	0
7858	0.00778721	0	0
7857	0.00779255	0	0
7856	0.00779787	0	0
7855	0.00780316	0	0
7854	0.00780842	0	0
7853	0.00781366	0	0
7852	0.00781888	0	0
7851	0.00782407	0	0
7850	0.00782923	0	0
7849	0.00783437	0	0
7848	0.00783948	0	0
7847	0.00784457	0	0
7846	0.00784963	0	0
7845	0.00785467	0	0
7844	0.00785968	0	0
7843	0.00786467	0	0
7842	0.00786963	0	0
7841	0.00787457	0	0
7840	0.00787948	0	0
7839	0.00788436	0	0
7838	0.00788923	0	0
7837	0.00789406	0	0
7836	0.00789887	0	0
7835	0.00790366	0	0
7834	0.00790842	0	0
7833	0.00791315	0	0
7832	0.00791786	0	0
7831	0.00792254	0	0
7830	0.0079272	0	0
7829	0.00793184	0	0
7828	0.00793644	0	0
7827	0.00794103	0	0
7826	0.00794558	0	0
7825	0.00795012	0	0
7824	0.00795462	0	0
7823	0.00795911	0	0
7822	0.00796356	0	0
7821	0.007968	0	0
7820	0.0079724	0	0
7819	0.00797678	0	0
7818	0.00798114	0	0
7817	0.00798547	0	0
7816	0.00798978	0	0
7815	0.00799406	0	0
7814	0.00799831	0	0
7813	0.00800254	0	0
7812	0.00800675	0	0
7811	0.00801093	0	0
7810	0.00801508	0	0
7809	0.00801921	0	0
7808	0.00802331	0	0
7807	0.00802739	0	0
7806	0.00803145	0	0
7805	0.00803548	0	0
7804	0.00803948	0	0
7803	0.00804346	0	0
7802	0.00804741	0	0
7801	0.00805134	0	0
7800	0.00805524	0	0
7799	0.00805912	0	0
7798	0.00806297	0	0
7797	0.0080668	0	0
7796	0.0080706	0	0
7795	0.00807438	0	0
7794	0.00807813	0	0
7793	0.00808186	0	0
7792	0.00808556	0	0
7791	0.00808924	0	0
7790	0.00809289	0	0
7789	0.00809651	0	0
7788	0.00810012	0	0
7787	0.00810369	0	0
7786	0.00810724	0	0
7785	0.00811077	0	0
7784	0.00811427	0	0
7783	0.00811775	0	0
7782	0.0081212	0	0
7781	0.00812462	0	0
7780	0.00812802	0	0
7779	0.0081314	0	0
7778	0.00813475	0	0
7777	0.00813808	0	0
7776	0.00814138	0	0
7775	0.00814465	0	0
7774	0.0081479	0	0
7773	0.00815113	0	0
7772	0.00815433	0	0
7771	0.0081575	0	0
7770	0.00816065	0	0
7769	0.00816378	0	0
7768	0.00816688	0	0
7767	0.00816995	0	0
7766	0.008173	0	0
7765	0.00817603	0	0
7764	0.00817903	0	0
7763	0.00818201	0	0
7762	0.00818496	0	0
7761	0.00818788	0	0
7760	0.00819078	0	0
7759	0.00819366	0	0
7758	0.00819651	0	0
7757	0.00819933	0	0
7756	0.00820214	0	0
7755	0.00820491	0	0
7754	0.00820766	0	0
7753	0.00821039	0	0
7752	0.00821309	0	0
7751	0.00821576	0	0
7750	0.00821842	0	0
7749	0.00822104	0	0
7748	0.00822364	0	0
7747	0.00822622	0	0
7746	0.00822877	0	0
7745	0.0082313	0	0
7744	0.0082338	0	0
7743	0.00823628	0	0
7742	0.00823873	0	0
7741	0.00824116	0	0
7740	0.00824356	0	0
7739	0.00824594	0	0
7738	0.00824829	0	0
7737	0.00825062	0	0
7736	0.00825292	0	0
7735	0.0082552	0	0
7734	0.00825745	0	0
7733	0.00825968	0	0
7732	0.00826189	0	0
7731	0.00826407	0	0
7730	0.00826622	0	0
7729	0.00826835	0	0
7728	0.00827046	0	0
7727	0.00827254	0	0
7726	0.00827459	0	0
7725	0.00827662	0	0
7724	0.00827863	0	0
7723	0.00828061	0	0
7722	0.00828257	0	0
7721	0.0082845	0	0
7720	0.00828641	0	0
7719	0.00828829	0	0
7718	0.00829015	0	0
7717	0.00829198	0	0
7716	0.00829379	0	0
7715	0.00829557	0	0
7714	0.00829733	0	0
7713	0.00829907	0	0
7712	0.00830078	0	0
7711	0.00830246	0	0
7710	0.00830413	0	0
7709	0.00830576	0	0
7708	0.00830737	0	0
7707	0.00830896	0	0
7706	0.00831052	0	0
7705	0.00831206	0	0
7704	0.00831357	0	0
7703	0.00831506	0	0
7702	0.00831653	0	0
7701	0.00831797	0	0
7700	0.00831938	0	0
7699	0.00832077	0	0
7698	0.00832214	0	0
7697	0.00832348	0	0
7696	0.0083248	0	0
7695	0.00832609	0	0
7694	0.00832736	0	0
7693	0.0083286	0	0
7692	0.00832982	0	0
7691	0.00833102	0	0
7690	0.00833219	0	0
7689	0.00833334	0	0
7688	0.00833446	0	0
7687	0.00833556	0	0
7686	0.00833663	0	0
7685	0.00833768	0	0
7684	0.0083387	0	0
7683	0.0083397	0	0
7682	0.00834068	0	0
7681	0.00834163	0	0
7680	0.00834256	0	0
7679	0.00834346	0	0
7678	0.00834434	0	0
7677	0.00834519	0	0
7676	0.00834602	0	0
7675	0.00834683	0	0
7674	0.00834761	0	0
7673	0.00834836	0	0
7672	0.0083491	0	0
7671	0.0083498	0	0
7670	0.00835049	0	0
7669	0.00835115	0	0
7668	0.00835178	0	0
7667	0.0083524	0	0
7666	0.00835298	0	0
7665	0.00835355	0	0
7664	0.00835408	0	0
7663	0.0083546	0	0
7662	0.00835509	0	0
7661	0.00835556	0	0
7660	0.008356	0	0
7659	0.00835642	0	0
7658	0.00835681	0	0
7657	0.00835718	0	0
7656	0.00835753	0	0
7655	0.00835785	0	0
7654	0.00835815	0	0
7653	0.00835842	0	0
7652	0.00835867	0	0
7651	0.0083589	0	0
7650	0.0083591	0	0
7649	0.00835928	0	0
7648	0.00835943	0	0
7647	0.00835956	0	0
7646	0.00835967	0	0
7645	0.00835975	0	0
7644	0.00835981	0	0
7643	0.00835984	0	0
7642	0.00835985	0	0
7641	0.00835984	0	0
7640	0.0083598	0	0
7639	0.00835974	0	0
7638	0.00835965	0	0
7637	0.00835955	0	0
7636	0.00835941	0	0
7635	0.00835926	0	0
7634	0.00835908	0	0
7633	0.00835887	0	0
7632	0.00835864	0	0
7631	0.00835839	0	0
7630	0.00835811	0	0
7629	0.00835782	0	0
7628	0.00835749	0	0
7627	0.00835715	0	0
7626	0.00835677	0	0
7625	0.00835638	0	0
7624	0.00835596	0	0
7623	0.00835552	0	0
7622	0.00835506	0	0
7621	0.00835457	0	0
7620	0.00835405	0	0
7619	0.00835352	0	0
7618	0.00835296	0	0
7617	0.00835237	0	0
7616	0.00835177	0	0
7615	0.00835114	0	0
7614	0.00835048	0	0
7613	0.00834981	0	0
7612	0.0083491	0	0
7611	0.00834838	0	0
7610	0.00834763	0	0
7609	0.00834686	0	0
7608	0.00834607	0	0
7607	0.00834525	0	0
7606	0.0083444	0	0
7605	0.00834354	0	0
7604	0.00834265	0	0
7603	0.00834174	0	0
7602	0.0083408	0	0
7601	0.00833984	0	0
7600	0.00833886	0	0
7599	0.00833786	0	0
7598	0.00833683	0	0
7597	0.00833577	0	0
7596	0.0083347	0	0
7595	0.0083336	0	0
7594	0.00833248	0	0
7593	0.00833133	0	0
7592	0.00833016	0	0
7591	0.00832897	0	0
7590	0.00832776	0	0
7589	0.00832652	0	0
7588	0.00832526	0	0
7587	0.00832397	0	0
7586	0.00832267	0	0
7585	0.00832134	0	0
7584	0.00831998	0	0
7583	0.0083186	0	0
7582	0.0083172	0	0
7581	0.00831578	0	0
7580	0.00831434	0	0
7579	0.00831287	0	0
7578	0.00831137	0	0
7577	0.00830986	0	0
7576	0.00830832	0	0
7575	0.00830676	0	0
7574	0.00830518	0	0
7573	0.00830357	0	0
7572	0.00830194	0	0
7571	0.00830029	0	0
7570	0.00829861	0	0
7569	0.00829691	0	0
7568	0.00829519	0	0
7567	0.00829345	0	0
7566	0.00829168	0	0
7565	0.00828989	0	0
7564	0.00828808	0	0
7563	0.00828624	0	0
7562	0.00828438	0	0
7561	0.0082825	0	0
7560	0.0082806	0	0
7559	0.00827867	0	0
7558	0.00827672	0	0
7557	0.00827475	0	0
7556	0.00827276	0	0
7555	0.00827074	0	0
7554	0.0082687	0	0
7553	0.00826664	0	0
7552	0.00826455	0	0
7551	0.00826245	0	0
7550	0.00826032	0	0
7549	0.00825816	0	0
7548	0.00825599	0	0
7547	0.00825379	0	0
7546	0.00825157	0	0
7545	0.00824933	0	0
7544	0.00824706	0	0
7543	0.00824478	0	0
7542	0.00824247	0	0
7541	0.00824013	0	0
7540	0.00823778	0	0
7539	0.0082354	0	0
7538	0.008233	0	0
7537	0.00823058	0	0
7536	0.00822814	0	0
7535	0.00822567	0	0
7534	0.00822318	0	0
7533	0.00822067	0	0
7532	0.00821814	0	0
7531	0.00821558	0	0
7530	0.00821301	0	0
7529	0.00821041	0	0
7528	0.00820779	0	0
7527	0.00820514	0	0
7526	0.00820248	0	0
7525	0.00819979	0	0
7524	0.00819708	0	0
7523	0.00819435	0	0
7522	0.00819159	0	0
7521	0.00818882	0	0
7520	0.00818602	0	0
7519	0.0081832	0	0
7518	0.00818036	0	0
7517	0.00817749	0	0
7516	0.00817461	0	0
7515	0.0081717	0	0
7514	0.00816877	0	0
7513	0.00816582	0	0
7512	0.00816284	0	0
7511	0.00815985	0	0
7510	0.00815683	0	0
7509	0.00815379	0	0
7508	0.00815073	0	0
7507	0.00814765	0	0
7506	0.00814455	0	0
7505	0.00814142	0	0
7504	0.00813827	0	0
7503	0.0081351	0	0
7502	0.00813191	0	0
7501	0.0081287	0	0
7500	0.00812547	0	0
7499	0.00812221	0	0
7498	0.00811893	0	0
7497	0.00811563	0	0
7496	0.00811231	0	0
7495	0.00810897	0	0
7494	0.00810561	0	0
7493	0.00810222	0	0
7492	0.00809882	0	0
7491	0.00809539	0	0
7490	0.00809194	0	0
7489	0.00808847	0	0
7488	0.00808498	0	0
7487	0.00808147	0	0
7486	0.00807793	0	0
7485	0.00807438	0	0
7484	0.0080708	0	0
7483	0.0080672	0	0
7482	0.00806358	0	0
7481	0.00805994	0	0
7480	0.00805628	0	0
7479	0.0080526	0	0
7478	0.00804889	0	0
7477	0.00804517	0	0
7476	0.00804142	0	0
7475	0.00803765	0	0
7474	0.00803387	0	0
7473	0.00803006	0	0
7472	0.00802623	0	0
7471	0.00802238	0	0
7470	0.0080185	0	0
7469	0.00801461	0	0
7468	0.00801069	0	0
7467	0.00800676	0	0
7466	0.0080028	0	0
7465	0.00799883	0	0
7464	0.00799483	0	0
7463	0.00799081	0	0
7462	0.00798677	0	0
7461	0.00798271	0	0
7460	0.00797863	0	0
7459	0.00797453	0	0
7458	0.00797041	0	0
7457	0.00796626	0	0
7456	0.0079621	0	0
7455	0.00795792	0	0
7454	0.00795371	0	0
7453	0.00794948	0	0
7452	0.00794524	0	0
7451	0.00794097	0	0
7450	0.00793668	0	0
7449	0.00793238	0	0
7448	0.00792805	0	0
7447	0.0079237	0	0
7446	0.00791933	0	0
7445	0.00791494	0	0
7444	0.00791053	0	0
7443	0.0079061	0	0
7442	0.00790165	0	0
7441	0.00789718	0	0
7440	0.00789269	0	0
7439	0.00788818	0	0
7438	0.00788365	0	0
7437	0.0078791	0	0
7436	0.00787453	0	0
7435	0.00786993	0	0
7434	0.00786532	0	0
7433	0.00786069	0	0
7432	0.00785604	0	0
7431	0.00785136	0	0
7430	0.00784667	0	0
7429	0.00784196	0	0
7428	0.00783723	0	0
7427	0.00783247	0	0
7426	0.0078277	0	0
7425	0.00782291	0	0
7424	0.0078181	0	0
7423	0.00781327	0	0
7422	0.00780841	0	0
7421	0.00780354	0	0
7420	0.00779865	0	0
7419	0.00779374	0	0
7418	0.00778881	0	0
7417	0.00778386	0	0
7416	0.00777889	0	0
7415	0.0077739	0	0
7414	0.00776889	0	0
7413	0.00776386	0	0
7412	0.00775881	0	0
7411	0.00775375	0	0
7410	0.00774866	0	0
7409	0.00774355	0	0
7408	0.00773843	0	0
7407	0.00773328	0	0
7406	0.00772811	0	0
7405	0.00772293	0	0
7404	0.00771772	0	0
7403	0.0077125	0	0
7402	0.00770725	0	0
7401	0.00770199	0	0
7400	0.00769671	0	0
7399	0.00769141	0	0
7398	0.00768609	0	0
7397	0.00768075	0	0
7396	0.00767539	0	0
7395	0.00767001	0	0
7394	0.00766461	0	0
7393	0.0076592	0	0
7392	0.00765376	0	0
7391	0.0076483	0	0
7390	0.00764283	0	0
7389	0.00763734	0	0
7388	0.00763183	0	0
7387	0.0076263	0	0
7386	0.00762075	0	0
7385	0.00761518	0	0
7384	0.00760959	0	0
7383	0.00760398	0	0
7382	0.00759836	0	0
7381	0.00759272	0	0
7380	0.00758705	0	0
7379	0.00758137	0	0
7378	0.00757567	0	0
7377	0.00756995	0	0
7376	0.00756422	0	0
7375	0.00755846	0	0
7374	0.00755268	0	0
7373	0.00754689	0	0
7372	0.00754108	0	0
7371	0.00753525	0	0
7370	0.0075294	0	0
7369	0.00752353	0	0
7368	0.00751765	0	0
7367	0.00751174	0	0
7366	0.00750582	0	0
7365	0.00749988	0	0
7364	0.00749392	0	0
7363	0.00748794	0	0
7362	0.00748195	0	0
7361	0.00747593	0	0
7360	0.0074699	0	0
7359	0.00746385	0	0
7358	0.00745778	0	0
7357	0.0074517	0	0
7356	0.00744559	0	0
7355	0.00743947	0	0
7354	0.00743333	0	0
7353	0.00742717	0	0
7352	0.00742099	0	0
7351	0.0074148	0	0
7350	0.00740859	0	0
7349	0.00740236	0	0
7348	0.00739611	0	0
7347	0.00738984	0	0
7346	0.00738356	0	0
7345	0.00737726	0	0
7344	0.00737094	0	0
7343	0.0073646	0	0
7342	0.00735824	0	0
7341	0.00735187	0	0
7340	0.00734548	0	0
7339	0.00733907	0	0
7338	0.00733265	0	0
7337	0.0073262	0	0
7336	0.00731974	0	0
7335	0.00731326	0	0
7334	0.00730677	0	0
7333	0.00730026	0	0
7332	0.00729372	0	0
7331	0.00728718	0	0
7330	0.00728061	0	0
7329	0.00727403	0	0
7328	0.00726743	0	0
7327	0.00726081	0	0
7326	0.00725418	0	0
7325	0.00724753	0	0
7324	0.00724086	0	0
7323	0.00723417	0	0
7322	0.00722747	0	0
7321	0.00722075	0	0
7320	0.00721401	0	0
7319	0.00720726	0	0
7318	0.00720048	0	0
7317	0.0071937	0	0
7316	0.00718689	0	0
7315	0.00718007	0	0
7314	0.00717323	0	0
7313	0.00716637	0	0
7312	0.0071595	0	0
7311	0.00715261	0	0
7310	0.00714571	0	0
7309	0.00713878	0	0
7308	0.00713184	0	0
7307	0.00712489	0	0
7306	0.00711791	0	0
7305	0.00711092	0	0
7304	0.00710392	0	0
7303	0.0070969	0	0
7302	0.00708986	0	0
7301	0.0070828	0	0
7300	0.00707573	0	0
7299	0.00706864	0	0
7298	0.00706154	0	0
7297	0.00705441	0	0
7296	0.00704728	0	0
7295	0.00704012	0	0
7294	0.00703295	0	0
7293	0.00702577	0	0
7292	0.00701856	0	0
7291	0.00701135	0	0
7290	0.00700411	0	0
7289	0.00699686	0	0
7288	0.00698959	0	0
7287	0.00698231	0	0
7286	0.00697501	0	0
7285	0.0069677	0	0
7284	0.00696036	0	0
7283	0.00695302	0	0
7282	0.00694565	0	0
7281	0.00693828	0	0
7280	0.00693088	0	0
7279	0.00692347	0	0
7278	0.00691604	0	0
7277	0.0069086	0	0
7276	0.00690115	0	0
7275	0.00689367	0	0
7274	0.00688618	0	0
7273	0.00687868	0	0
7272	0.00687116	0	0
7271	0.00686362	0	0
7270	0.00685607	0	0
7269	0.00684851	0	0
7268	0.00684092	0	0
7267	0.00683333	0	0
7266	0.00682571	0	0
7265	0.00681809	0	0
7264	0.00681044	0	0
7263	0.00680278	0	0
7262	0.00679511	0	0
7261	0.00678742	0	0
7260	0.00677972	0	0
7259	0.006772	0	0
7258	0.00676426	0	0
7257	0.00675651	0	0
7256	0.00674875	0	0
7255	0.00674097	0	0
7254	0.00673317	0	0
7253	0.00672536	0	0
7252	0.00671754	0	0
7251	0.0067097	0	0
7250	0.00670184	0	0
7249	0.00669397	0	0
7248	0.00668609	0	0
7247	0.00667819	0	0
7246	0.00667028	0	0
7245	0.00666235	0	0
7244	0.00665441	0	0
7243	0.00664645	0	0
7242	0.00663848	0	0
7241	0.00663049	0	0
7240	0.00662249	0	0
7239	0.00661447	0	0
7238	0.00660644	0	0
7237	0.0065984	0	0
7236	0.00659034	0	0
7235	0.00658227	0	0
7234	0.00657418	0	0
7233	0.00656608	0	0
7232	0.00655796	0	0
7231	0.00654983	0	0
7230	0.00654168	0	0
7229	0.00653353	0	0
7228	0.00652535	0	0
7227	0.00651716	0	0
7226	0.00650896	0	0
7225	0.00650075	0	0
7224	0.00649252	0	0
7223	0.00648428	0	0
7222	0.00647602	0	0
7221	0.00646775	0	0
7220	0.00645946	0	0
7219	0.00645116	0	0
7218	0.00644285	0	0
7217	0.00643453	0	0
7216	0.00642619	0	0
7215	0.00641783	0	0
7214	0.00640947	0	0
7213	0.00640108	0	0
7212	0.00639269	0	0
7211	0.00638428	0	0
7210	0.00637586	0	0
7209	0.00636743	0	0
7208	0.00635898	0	0
7207	0.00635051	0	0
7206	0.00634204	0	0
7205	0.00633355	0	0
7204	0.00632505	0	0
7203	0.00631653	0	0
7202	0.00630801	0	0
7201	0.00629946	0	0
7200	0.00629091	0	0
7199	0.00628234	0	0
7198	0.00627376	0	0
7197	0.00626517	0	0
7196	0.00625656	0	0
7195	0.00624794	0	0
7194	0.00623931	0	0
7193	0.00623066	0	0
7192	0.006222	0	0
7191	0.00621333	0	0
7190	0.00620464	0	0
7189	0.00619595	0	0
7188	0.00618724	0	0
7187	0.00617851	0	0
7186	0.00616978	0	0
7185	0.00616103	0	0
7184	0.00615227	0	0
7183	0.0061435	0	0
7182	0.00613471	0	0
7181	0.00612591	0	0
7180	0.0061171	0	0
7179	0.00610828	0	0
7178	0.00609944	0	0
7177	0.00609059	0	0
7176	0.00608173	0	0
7175	0.00607286	0	0
7174	0.00606398	0	0
7173	0.00605508	0	0
7172	0.00604617	0	0
7171	0.00603725	0	0
7170	0.00602832	0	0
7169	0.00601937	0	0
7168	0.00601041	0	0
7167	0.00600144	0	0
7166	0.00599246	0	0
7165	0.00598347	0	0
7164	0.00597446	0	0
7163	0.00596544	0	0
7162	0.00595642	0	0
7161	0.00594737	0	0
7160	0.00593832	0	0
7159	0.00592926	0	0
7158	0.00592018	0	0
7157	0.00591109	0	0
7156	0.00590199	0	0
7155	0.00589288	0	0
7154	0.00588376	0	0
7153	0.00587463	0	0
7152	0.00586548	0	0
7151	0.00585633	0	0
7150	0.00584716	0	0
7149	0.00583798	0	0
7148	0.00582879	0	0
7147	0.00581959	0	0
7146	0.00581037	0	0
7145	0.00580115	0	0
7144	0.00579191	0	0
7143	0.00578267	0	0
7142	0.00577341	0	0
7141	0.00576414	0	0
7140	0.00575486	0	0
7139	0.00574557	0	0
7138	0.00573627	0	0
7137	0.00572695	0	0
7136	0.00571763	0	0
7135	0.0057083	0	0
7134	0.00569895	0	0
7133	0.00568959	0	0
7132	0.00568023	0	0
7131	0.00567085	0	0
7130	0.00566146	0	0
7129	0.00565206	0	0
7128	0.00564266	0	0
7127	0.00563324	0	0
7126	0.00562381	0	0
7125	0.00561437	0	0
7124	0.00560491	0	0
7123	0.00559545	0	0
7122	0.00558598	0	0
7121	0.0055765	0	0
7120	0.00556701	0	0
7119	0.0055575	0	0
7118	0.00554799	0	0
7117	0.00553847	0	0
7116	0.00552894	0	0
7115	0.00551939	0	0
7114	0.00550984	0	0
7113	0.00550028	0	0
7112	0.00549071	0	0
7111	0.00548112	0	0
7110	0.00547153	0	0
7109	0.00546193	0	0
7108	0.00545232	0	0
7107	0.00544269	0	0
7106	0.00543306	0	0
7105	0.00542342	0	0
7104	0.00541377	0	0
7103	0.00540411	0	0
7102	0.00539444	0	0
7101	0.00538476	0	0
7100	0.00537507	0	0
7099	0.00536537	0	0
7098	0.00535566	0	0
7097	0.00534595	0	0
7096	0.00533622	0	0
7095	0.00532648	0	0
7094	0.00531674	0	0
7093	0.00530698	0	0
7092	0.00529722	0	0
7091	0.00528745	0	0
7090	0.00527766	0	0
7089	0.00526787	0	0
7088	0.00525807	0	0
7087	0.00524827	0	0
7086	0.00523845	0	0
7085	0.00522862	0	0
7084	0.00521879	0	0
7083	0.00520894	0	0
7082	0.00519909	0	0
7081	0.00518923	0	0
7080	0.00517936	0	0
7079	0.00516948	0	0
7078	0.00515959	0	0
7077	0.00514969	0	0
7076	0.00513979	0	0
7075	0.00512987	0	0
7074	0.00511995	0	0
7073	0.00511002	0	0
7072	0.00510008	0	0
7071	0.00509014	0	0
7070	0.00508018	0	0
7069	0.00507022	0	0
7068	0.00506025	0	0
7067	0.00505027	0	0
7066	0.00504028	0	0
7065	0.00503028	0	0
7064	0.00502028	0	0
7063	0.00501027	0	0
7062	0.00500025	0	0
7061	0.00499022	0	0
7060	0.00498018	0	0
7059	0.00497014	0	0
7058	0.00496009	0	0
7057	0.00495003	0	0
7056	0.00493996	0	0
7055	0.00492989	0	0
7054	0.00491981	0	0
7053	0.00490972	0	0
7052	0.00489962	0	0
7051	0.00488952	0	0
7050	0.0048794	0	0
7049	0.00486928	0	0
7048	0.00485916	0	0
7047	0.00484902	0	0
7046	0.00483888	0	0
7045	0.00482873	0	0
7044	0.00481858	0	0
7043	0.00480841	0	0
7042	0.00479824	0	0
7041	0.00478807	0	0
7040	0.00477788	0	0
7039	0.00476769	0	0
7038	0.00475749	0	0
7037	0.00474729	0	0
7036	0.00473708	0	0
7035	0.00472686	0	0
7034	0.00471663	0	0
7033	0.0047064	0	0
7032	0.00469616	0	0
7031	0.00468591	0	0
7030	0.00467566	0	0
7029	0.0046654	0	0
7028	0.00465514	0	0
7027	0.00464487	0	0
7026	0.00463459	0	0
7025	0.0046243	0	0
7024	0.00461401	0	0
7023	0.00460372	0	0
7022	0.00459341	0	0
7021	0.0045831	0	0
7020	0.00457279	0	0
7019	0.00456247	0	0
7018	0.00455214	0	0
7017	0.0045418	0	0
7016	0.00453146	0	0
7015	0.00452112	0	0
7014	0.00451077	0	0
7013	0.00450041	0	0
7012	0.00449005	0	0
7011	0.00447968	0	0
7010	0.0044693	0	0
7009	0.00445892	0	0
7008	0.00444854	0	0
7007	0.00443814	0	0
7006	0.00442775	0	0
7005	0.00441734	0	0
7004	0.00440694	0	0
7003	0.00439652	0	0
7002	0.0043861	0	0
7001	0.00437568	0	0
7000	0.00436525	0	0
6999	0.00435481	0	0
6998	0.00434437	0	0
6997	0.00433393	0	0
6996	0.00432348	0	0
6995	0.00431302	0	0
6994	0.00430256	0	0
6993	0.0042921	0	0
6992	0.00428163	0	0
6991	0.00427116	0	0
6990	0.00426068	0	0
6989	0.00425019	0	0
6988	0.0042397	0	0
6987	0.00422921	0	0
6986	0.00421871	0	0
6985	0.00420821	0	0
6984	0.0041977	0	0
6983	0.00418719	0	0
6982	0.00417667	0	0
6981	0.00416615	0	0
6980	0.00415563	0	0
6979	0.0041451	0	0
6978	0.00413456	0	0
6977	0.00412403	0	0
6976	0.00411348	0	0
6975	0.00410294	0	0
6974	0.00409239	0	0
6973	0.00408183	0	0
6972	0.00407128	0	0
6971	0.00406071	0	0
6970	0.00405015	0	0
6969	0.00403958	0	0
6968	0.00402901	0	0
6967	0.00401843	0	0
6966	0.00400785	0	0
6965	0.00399726	0	0
6964	0.00398668	0	0
6963	0.00397608	0	0
6962	0.00396549	0	0
6961	0.00395489	0	0
6960	0.00394429	0	0
6959	0.00393368	0	0
6958	0.00392308	0	0
6957	0.00391246	0	0
6956	0.00390185	0	0
6955	0.00389123	0	0
6954	0.00388061	0	0
6953	0.00386999	0	0
6952	0.00385936	0	0
6951	0.00384873	0	0
6950	0.0038381	0	0
6949	0.00382746	0	0
6948	0.00381682	0	0
6947	0.00380618	0	0
6946	0.00379554	0	0
6945	0.00378489	0	0
6944	0.00377424	0	0
6943	0.00376359	0	0
6942	0.00375293	0	0
6941	0.00374228	0	0
6940	0.00373162	0	0
6939	0.00372096	0	0
6938	0.00371029	0	0
6937	0.00369963	0	0
6936	0.00368896	0	0
6935	0.00367829	0	0
6934	0.00366761	0	0
6933	0.00365694	0	0
6932	0.00364626	0	0
6931	0.00363558	0	0
6930	0.0036249	0	0
6929	0.00361422	0	0
6928	0.00360354	0	0
6927	0.00359285	0	0
6926	0.00358216	0	0
6925	0.00357147	0	0
6924	0.00356078	0	0
6923	0.00355009	0	0
6922	0.0035394	0	0
6921	0.0035287	0	0
6920	0.003518	0	0
6919	0.0035073	0	0
6918	0.0034966	0	0
6917	0.0034859	0	0
6916	0.0034752	0	0
6915	0.0034645	0	0
6914	0.00345379	0	0
6913	0.00344309	0	0
6912	0.00343238	0	0
6911	0.00342167	0	0
6910	0.00341096	0	0
6909	0.00340025	0	0
6908	0.00338954	0	0
6907	0.00337883	0	0
6906	0.00336812	0	0
6905	0.00335741	0	0
6904	0.0033467	0	0
6903	0.00333598	0	0
6902	0.00332527	0	0
6901	0.00331455	0	0
6900	0.00330384	0	0
6899	0.00329312	0	0
6898	0.00328241	0	0
6897	0.00327169	0	0
6896	0.00326097	0	0
6895	0.00325026	0	0
6894	0.00323954	0	0
6893	0.00322882	0	0
6892	0.00321811	0	0
6891	0.00320739	0	0
6890	0.00319667	0	0
6889	0.00318596	0	0
6888	0.00317524	0	0
6887	0.00316452	0	0
6886	0.00315381	0	0
6885	0.00314309	0	0
6884	0.00313238	0	0
6883	0.00312166	0	0
6882	0.00311095	0	0
6881	0.00310023	0	0
6880	0.00308952	0	0
6879	0.00307881	0	0
6878	0.0030681	0	0
6877	0.00305739	0	0
6876	0.00304668	0	0
6875	0.00303597	0	0
6874	0.00302526	0	0
6873	0.00301455	0	0
6872	0.00300384	0	0
6871	0.00299314	0	0
6870	0.00298243	0	0
6869	0.00297173	0	0
6868	0.00296103	0	0
6867	0.00295033	0	0
6866	0.00293963	0	0
6865	0.00292893	0	0
6864	0.00291823	0	0
6863	0.00290753	0	0
6862	0.00289684	0	0
6861	0.00288615	0	0
6860	0.00287546	0	0
6859	0.00286477	0	0
6858	0.00285408	0	0
6857	0.00284339	0	0
6856	0.00283271	0	0
6855	0.00282202	0	0
6854	0.00281134	0	0
6853	0.00280066	0	0
6852	0.00278999	0	0
6851	0.00277931	0	0
6850	0.00276864	0	0
6849	0.00275797	0	0
6848	0.0027473	0	0
6847	0.00273663	0	0
6846	0.00272597	0	0
6845	0.00271531	0	0
6844	0.00270465	0	0
6843	0.00269399	0	0
6842	0.00268334	0	0
6841	0.00267269	0	0
6840	0.00266204	0	0
6839	0.00265139	0	0
6838	0.00264074	0	0
6837	0.0026301	0	0
6836	0.00261946	0	0
6835	0.00260883	0	0
6834	0.0025982	0	0
6833	0.00258757	0	0
6832	0.00257694	0	0
6831	0.00256631	0	0
6830	0.00255569	0	0
6829	0.00254507	0	0
6828	0.00253446	0	0
6827	0.00252385	0	0
6826	0.00251324	0	0
6825	0.00250263	0	0
6824	0.00249203	0	0
6823	0.00248143	0	0
6822	0.00247084	0	0
6821	0.00246025	0	0
6820	0.00244966	0	0
6819	0.00243907	0	0
6818	0.00242849	0	0
6817	0.00241791	0	0
6816	0.00240734	0	0
6815	0.00239677	0	0
6814	0.00238621	0	0
6813	0.00237564	0	0
6812	0.00236508	0	0
6811	0.00235453	0	0
6810	0.00234398	0	0
6809	0.00233343	0	0
6808	0.00232289	0	0
6807	0.00231235	0	0
6806	0.00230182	0	0
6805	0.00229129	0	0
6804	0.00228077	0	0
6803	0.00227024	0	0
6802	0.00225973	0	0
6801	0.00224922	0	0
6800	0.00223871	0	0
6799	0.0022282	0	0
6798	0.00221771	0	0
6797	0.00220721	0	0
6796	0.00219672	0	0
6795	0.00218624	0	0
6794	0.00217576	0	0
6793	0.00216528	0	0
6792	0.00215481	0	0
6791	0.00214435	0	0
6790	0.00213389	0	0
6789	0.00212343	0	0
6788	0.00211298	0	0
6787	0.00210254	0	0
6786	0.0020921	0	0
6785	0.00208166	0	0
6784	0.00207123	0	0
6783	0.00206081	0	0
6782	0.00205039	0	0
6781	0.00203998	0	0
6780	0.00202957	0	0
6779	0.00201917	0	0
6778	0.00200877	0	0
6777	0.00199838	0	0
6776	0.00198799	0	0
6775	0.00197761	0	0
6774	0.00196724	0	0
6773	0.00195687	0	0
6772	0.0019465	0	0
6771	0.00193615	0	0
6770	0.0019258	0	0
6769	0.00191545	0	0
6768	0.00190511	0	0
6767	0.00189478	0	0
6766	0.00188445	0	0
6765	0.00187413	0	0
6764	0.00186381	0	0
6763	0.0018535	0	0
6762	0.0018432	0	0
6761	0.00183291	0	0
6760	0.00182262	0	0
6759	0.00181233	0	0
6758	0.00180205	0	0
6757	0.00179178	0	0
6756	0.00178152	0	0
6755	0.00177126	0	0
6754	0.00176101	0	0
6753	0.00175077	0	0
6752	0.00174053	0	0
6751	0.0017303	0	0
6750	0.00172007	0	0
6749	0.00170986	0	0
6748	0.00169965	0	0
6747	0.00168944	0	0
6746	0.00167925	0	0
6745	0.00166906	0	0
6744	0.00165888	0	0
6743	0.0016487	0	0
6742	0.00163853	0	0
6741	0.00162837	0	0
6740	0.00161822	0	0
6739	0.00160807	0	0
6738	0.00159793	0	0
6737	0.0015878	0	0
6736	0.00157768	0	0
6735	0.00156756	0	0
6734	0.00155745	0	0
6733	0.00154735	0	0
6732	0.00153726	0	0
6731	0.00152717	0	0
6730	0.0015171	0	0
6729	0.00150702	0	0
6728	0.00149696	0	0
6727	0.00148691	0	0
6726	0.00147686	0	0
6725	0.00146682	0	0
6724	0.00145679	0	0
6723	0.00144677	0	0
6722	0.00143675	0	0
6721	0.00142675	0	0
6720	0.00141675	0	0
6719	0.00140676	0	0
6718	0.00139678	0	0
6717	0.0013868	0	0
6716	0.00137684	0	0
6715	0.00136688	0	0
6714	0.00135693	0	0
6713	0.00134699	0	0
6712	0.00133706	0	0
6711	0.00132714	0	0
6710	0.00131723	0	0
6709	0.00130732	0	0
6708	0.00129743	0	0
6707	0.00128754	0	0
6706	0.00127766	0	0
6705	0.00126779	0	0
6704	0.00125793	0	0
6703	0.00124808	0	0
6702	0.00123824	0	0
6701	0.0012284	0	0
6700	0.00121858	0	0
6699	0.00120876	0	0
6698	0.00119896	0	0
6697	0.00118916	0	0
6696	0.00117937	0	0
6695	0.00116959	0	0
6694	0.00115982	0	0
6693	0.00115007	0	0
6692	0.00114032	0	0
6691	0.00113058	0	0
6690	0.00112085	0	0
6689	0.00111112	0	0
6688	0.00110141	0	0
6687	0.00109171	0	0
6686	0.00108202	0	0
6685	0.00107234	0	0
6684	0.00106267	0	0
6683	0.00105301	0	0
6682	0.00104335	0	0
6681	0.00103371	0	0
6680	0.00102408	0	0
6679	0.00101446	0	0
6678	0.00100485	0	0
6677	0.000995246	0	0
6676	0.000985655	0	0
6675	0.000976075	0	0
6674	0.000966505	0	0
6673	0.000956945	0	0
6672	0.000947396	0	0
6671	0.000937857	0	0
6670	0.000928329	0	0
6669	0.000918812	0	0
6668	0.000909305	0	0
6667	0.00089981	0	0
6666	0.000890324	0	0
6665	0.00088085	0	0
6664	0.000871387	0	0
6663	0.000861934	0	0
6662	0.000852493	0	0
6661	0.000843063	0	0
6660	0.000833643	0	0
6659	0.000824235	0	0
6658	0.000814838	0	0
6657	0.000805452	0	0
6656	0.000796078	0	0
6655	0.000786715	0	0
6654	0.000777363	0	0
6653	0.000768023	0	0
6652	0.000758694	0	0
6651	0.000749377	0	0
6650	0.000740072	0	0
6649	0.000730778	0	0
6648	0.000721495	0	0
6647	0.000712225	0	0
6646	0.000702966	0	0
6645	0.000693719	0	0
6644	0.000684484	0	0
6643	0.000675261	0	0
6642	0.00066605	0	0
6641	0.000656852	0	0
6640	0.000647665	0	0
6639	0.00063849	0	0
6638	0.000629328	0	0
6637	0.000620177	0	0
6636	0.00061104	0	0
6635	0.000601914	0	0
6634	0.000592801	0	0
6633	0.0005837	0	0
6632	0.000574612	0	0
6631	0.000565537	0	0
6630	0.000556474	0	0
6629	0.000547424	0	0
6628	0.000538386	0	0
6627	0.000529361	0	0
6626	0.000520349	0	0
6625	0.00051135	0	0
6624	0.000502364	0	0
6623	0.000493391	0	0
6622	0.000484431	0	0
6621	0.000475484	0	0
6620	0.00046655	0	0
6619	0.00045763	0	0
6618	0.000448722	0	0
6617	0.000439828	0	0
6616	0.000430947	0	0
6615	0.00042208	0	0
6614	0.000413226	0	0
6613	0.000404385	0	0
6612	0.000395558	0	0
6611	0.000386745	0	0
6610	0.000377945	0	0
6609	0.000369159	0	0
6608	0.000360386	0	0
6607	0.000351628	0	0
6606	0.000342883	0	0
6605	0.000334152	0	0
6604	0.000325435	0	0
6603	0.000316733	0	0
6602	0.000308044	0	0
6601	0.000299369	0	0
6600	0.000290708	0	0
6599	0.000282062	0	0
6598	0.00027343	0	0
6597	0.000264812	0	0
6596	0.000256208	0	0
6595	0.000247619	0	0
6594	0.000239044	0	0
6593	0.000230484	0	0
6592	0.000221938	0	0
6591	0.000213407	0	0
6590	0.000204891	0	0
6589	0.000196389	0	0
6588	0.000187902	0	0
6587	0.00017943	0	0
6586	0.000170972	0	0
6585	0.00016253	0	0
6584	0.000154102	0	0
6583	0.000145689	0	0
6582	0.000137291	0	0
6581	0.000128909	0	0
6580	0.000120541	0	0
6579	0.000112189	0	0
6578	0.000103852	0	0
6577	9.55299e-05	0	0
6576	8.72233e-05	0	0
6575	7.8932e-05	0	0
6574	7.06561e-05	0	0
6573	6.23957e-05	0	0
6572	5.41508e-05	0	0
6571	4.59213e-05	0	0
6570	3.77075e-05	0	0
6569	2.95093e-05	0	0
6568	2.13267e-05	0	0
6567	1.31599e-05	0	0
6566	5.00881e-06	0	0
6565	-3.12646e-06	0	0
6564	-1.12459e-05	0	0
6563	-1.93494e-05	0	0
6562	-2.7437e-05	0	0
6561	-3.55086e-05	0	0
6560	-4.35642e-05	0	0
6559	-5.16037e-05	0	0
6558	-5.96271e-05	0	0
6557	-6.76343e-05	0	0
6556	-7.56253e-05	0	0
6555	-8.36001e-05	0	0
6554	-9.15586e-05	0	0
6553	-9.95008e-05	0	0
6552	-0.000107427	0	0
6551	-0.000115336	0	0
6550	-0.000123229	0	0
6549	-0.000131105	0	0
6548	-0.000138965	0	0
6547	-0.000146808	0	0
6546	-0.000154635	0	0
6545	-0.000162445	0	0
6544	-0.000170238	0	0
6543	-0.000178014	0	0
6542	-0.000185774	0	0
6541	-0.000193517	0	0
6540	-0.000201243	0	0
6539	-0.000208952	0	0
6538	-0.000216644	0	0
6537	-0.000224319	0	0
6536	-0.000231977	0	0
6535	-0.000239618	0	0
6534	-0.000247241	0	0
6533	-0.000254848	0	0
6532	-0.000262437	0	0
6531	-0.00027001	0	0
6530	-0.000277564	0	0
6529	-0.000285102	0	0
6528	-0.000292622	0	0
6527	-0.000300125	0	0
6526	-0.00030761	0	0
6525	-0.000315078	0	0
6524	-0.000322528	0	0
6523	-0.00032996	0	0
6522	-0.000337375	0	0
6521	-0.000344773	0	0
6520	-0.000352152	0	0
6519	-0.000359514	0	0
6518	-0.000366858	0	0
6517	-0.000374185	0	0
6516	-0.000381493	0	0
6515	-0.000388784	0	0
6514	-0.000396056	0	0
6513	-0.00040331	0	0
6512	-0.000410547	0	0
6511	-0.000417766	0	0
6510	-0.000424966	0	0
6509	-0.000432149	0	0
6508	-0.000439313	0	0
6507	-0.00044646	0	0
6506	-0.000453588	0	0
6505	-0.000460698	0	0
6504	-0.000467789	0	0
6503	-0.000474862	0	0
6502	-0.000481917	0	0
6501	-0.000488953	0	0
6500	-0.000495971	0	0
6499	-0.000502971	0	0
6498	-0.000509952	0	0
6497	-0.000516914	0	0
6496	-0.000523858	0	0
6495	-0.000530783	0	0
6494	-0.000537689	0	0
6493	-0.000544577	0	0
6492	-0.000551446	0	0
6491	-0.000558296	0	0
6490	-0.000565127	0	0
6489	-0.000571939	0	0
6488	-0.000578733	0	0
6487	-0.000585508	0	0
6486	-0.000592263	0	0
6485	-0.000599	0	0
6484	-0.000605717	0	0
6483	-0.000612416	0	0
6482	-0.000619095	0	0
6481	-0.000625755	0	0
6480	-0.000632396	0	0
6479	-0.000639018	0	0
6478	-0.00064562	0	0
6477	-0.000652203	0	0
6476	-0.000658767	0	0
6475	-0.000665311	0	0
6474	-0.000671836	0	0
6473	-0.000678341	0	0
6472	-0.000684827	0	0
6471	-0.000691293	0	0
6470	-0.00069774	0	0
6469	-0.000704167	0	0
6468	-0.000710574	0	0
6467	-0.000716962	0	0
6466	-0.00072333	0	0
6465	-0.000729678	0	0
6464	-0.000736006	0	0
6463	-0.000742314	0	0
6462	-0.000748603	0	0
6461	-0.000754871	0	0
6460	-0.000761119	0	0
6459	-0.000767348	0	0
6458	-0.000773556	0	0
6457	-0.000779744	0	0
6456	-0.000785912	0	0
6455	-0.00079206	0	0
6454	-0.000798188	0	0
6453	-0.000804295	0	0
6452	-0.000810382	0	0
6451	-0.000816449	0	0
6450	-0.000822495	0	0
6449	-0.000828521	0	0
6448	-0.000834526	0	0
6447	-0.000840511	0	0
6446	-0.000846475	0	0
6445	-0.000852418	0	0
6444	-0.000858341	0	0
6443	-0.000864244	0	0
6442	-0.000870125	0	0
6441	-0.000875986	0	0
6440	-0.000881826	0	0
6439	-0.000887645	0	0
6438	-0.000893443	0	0
6437	-0.00089922	0	0
6436	-0.000904976	0	0
6435	-0.000910712	0	0
6434	-0.000916426	0	0
6433	-0.000922119	0	0
6432	-0.000927791	0	0
6431	-0.000933442	0	0
6430	-0.000939071	0	0
6429	-0.00094468	0	0
6428	-0.000950266	0	0
6427	-0.000955832	0	0
6426	-0.000961376	0	0
6425	-0.000966899	0	0
6424	-0.000972401	0	0
6423	-0.00097788	0	0
6422	-0.000983339	0	0
6421	-0.000988775	0	0
6420	-0.00099419	0	0
6419	-0.000999584	0	0
6418	-0.00100496	0	0
6417	-0.00101031	0	0
6416	-0.00101563	0	0
6415	-0.00102094	0	0
6414	-0.00102622	0	0
6413	-0.00103149	0	0
6412	-0.00103673	0	0
6411	-0.00104195	0	0
6410	-0.00104714	0	0
6409	-0.00105232	0	0
6408	-0.00105747	0	0
6407	-0.0010626	0	0
6406	-0.00106771	0	0
6405	-0.00107279	0	0
6404	-0.00107786	0	0
6403	-0.0010829	0	0
6402	-0.00108792	0	0
6401	-0.00109292	0	0
6400	-0.00109789	0	0
6399	-0.00110284	0	0
6398	-0.00110777	0	0
6397	-0.00111268	0	0
6396	-0.00111756	0	0
6395	-0.00112242	0	0
6394	-0.00112726	0	0
6393	-0.00113208	0	0
6392	-0.00113687	0	0
6391	-0.00114164	0	0
6390	-0.00114639	0	0
6389	-0.00115112	0	0
6388	-0.00115582	0	0
6387	-0.0011605	0	0
6386	-0.00116516	0	0
6385	-0.00116979	0	0
6384	-0.0011744	0	0
6383	-0.00117899	0	0
6382	-0.00118356	0	0
6381	-0.0011881	0	0
6380	-0.00119262	0	0
6379	-0.00119712	0	0
6378	-0.00120159	0	0
6377	-0.00120604	0	0
6376	-0.00121047	0	0
6375	-0.00121487	0	0
6374	-0.00121925	0	0
6373	-0.00122361	0	0
6372	-0.00122794	0	0
6371	-0.00123225	0	0
6370	-0.00123654	0	0
6369	-0.0012408	0	0
6368	-0.00124504	0	0
6367	-0.00124926	0	0
6366	-0.00125345	0	0
6365	-0.00125762	0	0
6364	-0.00126177	0	0
6363	-0.00126589	0	0
6362	-0.00126999	0	0
6361	-0.00127407	0	0
6360	-0.00127812	0	0
6359	-0.00128215	0	0
6358	-0.00128615	0	0
6357	-0.00129013	0	0
6356	-0.00129409	0	0
6355	-0.00129802	0	0
6354	-0.00130193	0	0
6353	-0.00130582	0	0
6352	-0.00130968	0	0
6351	-0.00131352	0	0
6350	-0.00131734	0	0
6349	-0.00132113	0	0
6348	-0.0013249	0	0
6347	-0.00132864	0	0
6346	-0.00133236	0	0
6345	-0.00133605	0	0
6344	-0.00133973	0	0
6343	-0.00134337	0	0
6342	-0.001347	0	0
6341	-0.0013506	0	0
6340	-0.00135417	0	0
6339	-0.00135772	0	0
6338	-0.00136125	0	0
6337	-0.00136476	0	0
6336	-0.00136824	0	0
6335	-0.00137169	0	0
6334	-0.00137512	0	0
6333	-0.00137853	0	0
6332	-0.00138191	0	0
6331	-0.00138527	0	0
6330	-0.0013886	0	0
6329	-0.00139192	0	0
6328	-0.0013952	0	0
6327	-0.00139846	0	0
6326	-0.0014017	0	0
6325	-0.00140491	0	0
6324	-0.0014081	0	0
6323	-0.00141127	0	0
6322	-0.00141441	0	0
6321	-0.00141752	0	0
6320	-0.00142062	0	0
6319	-0.00142368	0	0
6318	-0.00142672	0	0
6317	-0.00142974	0	0
6316	-0.00143274	0	0
6315	-0.00143571	0	0
6314	-0.00143865	0	0
6313	-0.00144157	0	0
6312	-0.00144447	0	0
6311	-0.00144734	0	0
6310	-0.00145019	0	0
6309	-0.00145301	0	0
6308	-0.00145581	0	0
6307	-0.00145858	0	0
6306	-0.00146133	0	0
6305	-0.00146405	0	0
6304	-0.00146675	0	0
6303	-0.00146942	0	0
6302	-0.00147207	0	0
6301	-0.0014747	0	0
6300	-0.0014773	0	0
6299	-0.00147988	0	0
6298	-0.00148243	0	0
6297	-0.00148495	0	0
6296	-0.00148745	0	0
6295	-0.00148993	0	0
6294	-0.00149238	0	0
6293	-0.00149481	0	0
6292	-0.00149721	0	0
6291	-0.00149959	0	0
6290	-0.00150194	0	0
6289	-0.00150427	0	0
6288	-0.00150657	0	0
6287	-0.00150885	0	0
6286	-0.0015111	0	0
6285	-0.00151333	0	0
6284	-0.00151553	0	0
6283	-0.00151771	0	0
6282	-0.00151986	0	0
6281	-0.00152199	0	0
6280	-0.00152409	0	0
6279	-0.00152617	0	0
6278	-0.00152822	0	0
6277	-0.00153025	0	0
6276	-0.00153225	0	0
6275	-0.00153423	0	0
6274	-0.00153618	0	0
6273	-0.00153811	0	0
6272	-0.00154001	0	0
6271	-0.00154189	0	0
6270	-0.00154374	0	0
6269	-0.00154557	0	0
6268	-0.00154737	0	0
6267	-0.00154915	0	0
6266	-0.0015509	0	0
6265	-0.00155263	0	0
6264	-0.00155433	0	0
6263	-0.00155601	0	0
6262	-0.00155766	0	0
6261	-0.00155928	0	0
6260	-0.00156089	0	0
6259	-0.00156246	0	0
6258	-0.00156401	0	0
6257	-0.00156554	0	0
6256	-0.00156704	0	0
6255	-0.00156852	0	0
6254	-0.00156997	0	0
6253	-0.0015714	0	0
6252	-0.0015728	0	0
6251	-0.00157418	0	0
6250	-0.00157553	0	0
6249	-0.00157685	0	0
6248	-0.00157816	0	0
6247	-0.00157943	0	0
6246	-0.00158068	0	0
6245	-0.00158191	0	0
6244	-0.00158311	0	0
6243	-0.00158429	0	0
6242	-0.00158544	0	0
6241	-0.00158657	0	0
6240	-0.00158768	0	0
6239	-0.00158875	0	0
6238	-0.00158981	0	0
6237	-0.00159084	0	0
6236	-0.00159184	0	0
6235	-0.00159282	0	0
6234	-0.00159378	0	0
6233	-0.00159471	0	0
6232	-0.00159561	0	0
6231	-0.00159649	0	0
6230	-0.00159735	0	0
6229	-0.00159818	0	0
6228	-0.00159899	0	0
6227	-0.00159978	0	0
6226	-0.00160054	0	0
6225	-0.00160127	0	0
6224	-0.00160198	0	0
6223	-0.00160267	0	0
6222	-0.00160333	0	0
6221	-0.00160397	0	0
6220	-0.00160459	0	0
6219	-0.00160518	0	0
6218	-0.00160575	0	0
6217	-0.00160629	0	0
6216	-0.00160681	0	0
6215	-0.0016073	0	0
6214	-0.00160777	0	0
6213	-0.00160822	0	0
6212	-0.00160864	0	0
6211	-0.00160905	0	0
6210	-0.00160942	0	0
6209	-0.00160977	0	0
6208	-0.0016101	0	0
6207	-0.00161041	0	0
6206	-0.00161069	0	0
6205	-0.00161095	0	0
6204	-0.00161119	0	0
6203	-0.0016114	0	0
6202	-0.00161159	0	0
6201	-0.00161175	0	0
6200	-0.0016119	0	0
6199	-0.00161202	0	0
6198	-0.00161211	0	0
6197	-0.00161218	0	0
6196	-0.00161224	0	0
6195	-0.00161226	0	0
6194	-0.00161227	0	0
6193	-0.00161225	0	0
6192	-0.00161221	0	0
6191	-0.00161215	0	0
6190	-0.00161206	0	0
6189	-0.00161195	0	0
6188	-0.00161182	0	0
6187	-0.00161167	0	0
6186	-0.00161149	0	0
6185	-0.0016113	0	0
6184	-0.00161108	0	0
6183	-0.00161084	0	0
6182	-0.00161057	0	0
6181	-0.00161029	0	0
6180	-0.00160998	0	0
6179	-0.00160965	0	0
6178	-0.0016093	0	0
6177	-0.00160892	0	0
6176	-0.00160853	0	0
6175	-0.00160811	0	0
6174	-0.00160768	0	0
6173	-0.00160722	0	0
6172	-0.00160674	0	0
6171	-0.00160624	0	0
6170	-0.00160571	0	0
6169	-0.00160517	0	0
6168	-0.00160461	0	0
6167	-0.00160402	0	0
6166	-0.00160342	0	0
6165	-0.00160279	0	0
6164	-0.00160214	0	0
6163	-0.00160148	0	0
6162	-0.00160079	0	0
6161	-0.00160008	0	0
6160	-0.00159935	0	0
6159	-0.00159861	0	0
6158	-0.00159784	0	0
6157	-0.00159705	0	0
6156	-0.00159625	0	0
6155	-0.00159542	0	0
6154	-0.00159457	0	0
6153	-0.00159371	0	0
6152	-0.00159282	0	0
6151	-0.00159192	0	0
6150	-0.001591	0	0
6149	-0.00159006	0	0
6148	-0.0015891	0	0
6147	-0.00158812	0	0
6146	-0.00158713	0	0
6145	-0.00158611	0	0
6144	-0.00158508	0	0
6143	-0.00158403	0	0
6142	-0.00158296	0	0
6141	-0.00158187	0	0
6140	-0.00158077	0	0
6139	-0.00157965	0	0
6138	-0.00157851	0	0
6137	-0.00157735	0	0
6136	-0.00157618	0	0
6135	-0.00157499	0	0
6134	-0.00157379	0	0
6133	-0.00157256	0	0
6132	-0.00157132	0	0
6131	-0.00157007	0	0
6130	-0.00156879	0	0
6129	-0.00156751	0	0
6128	-0.0015662	0	0
6127	-0.00156488	0	0
6126	-0.00156354	0	0
6125	-0.00156219	0	0
6124	-0.00156083	0	0
6123	-0.00155944	0	0
6122	-0.00155805	0	0
6121	-0.00155663	0	0
6120	-0.00155521	0	0
6119	-0.00155376	0	0
6118	-0.00155231	0	0
6117	-0.00155084	0	0
6116	-0.00154935	0	0
6115	-0.00154785	0	0
6114	-0.00154634	0	0
6113	-0.00154481	0	0
6112	-0.00154327	0	0
6111	-0.00154171	0	0
6110	-0.00154014	0	0
6109	-0.00153856	0	0
6108	-0.00153696	0	0
6107	-0.00153535	0	0
6106	-0.00153373	0	0
6105	-0.0015321	0	0
6104	-0.00153045	0	0
6103	-0.00152879	0	0
6102	-0.00152712	0	0
6101	-0.00152543	0	0
6100	-0.00152373	0	0
6099	-0.00152202	0	0
6098	-0.0015203	0	0
6097	-0.00151857	0	0
6096	-0.00151683	0	0
6095	-0.00151507	0	0
6094	-0.0015133	0	0
6093	-0.00151152	0	0
6092	-0.00150973	0	0
6091	-0.00150793	0	0
6090	-0.00150612	0	0
6089	-0.0015043	0	0
6088	-0.00150247	0	0
6087	-0.00150062	0	0
6086	-0.00149877	0	0
6085	-0.0014969	0	0
6084	-0.00149503	0	0
6083	-0.00149315	0	0
6082	-0.00149125	0	0
6081	-0.00148935	0	0
6080	-0.00148744	0	0
6079	-0.00148551	0	0
6078	-0.00148358	0	0
6077	-0.00148164	0	0
6076	-0.00147969	0	0
6075	-0.00147773	0	0
6074	-0.00147576	0	0
6073	-0.00147378	0	0
6072	-0.0014718	0	0
6071	-0.0014698	0	0
6070	-0.0014678	0	0
6069	-0.00146579	0	0
6068	-0.00146377	0	0
6067	-0.00146174	0	0
6066	-0.0014597	0	0
6065	-0.00145765	0	0
6064	-0.0014556	0	0
6063	-0.00145354	0	0
6062	-0.00145147	0	0
6061	-0.00144939	0	0
6060	-0.00144731	0	0
6059	-0.00144521	0	0
6058	-0.00144311	0	0
6057	-0.001441	0	0
6056	-0.00143889	0	0
6055	-0.00143676	0	0
6054	-0.00143463	0	0
6053	-0.00143249	0	0
6052	-0.00143034	0	0
6051	-0.00142819	0	0
6050	-0.00142602	0	0
6049	-0.00142385	0	0
6048	-0.00142168	0	0
6047	-0.00141949	0	0
6046	-0.0014173	0	0
6045	-0.0014151	0	0
6044	-0.00141289	0	0
6043	-0.00141068	0	0
6042	-0.00140846	0	0
6041	-0.00140623	0	0
6040	-0.00140399	0	0
6039	-0.00140175	0	0
6038	-0.0013995	0	0
6037	-0.00139724	0	0
6036	-0.00139498	0	0
6035	-0.00139271	0	0
6034	-0.00139043	0	0
6033	-0.00138815	0	0
6032	-0.00138585	0	0
6031	-0.00138355	0	0
6030	-0.00138125	0	0
6029	-0.00137894	0	0
6028	-0.00137662	0	0
6027	-0.00137429	0	0
6026	-0.00137196	0	0
6025	-0.00136962	0	0
6024	-0.00136727	0	0
6023	-0.00136491	0	0
6022	-0.00136255	0	0
6021	-0.00136019	0	0
6020	-0.00135781	0	0
6019	-0.00135543	0	0
6018	-0.00135305	0	0
6017	-0.00135065	0	0
6016	-0.00134825	0	0
6015	-0.00134585	0	0
6014	-0.00134344	0	0
6013	-0.00134102	0	0
6012	-0.00133859	0	0
6011	-0.00133616	0	0
6010	-0.00133372	0	0
6009	-0.00133128	0	0
6008	-0.00132883	0	0
6007	-0.00132638	0	0
6006	-0.00132392	0	0
6005	-0.00132145	0	0
6004	-0.00131898	0	0
6003	-0.0013165	0	0
6002	-0.00131402	0	0
6001	-0.00131153	0	0
6000	-0.00130904	0	0
5999	-0.00130654	0	0
5998	-0.00130403	0	0
5997	-0.00130153	0	0
5996	-0.00129901	0	0
5995	-0.0012965	0	0
5994	-0.00129397	0	0
5993	-0.00129145	0	0
5992	-0.00128892	0	0
5991	-0.00128639	0	0
5990	-0.00128385	0	0
5989	-0.00128131	0	0
5988	-0.00127876	0	0
5987	-0.00127621	0	0
5986	-0.00127366	0	0
5985	-0.00127111	0	0
5984	-0.00126855	0	0
5983	-0.001266	0	0
5982	-0.00126344	0	0
5981	-0.00126087	0	0
5980	-0.00125831	0	0
5979	-0.00125574	0	0
5978	-0.00125317	0	0
5977	-0.00125061	0	0
5976	-0.00124804	0	0
5975	-0.00124546	0	0
5974	-0.00124289	0	0
5973	-0.00124032	0	0
5972	-0.00123775	0	0
5971	-0.00123518	0	0
5970	-0.00123261	0	0
5969	-0.00123004	0	0
5968	-0.00122747	0	0
5967	-0.00122491	0	0
5966	-0.00122234	0	0
5965	-0.00121978	0	0
5964	-0.00121722	0	0
5963	-0.00121466	0	0
5962	-0.0012121	0	0
5961	-0.00120955	0	0
5960	-0.001207	0	0
5959	-0.00120446	0	0
5958	-0.00120192	0	0
5957	-0.00119938	0	0
5956	-0.00119685	0	0
5955	-0.00119432	0	0
5954	-0.0011918	0	0
5953	-0.00118929	0	0
5952	-0.00118678	0	0
5951	-0.00118427	0	0
5950	-0.00118178	0	0
5949	-0.00117929	0	0
5948	-0.00117681	0	0
5947	-0.00117434	0	0
5946	-0.00117188	0	0
5945	-0.00116943	0	0
5944	-0.00116699	0	0
5943	-0.00116455	0	0
5942	-0.00116213	0	0
5941	-0.00115972	0	0
5940	-0.00115732	0	0
5939	-0.00115494	0	0
5938	-0.00115256	0	0
5937	-0.0011502	0	0
5936	-0.00114786	0	0
5935	-0.00114553	0	0
5934	-0.00114321	0	0
5933	-0.00114091	0	0
5932	-0.00113863	0	0
5931	-0.00113636	0	0
5930	-0.00113411	0	0
5929	-0.00113188	0	0
5928	-0.00112967	0	0
5927	-0.00112748	0	0
5926	-0.00112532	0	0
5925	-0.00112317	0	0
5924	-0.00112105	0	0
5923	-0.00111895	0	0
5922	-0.00111688	0	0
5921	-0.00111483	0	0
5920	-0.00111281	0	0
5919	-0.00111082	0	0
5918	-0.00110885	0	0
5917	-0.00110692	0	0
5916	-0.00110502	0	0
5915	-0.00110315	0	0
5914	-0.00110131	0	0
5913	-0.00109951	0	0
5912	-0.00109775	0	0
5911	-0.00109603	0	0
5910	-0.00109435	0	0
5909	-0.0010927	0	0
5908	-0.0010911	0	0
5907	-0.00108955	0	0
5906	-0.00108804	0	0
5905	-0.00108659	0	0
5904	-0.00108518	0	0
5903	-0.00108382	0	0
5902	-0.00108252	0	0
5901	-0.00108128	0	0
5900	-0.0010801	0	0
5899	-0.00107898	0	0
5898	-0.00107792	0	0
5897	-0.00107693	0	0
5896	-0.00107601	0	0
5895	-0.00107517	0	0
5894	-0.00107439	0	0
5893	-0.0010737	0	0
5892	-0.00107309	0	0
5891	-0.00107256	0	0
5890	-0.00107213	0	0
5889	-0.00107178	0	0
5888	-0.00107153	0	0
5887	-0.00107138	0	0
5886	-0.00107133	0	0
5885	-0.00107139	0	0
5884	-0.00107157	0	0
5883	-0.00107185	0	0
5882	-0.00107226	0	0
5881	-0.00107279	0	0
5880	-0.00107345	0	0
5879	-0.00107425	0	0
5878	-0.00107518	0	0
5877	-0.00107626	0	0
5876	-0.00107748	0	0
5875	-0.00107886	0	0
5874	-0.00108039	0	0
5873	-0.00108208	0	0
5872	-0.00108394	0	0
5871	-0.00108597	0	0
5870	-0.00108817	0	0
5869	-0.00109055	0	0
5868	-0.00109312	0	0
5867	-0.00109586	0	0
5866	-0.0010988	0	0
5865	-0.00110192	0	0
5864	-0.00110523	0	0
5863	-0.00110873	0	0
5862	-0.00111242	0	0
5861	-0.00111629	0	0
5860	-0.00112035	0	0
5859	-0.0011246	0	0
5858	-0.00112901	0	0
5857	-0.0011336	0	0
5856	-0.00113834	0	0
5855	-0.00114323	0	0
5854	-0.00114826	0	0
5853	-0.00115341	0	0
5852	-0.00115866	0	0
5851	-0.00116401	0	0
5850	-0.00116941	0	0
5849	-0.00117487	0	0
5848	-0.00118034	0	0
5847	-0.00118581	0	0
5846	-0.00119125	0	0
5845	-0.00119662	0	0
5844	-0.00120191	0	0
5843	-0.00120708	0	0
5842	-0.0012121	0	0
5841	-0.00121694	0	0
5840	-0.00122157	0	0
5839	-0.00122597	0	0
5838	-0.00123011	0	0
5837	-0.00123396	0	0
5836	-0.00123751	0	0
5835	-0.00124073	0	0
5834	-0.00124362	0	0
5833	-0.00124614	0	0
5832	-0.0012483	0	0
5831	-0.00125009	0	0
5830	-0.00125149	0	0
5829	-0.00125251	0	0
5828	-0.00125313	0	0
5827	-0.00125337	0	0
5826	-0.0012532	0	0
5825	-0.00125264	0	0
5824	-0.00125167	0	0
5823	-0.0012503	0	0
5822	-0.00124853	0	0
5821	-0.00124634	0	0
5820	-0.00124374	0	0
5819	-0.00124072	0	0
5818	-0.00123728	0	0
5817	-0.00123341	0	0
5816	-0.00122911	0	0
5815	-0.00122438	0	0
5814	-0.00121924	0	0
5813	-0.00121368	0	0
5812	-0.00120771	0	0
5811	-0.00120136	0	0
5810	-0.00119465	0	0
5809	-0.0011876	0	0
5808	-0.00118024	0	0
5807	-0.0011726	0	0
5806	-0.00116473	0	0
5805	-0.00115665	0	0
5804	-0.00114842	0	0
5803	-0.00114008	0	0
5802	-0.00113166	0	0
5801	-0.0011232	0	0
5800	-0.00111476	0	0
5799	-0.00110636	0	0
5798	-0.00109805	0	0
5797	-0.00108985	0	0
5796	-0.00108179	0	0
5795	-0.00107391	0	0
5794	-0.00106623	0	0
5793	-0.00105877	0	0
5792	-0.00105155	0	0
5791	-0.00104459	0	0
5790	-0.00103789	0	0
5789	-0.00103148	0	0
5788	-0.00102536	0	0
5787	-0.00101954	0	0
5786	-0.00101402	0	0
5785	-0.00100882	0	0
5784	-0.00100393	0	0
5783	-0.000999362	0	0
5782	-0.000995113	0	0
5781	-0.000991186	0	0
5780	-0.000987584	0	0
5779	-0.000984308	0	0
5778	-0.000981358	0	0
5777	-0.000978736	0	0
5776	-0.000976442	0	0
5775	-0.000974478	0	0
5774	-0.000972845	0	0
5773	-0.000971545	0	0
5772	-0.000970579	0	0
5771	-0.00096995	0	0
5770	-0.00096966	0	0
5769	-0.000969713	0	0
5768	-0.000970112	0	0
5767	-0.000970862	0	0
5766	-0.000971966	0	0
5765	-0.00097343	0	0
5764	-0.000975259	0	0
5763	-0.000977461	0	0
5762	-0.000980042	0	0
5761	-0.000983009	0	0
5760	-0.000986371	0	0
5759	-0.000990138	0	0
5758	-0.000994318	0	0
5757	-0.000998924	0	0
5756	-0.00100396	0	0
5755	-0.00100945	0	0
5754	-0.00101541	0	0
5753	-0.00102183	0	0
5752	-0.00102875	0	0
5751	-0.00103617	0	0
5750	-0.00104412	0	0
5749	-0.00105261	0	0
5748	-0.00106166	0	0
5747	-0.00107129	0	0
5746	-0.00108152	0	0
5745	-0.00109238	0	0
5744	-0.00110389	0	0
5743	-0.00111607	0	0
5742	-0.00112896	0	0
5741	-0.00114257	0	0
5740	-0.00115694	0	0
5739	-0.0011721	0	0
5738	-0.00118809	0	0
5737	-0.00120493	0	0
5736	-0.00122267	0	0
5735	-0.00124134	0	0
5734	-0.00126098	0	0
5733	-0.00128163	0	0
5732	-0.00130334	0	0
5731	-0.00132614	0	0
5730	-0.0013501	0	0
5729	-0.00137525	0	0
5728	-0.00140164	0	0
5727	-0.00142933	0	0
5726	-0.00145837	0	0
5725	-0.00148881	0	0
5724	-0.00152071	0	0
5723	-0.00155413	0	0
5722	-0.00158911	0	0
5721	-0.00162572	0	0
5720	-0.00166402	0	0
5719	-0.00170404	0	0
5718	-0.00174585	0	0
5717	-0.0017895	0	0
5716	-0.00183503	0	0
5715	-0.00188249	0	0
5714	-0.00193189	0	0
5713	-0.00198328	0	0
5712	-0.00203665	0	0
5711	-0.00209203	0	0
5710	-0.00214939	0	0
5709	-0.0022087	0	0
5708	-0.00226993	0	0
5707	-0.00233298	0	0
5706	-0.00239778	0	0
5705	-0.00246418	0	0
5704	-0.00253204	0	0
5703	-0.00260114	0	0
5702	-0.00267126	0	0
5701	-0.00274212	0	0
5700	-0.0028134	0	0
5699	-0.00288471	0	0
5698	-0.00295565	0	0
5697	-0.00302575	0	0
5696	-0.0030945	0	0
5695	-0.00316134	0	0
5694	-0.0032257	0	0
5693	-0.00328694	0	0
5692	-0.00334445	0	0
5691	-0.00339757	0	0
5690	-0.00344568	0	0
5689	-0.00348817	0	0
5688	-0.00352446	0	0
5687	-0.00355403	0	0
5686	-0.00357644	0	0
5685	-0.00359132	0	0
5684	-0.00359842	0	0
5683	-0.00359756	0	0
5682	-0.00358871	0	0
5681	-0.00357193	0	0
5680	-0.00354739	0	0
5679	-0.0035154	0	0
5678	-0.00347633	0	0
5677	-0.00343065	0	0
5676	-0.00337891	0	0
5675	-0.0033217	0	0
5674	-0.00325972	0	0
5673	-0.00319338	0	0
5672	-0.00312338	0	0
5671	-0.00305043	0	0
5670	-0.00297513	0	0
5669	-0.00289809	0	0
5668	-0.00281985	0	0
5667	-0.00274093	0	0
5666	-0.00266178	0	0
5665	-0.00258282	0	0
5664	-0.00250442	0	0
5663	-0.0024269	0	0
5662	-0.00235052	0	0
5661	-0.00227553	0	0
5660	-0.00220209	0	0
5659	-0.00213037	0	0
5658	-0.00206049	0	0
5657	-0.00199254	0	0
5656	-0.00192657	0	0
5655	-0.00186263	0	0
5654	-0.00180074	0	0
5653	-0.0017409	0	0
5652	-0.00168311	0	0
5651	-0.00162734	0	0
5650	-0.00157355	0	0
5649	-0.00152172	0	0
5648	-0.0014718	0	0
5647	-0.00142373	0	0
5646	-0.00137746	0	0
5645	-0.00133294	0	0
5644	-0.0012901	0	0
5643	-0.00124889	0	0
5642	-0.00120925	0	0
5641	-0.00117112	0	0
5640	-0.00113444	0	0
5639	-0.00109915	0	0
5638	-0.00106521	0	0
5637	-0.00103254	0	0
5636	-0.00100066	0	0
5635	-0.000969821	0	0
5634	-0.000940131	0	0
5633	-0.000911539	0	0
5632	-0.000884001	0	0
5631	-0.000857471	0	0
5630	-0.000831908	0	0
5629	-0.000807269	0	0
5628	-0.000783518	0	0
5627	-0.000760615	0	0
5626	-0.000738527	0	0
5625	-0.00071722	0	0
5624	-0.00069666	0	0
5623	-0.00067682	0	0
5622	-0.000657668	0	0
5621	-0.000639178	0	0
5620	-0.000621324	0	0
5619	-0.000604081	0	0
5618	-0.000587425	0	0
5617	-0.000571335	0	0
5616	-0.000555788	0	0
5615	-0.000540766	0	0
5614	-0.000526248	0	0
5613	-0.000512218	0	0
5612	-0.000498657	0	0
5611	-0.00048555	0	0
5610	-0.00047288	0	0
5609	-0.000460635	0	0
5608	-0.000448799	0	0
5607	-0.00043736	0	0
5606	-0.000426304	0	0
5605	-0.000415621	0	0
5604	-0.000405299	0	0
5603	-0.000395328	0	0
5602	-0.000385697	0	0
5601	-0.000376396	0	0
5600	-0.000367417	0	0
5599	-0.00035875	0	0
5598	-0.000350389	0	0
5597	-0.000342324	0	0
5596	-0.000334548	0	0
5595	-0.000327054	0	0
5594	-0.000319836	0	0
5593	-0.000312887	0	0
5592	-0.0003062	0	0
5591	-0.000299771	0	0
5590	-0.000293593	0	0
5589	-0.000287661	0	0
5588	-0.00028197	0	0
5587	-0.000276515	0	0
5586	-0.000271292	0	0
5585	-0.000266296	0	0
5584	-0.000261522	0	0
5583	-0.000256968	0	0
5582	-0.000252629	0	0
5581	-0.000248502	0	0
5580	-0.000244582	0	0
5579	-0.000240868	0	0
5578	-0.000237355	0	0
5577	-0.00023404	0	0
5576	-0.000230922	0	0
5575	-0.000227996	0	0
5574	-0.000225261	0	0
5573	-0.000222715	0	0
5572	-0.000220354	0	0
5571	-0.000218178	0	0
5570	-0.000216183	0	0
5569	-0.000214368	0	0
5568	-0.000212733	0	0
5567	-0.000211274	0	0
5566	-0.00020999	0	0
5565	-0.000208881	0	0
5564	-0.000207945	0	0
5563	-0.000207182	0	0
5562	-0.00020659	0	0
5561	-0.000206169	0	0
5560	-0.000205918	0	0
5559	-0.000205837	0	0
5558	-0.000205926	0	0
5557	-0.000206184	0	0
5556	-0.000206611	0	0
5555	-0.000207209	0	0
5554	-0.000207976	0	0
5553	-0.000208914	0	0
5552	-0.000210023	0	0
5551	-0.000211303	0	0
5550	-0.000212755	0	0
5549	-0.00021438	0	0
5548	-0.00021618	0	0
5547	-0.000218153	0	0
5546	-0.000220303	0	0
5545	-0.000222629	0	0
5544	-0.000225132	0	0
5543	-0.000227813	0	0
5542	-0.000230672	0	0
5541	-0.00023371	0	0
5540	-0.000236927	0	0
5539	-0.000240323	0	0
5538	-0.000243896	0	0
5537	-0.000247646	0	0
5536	-0.000251571	0	0
5535	-0.000255667	0	0
5534	-0.000259933	0	0
5533	-0.000264362	0	0
5532	-0.00026895	0	0
5531	-0.000273688	0	0
5530	-0.000278569	0	0
5529	-0.000283582	0	0
5528	-0.000288714	0	0
5527	-0.000293951	0	0
5526	-0.000299274	0	0
5525	-0.000304665	0	0
5524	-0.000310099	0	0
5523	-0.000315552	0	0
5522	-0.000320993	0	0
5521	-0.000326389	0	0
5520	-0.000331704	0	0
5519	-0.000336897	0	0
5518	-0.000341924	0	0
5517	-0.000346738	0	0
5516	-0.000351288	0	0
5515	-0.000355521	0	0
5514	-0.000359382	0	0
5513	-0.000362813	0	0
5512	-0.000365757	0	0
5511	-0.000368158	0	0
5510	-0.000369961	0	0
5509	-0.000371113	0	0
5508	-0.000371569	0	0
5507	-0.000371286	0	0
5506	-0.000370233	0	0
5505	-0.000368385	0	0
5504	-0.00036573	0	0
5503	-0.000362267	0	0
5502	-0.000358007	0	0
5501	-0.000352967	0	0
5500	-0.000347173	0	0
5499	-0.000340663	0	0
5498	-0.000333482	0	0
5497	-0.000325683	0	0
5496	-0.000317328	0	0
5495	-0.000308482	0	0
5494	-0.000299214	0	0
5493	-0.000289595	0	0
5492	-0.000279698	0	0
5491	-0.000269592	0	0
5490	-0.000259345	0	0
5489	-0.000249023	0	0
5488	-0.000238684	0	0
5487	-0.000228385	0	0
5486	-0.000218175	0	0
5485	-0.000208099	0	0
5484	-0.000198195	0	0
5483	-0.000188497	0	0
5482	-0.000179032	0	0
5481	-0.000169824	0	0
5480	-0.000160889	0	0
5479	-0.000152242	0	0
5478	-0.000143893	0	0
5477	-0.000135848	0	0
5476	-0.00012811	0	0
5475	-0.000120681	0	0
5474	-0.000113559	0	0
5473	-0.000106742	0	0
5472	-0.000100223	0	0
5471	-9.39971e-05	0	0
5470	-8.80576e-05	0	0
5469	-8.23965e-05	0	0
5468	-7.70055e-05	0	0
5467	-7.18759e-05	0	0
5466	-6.69988e-05	0	0
5465	-6.23649e-05	0	0
5464	-5.79654e-05	0	0
5463	-5.3791e-05	0	0
5462	-4.9833e-05	0	0
5461	-4.60826e-05	0	0
5460	-4.25313e-05	0	0
5459	-3.91709e-05	0	0
5458	-3.59935e-05	0	0
5457	-3.29915e-05	0	0
5456	-3.01576e-05	0	0
5455	-2.74849e-05	0	0
5454	-2.49668e-05	0	0
5453	-2.2597e-05	0	0
5452	-2.03695e-05	0	0
5451	-1.82789e-05	0	0
5450	-1.63198e-05	0	0
5449	-1.44872e-05	0	0
5448	-1.27767e-05	0	0
5447	-1.1184e-05	0	0
5446	-9.70498e-06	0	0
5445	-8.33618e-06	0	0
5444	-7.07429e-06	0	0
5443	-5.91639e-06	0	0
5442	-4.85994e-06	0	0
5441	-3.90285e-06	0	0
5440	-3.04353e-06	0	0
5439	-2.28103e-06	0	0
5438	-1.61527e-06	0	0
5437	-1.04746e-06	0	0
5436	-5.80952e-07	0	0
5435	-2.23414e-07	0	0
5434	5.95776e-09	0	0
5433	9.32181e-09	0	0
5432	0	0	0
5431	0	0	0
5430	0	0	0
5429	0	0	0
5428	0	0	0
5427	0	0	0
5426	0	0	0
5425	0	0	0
5424	0	0	0
5423	0	0	0
5422	0	0	0
5421	0	0	0
5420	0	0	0
5419	0	0	0
5418	0	0	0
5417	0	0	0
5416	0	0	0
5415	0	0	0
5414	0	0	0
5413	0	0	0
5412	0	0	0
5411	0	0	0
5410	0	0	0
5409	0	0	0
5408	0	0	0
5407	0	0	0
5406	0	0	0
5405	0	0	0
5404	0	0	0
5403	0	0	0
5402	0	0	0
5401	0	0	0
5400	0	0	0
5399	0	0	0
5398	0	0	0
5397	0	0	0
5396	0	0	0
5395	0	0	0
5394	0	0	0
5393	0	0	0
5392	0	0	0
5391	0	0	0
5390	0	0	0
5389	0	0	0
5388	0	0	0
5387	0	0	0
5386	0	0	0
5385	0	0	0
5384	0	0	0
5383	0	0	0
5382	0	0	0
5381	0	0	0
5380	0	0	0
5379	0	0	0
5378	0	0	0
5377	0	0	0
5376	0	0	0
5375	0	0	0
5374	0	0	0
5373	0	0	0
5372	0	0	0
